0.0 0.0 7.64525930626
-3.5069 6.7935 1.73741221649
-2.6904 8.3271 12.2057314508
0.8364 20.0122 1.45211571164
1.7724 21.1224 0.467452264943
1.6265 20.6783 12.9737781795
-6.8647 10.8692 8.81106599964
-7.6753 2.0955 6.61923065318
-9.4703 8.4667 0.665489812093
-9.5665 7.8082 6.13054278592
-9.8076 1.6824 0.97334878127
-9.0029 1.1348 0.495511543761
-8.6116 0.8308 2.59461951739
-7.6286 -1.5704 1.42685529049
-6.3955 -2.2883 1.62750649154
-7.4488 -1.0476 7.06367851618
-6.1795 -7.9963 4.65121899076
-7.3968 -3.5072 1.09565787543
-8.3031 -4.1229 12.8348454732
-14.8637 -15.1543 0.478989989457
-14.4883 -14.8568 0.187347297819
-14.3533 -14.7269 1.88367852884
-14.1017 -12.8601 1.74283797296
-13.0331 -11.4833 5.51080480964
-10.9244 -16.5747 0.357700349455
-10.9239 -16.9324 0.608423972243
-11.1006 -16.3502 0.555789933338
-10.5572 -16.4669 0.436188262107
-10.1404 -16.3383 1.89313709224
-8.6802 -17.5432 0.549468333937
-8.2373 -17.218 0.35292023178
-8.0758 -16.9042 0.189294717306
-7.9426 -17.0387 2.00959923617
-6.0373 -16.3997 0.336540889046
-5.9994 -16.0653 0.617407102324
-5.4402 -15.8036 1.12817071403
-4.4012 -16.2432 0.792313984478
-3.9384 -16.8863 1.33901253915
-2.9671 -17.808 0.988908797615
-2.3866 -18.6086 0.209621683039
-2.2732 -18.4323 0.75373261174
-1.5574 -18.6684 0.847097278947
-0.764 -18.3716 0.593556341049
-0.3108 -17.9883 0.599974541127
0.2288 -18.2506 0.730503894582
0.7825 -17.7741 1.13565279905
1.3983 -18.7283 14.205975926
11.9063 -28.2882 0.417478921624
12.1959 -28.5889 4.19845642231
15.1582 -31.5641 1.66350480913
16.8034 -31.318 1.89546892351
18.6872 -31.108 2.11195784522
20.6767 -31.8167 0.489279194326
21.1654 -31.7929 1.12536831749
22.2907 -31.7805 2.8589457515
24.9991 -32.696 1.86606017052
26.8525 -32.913 1.34974646879
28.2022 -32.9242 1.91266025472
30.0867 -32.5972 3.21635886679
33.2873 -32.2792 3.4230386647
36.7076 -32.4161 3.17627593575
39.8397 -31.8882 1.66296695397
39.7892 -30.226 1.47735601667
40.5248 -28.9448 0.355085482666
40.4667 -28.5945 1.04633275778
40.2257 -27.5763 1.06885135543
39.9916 -26.5334 0.85874238279
40.0974 -25.6812 0.544829009874
40.0553 -25.138 1.9929452702
39.7531 -23.1681 1.4829898887
40.403 -21.8351 1.08656767852
40.4716 -22.9195 0.772841490863
40.7327 -22.1921 5.5875037736
41.1048 -16.617 0.993433445179
40.2997 -17.199 1.08011544753
40.5924 -16.1593 6.91228232207
0.0 0.0 5.68732420827
5.6592 -0.5649 0.717091974575
4.9861 -0.3176 5.45867733522
-0.449 0.1892 0.267761386313
-0.221 0.0488 0.179262182292
-0.737 -4.5487 8.94724235561
-9.1286 -7.6526 1.23445319474
-9.3401 -6.4364 9.74767061508
-14.7762 1.6547 1.31363304617
-13.4955 1.947 14.1663944037
-0.5487 7.6974 1.36691840649
0.6361 8.3791 0.358527837134
0.31 8.2301 8.1640552307
5.4891 1.9191 2.07070251123
7.5183 1.5066 0.836097087664
15.6928 7.0283 1.10110056307
16.7441 7.3557 0.905712123138
17.0279 6.4956 19.160963713
13.7999 -12.3915 17.4993284288
1.9254 -25.2454 2.86388758334
-0.7166 -24.1401 3.48405040434
-0.9397 -27.617 2.59496614621
-1.1588 -30.2027 0.388352031023
-0.9899 -30.5524 0.959800817878
-1.878 -30.1884 1.8577043064
-3.464 -29.2211 1.79656590472
-5.2413 -28.9587 0.924332045317
-6.1586 -28.8449 1.96841331534
-7.6753 -27.5902 10.2518178876
-1.0143 -19.7972 0.384610673279
-0.7627 -19.5063 0.796381466384
-0.0777 -19.9125 1.39673393673
-1.2057 -20.7362 8.96685541592
-7.177 -27.4256 3.09688838191
-7.6497 -30.4862 0.13463379962
-7.5542 -30.5811 0.141970032049
-7.5217 -30.4429 2.37923903171
-9.8731 -30.8058 1.40282287193
-11.2051 -31.2459 1.46420224013
-12.5953 -31.7055 1.329208396
-11.5663 -30.8641 0.770683073643
-11.4997 -31.6319 1.27836248772
-12.7768 -31.5751 0.0819444934086
-12.6949 -31.5724 1.12808230196
-11.9307 -30.7426 18.3494062378
-4.1259 -14.1358 4.92107326912
-4.0445 -9.2154 1.60550929614
-4.5728 -7.6993 2.49021812097
-4.513 -5.2098 17.4535531426
4.5611 9.6995 1.31061328011
3.8565 10.8046 18.3120027143
-7.45 25.2092 1.39864335697
-8.1668 26.4102 2.02453550475
-9.5923 27.8478 4.36338962047
-13.345 30.0741 3.50495957466
-16.4841 31.6332 0.661721225291
-16.4894 32.2949 2.99318308829
-19.4656 31.9765 0.120518297366
-19.5827 32.005 0.910738952719
-20.2487 32.6262 1.89571635273
-22.0755 32.1197 1.2150355715
-21.1325 31.3535 19.1464263833
-10.9935 15.112 2.58606217443
-13.5666 15.3706 2.15888587007
-15.725 15.4164 0.62590319539
-15.723 16.0423 1.62118468103
-16.8681 14.8947 8.22092896515
-23.8142 10.4975 1.34855926826
-23.1725 9.3114 1.28089481223
-22.5169 10.4118 0.973263114476
-23.0884 9.624 1.42971165275
-22.1638 8.5335 0.757514897543
-21.8159 7.8606 1.35466483309
-20.6419 7.1847 24.8974536218
1.1132 -4.9231 0.726247368326
1.7332 -4.5449 1.20385059289
0.794 -5.298 23.1139452872
-16.7825 -20.3087 1.46753296385
-18.2309 -20.5449 3.90713947153
-21.225 -23.0551 10.4546645838
-30.3016 -28.2431 12.5335238907
-42.8491 -27.2618 1.28239883422
-26.667 -24.1692 4.53466174483
-31.2015 -24.1309 6.71542618156
-25.6696 -34.0 11.154437655
-26.0048 -22.8506 1.22791803065
-24.9218 -22.2719 0.539251193786
-24.6699 -21.7951 1.23006465277
-25.3391 -20.763 5.72589002776
-25.9185 -15.0665 0.37516793573
-25.9648 -14.6942 18.0068707734
-14.208 -1.0551 3.45987987797
-10.8131 -1.7225 0.949066573007
-9.8687 -1.8165 1.42341631296
-10.4793 -3.1023 10.5510302933
-15.9193 -12.1428 0.535858432797
-15.4508 -11.8827 0.391579736452
-15.7553 -12.1289 0.470654777942
-15.3227 -11.9435 2.09784865994
-13.5529 -10.8171 2.85828091691
-10.7221 -10.4217 0.722396324741
-10.0243 -10.6086 0.552888098986
-9.5917 -10.2643 1.81970120899
-7.8937 -9.61 1.85181168049
-6.3432 -10.6225 8.55389827856
0.6294 -15.5775 1.06963803223
1.4928 -14.9461 6.65052409138
6.9941 -11.2091 32.6337467988
34.7814 -28.3213 5.68954502575
39.2062 -24.7447 1.38307868178
39.7892 -23.4905 1.93143100576
40.2225 -21.6083 0.312491999898
40.253 -21.2973 0.234752060694
40.2752 -21.0636 3.12435548074
40.0993 -17.9442 11.8718970995
41.4786 -6.1527 0.0
42.6263 -9.9075 9.78510117475
32.9173 -8.6895 11.2131333913
22.356 -12.4569 1.34269066058
21.377 -13.3758 17.0758523453
11.2116 -27.0962 5.30872754999
6.3842 -29.305 1.52217568303
4.8877 -29.5834 4.14738896657
0.7659 -30.0434 2.56888365832
0.4461 -32.5923 4.59302708135
-3.4895 -30.2244 3.77260385941
-4.9893 -13.253 11.4964082339
-11.0595 -3.4898 16.4154793369
-4.8226 11.6947 17.3130752808
4.7306 26.1335 3.72138235875
8.3541 25.2856 1.04871397435
7.4551 25.8256 1.97248265138
7.9217 27.7421 0.286676298288
7.7124 27.938 3.39055892885
10.2672 30.1671 3.24600767251
11.9338 32.9526 0.919167971592
12.3538 33.7702 0.706778211322
13.0328 33.574 0.4980854244
13.1275 33.085 2.94684620909
16.0528 32.7293 2.94974636198
18.999 32.8739 3.91572320013
22.9063 33.1306 9.33945176335
28.3331 25.5296 2.95462334825
31.2038 24.8304 4.51780709305
35.5011 23.4362 0.761840639504
36.1757 23.0822 4.35423004101
39.9588 20.9264 0.573802056462
40.4592 20.6456 0.218399290292
40.6576 20.5543 0.16275764191
40.8042 20.4836 0.348756663019
41.1331 20.5996 16.162998972
51.5 33.0 9.7945735997
51.394 23.206 0.456374057107
51.2272 22.7812 1.1267197877
50.762 23.8074 0.526948441501
50.5349 23.3319 2.33126218603
48.4982 24.4662 1.83199597434
47.3352 23.0507 1.41136814829
46.2486 22.15 2.54538045879
44.9784 19.9442 0.531564483388
45.3468 19.561 1.36436134876
46.5185 18.862 2.94069788486
49.3563 19.6331 2.2983905347
51.6546 19.6535 0.627695626877
51.9512 19.1003 0.252859585541
52.0153 18.8557 0.188692819153
52.064 18.6734 0.235640594975
52.112 18.4427 0.284376598897
52.1186 18.1584 0.319213846817
52.0828 17.8412 0.624673554747
52.1416 17.2193 0.205521896644
52.1386 17.0138 0.0602817551171
52.1076 16.9621 1.00413752046
52.3672 17.9321 0.303900806185
52.3665 17.6282 0.154651640793
52.3322 17.4774 0.214311292283
52.3344 17.2631 0.0676465076704
52.3122 17.1992 0.830238953555
52.3808 18.0266 0.535336949967
52.235 17.5115 0.294662009767
52.2047 17.2184 0.139671042095
52.1479 17.0908 0.906913557071
52.3397 17.9772 0.447282740557
52.289 17.5328 0.285715697854
52.2155 17.2567 0.655457130559
52.3276 17.9025 0.456501851037
52.2771 17.4488 0.207832432503
52.2545 17.2422 0.671715073524
52.3712 17.9037 0.426149281356
52.2792 17.4876 0.271347470967
52.1673 17.2404 0.759980065528
52.2966 17.9893 0.79744329579
51.9736 17.2602 0.313473603354
51.9583 16.9471 0.303705153068
51.8564 17.2332 0.805104962101
51.3838 17.885 0.920565896609
51.6009 16.9904 1.15330045522
51.4524 18.1341 0.782932500283
47.5805 7.6945 17.9673814021
30.5747 1.8954 9.14701724608
29.061 10.9163 26.8630191276
11.7787 31.4819 3.15104568358
8.6278 31.5122 3.19616054822
7.3338 28.5897 4.67697727277
2.6759 29.0117 6.60145345966
-2.0844 24.438 3.73103893306
-5.45 22.8276 2.93793541454
-8.3535 23.2761 1.80374478516
-9.4886 21.8743 0.664701023017
-10.0099 21.4619 0.775390327513
-10.6769 21.0665 2.24500396882
-12.886 20.6666 0.71072025439
-13.5638 20.4528 0.350733003865
-13.4428 20.1236 1.73294396909
-14.9542 20.9714 2.74125329913
-17.6813 20.6932 2.08242554969
-19.7582 20.5416 1.63544038412
-20.6552 19.1741 1.87945735254
-21.6187 17.5604 2.60807126053
-23.864 16.2335 4.04682712257
-24.0616 12.1915 1.14565923817
-25.1894 11.99 1.8627170746
-27.8558 11.6683 9.7937172233
-29.4942 2.0126 4.66057695677
-25.5091 4.4292 0.483173447118
-25.1374 4.1205 0.56680466653
-24.6362 3.8558 1.6458140144
-23.1541 3.1402 1.47000355442
-21.7572 2.6824 0.62833421839
-21.1507 2.8466 1.50782781842
-19.7504 2.2874 2.88145644597
-16.8919 1.9244 3.02925867004
-13.8891 1.5249 2.26727592057
-12.4882 -0.2578 0.34675668703
-12.1734 -0.4032 0.297187230547
-11.8763 -0.396 1.82595115214
-10.0532 -0.294 0.403632221211
-9.6873 -0.4644 0.643000816485
-9.2726 -0.9558 0.967321621799
-10.1572 -0.5644 1.38416429661
-8.9146 0.0454 0.348224783725
-8.7651 0.3599 0.111286701811
-8.6694 0.3031 0.239448574855
-8.8545 0.1512 7.36776499082
-12.6681 -6.1528 0.457607102218
-12.2916 -6.4129 2.4538290894
-11.0934 -8.5543 1.46327578057
-9.7094 -9.0294 0.428468913692
-9.2975 -9.1474 1.80401490016
-7.8695 -10.2498 1.15567305498
-7.3206 -9.2328 15.0024297459
1.5856 2.84 0.314391873305
1.7135 2.5528 6.09833051335
6.7998 -0.8116 0.668957674296
7.3007 -0.3682 3.71634119128
10.0099 2.1757 1.208618724
9.2248 3.0946 0.274586998964
9.0687 2.8687 1.48391337348
9.075 1.3848 5.49939917173
12.7492 5.4767 17.1544075159
15.8223 22.3536 0.592444469972
16.1614 22.8394 4.75757757372
18.532 26.9643 2.0742722531
20.0377 28.391 0.425489330066
20.3586 28.6704 0.675570521855
20.9214 29.0441 0.111428003662
20.8192 28.9997 1.77021928868
22.4969 29.5645 4.04309936806
25.4034 32.375 0.687454900339
26.0902 32.345 0.515151725223
26.6053 32.3523 0.53699222527
27.1397 32.405 0.768107518515
27.8877 32.2304 1.33549213775
29.2023 32.4657 1.38827153324
30.5602 32.7545 1.77056853299
32.3264 32.8788 1.00926834885
31.9348 33.809 3.0446810966
34.9765 33.9437 1.39813129927
36.3378 33.6249 1.79552321344
38.0909 33.2369 3.53175931371
40.2006 30.4045 1.70103298616
40.5347 28.7366 1.98534049976
40.354 26.7595 1.52961010065
40.3145 25.2304 0.258625056791
40.3181 24.9718 0.19303357221
40.3145 24.7788 0.523048535033
40.2756 24.2572 0.553665910094
40.4043 23.7187 1.46545314835
40.1105 22.283 1.39384451428
39.5782 20.9948 12.0894071621
40.141 8.9185 2.9859660832
0.0 0.0 4.05668738381
4.0407 -0.3598 6.85101290321
-0.0125 -5.8832 5.14048763543
-4.1302 -2.806 4.754548681
-6.0932 -7.1364 2.78285756912
-5.9052 -4.3599 1.01586354399
-5.0145 -4.8484 2.96003285455
-5.6884 -1.9661 0.854894759605
-5.456 -2.7888 0.906117459273
-5.2802 -1.8999 1.01026296082
-5.9817 -1.1729 7.96972931284
-13.9513 -1.1275 1.5396984445
-15.3182 -1.8362 2.99071432604
-18.2739 -2.2925 37.6186921842
-40.0452 -32.9711 8.42638120429
-47.6788 -29.4029 2.09748823596
-48.5671 -27.5028 2.81605681938
-49.5295 -24.8563 0.984329665305
-50.0315 -25.703 1.21262430291
-49.4862 -24.6199 10.4862522195
-45.2942 -15.008 7.41956199583
-47.7453 -22.011 0.49833316165
-47.524 -21.5645 1.64907820312
-47.3456 -23.2039 1.08432514035
-48.4161 -23.3765 2.59719061488
-50.8431 -22.4518 2.39507421597
-50.2086 -20.1423 8.86185729574
-43.6542 -2.0332 3.26739564791
-40.9956 -3.9326 0.623601154585
-40.404 -3.7354 2.0650143462
-38.6835 -4.8774 1.16978101369
-37.7486 -4.1743 1.57607528373
-36.2083 -4.5082 0.765517191185
-35.9807 -5.2391 0.85789605431
-35.2047 -5.6049 0.553285902586
-35.167 -6.1569 8.18750696733
-31.1167 -13.2724 1.40216764333
-29.9418 -14.0377 14.5383895205
-19.1207 -23.7469 0.575868882646
-18.5631 -23.603 0.416540238152
-18.1552 -23.5186 1.03797141097
-17.1308 -23.3513 0.522765004567
-16.6141 -23.4307 1.37301586298
-15.2411 -23.4373 5.74849676785
-9.4933 -23.3478 3.04449209721
-6.449 -23.382 4.61101626976
-1.907 -24.1768 3.93650317033
2.0191 -23.8908 0.866227002581
1.199 -23.6119 13.4513806106
-3.7942 -11.1216 1.03709857776
-3.4181 -10.1551 0.896758010837
-3.0638 -10.9789 14.3423862624
4.2909 -23.292 0.791258048932
3.939 -24.0007 1.52616946962
3.3528 -22.5916 12.5264303622
-0.7861 -10.7687 8.83549048384
-1.3141 -1.949 9.85177045662
6.7807 3.6663 7.51210159809
12.9996 -0.5476 0.898726588012
13.8974 -0.5068 0.432752735404
14.3292 -0.4781 3.06106799173
17.3882 -0.5906 1.32504726331
18.7094 -0.4897 1.8906768021
20.5485 -0.0511 1.95213799205
29.8273 -4.2654 0.181620318247
29.9728 -4.1567 0.951988707916
29.4263 -3.3772 13.0898499075
26.1085 9.2852 0.277147704302
25.9611 9.5199 0.494983282546
26.3214 9.8593 1.26118452258
26.5702 8.6229 1.10840115482
25.9238 9.5233 5.38267287228
22.8637 13.9515 20.0000745881
7.4049 26.6412 0.872346192747
6.5771 26.9164 4.2658870918
3.7689 30.1276 4.58243849168
-0.7389 30.9513 3.70681221807
-4.152 32.3974 0.662342788894
-4.0321 33.0488 1.29507647651
-3.0019 32.264 7.6828394445
1.4489 26.0017 2.11358299104
-0.3906 24.9608 3.18973779016
-3.4925 24.2174 2.1885684088
-4.5773 22.3166 2.41908301842
-6.985 22.0822 0.86085596937
-6.9514 22.9424 1.05000976186
-6.9951 21.8933 12.5698579391
-5.4257 9.4218 13.9083074258
-10.2161 -3.6355 1.95915518783
-12.1598 -3.8811 1.2921318586
-12.3313 -5.1618 3.07081347529
-14.4825 -7.3532 1.0358930495
-14.817 -6.3728 2.76431117279
-16.4621 -8.5943 1.22086237144
-17.1663 -9.5916 1.43575074787
-18.4877 -10.1531 2.2575597445
-20.6493 -10.8043 1.22353364073
-19.4292 -10.7127 1.17378009014
-19.7583 -9.586 11.8333459482
-17.272 1.9832 1.20982025524
-18.1213 2.8448 25.9280366254
-27.3998 27.0558 11.2596752444
-38.5704 28.4693 7.831868355
-46.2136 26.7606 0.625752674785
-46.7465 27.0886 0.236002394056
-46.5392 27.2014 1.42200436005
-45.519 26.2108 15.0933708843
-35.6119 14.824 0.910185854647
-34.7021 14.8505 0.408106811999
-34.5312 15.2211 4.34498436821
-38.7172 14.0565 1.47945904979
-39.1614 15.4677 5.76887483397
-40.0648 21.1654 0.69131825522
-40.679 20.8481 8.18463514642
-45.9578 14.5933 2.57980306419
-48.5302 14.7886 2.98169888654
-51.3011 13.6874 1.0295467595
-50.3904 14.1676 5.21062290518
-46.4895 17.6221 1.64069520021
-47.7852 16.6156 2.75017128921
-47.7852 12.8771 13.3139659313
-47.8271 -0.4368 5.01346587203
-44.7985 -4.4321 3.94331941389
-44.6965 -0.4901 4.6443239508
-44.7785 4.1535 0.432832727506
-44.4096 3.9271 10.5710530303
-43.48 -6.603 0.785383485948
-42.6949 -6.6241 1.47366982055
-41.5192 -7.5126 21.1397624331
-24.881 -20.5533 0.342963277918
-24.7501 -20.8703 0.698548795719
-24.0522 -20.9004 10.0873042112
-23.2878 -30.9587 11.351997548
-12.1485 -33.1459 0.996299176954
-11.1526 -33.1177 1.41484334469
-9.7491 -32.9389 1.08225875372
-10.3215 -33.8574 0.619191424359
-9.9564 -33.3573 8.94915857721
-5.2296 -25.7583 15.6098861652
5.7964 -14.7086 0.428315794712
5.9843 -15.0935 0.414336879845
6.318 -15.3391 0.251933820675
6.5324 -15.2068 1.97364333151
8.4904 -14.9588 0.794823879863
8.1714 -15.6868 4.51324872126
7.6753 -20.1727 0.0974548613462
7.6289 -20.2584 8.96298166907
7.9775 -29.2146 3.05882072047
9.7363 -31.7172 3.06842188266
12.5777 -32.8755 2.41886372704
14.983 -33.1313 0.493116882696
15.4745 -33.1712 0.592714180698
16.0672 -33.1671 0.957922736968
17.0251 -33.1605 2.74755446534
19.7666 -32.9782 1.49219589197
21.2579 -33.0299 2.34324022883
23.5828 -33.3225 2.27354229563
25.8547 -33.2361 2.51476063473
28.3584 -33.4717 0.694218013307
29.0525 -33.4589 1.16198564965
30.1561 -33.0952 3.65434297378
33.808 -33.2288 5.67541894929
39.4805 -33.4108 2.12826490128
40.1175 -31.3801 1.24884936642
40.224 -30.1358 0.30301387757
40.2211 -29.8328 0.336945841345
40.2978 -29.5047 0.477892676236
40.5032 -29.0732 0.36076022508
40.6195 -28.7317 0.543389814038
40.7795 -28.2124 0.263200075988
40.7793 -27.9492 0.779552397213
41.0956 -27.2367 11.0334691521
39.6263 -16.3015 1.02207605392
39.8352 -17.302 1.04811963535
40.2538 -16.3411 10.0670501961
40.9872 -6.3008 0.491330377648
42.627 -9.9044 9.77151276415
32.9773 -8.3663 0.312533470208
32.7107 -8.2032 0.817170789982
32.4598 -7.4255 1.30250860266
32.0627 -8.666 19.9802289601
16.6894 -21.4281 3.24484471893
14.4704 -23.7956 5.70063282891
11.0995 -28.3928 4.69904225987
6.4345 -28.9574 3.91185311713
2.579 -28.2958 2.79140971196
0.1633 -26.8971 3.0641956106
-2.4862 -25.3578 0.793932144456
-2.6163 -26.141 3.41857041759
-11.0366 -15.4478 0.294390522945
-10.7423 -15.4405 5.09979486744
-15.4103 -13.3868 3.03869527429
-12.5502 -12.3604 0.660196410169
-11.9203 -12.1627 1.3397890319
-11.4399 -10.912 0.496959686494
-10.9642 -11.0558 0.363403026955
-10.6166 -11.1618 2.97551392872
-7.7933 -12.1013 0.30008540451
-7.5143 -12.2118 0.261204919556
-7.3094 -12.3738 1.62366544891
-7.8784 -10.8531 8.24825914845
-11.2217 -3.3128 0.944850570196
-11.8861 -2.641 0.578911020797
-11.4755 -2.2329 1.35200216346
-10.4903 -1.307 1.87830107278
-9.9417 0.4894 10.9622324022
-16.5807 -8.2338 0.626930594245
-15.9633 -8.1249 0.370102796531
-16.2531 -7.8947 30.4568874933
-31.9418 -34.0 7.78552056384
-28.1187 -27.2178 0.723095298007
-27.8278 -27.8798 1.51404506208
-28.218 -26.4169 0.460617031817
-28.2787 -26.8735 0.447514122682
-27.9407 -26.5802 1.24259138899
-26.7457 -26.2396 1.22251766858
-25.6669 -26.8147 16.7148637425
-9.2132 -29.7579 16.989897178
-0.0178 -15.4715 0.886415957663
0.7276 -14.9918 1.353306026
0.501 -16.326 12.5994400324
-2.8498 -28.4717 5.26899674796
2.4119 -28.7489 4.20563515417
5.4718 -31.6341 2.43467210113
7.8148 -30.9723 2.09130815759
8.6283 -32.8989 0.971170026308
9.4742 -33.376 2.84894519779
12.3085 -33.0875 0.859377245452
12.9039 -32.4678 2.57825693444
15.4818 -32.5107 0.898738104233
16.3425 -32.7694 0.574895486154
16.8804 -32.9723 0.847506961623
17.6742 -33.2692 0.871681094208
18.535 -33.4065 2.72111685343
21.1043 -32.5103 0.657984232334
21.7353 -32.6968 0.430081387647
22.1423 -32.8358 0.296629937801
22.4257 -32.9234 0.226106899497
22.6389 -32.9987 0.289162739647
22.9174 -33.0765 0.273241450003
23.1889 -33.0457 0.196090004845
23.3844 -33.0305 0.264168317555
23.6415 -32.9698 3.37932544896
26.9683 -32.3763 3.23495864889
30.2008 -32.5024 4.33180101228
34.5308 -32.6273 3.63236479446
38.163 -32.5927 0.536432362931
38.5802 -32.2555 2.87394867734
40.5052 -30.1215 2.49741803669
40.9166 -27.6582 1.60972072733
40.6845 -26.0653 1.83697952357
39.9316 -24.3897 0.905148921449
39.844 -23.4888 0.93358120161
39.9835 -24.4119 1.07646118369
39.8553 -23.3431 0.125227992078
39.9702 -23.2933 0.130716066342
40.0587 -23.1971 0.0141693330824
40.0641 -23.2102 1.09554335834
40.0986 -24.3052 0.948478934927
39.9684 -23.3657 13.4308265248
0.0 0.0 5.63194186227
5.6083 -0.5155 0.887783036558
4.9307 -1.0891 4.89195070396
1.0387 -4.0528 3.19657617616
-1.1358 -6.3958 0.604067057536
-1.2509 -5.8028 0.156155723558
-1.3778 -5.8938 0.0822352722376
-1.2968 -5.908 1.06123505408
-0.2388 -5.9908 0.896725515417
-0.8339 -6.6616 1.11214272465
-8.039 -14.9402 0.717407589868
-8.0423 -14.2228 12.703388803
-8.3685 -1.5236 11.1621418218
-0.8242 6.703 0.149624864244
-0.8324 6.5536 6.29063830863
1.4584 0.6949 0.80111353128
2.1724 0.3316 1.05145233368
1.6448 1.2411 2.26662805948
0.6018 3.2535 14.6405661697
-10.0198 -6.8226 0.536946049431
-9.5339 -6.5941 1.05885444231
-8.4931 -6.3994 2.63530376238
-5.8847 -6.0238 0.719700639155
-5.2446 -6.3528 0.717277693784
-4.5723 -6.6028 2.92071658502
-1.7519 -7.3617 0.599431071934
-2.2399 -7.7098 0.92032603462
-1.3494 -7.9422 0.697779227263
-0.7943 -8.365 1.36079704953
0.1492 -9.3456 3.9093311167
3.9059 -10.4273 1.71009838898
5.3634 -9.5328 0.630611806106
5.6361 -10.1014 5.62292636
10.393 -7.1032 6.20699050829
4.8639 -9.9238 0.506918780477
5.2515 -10.2505 1.21681231092
4.7351 -9.1487 0.989642248492
4.8778 -10.128 17.0634350402
10.6027 -26.2024 0.45018913803
11.0522 -26.2273 0.355403123228
11.3819 -26.36 0.239437883385
11.514 -26.5597 0.434002361745
11.2969 -26.9355 2.55379232515
13.1837 -28.6565 2.94001471085
15.2212 -30.776 2.12538111406
17.2654 -31.3578 1.96211544258
18.508 -32.8763 2.53008404011
19.6186 -30.603 1.66996835
21.0288 -31.4975 0.861562563021
21.8702 -31.3122 0.864399687645
22.6961 -31.5673 4.59585133136
0.0 0.0 4.03934294781
4.0157 -0.4364 0.411159300029
3.6048 -0.451 4.63863291068
-0.927 -1.4408 0.611490588644
-1.5365 -1.3915 0.527770196203
-1.0692 -1.6368 0.079838461909
-0.9955 -1.6061 1.16183722182
-0.0918 -0.8759 1.06262850046
-0.8115 -0.0941 10.2093693385
-5.1642 9.1409 2.73807965735
-7.8532 9.657 0.916145583409
-7.3675 8.8802 1.13161351176
-7.8808 9.8887 19.8495651905
-13.5135 28.9223 4.2485592911
-17.5309 30.3046 5.4724218496
-22.9962 30.5837 10.5459668594
-33.4572 29.2477 13.2556655736
-46.5094 26.9341 3.73166303007
-48.917 24.083 3.54034568369
-51.479 21.6396 0.528710440601
-50.9842 21.4533 0.0674985185023
-51.0368 21.411 1.12714723084
-51.653 22.3548 0.940936049899
-50.7289 22.532 0.625119412593
-51.3517 22.5858 1.65979685805
-25.552 -0.2818 2.14613603017
-23.4451 -0.6903 2.64223728306
-20.9066 -1.4234 1.006833154
-19.9008 -1.469 0.922541359506
-18.9788 -1.4374 1.31353720922
-17.6748 -1.5954 2.20278170503
-15.4766 -1.7374 2.44026035701
-13.0436 -1.5493 0.946027145488
-12.128 -1.7873 0.92191246873
-11.2062 -1.7729 1.97000496446
-10.1912 -3.4613 1.95016348033
-8.2916 -3.0201 2.94738144121
-5.761 -1.5091 1.33176011729
-5.0184 -2.6146 1.05863014316
-5.9081 -2.0409 9.2184875983
-11.7357 5.1019 0.516297298075
-11.481 5.551 0.981563207338
-12.3342 6.0363 0.645762285985
-11.7475 5.7665 0.472855506471
-11.4372 5.4097 9.1458497697
-3.9412 0.1698 0.0546239874048
-3.9745 0.1265 0.519946237605
-4.3445 0.4918 11.6780635809
-14.3117 -5.5936 0.614205177445
-14.7701 -6.0024 0.605731797085
-14.1866 -6.165 2.19657672755
-12.587 -7.6704 1.31806497943
-11.3018 -7.9629 2.95864725846
-8.3522 -8.1941 3.36768115623
-5.0368 -8.7852 0.0624830376982
-4.9821 -8.8154 1.18937178796
-3.8016 -8.6704 0.61768598009
-3.1867 -8.729 0.523613951304
-2.7498 -9.0176 0.411576542092
-2.4024 -9.2383 0.396713057511
-2.1019 -9.4973 1.30115503304
-0.8978 -9.0042 0.616594291248
-0.5674 -9.5248 1.05055647159
0.1063 -10.3309 0.88367501945
0.989 -10.2894 0.44601869916
1.4308 -10.3506 0.233009012701
1.4446 -10.5832 0.41087139107
1.4805 -10.1739 0.714103108802
1.1071 -9.5652 1.1449970524
1.4552 -10.656 17.2198513074
7.204 -26.8879 0.731794759478
7.8681 -27.1953 0.457277705558
8.2112 -27.4976 1.83891719498
9.5318 -28.7773 2.20917754832
10.893 -30.5173 2.82403316199
13.6909 -30.134 0.177094607484
13.8594 -30.0795 0.0692878055649
13.9018 -30.0247 0.525797346893
14.4204 -30.1114 0.473660141874
14.8152 -29.8497 0.591762764966
15.1461 -29.3591 0.435185856847
15.4773 -29.6414 0.892546222893
14.6183 -29.399 1.7478111168
16.2374 -30.0573 2.67005525411
18.9029 -30.2132 1.43517638289
20.3379 -30.1907 2.15636481144
22.4565 -29.7889 2.20523577198
24.615 -29.3373 1.87659334433
26.4847 -29.1766 2.60664096684
29.04 -28.6618 1.28568518697
30.3256 -28.647 2.49552011813
32.7591 -28.0941 2.26878210721
35.0067 -27.7848 4.44022576228
39.2218 -26.3889 2.39017326778
41.3534 -25.3076 2.58053414044
40.9468 -22.7593 0.217190354298
40.759 -22.6502 0.151784320666
40.6232 -22.5824 0.990230447926
40.2135 -23.4839 2.76199990224
39.336 -20.865 1.87001005345
39.6992 -19.0306 5.5390563718
40.1874 -13.5131 47.8690232862
51.5 33.0 10.1518964632
51.0564 22.8578 0.998846224401
50.7747 23.8161 1.21233758087
50.7507 22.604 5.22404153889
36.0 20.16 21.6241567181
15.5369 27.1504 6.43231381775
9.1133 26.8157 5.51355312752
4.0205 28.9282 4.86949188417
0.79 25.2846 5.25455904525
-4.0126 23.1526 2.79876187269
-6.1565 21.3535 2.22903790905
-7.7095 22.9525 1.38155844248
-9.0617 22.6692 2.87518793125
-11.7775 21.7252 2.8074594868
-14.2826 20.4578 2.79363695923
-14.9387 23.1733 1.61539974
-16.5511 23.2717 0.805042116911
-15.8331 23.6358 7.13367741421
-9.6994 19.9934 1.29418926359
-10.8066 19.3233 1.81762593787
-12.4475 20.1051 1.60479367521
-13.123 18.6494 1.80381528156
-14.5771 17.582 1.22696289267
-14.6108 18.8085 11.6209117723
-19.2127 29.4794 9.95404485624
-16.0143 20.0532 0.125915844912
-16.0941 19.9558 1.05264868308
-17.1383 19.8227 0.878007545526
-17.6369 19.1 2.20836904751
-19.4686 17.8664 2.23132070308
-21.4168 16.7786 2.32132790445
-23.7 17.1976 1.47661768241
-25.1743 17.2803 1.63047470388
-26.3769 16.1793 0.327869196479
-26.5483 15.8998 4.61264273492
-29.1513 12.0918 1.16160497588
-28.0587 12.4862 0.733645616084
-28.6829 12.8717 8.61391918757
-29.232 21.4681 1.88682220943
-29.4063 11.5683 0.507875910041
-28.9038 11.642 0.992533208512
-29.2634 10.7169 0.987989498932
-29.1736 11.7008 1.20272007134
-28.385 10.7927 15.5742414326
-19.3474 -1.8911 0.519803443621
-19.6875 -1.498 0.794718981779
-19.1426 -2.0765 0.781683132733
-18.72 -2.7341 0.330881564914
-18.489 -2.4972 1.04581555257
-17.4749 -2.7528 0.630652558863
-16.845 -2.722 0.578632335771
-16.2733 -2.6327 0.452659032827
-15.8259 -2.5639 0.364296870698
-15.4649 -2.515 0.688537464485
-14.7769 -2.4878 0.721048750086
-14.0586 -2.4249 0.447868842408
-13.7311 -2.1194 0.332709317573
-13.4093 -2.0349 0.607003731455
-13.017 -1.5717 1.35557428421
-12.03 -2.5009 0.455022856569
-11.6014 -2.3481 0.265509566683
-11.3712 -2.4804 0.0207884583363
-11.3816 -2.4624 0.608233672202
-10.8042 -2.6536 0.697132196933
-10.1155 -2.7617 1.99269978923
-8.1413 -3.0326 1.47024508501
-6.8882 -2.2636 0.922603381741
-7.2992 -3.0896 7.16057983825
-12.0483 -8.4487 0.436159752843
-11.6141 -8.4074 0.258280564503
-11.3603 -8.3595 2.86803338893
-8.5139 -8.0079 0.574697946751
-8.3137 -7.4692 26.0573437787
-2.6465 -32.9028 4.13720171734
1.4881 -33.0495 4.11570702796
5.5934 -32.757 4.21169775862
9.7554 -32.1119 2.13780704695
10.5703 -30.1355 0.537730229762
10.2787 -30.5873 0.982892817147
11.1377 -31.065 1.67874472151
12.1749 -29.745 0.84026434531
11.4665 -29.2931 1.93246373834
13.3926 -29.1364 1.91528606741
12.804 -30.959 3.13459246793
15.9205 -30.6227 1.67359566503
16.0062 -32.2941 1.62999959816
17.4692 -31.5754 1.80593482994
19.1577 -32.216 0.746800006695
19.8746 -32.4252 3.08118946188
22.7869 -33.4313 0.803355724446
22.353 -32.7552 1.65452264113
23.9724 -32.4161 0.240959021412
23.8146 -32.234 1.21499518518
24.9219 -32.7341 8.32924595927
33.0927 -31.1172 0.757080563745
33.8484 -31.0715 3.72659678527
37.557 -30.7057 3.41429352722
40.4797 -28.9407 0.930278243323
40.2957 -28.0288 0.955491496561
40.2189 -27.0764 1.14607363201
40.0523 -25.9425 9.34341122503
39.0697 -16.6509 8.01053137626
0.0 0.0 3.9547776031
3.9525 0.1342 2.93441102949
1.0728 0.6982 2.07960924455
0.3934 2.6637 2.94159006321
-2.3587 3.7024 0.757789476042
-1.7179 3.2979 1.29530347409
-2.1249 4.5276 20.8507255186
-8.1726 24.482 4.21620670508
-10.3759 28.0767 3.68122829637
-13.236 30.3943 1.40252153281
-14.4276 31.134 3.4438016566
-17.2292 33.1367 0.505244821844
-17.3475 33.6279 0.893281327466
-17.4507 32.7406 11.3002810713
-10.9009 23.5321 0.464888739377
-11.2624 23.2398 9.79599003777
-17.8753 16.0127 0.579084415263
-17.3063 15.9051 4.05176256091
-17.6135 19.9452 0.481053479355
-17.5426 20.421 1.79609310727
-18.3984 22.0001 7.56982177399
-23.8772 27.2236 0.625088193777
-23.2845 27.025 3.78432408364
-24.4306 30.6316 0.668030875035
-24.0656 31.1911 8.33006694451
-18.5435 24.9544 2.66125496899
-21.1011 25.6899 1.52712566608
-22.3987 24.8847 1.20817128753
-23.4168 24.2342 1.06356186938
-24.3175 23.6686 0.712680924397
-24.9196 23.2873 1.40077801596
-26.1064 22.5432 1.04265712965
-25.1131 22.2262 1.91955325011
-26.9943 21.8444 1.63124309041
-28.3344 20.9143 3.50352942616
-30.0406 17.8543 2.77086996627
-31.6247 15.5809 1.08961889209
-32.547 15.0007 3.61011781664
-35.8262 13.4908 0.881420002042
-35.6291 14.3499 7.45929792742
-34.744 21.7565 2.89888860428
-37.6275 22.0548 9.39788902254
-47.0227 21.83 0.0
-40.7225 13.0591 5.57174799322
-36.4802 9.447 3.82927722162
-39.93 11.109 2.30100717513
-37.7801 11.9291 1.24040584487
-37.6896 10.692 0.949897047053
-36.8214 11.0774 10.9423182407
-27.7622 17.2146 11.9208988
-18.055 24.134 0.607565214607
-17.4532 24.0505 0.589809672691
-16.8831 24.2017 2.87320549213
-14.0263 23.8951 0.536028553344
-13.4933 23.952 0.501375198828
-12.9983 24.0317 3.69972524656
-9.3962 24.876 4.41630271607
-5.1744 23.5798 1.23922360371
-4.0369 24.0715 1.43983645252
-2.6914 24.5841 2.93956674529
0.2479 24.5445 0.924161479396
1.1617 24.6825 0.819509908421
1.9749 24.784 3.59234949441
4.4041 27.4305 5.81593294322
8.6625 31.3917 0.897075320138
9.2868 32.0359 0.310894596286
9.5439 31.8611 2.58821753723
11.361 30.018 0.322674634888
11.6704 29.9264 2.73245742327
12.8815 32.3758 0.555963613917
12.977 31.8281 7.25626275227
16.4907 25.4793 1.05308749874
17.4835 25.1281 0.863399432476
18.0578 24.4834 2.08484092918
20.0381 23.8315 0.441932540101
20.3772 24.1149 1.69048809815
20.5823 25.7929 5.05264657877
24.8811 28.448 4.06444024805
27.9104 31.1578 5.91415555088
33.5202 33.0306 4.62006564997
38.1371 32.8596 1.24314540582
38.9026 31.8801 3.87851755829
40.708 28.4474 1.92338959652
40.6565 26.5247 1.77999435111
40.0598 24.8477 0.443340422249
40.1645 24.4169 0.34908160937
40.2494 24.0783 1.08188081599
39.8461 23.0744 1.12292224575
38.8202 23.531 0.836273167093
38.4337 22.7894 1.40932274515
39.5499 21.929 1.17554795734
39.4667 23.1016 3.4872615345
39.7066 19.6226 1.03720549555
40.4826 20.3108 0.692123955661
40.3712 19.6277 10.7993593981
41.4242 8.8798 0.0
41.4242 8.8798 0.915887875234
42.309 8.6432 1.01379029883
41.3339 8.9206 0.973713125104
40.3742 8.756 1.29833420197
41.3391 7.8873 0.0
0.0 0.0 3.92860981646
3.8753 0.645 1.01844128451
3.0809 1.2823 2.35557781022
0.7668 0.8422 0.644169426471
0.2829 1.2674 2.69137267951
-2.2232 2.2487 0.847716491523
-1.4678 2.6334 0.669792184188
3.2097 2.0164 1.11578454013
3.7012 3.0181 13.2062078774
8.3057 15.3956 1.11963862474
7.5668 16.2368 14.2403563091
-3.0177 25.7634 0.819555275744
-2.9383 26.5791 1.05726823938
-2.4341 25.6498 0.694822020376
-3.0983 25.8538 1.034268732
-2.4858 25.0204 0.731867761279
-3.0887 25.4353 4.93359261593
0.0282 21.611 0.458877434616
-0.3345 21.8921 9.40128850797
-7.424 28.0665 0.34544529234
-7.5067 28.4019 0.464386046302
-7.7371 27.9987 2.57499740194
-7.9142 25.4298 9.61677054005
-12.0351 16.7407 0.918976169441
-12.1325 15.8269 1.32362877726
-13.1542 16.6684 9.32833203204
-9.1713 25.1037 0.1958
-9.0855 25.2797 0.347406462231
-9.1997 24.9516 0.985424157406
-10.1851 24.9585 0.838731482657
-10.7096 25.613 4.2247306494
-13.8387 28.4515 1.53754886101
-13.7388 26.9172 8.56326601362
-7.0119 21.6183 10.2609221657
-2.4959 12.4046 14.2135082256
-9.8581 0.2464 0.861586217392
-9.6736 -0.5952 2.38069638971
-11.3617 -2.2739 1.68277592091
-12.5671 -3.4481 3.6796714867
-13.8128 0.0143 7.36038881853
-21.1678 -0.2673 2.20005473568
-23.3218 -0.7151 3.12747897995
-26.3117 0.2023 3.07095406185
-29.1491 1.377 3.14163707166
-32.1566 2.2852 3.26160932823
0.0 0.0 7.76644715233
-7.7524 -0.4669 0.568042128719
-7.2155 -0.2814 6.49503998448
-0.9953 1.588 0.967182764528
-0.295 0.9209 0.815715698022
-0.0249 1.6906 0.774209383823
-0.544 2.265 0.570334962982
-1.1039 2.1564 1.06607835078
-0.1311 1.7203 0.90966823073
-0.9188 2.1753 18.7061443665
-13.2753 16.2194 0.338466379423
-13.1038 15.9276 0.644469704486
-12.462 15.9862 1.43088948909
-11.0332 16.0635 0.451530818439
-10.6094 16.2193 1.97542241052
-8.6463 15.999 1.75625928894
-9.3076 14.372 0.22225615852
-9.1282 14.2408 2.40456134877
-6.762 14.6686 1.81913074846
-4.9712 14.9884 4.71193649894
-8.9611 17.495 0.73962074741
-8.5928 18.1364 17.7198671093
4.6178 29.9463 0.698840654227
5.2283 30.2864 1.30222770666
6.4543 30.7254 2.58125532445
8.2222 32.6062 1.28932770466
9.4719 32.9234 2.07251181179
10.6458 31.2154 1.86609132949
11.7331 32.732 0.599464335887
12.3301 32.7863 1.2689459957
13.5796 33.0076 2.45904262061
16.0341 32.8582 2.3144856232
18.3418 33.0353 0.540070828688
18.8593 32.8808 1.9147280773
20.6753 32.2739 0.534082137878
21.1736 32.4661 1.17589888171
22.1809 33.0728 0.717870134495
22.8836 33.2196 0.246251984764
23.1234 33.2756 0.347123047348
23.4705 33.2796 0.524005820578
23.9942 33.2975 2.4777396312
26.4304 32.8457 3.6128923178
30.0357 32.6116 5.27801137646
35.3112 32.4488 0.854031129409
35.9918 31.9329 0.793724870468
36.6619 31.5075 2.99315268738
39.1893 29.904 2.18686114786
39.9171 27.8418 3.25571275299
39.9983 24.5871 0.488213744174
40.0158 24.0992 1.73507286591
40.1809 22.372 1.63933949199
40.893 20.8954 5.99542554036
40.8755 14.9 5.55852252312
43.0316 -9.0551 12.096710998
31.0677 -7.2675 0.295063450803
30.7767 -7.3163 0.823644401426
31.471 -6.8732 1.11554063126
30.9013 -7.8323 21.3808914113
18.0286 -24.9038 3.94120000127
17.6967 -28.831 4.88601792158
12.8139 -29.0083 3.58804976833
9.4984 -30.38 4.5552617927
4.9474 -30.577 1.41221936327
3.5366 -30.5137 3.3264098139
0.6398 -28.8786 3.73716091438
-3.0659 -28.3947 0.811104592516
-2.9854 -29.2018 3.22083422734
-6.0098 -28.0942 3.58712892994
-9.2462 -26.5472 0.670236055431
-9.6941 -27.0458 1.27911138686
-8.4356 -26.8171 12.8006077496
4.3284 -27.7845 5.42950731927
1.5551 -23.1167 19.9698596132
-2.4778 -3.5583 1.18459687658
-3.6618 -3.5207 8.10764539062
-11.0351 -6.8924 1.0573758556
-11.8364 -7.5823 1.17362812679
-11.9371 -6.413 0.418681083881
-7.5812 4.2786 2.21775151223
-8.6396 6.2275 2.90878532037
-11.5186 6.6427 2.22716304747
-13.5886 7.4645 0.801434944334
-13.6765 6.6679 0.99481775718
-14.5559 7.133 0.966457205467
-15.4886 7.3862 1.77668618782
-17.2652 7.4037 0.317153669378
-17.5066 7.6094 1.79296766563
-18.181 9.2707 0.932705623442
-19.1127 9.2274 1.28472012906
-20.3936 9.1284 1.17005651573
-21.5636 9.1399 1.14496524401
-22.7015 9.2669 1.73374750468
-24.2386 10.0689 0.725190857637
-24.9209 10.3146 0.765485074969
-25.6023 10.6634 1.88300051248
-27.3446 11.3776 1.16605812034
-28.4151 10.9153 3.18388751372
-31.285 9.5366 1.64148431001
-30.7607 11.0921 10.7134586521
-34.0692 21.2819 9.01133004611
-34.291 12.2733 0.899850265322
-34.8855 11.5978 0.971076639612
-34.8733 12.5688 8.42283281563
-36.0573 20.908 9.02882773177
-37.5234 11.999 0.708252977403
-38.1692 11.7082 5.91030917127
-38.2907 9.3507 13.0065470914
-25.4747 7.1325 6.46487851781
-29.3874 1.9861 1.54406402069
-30.7871 2.638 9.16362005432
-26.9716 -5.6935 0.546980118469
-26.8883 -5.1529 4.67537834298
-29.8631 -1.546 0.974131839127
-30.4881 -2.2932 18.1493887757
-34.2924 -20.0394 6.5032976535
-40.3965 -22.2828 4.40890443761
-44.8012 -22.0903 3.75413957785
-48.2466 -20.5994 1.07964633561
-47.2977 -20.0844 9.16529539186
-42.8578 -12.0663 0.982016074207
-42.3624 -11.2184 0.385189940159
-42.1372 -11.5309 26.6452374988
-27.8156 -34.0 9.23974319178
-28.4549 -24.7824 0.410023072522
-28.5833 -25.1718 8.98530520628
-30.2562 -34.0 17.7379204376
-20.3934 -19.2569 4.95630679539
-21.0686 -14.3468 1.18536951623
-22.1811 -14.756 1.17526869268
-21.4424 -13.8419 0.962019318933
-22.1825 -14.4565 1.23345273521
-21.9799 -15.6732 4.06727083067
-25.8775 -14.5107 1.40455152985
-25.4213 -15.8391 0.822576324726
-26.2423 -15.7882 2.02991566574
-28.0279 -14.8227 2.6730817365
-30.6048 -14.1121 1.05709894523
-31.6551 -13.9924 3.31925070611
-33.1762 -11.0422 1.47410244556
-33.9993 -9.8193 0.315451501819
-33.701 -9.7167 1.39786623466
-33.5775 -11.1091 1.4394689368
-34.9944 -10.8552 2.77825184244
-37.7695 -10.7229 11.0730025567
-35.5826 0.132 2.86294768552
-37.6225 2.1408 0.455891258964
-37.9985 1.883 0.373172882187
-38.3415 1.736 1.34771426126
-37.1458 1.1142 0.749730918397
-37.89 1.2051 1.19258935514
-39.5422 4.7416 0.895352813141
-39.7151 3.8631 1.21212143369
-38.9252 4.7825 10.7298226118
-30.832 11.8273 13.5800612153
-20.543 20.6904 0.356256228016
-20.8987 20.7103 0.107035788407
-20.9922 20.7624 0.193520696568
-20.8521 20.8959 0.645557123731
-20.2885 21.2107 0.51136437107
-19.8551 21.4821 1.73179554509
-18.326 22.2951 3.16325039951
-16.1538 24.5946 0.907364546365
-15.2497 24.6715 2.06746191259
-13.1823 24.6875 4.03058185378
-9.1755 24.2503 5.12476449605
-4.175 23.1286 3.52599535592
-0.694 22.5671 0.949358699333
0.1373 22.1086 2.58556618558
2.2278 20.5871 3.54386323946
5.7657 20.3816 1.39028433423
6.1939 21.7043 1.67655311279
5.0942 20.4388 12.3231076701
14.3739 28.5472 3.02475954912
17.1087 29.8395 0.237448289107
17.3452 29.8607 0.212669132692
17.5548 29.8967 0.773583537829
18.3266 29.8442 2.39019610283
20.4887 30.8632 1.68160157291
22.0504 31.4868 3.89521449217
25.6839 32.8905 0.684549968958
26.3668 32.938 2.60588259521
28.9721 32.9931 0.326553303459
29.2986 32.999 0.248724626847
29.5473 33.0025 1.29378675213
30.8369 32.8985 3.53370044288
34.287 32.1344 4.60041936893
38.7224 30.9133 1.53576251419
39.3299 29.5028 2.32368073969
40.1416 27.3255 0.92709158663
40.26 26.406 0.64509484574
40.0444 25.798 0.850847072041
40.0687 24.9475 1.5548718854
40.5074 23.4558 0.620423613348
40.1713 23.9773 1.34056382541
40.0002 22.6477 5.68212378077
40.2031 16.9692 6.97556559786
0.0 0.0 3.63772029711
3.6364 -0.098 3.27613743912
0.3658 0.0924 1.24855012314
-0.8752 0.2295 5.39523928385
2.1225 4.7153 2.93005782366
-0.6282 5.7247 0.824847488934
-1.4005 6.0144 1.77971379722
-3.0451 6.6946 0.892321136139
-2.8826 5.8172 15.5049416784
-9.2183 -8.3342 25.2693688675
-29.7969 -22.9992 13.0906835104
-42.7283 -20.9633 4.80577914287
-47.0549 -18.8714 3.01122349386
-47.5731 -15.9051 15.607874213
-39.9939 -2.261 0.459725526809
-39.5939 -2.4876 0.971926895399
-38.8574 -1.8534 0.672664767919
-39.1832 -2.4419 1.70003214675
-40.7569 -1.7988 11.270410914
-43.9693 9.0041 0.834449003834
-43.3568 9.5708 0.879642336407
-44.1726 9.2418 1.33420205741
-44.2243 10.575 0.734789854312
0.0 0.0 9.38018314587
-3.3308 -8.7689 0.139515805556
-3.2087 -8.7014 8.53674452529
-6.5757 -0.8567 9.27634452681
-0.206 -7.6004 16.8774428798
8.9886 -21.7534 0.748298930909
9.6534 -22.0969 0.570828774678
10.0069 -22.5451 1.75716312561
11.0925 -23.9268 1.58461818745
12.3707 -24.8634 0.728373667838
12.9215 -25.34 0.278556888265
13.1578 -25.1925 0.0818073957537
13.2239 -25.1443 0.652271975483
13.5856 -25.6871 0.583408304706
13.9826 -25.2596 1.01653250809
13.4411 -26.1199 0.442084607287
13.8153 -26.3553 0.193961980811
13.8863 -26.5358 2.86329013025
15.7124 -28.7412 3.48171900216
17.4485 -31.7592 0.632977005901
17.9443 -32.1527 0.418496833919
18.2537 -32.4345 2.08943497865
20.1199 -33.3742 2.8279722435
22.885 -32.7812 3.3417551571
26.2267 -32.762 3.17509105381
29.3771 -32.3668 2.72492606322
32.0349 -31.7657 2.22661394948
34.2607 -31.7055 3.35227934546
37.4616 -30.7095 0.613968443815
38.0501 -30.5345 0.478514963193
38.509 -30.3989 0.353954375591
38.8421 -30.2792 0.520034614233
39.3481 -30.1592 0.854386546008
39.8435 -29.4631 2.38465857095
40.2178 -27.108 0.528603906531
40.1606 -26.5825 1.84973870857
40.2901 -24.7373 1.85875816609
40.1965 -22.8809 1.61844267121
39.8067 -21.3101 0.943104458689
39.8038 -20.367 0.22218409034
39.8319 -20.1466 0.310249867043
39.7666 -20.4499 0.129035072752
39.8312 -20.3382 0.0958939518426
39.8686 -20.2499 0.0459619407771
39.8973 -20.214 1.04391004402
40.315 -21.1707 0.910881029553
40.1305 -20.2787 5.77657160693
40.0093 -14.5034 8.94401570046
0.0 0.0 3.86745742317
3.6914 1.1536 2.6330963617
1.7716 2.9557 1.40985877662
1.7012 1.5476 0.539947034439
1.1718 1.4414 4.16259532624
-0.2706 5.3461 2.89350002765
-2.8235 3.9841 0.702953839167
-2.8148 3.2812 0.817850181879
-3.5552 3.6286 1.23976898251
-4.6144 2.9843 0.832897214547
-3.9728 2.4532 0.867518628042
-3.1104 2.3591 1.06922675799
-3.3219 3.4072 18.3539827299
-16.039 16.6414 0.35018680729
-16.2436 16.9256 1.50761448985
-14.7629 17.2092 11.3336606589
-3.4512 16.504 1.23346528528
-2.5462 17.3421 13.0202177877
5.5358 27.5503 0.148483164029
5.4908 27.6918 0.585950518389
5.0153 27.3494 0.829354278942
4.7057 26.58 1.33014223676
6.0358 26.5906 1.01144093747
5.0987 26.21 13.3220135704
-6.5762 19.7934 10.7907923588
0.1516 11.3567 8.86175094267
-6.284 17.4488 1.63970437579
-4.7128 17.9178 0.59498319304
-4.1588 18.1348 4.72778792249
-8.3518 20.319 2.80323219873
-6.2944 18.415 0.255663000843
-6.221 18.6599 1.03095924265
-7.097 18.1163 0.17413170303
-6.9674 18.0 0.527340990252
-6.6428 18.4156 0.33090451795
-6.5896 18.7422 5.66243818951
-6.21 24.3919 0.228683821028
-6.437 24.4196 0.146923007048
-6.4581 24.2742 6.15212292221
-4.0002 18.6344 14.089358704
8.5383 12.2082 0.949551315096
9.1374 12.9449 0.844674712537
9.9045 13.2985 0.946602582925
8.9851 13.5238 13.2519550022
-4.2636 13.8175 0.867595787219
-4.5894 14.6216 1.22877825502
-4.013 13.5364 8.68467122751
0.1802 5.9311 11.2522821196
7.5535 -2.5688 0.199455508823
7.724 -2.6723 0.177679317874
7.8625 -2.7836 0.142205660928
8.0018 -2.8122 0.116117914208
8.1162 -2.8321 1.53471096953
9.3682 -1.9445 4.02800831181
12.7672 0.2169 3.62248995582
10.27 -2.4073 17.8925274145
13.6768 -19.9725 2.48386548951
16.1387 -20.3021 0.263549350217
16.4022 -20.3072 0.715174419285
17.01 -20.6841 1.70540917378
18.6799 -20.3379 2.07086532879
20.7479 -20.229 1.32180437282
22.0697 -20.2256 0.443231959588
22.5033 -20.1337 0.328690644832
22.8256 -20.0692 0.248621962023
23.0734 -20.049 0.339669545294
23.4108 -20.0098 10.3201580652
21.2065 -9.9278 19.0567582576
23.4813 8.9927 0.483592193899
23.8242 8.6517 0.852946217531
23.6088 7.8264 0.8273005802
24.3876 8.1055 1.66766732894
25.733 7.1201 1.0942811933
26.7008 7.6308 0.287914049675
26.9801 7.5609 0.49435971721
27.1373 8.0296 0.700909637543
27.7039 7.617 2.36467606661
29.4448 6.0167 1.26763367737
30.6465 5.6132 2.02743366106
32.6698 5.7426 0.556878918617
33.03 5.3179 1.27175374975
33.4932 4.1335 0.422625366016
33.8394 3.8911 0.657392310573
34.3747 3.5095 1.054551682
33.3929 3.1246 0.602311987262
33.9952 3.1284 13.6062439975
37.5436 -10.007 0.592100076001
38.1231 -10.1285 1.35183641392
39.4618 -10.3165 0.141811741404
39.6009 -10.2889 1.27610376537
39.5978 -9.0128 0.555333458383
40.0683 -8.7178 1.22039096195
40.4372 -9.8811 1.0900752497
39.4549 -10.3537 1.31608202252
39.6782 -9.0567 1.02383018123
40.3732 -8.3049 1.04608415053
40.179 -9.3328 0.455799703817
39.8006 -9.5869 0.806795246639
39.3205 -8.9385 1.07458829325
39.7753 -9.9121 0.543500662373
39.5522 -10.4077 1.08429039007
40.0164 -11.3876 0.65338001959
39.4325 -11.6808 0.791167396952
39.6457 -10.9189 8.82536138014
