0.0 0.0 9.2388656452
-4.7396 7.9305 1.206892489
-4.0548 8.9243 12.2242928732
-0.9143 20.7383 0.678194559105
-0.3608 21.1302 0.916855113963
-0.9361 20.4163 10.2636686428
-2.3085 10.2448 1.20996566067
-2.0754 9.0575 1.01680867424
-1.2732 9.6823 11.9176948916
3.9805 20.3795 1.16332508354
4.9274 21.0553 2.94895622212
6.866 23.2775 2.65464847579
8.5758 25.3082 1.60466246295
9.2997 26.7403 0.535144513192
9.5543 27.211 2.3726219779
10.3719 29.4383 0.812550829179
11.0138 29.9365 1.87070604051
12.4885 31.0875 2.62204544774
14.4713 32.8032 0.537159985479
15.0075 32.8353 1.25717849966
16.2628 32.904 3.53011873171
19.7929 32.8925 4.08206774687
23.8532 33.3135 3.86102196316
27.7124 33.4321 1.93208500848
29.6336 33.2273 0.650759832811
30.2616 33.0567 0.576011328014
30.816 32.9004 3.84042670155
34.4746 31.7327 3.99300299148
38.4454 31.3122 2.24614529583
40.2359 29.956 3.24586205653
40.8766 26.774 0.966712433974
40.6068 25.8457 0.613266279849
40.5565 25.2345 2.14448443221
40.7493 23.0987 0.556791927025
40.672 23.6501 1.10205780701
41.4841 22.9051 5.765621349
41.0668 17.1546 8.46348434748
39.6621 8.8085 0.585904130383
39.6355 8.2232 0.775906811415
39.7748 8.9865 1.10618718579
40.5651 8.2125 0.0
40.5651 8.2125 1.9395768224
44.9053 -4.1012 9.7652732952
38.6595 3.4055 1.05872231015
37.6048 3.3133 20.1987126434
18.7699 -3.9829 1.20637773521
17.9931 -3.0599 0.885699864514
18.0064 -3.9455 21.5284644081
11.1668 -24.3586 0.989948736046
11.0103 -25.3361 3.67237080916
8.0159 -27.4621 3.20516889571
5.109 -28.8123 2.73731366124
2.5758 -29.8495 3.48918116612
-0.2031 -27.7395 3.73764058331
-1.9939 -24.4588 2.01814566868
-3.0776 -22.7563 3.22209013065
-5.9092 -21.2188 0.893161984189
-6.2519 -22.0436 1.07944208274
-5.8079 -21.0597 0.589900076284
-6.3956 -21.0088 2.00559927453
-7.8218 -22.4189 1.05745509597
-6.826 -22.7747 1.29249414699
-7.2304 -21.5471 18.3021197485
-7.6504 -3.2498 1.28179575596
-7.1498 -4.4298 0.798254552132
-7.7855 -3.947 1.03873300227
-6.939 -4.549 19.8561960347
5.1609 -20.2926 3.38753635552
4.2109 -23.5442 3.51694216188
3.4498 -26.9778 1.68500653114
4.0423 -28.5552 0.22015785246
3.8335 -28.625 2.85660830006
2.4188 -31.1067 2.6994213454
2.599 -28.4133 1.19327259669
1.5665 -27.8151 1.86150775985
0.98 -29.5818 1.2467490405
1.1266 -30.8199 1.36330318345
1.5635 -29.5285 6.47173244271
4.4826 -23.7525 5.40457247153
3.554 -29.0767 3.66061491692
4.1834 -25.4706 2.09084702932
3.2247 -27.3287 1.33035801572
1.9954 -27.8373 1.08820557341
1.763 -28.9004 3.21926008424
2.5523 -32.0214 1.65289783411
1.1785 -32.9405 1.07704052384
0.7662 -31.9455 1.02562747623
0.7878 -32.9709 1.31484426835
1.535 -31.889 19.606740735
7.305 -13.1505 0.986258936588
7.4455 -14.1267 1.10006740248
7.858 -13.1069 23.3987743149
16.645 8.5793 0.347539422224
16.5716 8.2396 12.4589373307
11.6186 -3.1925 1.15534400505
10.8362 -4.0426 0.967281985773
11.415 -3.2676 7.5866356562
15.9437 2.8191 9.24692023379
17.0467 12.0 0.485175782578
17.2942 12.4173 1.08978787385
17.8623 11.4873 0.61253190121
17.5365 12.006 20.0416522984
6.4256 28.6858 4.1262582687
2.3049 28.8999 2.10734855446
0.2261 29.2456 1.02336299034
-0.1773 30.1861 3.27421476388
-0.4667 33.4475 2.71338883686
-3.14 32.9828 1.86098858943
-4.9957 32.8426 1.64137945034
-6.0932 31.6221 1.70941552877
-7.428 30.5542 1.79787517086
-8.7603 29.347 1.80172394389
-15.3122 19.8247 0.132296523008
-13.0271 2.8289 1.65132190986
-12.7865 1.1952 18.9624683786
-15.946 -17.5022 0.52863837356
-15.5983 -17.104 16.0946960235
-15.0255 -1.0195 1.79638764747
-14.6528 -2.7768 0.798055442936
-15.3148 -2.3311 1.30048923487
-14.0945 -2.7807 21.9754812973
6.652 -10.0267 0.288922307896
6.5577 -10.2998 3.1102665127
4.916 -12.9415 1.018988523
5.9104 -12.719 1.09042876888
5.0951 -13.4431 0.888544090071
4.5923 -14.1757 16.0084379741
-5.3103 -26.7538 2.37354109297
-7.1519 -25.2564 14.6854060226
-11.2372 6.9926 1.50302713216
-10.7492 5.571 0.113842215368
-10.815 5.6639 1.34743091845
-11.1418 6.9711 5.06134208486
-12.3057 11.8968 0.759655184936
-11.8645 11.2784 1.27397709948
-12.4507 12.4095 14.5714059809
-19.4412 25.1946 0.777281062422
-20.1239 25.5662 2.32947280087
-22.1822 26.657 9.58600020864
-31.1178 30.1278 17.3217933312
-48.3964 28.9053 2.593435887
-47.4895 26.4756 1.66745974764
-46.9875 24.8855 10.0849258302
-37.2395 22.3005 7.23761987465
-44.1812 24.3489 3.02418268132
-47.2017 24.1997 0.931955159866
-47.8496 24.8696 1.1835361
-47.1933 23.8847 10.6911795855
0.0 0.0 7.37973790388
-7.3713 -0.3528 0.944258020882
-7.7977 0.4897 1.06254893534
-7.4037 -0.4971 22.5908380741
-2.8557 -22.6254 0.584340209125
-2.8429 -23.2096 0.220111994221
-2.6569 -23.3273 1.66018075221
-2.9231 -21.6886 20.5718808447
-8.9638 -2.0236 19.9558323818
-1.0737 16.3062 9.94507249345
4.2346 24.7161 0.654056343139
4.8869 24.764 2.06865740276
6.9402 25.0156 0.31811232293
7.1333 25.2684 2.7974559371
8.5679 27.67 4.00462607118
11.0733 30.7941 0.610764848366
11.497 31.234 0.487014876569
11.8452 31.5745 1.62964315419
13.4747 31.5529 0.23420136635
13.4755 31.7871 0.185134464647
13.5301 31.964 0.377834699306
13.8892 31.8465 2.65696874276
15.0665 29.4646 7.51483849461
19.6969 23.5458 1.15951819736
20.661 24.19 1.43830952163
22.0452 23.7992 0.642985536385
22.462 23.3096 0.299330469548
22.7248 23.1663 1.1458056947
23.8011 23.5593 1.52526490814
25.3209 23.4303 0.936496161231
26.0518 22.8448 0.60744205485
25.6886 23.3317 1.67989529436
27.2952 22.8409 5.20007063894
25.7539 27.8073 0.639636623404
26.3613 27.6068 1.85352559734
28.1538 28.0785 0.481780084686
28.6344 28.1122 1.71309686825
30.1906 28.8284 0.577515385076
30.7655 28.8833 1.83465671176
32.5657 29.2372 1.80959731708
34.3739 29.3083 0.657455534618
35.0312 29.294 2.91670695477
37.7547 30.3379 0.266253356786
37.623 30.5693 0.502353023281
38.0346 30.2813 1.17984733334
39.0164 29.627 1.76179132703
39.8232 28.0608 0.54226208608
39.8681 27.5204 0.388511840231
39.9 27.1332 0.38585397497
39.9285 26.7484 0.292255453328
39.9495 26.4569 0.190615266965
40.0018 26.2736 8.07793334214
39.172 18.2384 0.92225815258
39.5503 17.3973 6.75476422238
47.0 -9.16 17.5408369937
42.2662 -26.05 0.989923355619
41.4702 -26.6385 24.0253944534
17.676 -29.9635 3.67224713357
14.0109 -30.1925 3.58232040583
10.4727 -30.753 4.94427727782
5.5445 -31.1514 2.87947985754
2.7241 -30.5711 0.977057628802
2.9746 -31.5155 0.804653130237
2.4361 -30.9176 18.7629115678
-8.0034 -15.3271 0.754271383522
-8.748 -15.2067 2.77208533779
-10.3816 -12.9671 2.34889254756
-11.6282 -10.9763 1.04460706967
-10.587 -11.0606 13.4478682303
-9.4833 2.3419 21.9424642891
-15.4671 23.4527 0.149490668605
-15.611 23.4122 12.484103134
-11.9955 11.4631 0.207624011136
-11.9673 11.6688 0.173785672597
-11.8038 11.7277 1.46769284253
-11.1966 10.3915 0.49940045054
-11.6591 10.5799 1.35629303987
-11.2531 11.874 15.3102830362
-15.9014 26.4616 3.3051418018
-18.4786 28.5309 2.47840278607
-16.4097 27.1663 10.9626643705
-11.5736 17.328 0.701230575489
-11.232 16.7156 1.13619128671
-10.2162 17.2246 19.4448446744
8.7642 13.0001 11.1136000364
8.7651 1.8865 25.5461682733
-4.6596 -19.8479 4.38284818012
-6.7152 -23.7188 2.21440894597
-6.5979 -21.5075 1.93579962806
-7.2343 -19.6793 2.26171290176
-8.9225 -21.1844 1.78910489631
-7.3632 -20.3072 16.934717597
4.6208 -8.3419 14.7632205162
9.0409 5.7441 3.74368473299
5.6972 7.4278 3.31606434347
3.424 9.8421 1.08384604995
3.5091 8.7616 1.06058166117
3.053 9.7191 16.1142300604
-0.99 25.3179 8.78366785005
-7.1309 31.5982 10.9233910234
-1.8137 22.0563 2.99701645808
-1.6838 25.0505 2.09245800436
-3.2499 26.4382 4.36855751479
-3.8819 30.7608 1.79455318116
-3.5235 32.5192 0.824334883406
-4.3471 32.554 2.82949512988
-7.1708 32.735 3.49447611238
-6.4839 29.3087 1.06885715135
-7.5499 29.3868 1.77925344457
-7.295 31.1477 1.29402411492
-7.4746 32.4292 1.14949890387
-8.2768 31.6059 1.83740343964
-7.586 29.9033 15.7199493161
-0.3797 15.9324 0.47855596329
-0.7963 16.1679 1.07347339511
-0.1636 17.0351 6.68376206414
-1.4454 23.5948 2.44075095411
-2.3963 25.8427 10.7192222782
-12.2131 30.1476 1.98633643928
-14.179 30.4318 1.13757623481
-13.0878 30.1103 1.96559600376
-14.1672 28.4676 8.4663032275
-6.9097 24.1079 2.83596278184
-6.8126 26.9422 1.08070380771
-5.8612 26.4296 18.532606488
11.847 20.9636 3.96939015971
12.491 24.8804 4.82260602268
15.5719 21.1702 0.447648433483
15.8695 20.8358 0.669000186846
15.4685 21.3713 1.28990210869
15.2074 20.1081 17.4478076858
17.3944 2.7979 8.36835751208
19.4765 -5.3073 0.693717694743
18.9975 -5.8091 8.36806808051
10.7321 -7.1159 0.697362954278
10.1696 -7.5281 2.6525399243
7.5718 -6.992 0.824466385003
8.1647 -6.4191 1.30628796978
7.6852 -7.6342 18.9082479477
3.2945 -26.0256 4.12596585662
-0.5375 -27.5551 2.90994272452
-0.9504 -24.6746 4.40657699354
-4.5692 -22.1602 2.11667329789
-6.4655 -21.2198 2.58743575379
-9.0522 -21.1581 0.895958536987
-9.7309 -21.743 1.7673622662
-11.2672 -20.8693 2.62819042309
-13.8553 -21.3266 1.27154998722
-15.1089 -21.5395 2.08183248365
-16.6964 -20.1927 2.48411196406
-18.8236 -18.9098 19.1772647687
-16.8936 0.1701 24.4375058394
-22.1654 24.0322 1.16661394643
-22.5923 25.1179 0.929100909482
-22.455 24.199 18.536570668
-20.7697 5.7392 0.581964569368
-20.4421 5.2582 1.15490254567
-20.9916 6.274 3.4503668747
-19.9682 9.5691 2.64041524196
-18.1211 11.4559 0.815073248242
-18.9345 11.5081 1.10196399215
-17.8353 11.4301 23.224008297
5.3644 12.4924 18.9236845218
4.5892 -6.4154 0.814848660795
4.7745 -5.6219 1.02425920547
4.6651 -6.6403 20.3145640576
-3.7235 -25.142 1.99734788407
-5.5114 -24.2516 1.2118564684
-6.0287 -23.1557 3.38037141303
-9.0267 -21.594 9.78548911654
-13.5352 -12.909 0.724207511698
-14.2568 -12.9704 8.80375747508
-10.487 -20.9262 2.40923057635
-11.4996 -18.7401 2.9070402818
-12.3148 -15.9497 16.5536322434
-14.8561 0.4077 0.635412787092
-14.879 -0.2273 1.29503561727
-14.798 1.0652 25.9889829083
-18.749 26.7521 7.03040165353
-25.292 29.3242 3.78876767564
-29.0487 29.8161 7.65352545171
-36.7007 29.9689 13.7593750149
-48.9919 23.7845 3.27532171855
-50.1225 20.7105 12.3664593356
-51.5 33.0 10.5524187621
-41.7102 29.0613 3.66132321572
-46.0648 31.2328 6.93149413402
-40.251 27.4585 0.475510641311
-40.2876 27.9326 0.631610576226
-40.2082 27.306 10.7082610731
-42.9718 16.9605 0.907254920075
-42.2508 16.4098 11.4243371208
-40.4424 5.1295 1.40900817954
-39.1097 4.6721 1.29941559557
-39.2105 5.9676 0.637773078767
-38.5942 5.8035 16.8617805448
-26.6059 -6.054 19.5765983146
-13.3488 -20.4586 0.62869067911
-13.0514 -19.9047 14.3063133616
-5.9312 -7.4961 27.4343716607
-8.5831 19.8098 0.689239726075
-7.8939 19.8024 2.9959684995
-4.9018 19.6502 3.51284400451
-1.3898 19.5732 1.59191169667
0.0608 18.9175 4.47696851229
4.4403 17.9884 0.891463717714
3.6969 17.4964 10.8739457907
-3.0206 8.9455 0.689255395336
-2.6676 8.3535 11.9177828005
3.8636 -1.6153 0.271077203025
3.8734 -1.3444 0.87750524215
3.1025 -1.7636 0.310041174685
3.2948 -1.5204 1.14308164625
4.3185 -2.029 1.18329496745
3.2368 -2.5087 14.1642980398
-10.3418 -6.5397 1.81950724099
-9.5732 -8.1889 10.3341158427
-11.7843 -18.2837 0.513140848111
-12.2971 -18.3024 2.38924582452
-10.6102 -19.9944 12.5823394089
0.3968 -13.8984 0.208720147566
0.3939 -14.1071 9.2425857356
-7.6899 -18.5879 0.469862203204
-7.3499 -18.2636 0.380026380663
-6.9985 -18.1189 0.213011783712
-6.7966 -18.1868 9.12022642372
-4.4565 -9.3719 14.4905888887
2.4432 3.3706 0.905496692429
2.3831 2.4671 1.10859934151
2.9958 3.391 18.3505950032
8.5167 20.8914 0.79550720927
9.1343 21.3928 0.548812408752
9.3902 21.8783 2.08307413454
10.1153 23.8311 3.45198836904
12.862 25.922 2.17203226956
12.7187 28.0893 0.590725604659
12.843 28.6668 0.926659619278
13.3211 29.4606 3.6017568838
16.0322 31.8318 0.601575298695
16.62 31.7038 1.87289456457
18.4637 31.3744 4.01993761394
22.1158 33.0543 0.529729600834
22.6455 33.0487 1.18507576129
23.8305 33.0621 0.870788240619
24.7009 33.0881 0.747897172076
25.4476 33.0458 1.98622162409
27.4329 33.1063 0.163489602116
27.5843 33.0446 0.248794292539
27.8281 32.995 0.999278004361
28.8239 32.9117 0.348637705936
29.166 32.8445 0.260560184986
29.3585 32.6689 0.288496533775
29.6242 32.5565 0.943877052375
30.5675 32.5235 0.235913755428
30.7696 32.4018 0.312129860795
31.0292 32.2285 0.962266168999
31.9319 31.8952 0.228654346121
32.1559 31.8493 1.1752128403
33.3238 31.9802 0.174577346755
33.4848 32.0477 0.233709777288
33.7183 32.0378 0.839553601624
34.4758 31.6758 0.262434849058
34.7095 31.5564 0.313419399527
34.9719 31.385 0.940374654061
35.8559 31.0643 0.232523826736
36.0882 31.0541 0.203309665289
36.2901 31.0302 0.330314834665
36.6116 30.9544 1.87112089668
38.3695 30.3134 0.599818214128
38.837 29.9376 0.361701714124
39.0903 29.6794 0.550382203564
39.4747 29.2855 0.303441345238
39.6663 29.0502 0.843377507407
39.8672 28.2311 0.667940364104
39.9865 27.5739 1.96982258084
39.9457 25.6045 1.25673883524
40.9362 24.831 0.396151549284
40.7713 24.4708 0.292407062158
40.618 24.2218 0.760026657427
40.5106 24.9742 0.915557458601
40.2395 24.0997 8.02410836417
40.6175 16.0845 0.771118875401
40.7899 15.3329 7.05096777826
40.4569 8.2898 0.0
40.4569 8.2898 0.994788324218
41.3603 8.7063 0.0
44.3079 2.23 1.0252843508
44.1859 1.212 1.29710090587
44.7683 2.371 0.843858951484
45.1911 1.6407 9.77229190774
44.2128 -8.0825 26.5021803648
24.3628 -25.6422 1.08607395697
23.2836 -25.7642 9.17127879088
16.1415 -31.5177 3.89324595293
12.7824 -29.5495 5.45801109013
7.4165 -30.548 3.86534709955
3.6933 -29.5094 1.8877547987
3.403 -27.6441 5.75207914149
-2.2012 -26.3482 3.11304490491
-5.3115 -26.4789 2.96940449417
-6.2191 -23.6516 2.37252123278
-8.5869 -23.8012 1.89742902371
-10.258 -22.9025 3.0649609867
-13.0151 -21.5637 6.8197140006
-15.0094 -15.0421 6.96897091183
-16.6815 -21.8075 0.334830658692
-16.9381 -21.5924 6.5760458826
-14.1529 -15.6353 2.86802654974
-14.5156 -18.4803 1.13580757613
-15.5138 -19.0222 0.673082758656
-16.0012 -19.4864 2.4096756981
-16.9456 -21.7033 7.72576905233
-21.7523 -27.7517 1.04213567255
-21.2673 -26.8293 3.63674942909
-19.1544 -23.8693 0.393054957989
-19.5162 -23.7157 2.81918228747
-21.3343 -21.5611 1.34592483074
-22.6782 -21.4873 0.65527564429
-22.4386 -22.0972 1.40061049903
-21.9065 -20.8016 21.8442698035
-18.2691 0.7377 25.4666294091
-26.4816 24.8438 0.937298378319
-25.7931 25.4798 1.19227465376
-26.8489 26.0337 1.04523481094
-26.6055 25.0172 17.0227476798
-20.1791 9.2541 5.44892328814
-20.3805 14.6993 1.38752765738
-20.1735 16.0713 0.308258592743
-19.9135 16.2369 1.27759261895
-21.0518 15.6568 3.79251534737
-18.9139 18.7893 1.11580859022
-19.9923 19.0758 1.07238811071
-18.9422 19.2933 27.8891557395
8.5747 14.7518 0.0736220075793
8.5291 14.694 1.14113789701
8.7088 13.5671 11.6252740613
10.111 2.0267 6.16392094125
9.0614 -4.0472 8.55557751294
13.8227 -11.1555 1.96596791937
12.7408 -9.514 1.07291103079
13.0636 -8.4908 1.1241791005
13.2772 -9.5945 1.30435943666
12.6645 -10.746 5.71818674057
12.0643 -16.4326 1.98302302811
10.7275 -17.8973 13.3115737567
2.2947 -28.1971 1.82357259521
1.0546 -29.5341 2.99368556799
-1.2162 -31.4849 0.607584603162
-0.6883 -31.7857 1.43390398912
-1.3322 -30.5045 15.1397767569
-9.2822 -17.62 1.22882373024
-10.1372 -16.7374 1.06427869001
-9.764 -17.7341 13.0763027515
-5.4113 -30.0647 3.499968887
-8.2398 -28.0033 1.30485602654
-9.3795 -27.3679 3.34751862728
-12.2475 -25.6415 13.8297884966
-1.2294 -34.0 11.0568790615
7.8423 -27.6787 0.669945617196
8.0791 -28.3054 2.61089136695
7.8868 -30.9092 0.519256949881
8.0741 -31.3935 0.649054774268
8.0354 -30.7456 1.07576403547
8.1879 -31.8105 1.17159880932
7.0863 -32.2094 1.52053268626
7.1129 -30.6891 1.01323989756
8.1114 -30.5169 1.8628095018
9.2746 -29.0619 5.25601487155
7.4998 -24.1146 0.362164851967
7.6461 -24.4459 3.6805571494
9.5328 -27.6061 1.31984810111
8.1136 -34.0 11.7169571084
-1.3256 -27.0582 0.904066485387
-0.8942 -26.2637 13.5591301675
5.2481 -14.1756 1.14986036109
6.3919 -14.2935 1.07986049562
5.4589 -13.7498 16.3331033135
-6.858 -3.023 4.48755206321
-5.1036 1.1074 2.53148704322
-3.4927 3.0602 10.7190313074
7.0682 4.8946 0.950315868541
7.8991 5.3558 1.20644937316
6.8731 4.7211 19.9991532646
-8.5758 -7.9792 1.05804348682
-7.5359 -8.1743 0.589991898249
-7.1499 -8.6205 8.98321961437
1.8251 -8.2363 0.136406744701
1.9477 -8.2961 0.942629991036
1.5186 -7.4568 0.822629254282
1.8394 -8.2143 21.2065062563
7.8712 -28.5449 6.59636410457
13.583 -31.8445 2.22741278168
15.7407 -32.3974 2.14227813787
17.8708 -32.6255 0.825030041877
18.6939 -32.5691 1.46188250212
20.1286 -32.8497 1.39543098002
21.5117 -33.0348 1.3174434523
22.8127 -33.2423 1.96624872537
24.7738 -33.1001 1.94320798938
26.4811 -32.1721 1.14737552702
27.6125 -32.3629 1.28977742266
28.9019 -32.3941 0.311848168184
29.0971 -32.6373 0.712643087387
29.7887 -32.8092 3.06220482986
32.7396 -31.9911 4.86313682822
37.483 -30.9186 1.21692867498
38.4242 -30.1472 0.561907412302
38.7805 -29.7127 1.77094154618
39.8941 -28.3357 2.1102846372
39.8752 -26.2255 2.04042405887
40.6807 -24.3508 0.499477527022
40.5993 -23.858 9.47282637918
41.1273 -14.3999 0.735871795899
41.1114 -15.1356 1.24712135737
41.1806 -13.8904 6.92493252241
41.8344 -6.9964 0.90199977827
42.7266 -7.129 0.985162169391
41.7551 -7.2925 0.887586936587
41.9447 -8.1596 0.15931208366
41.795 -8.2141 1.55228000052
0.0 0.0 5.714840073
5.5915 -1.1809 0.994527626564
5.8029 -0.2091 19.8323298351
14.9514 17.3871 5.3167490537
14.5335 22.6874 4.22647032522
12.9264 26.5964 1.78504906935
12.9617 28.3811 0.607963263693
13.5595 28.2704 2.08929866941
12.6073 30.1301 12.2753474497
0.3772 31.1831 0.0257186702611
0.354 31.172 5.06906716172
-3.3745 27.7378 0.786080466619
-3.9372 27.1889 1.63368421061
-5.1671 26.1136 3.50077029381
-8.4695 24.9519 1.99395618056
-10.2325 24.0204 2.00789573933
-11.8316 22.8061 7.506466062
-14.8321 15.9254 5.75855211837
-14.8076 21.6839 4.57512169237
-16.6989 17.518 1.84977516742
-18.2653 18.5019 4.25191072931
-22.4551 17.7778 32.7920964388
-51.4597 21.0118 0.258713432199
-51.3397 20.7826 0.762380718539
-50.9741 21.4516 13.3205683197
-39.7735 14.2416 0.6823632537
-39.101 14.3572 1.98989706266
-37.9896 12.7066 0.603795105976
-37.8449 12.1204 2.56232160355
-35.3205 12.5596 0.353255219353
-34.9775 12.4751 3.06431566585
-35.3056 9.4284 10.754042492
-36.0 20.16 8.82198835637
-30.766 13.0584 6.24336622744
-33.4063 18.716 0.333065068718
-33.081 18.6445 0.898437515913
-32.2019 18.4591 0.859157732899
-31.5179 17.9392 1.18331840601
-31.5113 16.7559 10.4044369848
-24.4649 9.1008 29.2153444238
-5.7233 -13.311 11.7174848278
-5.9646 -25.026 0.6552063797
-1.5554 -5.0905 0.82459336039
-0.734 -5.163 0.40093911009
-0.7284 -4.7621 0.668701024375
-0.5143 -4.1286 19.6678426321
9.8819 12.567 0.884802260395
8.9971 12.565 27.944282931
-13.1292 29.6328 14.0646878423
-26.8715 26.6387 9.41961527505
-35.2963 22.4254 7.17836390064
-46.0206 15.543 5.40742000681
-45.6883 10.1458 11.0636605972
-45.5674 -0.9172 6.97582813507
-38.625 -1.5993 1.52042000776
-37.2798 -0.8907 0.883362558636
-37.8769 -1.5417 1.13603833122
-36.9264 -0.9195 1.18986130704
-37.8576 -1.6602 9.63097763729
-41.5167 -10.569 0.942475723825
-42.2982 -10.0422 0.949740538252
0.0 0.0 3.95393772586
3.8015 1.0873 0.210637152468
4.012 1.0949 0.185620068958
3.8636 0.9834 0.885994909692
3.1263 0.4921 0.985501562657
3.463 1.4183 18.4898989313
14.699 16.1026 0.343837825144
14.8283 15.784 7.97527330817
14.583 7.8125 0.252895017745
14.514 8.0558 3.34993196946
12.5442 5.3462 0.754827476977
12.8768 4.6686 1.09849533454
12.0444 5.3854 18.5293412773
2.0319 20.1898 13.3381582904
-10.8248 16.6385 0.274387937053
-11.0905 16.57 3.07110494936
-8.9445 18.7669 1.30730552282
-7.7363 18.2676 1.19100094458
-6.629 18.7062 0.501644944159
-6.2168 18.4203 1.77042704735
-4.704 17.5006 1.32493631922
-3.9365 18.5806 0.784113773632
-3.3836 18.0246 2.17222231827
-1.9338 16.407 12.1503209941
-3.5339 4.3625 11.5728315917
5.3318 -3.0759 3.45105841446
8.7655 -3.4216 4.85607121035
12.7833 -0.6942 2.16924231242
14.9144 -1.0992 0.613658838444
15.4558 -0.8103 1.98053588708
17.4362 -0.7871 1.37248444071
18.8085 -0.7646 0.691057219049
19.4663 -0.5528 1.6608427981
20.9665 0.1598 3.53445184435
24.3715 -0.788 1.67030718732
26.0418 -0.7831 0.623534185109
26.6546 -0.6679 1.47961871102
28.1218 -0.8592 0.828726498913
28.8487 -0.4612 1.94811352082
30.476 0.6098 1.12477966287
37.0681 -2.0561 0.934675542635
37.5622 -2.8495 0.317227048027
37.823 -3.0301 1.33094204983
36.4925 -3.0644 10.3655485856
29.2237 -10.4542 0.668669125951
29.3993 -11.0994 3.08023164876
27.0092 -13.0424 18.9575189289
14.5907 -27.3661 0.954120086782
13.8974 -28.0216 3.13850822048
11.6227 -30.184 5.59676694709
6.7482 -27.4339 3.55703320198
3.7448 -29.3397 5.85982516548
-0.5501 -25.3533 5.33941169044
-5.2247 -22.7731 11.3520207439
-12.3818 -13.9615 3.8077923394
-15.6733 -12.047 1.10107160984
-16.6418 -11.5232 2.80584063161
-19.1104 -10.1895 2.6774998226
-22.0219 -8.8444 0.338990280097
-21.8164 -8.5748 1.63340543038
-21.3731 -10.1469 1.3141652027
-3.7507 -10.0486 0.660702391399
-4.1048 -9.4908 1.28193189367
-3.9325 -10.7611 15.7481589289
-1.9267 -26.381 0.572677858835
-1.3544 -26.4018 2.43290736363
1.0716 -26.2186 4.93738607464
4.345 -29.9149 3.10643072512
6.9662 -31.582 3.69354808416
10.4874 -32.6971 9.75370197002
20.241 -32.7417 9.6642276634
29.8722 -33.54 15.1661604007
34.5501 -19.1133 11.2412784415
40.5041 -28.6483 7.92520149965
46.6857 -23.6888 0.822043599817
46.1225 -23.09 9.1064162748
42.8521 -14.5911 14.4244525754
38.7112 -0.7738 0.0
38.7112 -0.7738 0.841311624786
39.2085 -1.4524 0.77253370153
38.4541 -1.286 0.0
47.0 9.16 17.4941498922
39.8782 25.1389 1.49014776784
38.6101 25.9215 25.6921597418
13.1769 29.5601 1.00317388822
12.1757 29.623 5.77218416373
6.4056 29.7781 5.433382487
1.2731 31.5611 3.57725390908
-2.0121 30.1454 2.66482296785
-3.8018 28.171 4.26717078754
-4.0525 23.9112 2.3396357879
-6.0634 22.7153 9.36696114276
-11.8237 15.3289 1.05294404885
-12.4578 14.4883 0.0464155146476
-16.5905 23.3731 0.4816664406
-16.1089 23.3811 1.03361937385
-15.829 22.3861 1.04758183451
-15.2459 23.2564 0.925548448219
-15.6736 22.4356 19.0182771906
-22.8309 4.8155 0.535850370906
-22.8628 4.2806 1.2589509641
-23.1455 5.5074 1.17034622228
-22.1597 4.8766 15.2550641575
-9.3503 -3.4081 4.02513678401
-6.291 -6.0239 0.237333520599
-6.0566 -6.0611 0.628108589338
-5.516 -5.7413 0.823861839145
-6.1172 -6.3046 0.272821296823
-6.3297 -6.1335 10.9057486217
-14.6041 0.9707 1.0938996709
-13.6546 1.5139 1.0453159618
-15.4436 24.6373 5.65856827298
-18.5475 19.906 0.480135751637
-18.068 19.9307 0.650408871403
-17.4723 19.6696 0.981728236326
-16.5126 19.8764 1.27068551577
-15.3288 20.3382 1.56613110882
-14.8189 18.8574 1.58931257152
-13.2343 18.7351 1.63974470269
-11.6005 18.8746 2.83079279531
-10.3441 16.3379 2.39323959728
-7.9657 16.604 9.84677545037
-7.3563 26.4319 0.596769142969
-7.5409 25.8644 8.61835801531
-5.2737 17.5496 12.4029932299
-2.1922 5.5355 6.80996283837
0.4309 -0.749 0.690424854709
0.9547 -1.1988 3.67165915629
3.0907 -4.1852 3.84189055154
6.1133 -6.5567 1.33147158062
4.7994 -6.7723 0.0971753569584
4.7337 -6.8439 0.372059041014
5.094 -6.9367 0.962366354358
5.9312 -6.4621 1.05309791093
4.9401 -6.8181 16.150651685
-11.1171 -8.553 1.22178261978
-11.2625 -7.3399 0.679063804071
-11.1727 -8.013 21.899319984
3.4199 -24.342 4.7083258479
5.4829 -28.5743 0.744552624064
5.951 -29.1533 4.26240634032
8.0619 -32.8563 0.91954089088
7.7798 -33.7315 4.47570021002
12.1884 -32.9594 2.22048572389
14.3658 -32.5241 1.84341756528
16.1862 -32.2337 2.73512338296
18.7828 -33.0931 3.93779565239
22.625 -33.9555 0.821550363642
23.4112 -33.7171 1.53603568318
24.7213 -32.9152 0.395528519831
25.1113 -32.9811 0.283665789266
25.3935 -33.0099 0.763018112498
26.1455 -33.1391 1.76693749182
27.8986 -32.9184 2.54763892654
30.4327 -32.6561 2.05019423714
32.4748 -32.8381 3.30512201439
35.772 -32.6094 3.72231400073
39.0074 -30.7688 0.945851415393
38.3435 -30.0951 6.90293387264
34.6138 -24.2865 4.41030206675
37.8854 -27.2441 2.55271531119
40.2493 -28.2076 1.39868816396
39.581 -26.9789 8.49034714602
38.4339 -18.5664 8.53026218823
45.3334 6.899 0.796064733549
45.4709 6.1149 1.4188278613
44.3544 6.9904 26.5020683119
24.0224 23.9895 3.30484103854
22.0374 26.6318 3.83609677146
18.7286 28.5728 1.28469738849
17.4769 28.8621 3.69821643634
13.9304 29.9105 4.20488738731
9.7891 30.639 4.10714903065
6.1087 28.816 1.52013699712
4.7519 28.1305 4.36479262394
0.7235 26.4502 1.46391319756
-0.4801 25.6169 4.38537741705
-4.8336 25.0891 2.99846347985
-7.4516 23.6273 1.08526130033
-8.3188 22.9748 3.18674811681
-10.9908 21.2382 1.3723119179
-12.2512 20.6954 5.98274097216
-15.2089 15.4949 1.58479663364
-16.632 16.1923 2.7555988859
-19.0949 17.4282 6.6555319547
-16.3661 23.4986 25.3229266454
-39.5651 33.6503 7.15333099052
-35.595 27.6998 3.26492542794
-32.4667 26.7652 0.186685885915
-32.2928 26.6973 8.47262017796
-40.457 28.9625 8.81221250595
-48.9839 26.7383 2.88952349013
-50.5625 24.3181 5.81918491286
-36.0 20.16 9.5764807111
-28.9484 26.6395 1.27899069973
-29.9495 25.8435 5.20993558693
-34.5774 23.4506 0.435885592788
-34.5369 23.0166 1.32137483705
-33.278 23.4181 5.91738984688
-27.5078 24.7297 1.01775968185
-26.5624 25.1066 14.0040639387
-12.9802 28.518 0.857163724151
-12.2084 28.1451 15.222291883
-4.0228 15.311 1.03508971592
-3.0032 15.1326 1.01754341431
-3.6046 15.9534 10.957976482
-6.1439 26.6131 0.743322541028
-5.4101 26.4945 3.41688233628
-2.1004 25.6454 0.769331359038
-1.4759 26.0947 0.64940711422
-1.1075 26.6295 3.66991418156
1.9704 28.6282 4.04716533885
5.8386 29.8184 1.0948857292
6.9266 29.941 1.94039172592
8.8593 30.1136 2.65828253201
11.2374 31.3015 0.616104317466
11.7997 31.5533 2.18700165752
13.7217 32.5968 0.593311022989
14.2866 32.7782 0.491112258043
14.6731 33.0812 0.462697244427
15.1326 33.1355 0.53732285453
15.6655 33.2043 1.90967633907
17.5669 33.3819 0.358742163677
17.9256 33.3764 0.207190081809
18.1038 33.4821 2.09272869957
20.1883 33.2967 0.74552688751
20.7708 32.8314 0.480262980043
21.2386 32.9401 1.72922818911
22.8963 33.4323 2.70218369842
25.5556 32.9528 0.717125498082
26.2723 32.9281 2.57971014845
28.8 33.4435 1.95988025144
30.5128 32.4909 0.498878712715
31.0054 32.412 2.00275216889
32.9766 32.0579 0.593897103882
33.527 32.281 0.356322466314
33.8771 32.3473 1.41322528282
35.2652 32.082 0.507117392721
35.7706 32.1237 0.399617579693
36.1692 32.1522 1.64258007415
37.7563 31.7289 0.408396914778
38.1615 31.7799 0.285047715304
38.4431 31.7357 0.20051316665
38.6403 31.6994 0.666751925382
39.1941 31.3281 1.2489734825
40.4071 31.0305 1.57002634691
41.6944 31.9293 0.201466473638
41.5399 31.8 12.2052401652
34.7117 21.6835 1.12639122866
35.1291 20.6373 10.7942079547
0.0 0.0 2.01772705042
1.9578 0.4881 0.295702012168
2.067 0.7629 2.7901209239
-0.5316 1.7788 5.49919594577
0.069 7.2451 2.48619598986
0.4721 4.7918 0.656137980916
0.5382 4.139 0.895613984929
0.4417 5.0294 1.80545115968
0.315 6.8304 7.83988450935
-7.5046 6.2668 1.21240868522
-7.9437 5.1367 0.0663220174603
-34.3457 20.207 0.514598727165
-34.8594 20.1766 0.655757462786
-34.601 19.5739 31.7630267827
-40.0806 -11.7129 0.44133258434
-39.6485 -11.6231 2.74515075724
-38.0827 -9.3683 0.497342960139
-37.6338 -9.1542 6.50036250835
-32.8531 -4.7497 0.64803279238
-32.2106 -4.6652 0.46492404756
-31.8007 -4.8846 0.745135779573
-32.3565 -4.3883 7.92797039412
-36.2321 2.5278 0.919144003952
-35.565 1.8955 4.28287751051
-32.1594 -0.7016 1.58152761595
-30.603 -0.4208 10.6716905713
-32.0913 -10.9882 11.1870626927
-24.1125 -18.8297 0.864570274761
-23.3045 -19.1373 12.1071568095
-13.06 -25.5897 0.27987170275
-13.3111 -25.4661 0.501233129392
-12.8119 -25.421 0.462097933343
-12.3504 -25.3975 2.18874160193
-10.196 -25.7837 2.70149725338
-7.6714 -26.7452 2.32092354893
-5.3548 -26.6036 3.13617989599
-2.2193 -26.6689 3.81408428066
1.1314 -28.491 6.539613091
6.2741 -32.5307 0.663246454947
6.9206 -32.6788 2.49980732858
9.4144 -32.5056 0.509011355473
9.9234 -32.509 0.321294708951
10.2436 -32.4825 1.12590003997
11.1679 -31.8396 0.691970591861
11.7416 -32.2265 0.555552958772
12.2706 -32.0568 3.06787614157
15.2155 -32.9167 1.38748131519
16.5321 -33.3545 0.598153241235
17.1052 -33.1832 4.01713970133
21.1079 -32.8429 0.57609833362
21.6294 -33.0877 1.98856573942
23.6157 -32.9928 2.38581865405
26.0013 -33.0251 2.95462420115
28.8564 -33.7855 2.59546916761
31.4406 -33.5439 3.36526302835
34.7744 -33.0848 5.66418862857
40.3883 -32.3317 1.08483578942
40.1645 -31.2702 2.1805400111
40.2588 -29.0917 2.32581497544
40.3481 -26.7676 2.02554696811
40.3237 -24.7422 0.322629958311
40.1817 -24.4525 8.49352297342
38.8252 -16.068 9.43909359261
41.1995 -6.9324 0.0
43.6744 -6.4295 1.1744542903
44.3932 -7.3583 1.07342097054
44.3039 -6.2886 16.1669568308
36.0 -20.16 19.677447539
18.1662 -28.4761 2.96796722522
16.4485 -30.8965 4.79438633091
11.8312 -29.6055 2.64404486535
9.3158 -30.4202 2.38011873653
6.9404 -30.57 7.1200889552
1.6152 -25.8437 3.09859753598
0.2542 -23.06 4.19103518119
-21.542 -7.4111 0.29284065633
-21.7798 -7.2402 0.844000148104
-20.9697 -7.0034 1.62231888974
-19.6534 -6.0551 1.51513266086
-19.7611 -4.5438 0.433805578572
-19.3273 -4.5416 0.449584185665
-19.0236 -4.2101 0.656550805346
-19.5822 -4.5551 0.1340813559
-19.7156 -4.5686 1.50593937793
-18.2802 -4.1131 5.44450408577
-12.8445 -3.8036 0.497929081296
-12.6229 -3.3577 0.335114443138
-12.3741 -3.1332 0.290615381561
-12.103 -3.2379 0.751861057643
-12.6978 -2.778 0.853757494843
-11.8447 -2.7445 1.46911848739
-10.6094 -3.5397 0.772202512298
-11.372 -3.4183 9.23251127267
-16.8194 -10.8725 2.04462496561
-15.45 -12.3908 0.3428295349
-15.1353 -12.5268 0.477041560034
-14.768 -12.8312 0.55157072076
-14.5081 -13.3177 0.750055064645
-14.0989 -13.9463 1.30450185512
-13.9592 -12.6493 4.56467278564
-10.4922 -15.6185 1.40389970083
-11.8341 -15.2059 2.8499349747
-12.8291 -17.8765 15.2167984859
-20.3995 -31.0765 1.29797540809
-20.8415 -32.2969 1.16646281124
-19.9297 -31.5694 10.1824952801
-16.441 -22.0032 0.336835583037
-16.738 -22.1621 2.06977420266
-18.8055 -22.2591 1.27666880592
-19.9615 -21.7173 1.5340743952
-24.3227 -23.6157 0.229926249045
-24.5455 -23.6725 1.3157162498
-23.4572 -24.4119 15.8391586323
-8.1079 -28.3206 0.20140657884
-7.9109 -28.3625 0.624369185659
-7.7307 -28.9603 0.334713145843
-7.4099 -29.0558 1.28376331541
-6.4984 -29.9598 4.01527788578
-2.9867 -31.9067 3.86559565009
0.7571 -32.8694 1.34845397771
2.0929 -32.6851 2.28997985362
4.3826 -32.6493 1.56835551136
5.9477 -32.7503 1.58015462535
7.4497 -32.2595 1.98889253606
9.4343 -32.1289 0.530550252097
9.9574 -32.2175 1.34300182055
11.2844 -32.4242 3.32598112592
14.5581 -33.0116 0.599683599909
15.1492 -33.1127 0.456907036496
15.5994 -33.1907 1.18342895013
16.7472 -32.9025 3.77473086855
20.4919 -33.3777 1.58820025501
22.0801 -33.3768 1.2305176553
23.3 -33.2155 1.7221227134
25.0142 -33.3805 1.52828064504
25.7195 -32.0247 1.33453573201
26.8806 -32.6826 0.525959171419
27.4054 -32.7175 2.05473386355
29.3504 -33.38 2.76518597566
32.0696 -32.8778 3.90555420523
35.9719 -33.0372 5.1829390938
41.1533 -32.9109 0.569309933165
40.7705 -32.4895 8.59022827753
37.289 -24.6364 0.998303505954
38.0932 -25.2279 1.39907521242
38.1256 -23.8292 4.34463182905
40.9378 -27.1409 2.19499642141
40.443 -25.0024 0.60201769077
40.7261 -24.4711 0.325632077658
40.6776 -24.1491 0.342860219331
40.8679 -23.8639 0.138350352367
40.9348 -23.7428 13.5118127611
42.2032 1.8936 1.18421221071
42.7148 2.9616 0.707494346267
42.0688 3.2501 0.924018922966
42.8472 2.7522 0.872364052446
41.9752 2.7774 11.0580290405
34.1667 10.6073 0.402991042084
33.9944 10.9716 0.102929198967
34.0733 10.9055 1.10246071132
34.7942 10.0714 1.06888889039
34.0437 10.8325 15.6839790171
21.6287 20.4166 3.67788791156
20.1869 23.8001 2.79281649952
18.5189 26.0401 4.54725034499
14.696 28.5024 4.94316182721
9.7758 28.9783 3.08944190429
7.894 31.4285 6.11944471419
1.8465 30.4929 5.27162876633
-1.7378 26.6273 17.8474960342
1.0209 8.9943 0.262287952449
1.123 9.2359 1.10509917202
1.5753 8.2276 1.04808916605
1.098 9.1607 19.0610127289
-8.496 25.6312 0.970675744005
-9.1922 26.3076 3.29222040119
-10.9588 29.0857 2.9771735203
-13.0264 31.2278 1.39289147101
-14.1955 31.985 2.38069433779
-16.2743 33.1453 0.758041324731
-15.5202 33.0681 1.34375073953
-16.8636 33.0988 0.989688860198
-17.7426 32.644 14.1689335555
-17.1785 18.4863 4.1497131684
-19.4168 21.9806 2.88326302997
-22.2655 21.5355 2.10891579728
-24.1965 20.6877 0.878981711983
-23.7766 19.9155 0.98403136637
-23.4204 20.8328 1.24876503795
-24.637 21.1144 1.25218961024
-24.2099 19.9373 1.29287640941
-23.3174 20.8727 0.853328430324
-24.0195 21.3577 1.2860265355
-23.9734 20.0725 20.6418333549
-22.7062 -0.5304 24.2277099721
-31.1982 -23.2211 0.931320438947
-31.4802 -24.1087 4.64103716964
-35.9678 -25.2922 5.4594330713
-41.4073 -25.7583 7.28708101368
-48.6054 -24.623 3.08822810686
-49.4594 -21.6552 1.4678397903
-48.1025 -21.0954 9.79609127816
-43.7513 -12.3187 7.37979735765
-46.9615 -18.9637 0.570745871645
-47.0021 -19.533 3.12706495136
-49.611 -17.809 0.593360809289
-49.3106 -18.3207 1.48044423738
-50.4611 -17.389 4.67977532153
-50.3816 -12.7099 0.672752584536
-50.0164 -12.1449 1.00622793144
-47.0 -9.16 9.51239431742
-45.4466 0.2247 38.4908314066
-23.7852 32.0418 0.266627080395
-29.5424 33.0243 0.422242063277
-29.2568 33.3353 1.72874047214
-27.5557 33.0274 0.460306908486
-27.1275 32.8585 0.575828446675
-26.8959 32.3313 11.8370107008
-27.2116 20.4985 10.7199418375
-18.9146 13.7105 0.406996031922
-18.5742 13.9336 0.438222831445
-18.1447 14.0206 2.58035540575
-15.6256 13.4617 15.4161206991
-8.6851 -0.3037 19.9501783493
-4.6682 -19.8453 0.602653465932
-4.0838 -19.9925 2.07462801003
-2.0921 -20.5732 2.54537004186
0.4526 -20.5148 2.55168980286
3.0039 -20.5594 0.630656554711
3.6302 -20.4854 0.423840182144
4.0219 -20.3235 0.253474180145
4.2573 -20.2295 0.69853593322
4.8656 -20.5729 0.603350055938
5.3381 -20.9481 3.54751247073
8.8829 -20.8094 1.01170308886
9.8946 -20.8119 2.4737382885
12.361 -20.6215 1.51052711661
13.8474 -20.3526 1.48040701498
15.3277 -20.3704 4.11240132283
12.1269 -17.7884 13.3867550317
14.0061 -4.5342 0.993537140725
14.7343 -5.2101 1.0535258611
13.775 -4.7746 18.1204516746
-2.189 3.7987 1.42729105651
-3.352 2.9713 6.43860078977
-8.5957 -0.7649 4.80399914759
-6.6427 3.6242 8.12615987106
0.5881 -0.0839 8.03628247948
-6.8124 3.0489 3.27205169427
-3.5819 2.5291 0.223215702853
-3.7878 2.6153 1.14165319165
-2.7463 3.0829 0.887970922947
-3.5769 2.7689 10.8510599229
-12.3768 -3.5799 0.561774162809
-12.7982 -3.2084 0.641107518284
-12.3868 -3.7001 0.933058224335
-11.8142 -4.4368 0.365619542694
-11.4741 -4.3026 1.35304475166
-10.8688 -3.0925 4.59400122442
-15.2023 -4.6175 1.08513800966
-15.9566 -5.3976 5.94609003043
-10.0154 -5.1565 0.392245484359
-10.107 -5.5379 0.409591503818
-9.8136 -5.2521 0.91824494009
-10.0127 -6.1485 0.200691928089
-9.8777 -6.297 5.6475052023
-13.9228 -10.238 0.329317855574
-13.9592 -10.5653 0.39153127589
-13.6235 -10.7668 0.280723707585
-35.5571 21.5325 8.5647854293
-42.0063 15.8966 2.83971773421
-44.5472 14.6286 2.72721158878
-46.9615 13.3602 0.617494955445
-46.8236 13.9621 1.06840247566
0.0 0.0 8.80647500195
-2.552 -8.4286 0.514941084009
-2.5284 -7.9142 6.14634656442
0.5088 -2.5707 0.193458315924
0.6882 -2.4983 1.34928044898
1.9804 -2.11 1.07002086428
1.442 -3.0347 15.0301104939
-7.9255 -14.7886 0.542020294823
-8.3697 -14.478 0.963242985959
-8.3606 -15.4412 1.19619520146
-8.2536 -14.2498 15.0562377804
-8.6469 0.8013 0.295203878701
-8.7126 0.5135 9.36387958327
-9.9007 -8.7747 0.712012935276
-10.2046 -8.1308 6.50930670425
-11.535 -1.7589 1.05569073123
-10.9376 -0.8885 13.1683815748
0.1195 6.2632 0.951071500992
-0.0199 7.204 0.868128613743
0.3046 6.3988 11.0109389482
8.6072 -0.8336 3.23803291676
11.6498 0.2743 2.5090670557
14.0428 1.0286 1.8980232085
12.1861 1.4225 6.95205179497
15.3857 7.5945 1.03008901072
15.2986 8.6209 19.2259937923
17.3457 27.7376 6.02021333841
22.6597 30.5668 4.2064206221
26.5195 32.2389 0.748068619847
27.259 32.3518 1.00346529586
28.2418 32.5544 2.44356070111
30.6415 32.0935 3.26419219563
33.634 30.7897 3.00459275443
36.4081 29.6356 3.01599591014
39.1903 28.4713 0.603579563935
39.3953 27.9036 0.448261084637
39.5279 27.4754 0.412002196596
39.6229 27.0745 0.331678790398
39.679 26.7476 1.01932088176
39.7199 25.7291 0.611721709603
39.981 25.1759 2.08895300569
40.0589 23.0884 13.1016265448
37.9985 10.1498 5.54951508242
41.8514 5.2875 39.4536388925
45.4683 -34.0 16.7912982003
41.6633 -17.6455 39.3492058047
16.2548 12.4006 11.8903434652
8.5974 3.3042 2.48263103179
6.3514 4.362 5.76467589462
0.7378 5.6731 4.42492880169
-3.2469 3.749 1.58790240569
-4.717 3.1488 2.62721018002
-7.1632 2.1905 2.08506020297
-9.1063 2.9467 0.668000067365
-8.4898 3.2039 0.674349493957
-9.1528 3.3271 29.1875331731
-25.5581 27.4679 5.20128541805
-29.9243 24.6413 6.10927178066
-35.8955 25.9328 3.71173150969
-39.0717 24.0122 5.35533210642
-43.4276 20.8968 1.47318019604
-44.6066 20.0135 2.59713427454
-46.5336 18.2723 1.00593183169
-46.891 19.2126 0.856003977794
-43.4263 8.7709 0.890195939106
-44.2998 8.9425 13.9541745112
-36.0 20.16 4.86359610371
-35.7265 15.3041 1.14390554243
-35.7975 14.1624 1.19092065227
-36.2259 15.2736 0.986035962833
-36.5765 14.352 1.04879562356
-35.528 14.3769 8.02170015707
-29.6285 8.9415 0.752690407804
-28.9312 9.2249 16.230544997
-12.7079 8.74 1.05063354696
-11.9556 9.4734 16.4077081364
-6.6106 24.9861 0.685334845167
-5.9443 24.8257 9.02453085817
-1.8183 16.7996 0.511939449545
-2.3293 16.7686 0.678982982114
-1.9903 16.1803 7.63606697194
-1.7885 23.8137 0.815470722957
-1.623 23.0152 5.28004227729
0.1081 28.0034 0.797722614698
0.7845 28.4263 0.676140000296
1.4008 28.7044 2.59163205915
3.5896 30.0921 3.02822651233
6.1331 31.7355 1.26697396974
7.3779 31.9715 3.60617261511
10.9822 31.8553 3.49391237726
14.4761 31.846 8.98522519028
17.7427 23.4756 0.315108822472
18.0573 23.4935 0.323114871215
18.3804 23.4966 0.991056290026
19.3713 23.5142 2.09737802506
21.461 23.3349 1.06106905053
22.0243 22.4357 0.201512605065
22.092 22.2459 0.141889851646
22.1448 22.1142 0.792339990156
22.9133 22.3071 0.414501206271
23.3091 22.184 0.327907075252
23.4979 21.9159 0.209856641544
23.5889 21.7268 0.12034471322
23.5948 21.6066 0.834009358461
24.3879 21.3486 1.57942856755
25.7303 20.5164 0.520110469035
25.3514 20.1601 1.16298823726
25.6014 19.0243 1.1497981475
26.2861 19.948 12.4249525432
30.541 31.6217 0.778498972382
31.3139 31.7149 4.63081302689
35.7466 33.0549 1.97249808365
37.5556 32.2686 2.50650486734
39.4975 30.6838 0.317810635442
39.5001 30.366 0.187796938207
39.5464 30.184 0.432899260799
39.6575 29.7656 0.772089373065
39.9469 29.0498 0.463013606712
40.0121 28.5914 0.449904267595
40.0657 28.1447 0.42014965191
40.126 27.7289 0.391182336002
40.2151 27.348 0.365426832622
40.2692 26.9866 0.347180875049
40.3312 26.645 1.2502876469
39.9464 25.4554 1.04557796457
40.2792 24.4642 12.9239389058
