0.0 0.0 7.27647928122
-1.6992 -7.0753 14.140605928
5.4463 -19.2777 0.796858136684
6.108 -19.7217 1.18069048442
5.1871 -18.9828 1.00636903768
6.0529 -19.4958 1.06011249403
5.001 -19.6275 11.237270169
-6.1512 -21.0076 0.562798018831
-6.5143 -21.4376 7.54820443947
-8.6644 -14.2021 0.507178863913
-9.0816 -13.9137 4.0057563905
-5.1091 -13.3986 5.98106895546
-1.2215 -8.8533 1.32219566631
0.0092 -9.3366 0.419618124013
0.0053 -8.917 0.97672190515
-0.9569 -9.0848 0.920805136823
-0.0372 -9.0397 0.502572870338
-0.1407 -9.5315 1.14168488209
0.3272 -8.4901 0.794181906115
-0.1507 -9.1244 17.9864981583
-2.9559 -26.8908 0.675515876941
-3.631 -26.9145 1.03769931098
-2.6841 -26.49 15.3807711643
4.1419 -12.7069 0.280972632119
4.3178 -12.4878 1.43576941046
3.083 -13.2204 13.0874130247
-3.2462 -24.6756 5.75366554902
2.4012 -23.5749 2.0788873779
3.4935 -25.3437 8.94219553018
11.5238 -21.4096 4.78188913506
16.2217 -20.5173 3.31680908857
19.1139 -18.8936 0.625308060079
19.6928 -19.13 0.7552389026
20.2724 -19.6142 0.314322286833
20.5385 -19.7815 0.132630690264
20.5952 -19.9014 1.28472960968
20.3141 -18.6478 9.43945248624
21.0361 -9.236 3.15542375126
24.1402 -8.6692 1.46160801859
24.9 -7.4206 0.454431523995
25.258 -7.1407 2.175614242
26.7237 -5.5329 1.38931008058
27.9152 -6.2474 1.66093728057
28.0784 -4.5945 0.72039339947
27.4952 -4.1716 0.807387255287
28.1225 -3.6633 2.9167932563
30.3206 -1.746 0.541041486395
30.8611 -1.7218 1.66902105739
32.0491 -0.5495 0.592863441275
32.4032 -0.074 1.45083852306
30.9551 -0.1631 0.817815657713
31.5598 0.3875 1.28000050391
32.4784 3.9355 1.28942928461
33.6562 4.4603 1.15193819713
32.6243 3.9483 20.7849361974
12.1771 0.2166 0.318761133139
11.89 0.0781 2.94748654959
8.944 -0.0155 1.8134141281
7.4282 0.9799 2.85554429488
4.6131 1.4588 1.84626852056
2.7755 1.2801 2.8075708878
0.0865 0.4728 3.42702328705
-3.2916 1.0498 0.977858706562
-4.163 0.6061 3.73234715695
-7.5793 2.1092 4.47810945043
-12.0574 2.1 4.36824623848
-16.4246 2.0044 2.60720730284
-18.9762 2.54 1.61971375249
-20.2002 1.4792 0.493855079958
-19.7432 1.6664 2.82029984931
-20.4114 -1.0736 1.02604892671
-21.4112 -1.3042 4.22845736528
-25.5967 -0.703 1.295130422
-26.8907 -0.6489 1.44956890143
-28.3101 -0.9431 4.46821000514
-32.5734 0.3945 0.67345776408
0.0 0.0 7.74646013222
-1.7147 -7.5543 12.3341307639
4.2966 -18.3244 0.0108231233939
4.2899 -18.3159 1.3369989828
2.9607 -18.4601 10.07029687
-7.0101 -19.8722 0.0792836048625
-6.9859 -19.7967 5.37195390617
-9.6678 -15.1421 6.60513150891
-7.7242 -21.4548 0.856901890534
-8.5809 -21.4734 0.319507073474
-8.8828 -21.578 0.613082849214
-8.3731 -21.9187 0.482666106123
-7.99 -22.2123 16.4971541043
-19.5315 -34.0 13.9461805868
-17.7351 -20.17 0.57256758553
-17.3559 -19.741 0.373775989063
-16.9952 -19.643 1.73989173514
-15.519 -18.7221 0.635700314614
-14.9607 -19.0261 1.66484370738
-13.3356 -18.6645 0.426371962024
-12.9599 -18.8661 0.375481371043
-12.59 -18.9306 0.533786333658
-12.7232 -18.4137 14.3065091049
-0.1426 -11.6016 1.7542274995
1.5968 -11.8292 0.565284822015
2.0831 -11.541 0.589136189688
2.46 -11.0882 1.66849367095
3.8917 -10.2314 3.70221584055
7.5934 -10.1696 0.627615997247
8.2204 -10.1418 2.55168865068
10.7633 -9.9302 0.750617325939
11.4974 -9.7736 2.32482706884
13.7985 -9.4423 0.658700371945
14.4572 -9.443 1.7656459951
16.2119 -9.2467 2.49894014734
18.7104 -9.2936 3.78064236341
22.4806 -9.0128 0.672465322526
23.1351 -9.1672 1.36154099828
24.3346 -9.8114 0.561029455555
24.8364 -10.0623 0.374031549471
25.2066 -10.0089 1.60657811824
26.7845 -10.3111 0.592738222152
27.3679 -10.4159 0.735251800406
28.0744 -10.6195 0.342643269305
28.4099 -10.5499 0.320652990006
28.5824 -10.2796 1.87015098856
30.4498 -10.381 5.12451299637
32.6234 -15.0217 2.13609443846
33.713 -16.859 1.09926063333
34.5917 -16.1985 0.597312648451
34.2985 -16.7189 0.865901870884
34.2967 -17.5848 2.22869344011
33.7406 -19.743 1.04756628907
33.2523 -20.6698 0.371380263342
33.6042 -20.7885 0.921730334751
34.5258 -20.804 1.50126868015
35.78 -21.6291 0.456498368015
36.229 -21.7115 0.657772430252
36.7466 -22.1174 1.64601492703
37.9149 -23.2769 0.561278718642
37.4603 -23.6061 1.15327435157
37.051 -22.5279 13.3423427932
0.0 0.0 1.97852955752
1.8836 0.6055 0.795304752909
2.6123 0.9241 3.23064533027
-0.6175 0.8502 1.78768202989
-2.3515 0.4154 0.806637886539
-2.9123 0.9952 1.66090712865
-3.0603 2.6495 1.31125811723
-2.9851 1.3404 0.282374290614
-3.0031 1.6222 1.54531918386
-3.0108 3.1675 0.325036382579
-2.7244 3.3212 1.51105685532
-8.2317 1.3066 0.89853014418
-7.6408 0.6297 1.16166322572
-8.0092 1.7314 18.7172477362
-13.1273 19.7353 1.13019504511
-12.2345 20.4283 2.10329629392
-11.1884 22.253 2.95349386659
-8.4535 23.3681 2.85367052233
-5.6386 23.8369 9.5574533517
3.831 22.544 27.3980836748
29.2009 32.8892 8.75987126504
36.8802 28.6745 1.44440174467
37.718 27.4979 3.50570515161
39.5815 24.5285 0.514253245007
39.7009 24.0283 1.72414827959
40.8749 22.7656 0.363383337538
41.0658 22.4564 0.85472461647
41.4997 21.72 0.177951229274
41.4239 21.559 0.314429276627
41.1223 21.6479 1.40965326588
41.0311 20.2412 10.8801409389
37.989 9.795 0.861714157943
38.569 9.1577 4.39915216945
37.364 4.9268 0.982717278774
0.0 0.0 2.02955630865
2.0284 -0.0685 0.179895580824
2.2073 -0.0874 3.64558793338
-0.7654 -2.1977 4.02942014811
-3.0117 1.1475 0.927228456207
-3.7511 1.707 0.899023759419
-4.6497 1.6794 1.70728112799
-6.3354 1.4088 1.57062829785
-7.6732 2.2317 1.06004909792
-8.566 1.6602 7.16934708464
-6.2271 8.4373 1.31563305674
-6.8756 7.2926 3.85524039199
-7.7694 3.5424 3.36089622571
-10.3804 5.6586 8.70870541527
-4.5649 12.141 0.273868326025
-4.7384 11.9291 6.26134117422
-7.8887 6.518 0.0319699859243
-7.9055 6.4908 7.14414666283
-3.7032 12.2683 0.642340229162
-4.0108 11.7044 1.24212590747
-2.8097 12.021 0.371449081302
-3.1808 12.0049 6.20902358266
-5.8517 6.3997 11.4339873605
-11.2731 -3.6673 2.12220110734
-12.5858 -1.9998 0.307539867334
-12.8884 -2.0547 1.46095240853
-14.0147 -1.1242 4.1665834505
-18.173 -0.8616 5.46720898631
-23.6351 -0.6253 2.17921219251
-25.7798 -0.239 2.69915838179
-28.2497 -1.3276 0.998857972887
-29.2318 -1.1454 19.4921200591
-47.0 -9.16 13.9381173869
-33.0973 -8.167 0.620732631654
-33.3745 -8.7224 1.41638781765
-33.7267 -7.3505 0.200641072565
-33.6167 -7.5183 1.41437502806
-32.4813 -8.3617 0.226398873672
-32.6346 -8.5283 1.30494584179
-32.9719 -7.2677 1.17191693392
-33.8596 -6.5026 1.38857216593
-30.1599 4.805 1.39673922047
-29.8226 6.1604 13.0090680143
-29.1884 -6.8332 23.2322623834
-15.6201 -25.6916 0.187279603801
-15.6283 -25.8787 2.78705843678
-12.9071 -26.481 0.932994989268
-11.9764 -26.4156 0.709938117021
-11.3122 -26.6663 0.405444200846
-10.9432 -26.8343 0.517736863667
-10.4297 -26.7682 0.647090673708
-9.7894 -26.6747 3.71826844916
-6.4645 -28.3392 0.753907693289
-5.778 -28.6508 3.49987840932
-2.7122 -30.339 1.19465926942
-1.5176 -30.3509 3.36994137931
1.4637 -28.7798 0.400384839873
1.7206 -29.0869 1.29961598174
1.5269 -27.8018 2.27179630469
3.6223 -28.6795 0.546887703281
4.1673 -28.6341 1.49276314598
5.6538 -28.4975 8.28399104599
11.6247 -22.7553 5.6892597638
16.5032 -19.8282 3.39763871534
19.8712 -19.3804 2.65592848172
22.5271 -19.3927 1.01520473305
23.4654 -19.7803 0.385779328114
23.8266 -19.9158 0.303229813838
24.0642 -19.7274 0.494978676308
24.5532 -19.8041 0.360878068051
24.9095 -19.8614 0.206425022708
25.0755 -19.9841 0.55871226942
25.0643 -20.5427 0.209191897549
25.2728 -20.5257 0.291396036349
25.5566 -20.4596 1.01456246727
26.4462 -20.9474 0.427195891834
26.811 -20.7251 0.249261709855
27.0146 -20.5813 0.173836503646
27.1478 -20.4696 1.51640968409
28.499 -21.1579 1.57139067708
30.0695 -21.2108 0.998648947328
31.0259 -21.4982 3.46101100981
31.9495 -24.8337 1.90454011509
33.8322 -25.1213 2.53342466239
36.3628 -25.2409 11.9009083754
47.6824 -28.9149 0.479068366729
47.2035 -28.9022 1.9485796109
46.634 -27.0387 1.23344905043
46.623 -25.8053 0.396331691895
46.5446 -25.4168 1.12189451376
46.4327 -24.3005 6.32406444148
37.2185 -7.5065 1.05178330943
37.4662 -6.4843 0.284418582375
37.5994 -6.7356 1.16558353197
36.5115 -7.154 1.17664528215
37.6851 -7.2386 0.157891766726
37.7101 -7.3945 10.471409568
27.4956 -9.6998 0.376941122723
27.7966 -9.9267 0.195580162593
27.9748 -10.0073 3.32799783203
25.8374 -12.5582 1.15327184133
26.9029 -12.9995 1.08453079717
25.835 -12.8103 12.3818462375
13.4579 -12.4675 0.491236898044
13.1334 -12.8363 0.95579203805
12.1945 -13.0152 2.00791685336
10.2448 -13.4952 5.47775531856
4.9821 -11.9754 1.65161719536
3.3565 -12.2674 2.15508408421
1.2135 -12.0395 1.3404786757
-0.1103 -12.2503 4.79552731824
-4.8468 -11.5002 1.59830691984
-5.4803 -12.9676 0.964079602523
-6.3225 -12.4984 1.81188163245
-6.9088 -14.2128 0.485294137611
-7.3856 -14.1224 12.0397480638
-8.4568 -2.1304 2.67611475464
-10.9775 -3.0291 2.25020863477
-12.9372 -1.9232 4.57752482571
-17.436 -2.7685 0.497605637026
-17.8916 -2.5684 2.46555539585
-20.3466 -2.3405 0.670680795908
-26.6427 11.1292 1.95259864027
-25.6626 12.818 1.00100671826
-24.9704 12.0949 0.795727874339
-24.7442 11.332 0.141909900994
-24.7161 11.1929 1.84480225499
-22.8721 11.1385 2.29301766456
-20.942 12.3765 0.559250972283
-20.5469 11.9807 0.333661205417
-20.2135 11.9675 0.944590795001
-19.4396 11.4259 17.0506708009
-3.1316 6.4485 1.09693059033
-2.157 6.9519 31.2357550541
21.1162 27.7853 16.5475994576
37.3453 31.0163 0.958739693556
37.8917 30.2285 6.5762100225
42.1548 20.7739 7.57027907147
45.3969 13.933 0.908866684393
44.5561 13.5879 1.1478246948
45.0509 12.5522 0.279185135707
45.2224 12.7725 1.11801238812
44.1551 13.1054 18.8166805218
26.2832 18.9929 0.0568352003603
26.3032 18.9397 3.70368883817
23.8222 21.6896 1.44275988993
22.6093 22.4709 2.56132172911
20.9943 24.4589 2.00840878558
19.474 25.7713 5.79021924455
14.6119 28.9156 5.34205915729
9.4819 30.4058 5.81345416856
3.6923 29.8797 2.93510698272
1.4815 27.9491 1.96141585596
-0.4365 27.5387 1.73184367077
-2.1084 27.9904 0.876173047976
-1.9779 27.124 2.90556022997
-4.8472 26.6664 1.0076923985
-5.6971 26.125 0.828210124304
-5.2836 25.4074 1.0445577916
-5.6899 26.3697 0.97995049875
-5.3462 25.452 12.7952376316
-4.5721 12.6802 0.657561753754
-5.2076 12.5113 2.77080084633
-6.7933 10.2391 14.4279920519
-12.5681 -2.9828 1.68015532913
-14.2189 -2.6701 1.04395318382
-15.2406 -2.8845 1.5077732754
-16.7422 -3.0208 2.76051088388
-17.6369 -0.4093 2.63168431427
-20.2622 -0.5925 4.27507202279
-24.5106 -1.0693 5.0749451199
-29.5855 -1.0907 4.94904647382
0.0 0.0 7.538278781
-0.9137 -7.4827 10.3921675121
1.7807 -17.5195 1.24102142608
2.666 -18.3892 1.0311263938
2.267 -17.4384 0.717973070526
2.9208 -17.7351 0.117858601723
2.9876 -17.8322 1.46015166678
1.5411 -17.633 0.663602569314
1.922 -18.1764 9.67272861193
-7.5858 -19.955 2.72671278282
-4.9906 -20.7916 0.969165259386
-4.9305 -19.8243 13.4174431931
3.9873 -9.7993 4.41648823841
8.3423 -9.0649 0.257390054198
8.1431 -8.9019 0.572276331854
8.6453 -9.1763 2.55004421922
11.1279 -8.5937 3.47508883915
13.0517 -5.6997 2.01489487567
14.7911 -4.6827 0.992194184623
15.6538 -4.1926 3.81501689642
19.4402 -4.659 2.69532970339
21.1767 -2.5976 0.91623129176
22.092 -2.6389 0.16450878396
22.2565 -2.6372 0.438478209265
22.6948 -2.6247 0.390588389484
23.0396 -2.4412 3.68682982113
26.6618 -1.7539 2.45629622196
29.0605 -1.2251 1.06777809024
29.9912 -0.7017 2.06792728354
32.027 -0.3386 0.64042193123
32.6403 -0.1542 1.31068276101
33.947 -0.2563 1.40061484356
34.4715 1.0424 0.544176965701
34.6911 0.5445 0.265241210976
34.792 0.2992 0.472155917044
34.7185 -0.1672 1.66148642185
35.5513 1.2705 0.216238872546
35.4947 1.4792 0.395349870368
35.2333 1.1826 0.954810777065
35.3544 0.2355 1.25898299035
36.5128 0.7286 0.0870333269501
36.5526 0.6512 0.319416170536
36.8264 0.4867 1.26504516915
35.9082 1.3569 8.34602772881
33.4229 9.3243 0.748646679015
33.0398 9.9675 1.51840001317
43.3598 9.2653 12.7956809002
30.5677 8.9626 1.42042162755
29.3929 9.761 14.2412973742
17.845 18.0953 4.58446387269
14.3012 21.0037 5.42515220155
13.7591 26.4017 4.50804857671
9.8105 28.5768 2.92978192363
7.1601 29.8254 4.73172922725
2.5473 30.8796 2.95739510042
-0.2784 31.7523 4.56049131125
-3.4624 28.4873 2.72085508802
-5.1464 26.3502 2.85766275477
-7.2565 24.4231 2.00982482819
-8.8165 23.1559 11.5086862956
-14.352 13.0659 0.642574703828
-14.2255 13.6959 1.98008837177
-16.1891 13.4409 1.41901101123
-15.9576 12.0409 13.7275698957
-18.8786 -1.3723 1.91269164269
-20.791 -1.4057 2.9291311903
-21.8083 1.3411 1.02956599109
-22.8066 1.0893 2.57538939386
-25.3748 0.897 5.05607550774
-30.1303 2.6143 2.08606129344
-32.1787 2.2197 1.15058358236
-32.749 1.2204 0.305159646742
-36.3454 -7.6186 2.25350155314
-34.094 -7.5213 0.944427551483
-33.4726 -8.2325 0.900731991216
-32.736 -8.7509 1.39672829856
-32.4423 -7.3854 0.840575237561
-32.127 -8.1646 25.3448704382
-19.4338 -30.1019 0.197559839036
-19.588 -30.2254 0.835534655176
-18.7526 -30.2404 2.55972844067
-16.2966 -30.9617 3.09513134616
-13.5072 -32.303 0.664555829107
-12.8761 -32.5112 0.536542784874
-12.3407 -32.5462 0.71763994454
-11.6672 -32.794 2.00674635418
-10.0439 -31.6142 0.596694377383
-9.5262 -31.3175 1.2258558806
-8.3012 -31.2717 2.44961585968
-5.8627 -31.0386 1.28013851204
-7.0322 -30.518 9.97428347552
-16.3244 -26.8929 0.381827736028
-16.7015 -26.9528 0.506352940151
-16.2986 -27.2595 7.14857137756
-18.6793 -34.0 7.77230136124
-19.4727 -26.2683 0.369948104469
-19.2471 -26.5615 0.164613395567
-19.0825 -26.5636 2.30793575517
-18.1037 -28.6537 5.47568362947
-14.3182 -32.6101 0.355926298551
-13.9669 -32.5529 0.299976432408
-13.6688 -32.5194 1.62535537345
-12.3853 -31.5222 0.586040382568
-11.8315 -31.7139 0.389169294781
-11.4558 -31.8154 0.943832659956
-10.7811 -32.4754 0.662757391509
-10.1251 -32.381 0.38400354165
-9.7415 -32.3634 2.00451676221
-7.7679 -32.7141 4.60382211755
-3.1819 -33.1188 3.7600863022
0.5779 -33.0724 0.674536025724
1.1617 -32.7345 0.471115707656
1.4318 -32.3485 0.358472886004
1.6403 -32.0569 0.512855934937
1.9339 -31.6364 8.55960099304
8.3735 -25.9974 9.90034768935
11.0864 -16.476 1.03791701499
11.6046 -17.3753 0.733748635433
11.5855 -16.6418 0.429361956862
11.8342 -16.9918 0.744451180401
12.4322 -17.4352 3.86970008269
16.3019 -17.4344 2.26731363733
18.5691 -17.4571 1.55327592526
20.0884 -17.134 4.41855075902
24.5068 -17.0975 1.92429239462
26.4119 -16.8264 3.40039513145
29.812 -16.8712 2.16727958972
31.9791 -16.8991 2.52725228262
34.4962 -16.6728 0.915928949209
34.7892 -15.805 0.567863222968
34.3984 -15.393 1.90476720362
34.1093 -13.5103 0.950605538591
35.0185 -13.2328 0.260350244863
35.032 -12.9728 0.19386575252
35.0523 -12.78 0.373380730622
34.7689 -12.5369 0.761562459684
34.0886 -12.8792 0.582583049874
34.306 -12.3387 0.673953447947
34.4375 -11.6777 1.36593488132
34.6044 -10.322 1.09426966512
33.6201 -10.8001 1.09178626571
0.0 0.0 1.97657708678
1.9527 -0.3063 0.660686650387
1.301 -0.1977 1.84766157345
-0.143 0.955 4.95033334736
-5.0894 1.1523 0.372146772121
-4.7755 0.9524 1.54442736637
-6.165 0.2782 5.15102720338
-4.862 -4.7053 1.85090009725
-6.7129 -4.7047 1.60358002295
-8.0964 -3.8939 1.43085318604
-8.0236 -5.3229 6.75045482616
-13.3286 -9.4973 0.975143399711
-14.3037 -9.5065 1.33610837884
-14.5369 -10.8221 1.0107703201
-13.7077 -10.2441 1.24150040274
-14.5124 -9.2987 1.58123043229
-16.0566 -9.6389 2.28872215876
-17.7402 -11.1893 1.80031655272
-18.4097 -12.8605 2.81162803372
-26.5712 -20.349 2.00936018175
-24.5909 -20.0085 0.957516057307
-25.1849 -19.2575 6.12078680073
-23.9794 -13.2566 15.6540915354
-16.194 0.3242 0.0564428914922
-16.2378 0.3598 0.576261581229
-15.6708 0.4627 3.50225049076
-12.1693 0.3902 13.0713883735
0.4531 -3.0063 0.531159345206
-0.0318 -3.2231 10.5735540524
-9.0895 2.232 2.16091249707
-6.9856 2.7251 2.87516436052
-4.1139 2.584 0.424511542835
-3.6896 2.5706 0.547491525049
-3.1452 2.5125 1.53751254954
-1.6192 2.3247 0.275823077352
-1.5131 2.5793 1.36934285334
-1.2428 1.2369 13.0852803245
-2.0574 -11.823 8.84094992012
-0.4344 -20.5137 7.39668523056
0.147 -13.1399 1.09984530276
-0.1867 -12.0919 1.14217498222
-0.7627 -13.0782 8.68304035808
-2.5096 -21.5837 4.34494584546
0.592 -24.6265 4.1304957487
2.1267 -28.4613 0.633207991106
2.6437 -28.8269 3.0525293938
4.3236 -31.3756 2.15837522688
6.4645 -31.6497 6.30538122717
12.7694 -31.7276 1.05565866169
13.7319 -32.1612 2.56942643016
16.2866 -32.4359 1.76616759397
17.9572 -33.009 1.50094003878
19.4368 -33.2612 0.835340559293
20.2696 -33.1961 0.805801216182
21.0754 -33.1975 0.766519047382
21.8413 -33.2283 1.12455023009
22.9642 -33.1674 0.546334055318
23.5105 -33.1613 1.66149269032
25.1691 -33.0633 0.894785365325
26.061 -33.1351 0.731424534727
26.7909 -33.0879 0.881428868372
27.6687 -33.1678 2.0685629142
29.727 -32.962 2.08316774409
31.7813 -32.6164 3.56591333882
35.3326 -32.2939 2.69001288659
38.0063 -31.9981 8.64265279298
34.8206 -23.964 0.270045959051
34.8617 -24.2309 9.35232479173
39.9868 -32.0539 4.15384195775
40.4953 -27.9313 3.6469181647
40.2536 -24.2924 0.543796027937
40.2682 -23.7488 1.69969417543
39.9932 -22.0715 0.42600744125
39.8957 -21.6568 0.242447788194
39.9584 -21.4226 1.01409420174
40.2072 -20.4395 0.378134909787
40.1971 -20.0615 3.88984772196
42.8215 -9.3869 0.821500608643
43.643 -9.3879 0.780365478478
24.8634 -10.4496 23.0721351004
7.4106 -25.5401 0.703256496593
7.7693 -24.9352 14.0722410799
18.7183 -16.0951 0.226300618647
18.9404 -16.1385 0.954645159208
19.4861 -15.3552 1.37102443815
18.5212 -16.3292 17.1132641825
5.0559 -26.8909 0.574846101144
5.3911 -26.4239 12.1705584313
14.8233 -18.7326 7.93945160827
8.5405 -23.5866 4.98415383591
12.9216 -21.2101 1.45754133046
14.2608 -20.6348 2.76958938653
16.9837 -20.1284 0.248863838273
17.0301 -20.3729 0.7666853918
16.6346 -19.7161 2.03276683611
14.992 -20.9136 0.916721680773
15.3378 -21.7626 5.34450093928
20.5588 -20.6203 0.446859351474
21.0026 -20.5681 2.29037440607
23.234 -20.0517 0.700906848304
23.888 -20.3038 1.5659988825
22.6271 -19.3751 0.739177948805
22.3373 -20.0551 0.941545293653
22.9408 -20.7778 0.454297006374
23.3489 -20.5782 8.51815589961
30.0761 -25.8035 0.894361291649
30.7557 -26.3849 0.70010950572
31.1253 -26.9795 0.367632765134
31.04 -27.3371 3.47776813488
34.1788 -28.8347 1.20125301248
35.3572 -28.6015 1.36574036332
36.7229 -28.612 2.1251644454
38.8395 -28.4214 1.85421773263
39.9861 -26.9642 1.96755305901
40.0863 -24.9992 0.980571919851
39.9838 -24.024 0.382613394956
40.0189 -23.643 0.178423569071
40.016 -23.4646 5.10929194801
39.6146 -18.3711 10.6372858498
43.5175 9.577 12.4679235292
31.0742 10.3602 1.38159518311
31.8585 11.4976 10.1383617148
36.5386 20.4911 3.82963184131
35.8106 24.2509 15.5111883555
20.322 25.0877 4.64849366139
16.0816 26.9923 2.67353452381
13.7003 28.2077 6.1347624738
7.6722 29.3467 5.86603173875
2.0922 27.5373 5.74793914808
-1.918 23.4194 13.2360203811
-1.1013 10.2086 0.229194284396
-0.8804 10.2697 0.912150623527
-1.3878 11.0277 9.09436471943
-5.5572 19.11 2.08029363552
-4.9253 17.128 0.296839367335
-5.2148 17.1936 2.85330336628
-7.3921 19.0377 2.04423514548
-8.7299 20.5834 3.59710590892
-12.0635 19.232 1.98286098857
-11.3164 20.4806 0.853881314938
-10.6073 20.0049 1.43377797793
-11.9593 20.4822 7.07708714444
-12.1579 13.4079 1.10698132324
-11.6256 12.4373 0.104317304413
-11.6237 12.333 0.638337747591
-11.1159 11.9462 1.2159523387
-9.9031 12.0337 11.2963138103
0.967 8.96 0.541660133294
1.4919 8.8263 0.595612499869
1.9262 8.4187 3.02561893999
3.5716 5.8796 1.73062403774
4.6532 7.2306 0.435536140865
5.0379 7.0264 2.79306477189
7.5988 8.1413 1.25473205108
8.2954 9.1849 0.266934767312
8.0338 9.238 0.231000541125
8.2183 9.099 0.701749029212
8.9196 9.1241 0.679940004706
9.2117 9.7381 0.291719745646
9.3746 9.9801 0.856954753765
10.2182 9.8294 0.927841759138
10.937 10.4161 0.615889316355
11.4352 10.054 3.47669384617
14.0039 7.7111 2.48418305485
16.1651 6.4862 0.885407747877
17.0499 6.519 2.77539689594
19.5951 5.4123 0.726302037723
20.3119 5.5294 2.33886308492
22.6417 5.3237 0.681330353059
23.2865 5.1036 0.500941214116
23.7786 5.0099 1.82524558622
25.5897 4.7831 2.81697200909
28.1946 3.7108 0.236359746996
28.3249 3.5136 0.169346981077
28.4153 3.3704 0.24172391276
28.1946 3.2718 0.269719335606
27.9722 3.1192 0.476639119251
27.9073 2.647 2.97290647011
30.7155 3.6228 0.707262136693
30.0213 3.7581 2.0618938188
28.2757 2.6607 0.49157562999
28.1585 2.1833 0.374356113881
28.0534 1.824 0.261382574017
27.9791 1.5734 0.685641786941
27.677 0.9579 0.688457064747
27.3563 1.5671 0.53614741443
26.911 1.8657 0.647328942656
27.3634 2.3287 0.59294324349
27.1389 2.8775 0.331682559083
27.1463 3.2091 0.893844695683
27.0816 4.1006 0.8373100083
27.9312 8.3646 0.549608742652
28.4176 8.6205 1.01510963447
29.3682 8.2644 1.34478034266
28.1463 8.826 13.4215392996
17.1174 16.4746 1.04336716931
16.2477 15.8982 12.4690040184
7.2512 7.2646 1.09297464289
6.5506 6.4257 3.31150953041
3.5707 7.8701 3.57047829009
0.3008 6.4362 3.13870257591
-2.6267 7.5681 2.38907756258
-4.8841 6.7859 1.55297291992
-6.3249 7.3654 4.58010089518
-10.8999 7.1493 4.96535935658
-15.8094 6.4066 1.69869167597
-17.4884 6.6645 0.594367916362
-17.2895 6.1044 3.46447155133
-20.7303 5.7001 3.40738542727
-23.9219 6.8934 2.57587419724
-26.3927 6.1652 2.33881645496
-28.6923 6.5917 0.476715596556
-29.1647 6.6557 1.71930503693
-30.8457 6.2948 1.40159712471
-32.169 5.8329 1.73470930418
-34.9713 4.4987 6.29490777454
-39.2863 -0.0846 1.00041793766
-38.6616 0.6968 0.716468073259
-38.7475 -0.0145 0.145076979566
-38.8233 -0.1382 20.4936074455
-36.0 20.16 9.66390828444
-28.9322 26.7507 1.09999511363
-27.8327 26.7837 15.1360089984
-12.8453 28.8995 0.0727615970138
-12.8801 28.8356 0.127010235808
-12.7727 28.9034 0.421436175476
-12.3529 28.8663 0.381653468476
-11.9728 28.9007 0.415984819435
-11.5652 28.9838 0.353852582299
-11.2785 29.1912 2.721305863
-7.8437 28.9279 0.639359820445
-8.4514 28.7292 8.4038697146
-13.1947 21.7919 0.687046031937
-12.5707 21.5044 0.501497726814
0.0 0.0 1.97054275011
1.9687 -0.0852 0.168194916689
1.8995 -0.2385 2.21910782523
0.103 -1.5412 2.57377903092
-1.8395 0.1473 0.776810974433
-2.5155 0.53 1.0917934649
-2.9636 1.5256 2.00160675708
-9.6185 16.0325 1.26226251232
-10.0812 14.8581 0.0464090508414
-10.0768 14.8119 1.06471961098
-10.2196 15.867 0.733879295252
-9.9727 16.5581 0.753832667109
-10.459 15.9821 1.18357009087
-10.036 14.8767 15.3183724987
-24.8884 18.6262 2.34449413094
-23.0177 20.0394 0.98135372318
-23.8149 20.6117 3.14749995075
-23.4714 23.7404 11.8630074517
-17.5156 34.0 6.9249915018
-19.3453 27.3211 2.51495407513
-17.8703 29.3581 2.22059949113
-16.221 30.845 2.30873780452
-14.0235 31.553 1.36770709218
-12.839 30.8692 2.62025063305
-10.4287 29.8415 9.16581426879
-2.2423 25.719 0.838435984438
-1.7514 25.0393 1.42105725782
-2.9752 25.7616 0.562888274882
-2.4432 25.9455 0.770220078938
-2.0688 25.2724 0.316461214053
-2.2505 25.5315 7.21693315543
-8.6914 28.7871 0.390982416484
-8.3089 28.7061 7.47996947721
-1.4976 25.6148 3.22127348265
-0.5867 28.7046 0.172638726826
-0.4214 28.7544 1.62139393424
1.1921 28.5946 1.28465918048
2.1801 27.7735 0.413182296329
2.522 28.0055 0.586224811826
2.4972 28.5912 1.50827261462
3.821 27.8684 0.739460397858
4.4668 28.2286 3.73656155442
8.0228 29.3761 2.23340212456
8.6656 31.515 0.684642271555
8.0004 31.353 0.693438252478
8.671 31.1765 0.2509152048
8.8998 31.0735 1.37402324944
9.3908 29.7902 0.720064365179
10.0578 30.0615 0.337300948709
10.375 30.1762 2.73512175415
13.106 30.3263 1.34511912484
14.3775 29.8874 0.648350908074
14.1774 30.5041 4.54568336887
18.5354 31.7968 1.48044720946
19.8549 32.4681 0.374222019662
20.1355 32.7157 1.00334186098
20.874 33.3949 0.200783266235
20.8616 33.5953 1.10032557455
21.9615 33.6259 0.976783804125
22.9359 33.5577 0.684539027375
23.5117 33.1875 1.96239043261
25.4406 32.8265 0.620682632269
26.0573 32.7563 0.929607255781
26.9804 32.8661 4.88658932385
31.8505 32.465 4.05412434442
35.7007 31.1954 2.5775202521
38.1308 30.3362 2.84497925827
39.8035 28.0349 2.50158814556
40.577 25.6559 1.62944814278
40.1936 24.0722 1.19859080591
40.281 22.8768 0.989771044232
39.2914 22.8584 0.329363082327
39.1316 22.5704 3.97049077571
40.0576 18.7094 1.43366367744
40.6903 17.4229 0.367002738409
40.3333 17.508 0.827019739789
39.5075 17.4631 0.48866194859
39.8432 17.108 1.40919312019
39.3302 18.4205 0.709534389582
38.1444 6.1614 8.11534657301
30.333 8.3616 0.781995760858
32.1689 3.5246 0.100662008722
31.7685 3.0119 0.263777633623
29.1108 -4.5244 0.500953091616
29.3462 -4.9666 1.85381094236
29.6712 -6.7917 0.978754810972
30.6439 -6.683 0.46054424326
31.0699 -6.858 0.314038230157
31.29 -7.082 0.84208718076
31.8279 -7.7299 7.87918019213
37.2258 -13.4696 0.7610582435
37.7457 -14.0254 1.77554716074
38.9993 -15.2828 0.497947035336
38.5728 -15.5398 0.557131815642
39.1223 -15.6317 0.489924933025
39.4533 -15.2705 3.66052357047
42.7449 -16.872 1.2320913359
43.8658 -17.3835 1.04300184084
44.2336 -18.3595 3.19088016227
46.7647 -16.4165 0.890647545329
46.8371 -17.3042 1.16597245679
46.688 -16.1478 11.6167651095
45.9675 -4.5534 0.0
0.0 0.0 1.96948965217
1.9257 -0.413 0.154547727256
2.0285 -0.2976 4.35648194418
-0.0277 3.5431 1.53544466849
-1.5045 3.9634 3.20543204732
-4.2451 5.6259 8.50734524279
-8.8399 12.7857 1.40115432769
-10.1656 13.2393 5.9483462416
-14.4948 7.1364 0.606882072564
-13.9327 7.3652 9.08931518267
-16.9802 -1.198 0.490552219443
-16.494 -1.1328 25.8211160109
-32.4461 19.1714 0.425042703737
-32.84 19.3311 0.504624712039
-32.4257 19.043 2.81942706591
-33.129 16.3127 6.00527634168
-33.3475 10.3114 12.7714785189
-21.7965 15.7598 0.563218261423
-22.2849 16.0403 1.22505275397
-21.0794 16.2583 15.9084108084
-6.194 10.6456 4.1480947048
-2.0538 10.9014 6.05131943959
3.9932 10.6728 1.32578207862
5.1568 11.3082 2.14353005344
7.299 11.2327 0.608195511328
7.8987 11.334 1.32889760704
8.914 12.1914 0.84460348685
9.7196 12.4451 1.2835343704
10.9724 12.7243 29.4776324675
36.6339 27.2301 9.0090766286
45.5688 28.3838 3.71524210247
42.4603 13.0075 1.36027174123
43.6058 12.2739 0.33554744821
43.863 12.0584 1.53910436618
44.4089 8.4232 0.331957828647
44.3729 8.7532 1.42508885688
42.948 8.7764 13.3364557871
36.0 20.16 6.60332791856
29.4062 19.8054 0.644017468707
29.9547 20.1429 13.0181766469
18.3282 25.9993 3.97154464913
15.0093 28.1806 4.19460300148
10.8878 28.9603 4.76715152266
6.2536 30.0783 4.2395417158
2.4936 28.1197 2.15519888873
0.3944 27.6316 0.692128116753
0.6462 26.9869 12.0599269417
-0.6708 14.9991 1.79450455001
-2.4355 15.3248 2.53162054226
-4.5906 16.6532 1.49698380085
-6.0843 16.5541 3.01927710719
-9.0963 16.3446 0.589268902964
-9.0785 15.7556 1.42149088284
-9.2213 17.1699 0.845857156972
-8.537 16.6727 0.315602360574
-9.1713 15.7034 11.9629544595
2.2159 19.37 5.37868508095
-1.8715 15.8738 5.662036857
-7.3839 17.1669 0.444479887059
-7.5353 17.5848 1.33372915166
-8.1537 18.7665 3.37646158722
-9.2256 21.9683 2.98064564818
-10.9104 24.4271 2.11087950627
-12.6477 23.2281 7.03163868881
-11.8145 16.246 2.26587553498
-12.5832 14.1145 0.9085016951
-13.263 14.7172 1.08367347942
-12.2165 14.4358 0.613629146961
-12.7353 14.7635 20.7257806948
-18.5109 31.7568 3.77280704648
-14.7799 31.1967 0.495847083283
-14.2911 31.28 0.943131433046
-13.3682 31.4743 0.849752163869
-12.5187 31.495 1.34727530223
-11.1722 31.4493 0.939547832737
-10.2924 31.779 2.3647954013
-7.9309 31.6542 4.01168731708
-3.9321 31.3329 4.63807870783
0.3148 29.4686 10.7884824633
10.3783 25.5805 0.89974680883
11.2647 25.4261 1.44329540982
12.6889 25.1921 7.21186687758
11.0024 18.1802 0.456337429979
11.4471 18.2826 2.08962201606
13.532 18.423 0.774642240005
14.2202 18.0674 0.349960354898
14.5502 17.9509 1.88204361533
16.4311 17.8853 2.01425932789
18.4419 17.7673 1.62469438665
20.0658 17.7165 0.455359572206
20.4761 17.914 1.04822845792
21.4902 18.1793 9.44762464644
26.5017 26.1882 0.688104098229
27.1671 26.3635 2.72065993832
29.887 26.4278 3.54959242872
32.7791 28.4858 3.86483997728
36.3673 29.9217 0.911950897801
37.2785 29.8847 3.21294800767
40.4894 29.9994 4.73101513103
45.1055 28.963 3.73579798704
46.2647 25.4116 0.808416557228
45.9765 24.6563 2.23426969053
45.2057 22.5592 3.22101822721
48.3696 21.9553 1.16238300487
47.838 20.9216 0.458667472141
48.2019 20.6424 0.821133716273
48.9656 20.9441 0.421130917887
48.6225 20.6999 5.81410583065
47.2819 8.0234 0.629090430701
47.7353 7.5873 1.18769491874
47.0334 8.5454 25.5643239748
23.8104 19.2331 1.69571118413
22.7275 20.538 4.47882415484
18.6245 22.3339 3.09786631409
15.9506 23.8982 4.79433408306
11.9713 26.5723 4.69133850409
7.5149 28.0383 0.993512038176
7.692 27.0607 13.1737117643
8.5034 13.912 18.1817823906
-0.6889 -1.7749 1.28580055996
-1.9747 -1.7737 2.20333775214
-4.1493 -2.1284 2.11959936073
-6.2661 -2.0195 4.23288978949
-10.3875 -2.9846 4.22905095737
-14.5335 -2.1506 3.54848520076
-17.4236 -0.0917 1.10276609034
-17.3729 -1.1933 0.983012558414
-17.4309 -0.212 0.332443032714
-17.6315 0.0531 1.40650813009
-16.2279 -0.0373 0.545360660481
-16.64 0.3199 1.35854188011
-17.267 -0.8853 5.5530839882
-22.6657 -2.1856 1.13907559451
-22.6457 -3.3245 0.259414513858
-22.5152 -3.1003 11.0385711689
-22.8721 7.9325 1.95093298706
-24.6145 8.8101 2.80861055506
-27.1555 10.0066 3.04867946823
-30.0684 10.9063 2.0168494862
-31.6257 9.6247 1.07576950133
-30.9248 10.4408 1.87377373234
-32.748 10.8732 0.914841111888
-33.5755 11.2633 1.11839086638
-34.6057 10.828 3.07168006798
-34.8867 13.8868 0.497416083375
-34.4993 14.1988 5.44257025311
-35.5063 19.5474 0.184894807931
-35.3598 19.4346 3.33112406854
-37.2382 22.1856 0.24868236769
-37.2446 22.4342 10.1434155377
-44.764 29.2421 0.275610177606
-45.0196 29.3452 1.38492356829
-43.7691 28.75 7.03848478154
-36.801 29.7429 3.02554700674
-39.8175 29.5091 7.30874684744
-47.1047 30.0699 0.646951968851
-47.7481 30.0022 0.405249577421
-47.456 30.2831 1.30916464969
-46.4998 29.3889 17.1379482801
-34.6808 16.9784 3.64927507596
-31.9765 19.4287 0.112058020686
-31.8903 19.5003 4.19476595056
-32.5326 23.6456 0.308874505261
-32.2687 23.8061 5.81530654738
-36.7607 27.4993 5.07737555042
-40.4041 27.1663 4.78389919731
-37.4474 23.4055 0.220396823934
-37.4124 23.1879 7.36326229059
-31.704 18.5369 1.0710230483
-32.7746 18.5068 0.923858192582
-31.8746 18.7154 19.2508667743
-15.2296 28.387 2.66448338708
-12.572 28.1956 1.35715997583
-11.2188 28.092 0.598713854859
-10.6206 28.1168 2.78574034145
-7.8436 27.8963 4.23298384122
-3.6574 28.5239 3.47915273594
-0.2148 29.0269 0.796341616393
0.4711 29.4315 0.572763074927
0.6488 29.976 5.02585179746
4.9586 32.5615 2.31981704667
7.0989 33.4563 0.566904295274
7.6637 33.5051 0.210611728069
7.8714 33.54 0.466285620623
8.3366 33.5082 2.07050073412
10.3914 33.2537 0.601219577193
10.9861 33.1654 0.274234224706
11.2536 33.105 0.730021766799
11.9629 32.9323 2.50977812764
14.0809 31.5858 1.08897698782
14.4481 30.5606 3.0755136823
15.5285 33.4401 0.53985058118
16.0576 33.3329 0.177422800113
16.2034 33.2318 0.56107009366
16.7468 33.0921 0.551372759574
17.2962 33.0455 1.88985853968
18.9353 32.1048 0.358501394697
19.2227 31.8905 2.44383752324
21.5937 31.2983 0.778145005767
22.2435 31.7264 0.500782128275
22.7428 31.7649 0.779546355261
23.5214 31.8033 0.264889505266
23.6413 32.0395 0.567530104928
24.1174 32.3484 3.23986004945
27.3569 32.3001 1.42597425643
27.4592 30.8778 8.44429616013
29.5522 22.697 7.11870561268
30.3198 15.6198 11.6305010782
30.4475 3.99 0.288506256431
30.4494 4.2785 0.328818627818
30.6507 4.5385 0.458955509826
30.1927 4.5089 1.46899157588
31.3447 5.4204 0.171341355195
31.2628 5.2699 0.173974078529
31.2781 5.0966 0.421485847924
31.0987 5.478 6.38787348967
37.1553 3.4476 0.522581295111
43.5337 -9.3872 11.959764657
31.5988 -10.158 12.8871334943
19.8475 -15.4481 2.89106033144
18.5585 -18.0359 0.962577176127
17.5966 -18.072 5.83703811535
11.833 -17.149 4.23619116306
7.6064 -16.8641 7.97390559074
8.9645 -9.0067 19.4768072263
0.4022 8.4871 2.14150903103
-1.7351 8.6213 2.73601284354
-4.4413 9.0241 6.29773980488
-8.429 4.1497 1.76589191628
-10.1935 4.2198 1.53018470127
-11.2904 3.1529 3.59986411549
-14.7713 4.0707 2.68100004662
-17.3452 3.3205 1.36637321402
-17.8302 4.5979 3.42684853619
-20.8669 3.0099 8.79656312204
-21.2639 -5.7777 1.62500208
-22.8889 -5.7803 1.41922593339
-24.2233 -5.297 1.06345687266
-25.2129 -4.9076 4.22131145143
-27.2278 -1.1982 1.85378594503
-29.0681 -1.4214 0.614300805795
-28.4543 -1.4462 0.738463817665
-29.1827 -1.5677 1.19906665786
-30.2109 -2.1846 1.87225993121
-32.0528 -2.5204 0.777247579604
-32.83 -2.529 1.05048012832
-33.8757 -2.4289 1.18961321866
-32.7176 -2.7009 5.21506484332
-34.6182 -7.5573 2.89532894332
-39.9833 -4.0542 3.1075455588
-39.8527 -0.9494 1.49148466301
-39.7106 0.5353 5.83314323671
-35.7887 4.8532 4.04842402053
-39.3599 2.9463 0.355163694654
-39.1481 3.2314 0.290142103115
-39.2441 3.5052 0.613004216951
-39.003 2.9416 0.169776706294
-38.8832 3.0619 7.76683635272
-37.017 -4.4774 6.00741590037
-33.1752 0.141 1.27593918742
-31.9936 -0.3405 21.8119920175
-19.2932 -18.0736 0.746555617486
-19.598 -18.7551 0.885503929974
-19.2841 -17.9271 2.50651200875
-16.8023 -18.2782 13.0954857695
-9.0478 -7.7255 0.609547126972
-8.5101 -8.0126 11.8384217973
-12.9525 -18.9859 3.40929323028
-9.8393 -17.5962 1.61815896005
-9.0784 -19.0243 0.923548861728
-8.5319 -18.2798 12.2631701024
-1.9759 -7.9162 0.454472980495
-1.5571 -8.0927 4.36774359366
2.2048 -5.8734 4.02190944329
6.2127 -5.538 4.14796960934
10.3569 -5.7148 4.92823733702
15.2355 -5.0171 2.27617268677
17.2234 -3.9084 3.16327701601
20.2102 -4.9502 0.691783672834
20.7166 -4.4789 0.599994374974
21.316 -4.5056 0.297498907561
21.6032 -4.428 0.660127639173
22.2507 -4.5565 0.791672785941
23.0413 -4.5153 0.592006663814
23.6271 -4.4298 0.399010501115
23.9868 -4.2571 0.605943338935
24.5601 -4.0609 0.442921573193
24.7237 -3.6493 1.64340623097
26.2485 -3.0363 2.00411467237
28.2454 -2.8664 1.89168991381
30.1327 -2.7376 0.215477168164
30.3067 -2.6105 3.05875618185
33.3624 -2.4738 1.23616761404
0.0 0.0 1.99156812839
1.8844 0.6445 0.0242216844996
1.9081 0.6395 2.50303369933
-0.2938 1.8298 1.02158543451
-1.2886 1.5974 2.00099273862
-3.2199 1.0739 2.31900244502
-4.0902 3.2234 9.23321172291
-8.1426 11.5198 2.97667724989
-10.5397 13.2846 1.25170426619
-11.4646 14.128 0.957781478209
-11.594 13.179 1.82216774475
-11.9017 14.975 1.89958164342
-12.8466 13.3271 0.980955880761
-12.4904 14.2411 0.902365031459
-12.1155 13.4203 1.74518044912
-13.4689 12.3185 5.48979149513
-8.6354 9.7156 0.898190280509
-9.4517 9.3409 12.3269737085
-11.8017 -2.76 0.837572355083
-12.1061 -1.9797 6.33056965604
-17.959 0.4327 1.04163953938
-18.9812 0.2324 3.20207864051
-22.1811 0.3505 1.33529609076
-23.5134 0.2611 6.09896983187
-29.4733 1.5561 3.01165496862
0.0 0.0 7.53678214956
-2.8049 -6.9954 0.312391181053
-3.0033 -6.7541 11.2260030469
-12.0462 -0.1021 1.20391655026
-11.2371 0.7894 12.6099227995
-3.9341 11.0693 0.758465430985
-3.2371 11.3684 18.9518720556
9.0289 25.8155 0.604380691287
9.053 26.4194 1.35669046212
7.7056 26.5779 11.586220568
-3.8132 27.826 3.57696802474
-0.7625 29.6936 4.70986091621
3.6948 31.2152 10.5809990313
11.4019 23.9655 0.564782657312
11.7982 23.5631 0.715665962583
11.3438 23.0102 0.936224059721
12.122 22.4897 0.981439351157
12.7208 21.7121 0.526346397347
12.8975 21.2163 1.59906331644
14.4565 21.572 1.96836972645
12.7962 22.6293 0.718593696048
13.5135 22.5862 13.7846429424
24.4083 31.0313 1.03287873441
25.4365 31.1295 5.52831813303
30.6712 32.9072 4.89058557332
35.5351 33.4174 1.46289569348
36.6817 32.5089 1.74128472686
38.1856 31.6312 1.26784646547
39.1051 30.7583 0.88272136034
39.4879 29.9629 2.08154135198
39.9587 27.9353 4.83453986745
44.781 27.5915 1.16260984427
45.3088 26.5556 0.69981558285
45.1451 25.8752 0.709022573689
44.8925 25.2127 1.7134088508
44.9483 23.5002 0.359334454234
44.9949 23.1439 0.263600075873
45.0239 22.8819 0.49209390364
44.8794 22.4115 0.870197874049
44.9697 23.277 1.05372972816
44.7544 22.2455 7.61845267558
42.2878 15.0374 0.944539914456
42.7611 15.8548 0.965904679562
43.4212 8.2821 13.0433255089
42.7244 -4.7426 0.888875789973
42.3908 -5.5665 0.908777607559
43.2765 -5.77 1.40355054059
42.3881 -4.6834 5.15138010634
39.6621 -0.3124 1.14573731719
38.6155 0.1538 0.188737383684
38.5081 0.309 1.26412094754
39.4077 -0.5791 0.140028604221
39.4017 -0.719 1.32971797386
38.3662 0.1152 17.027184276
27.0341 12.8238 0.949212052178
27.2445 13.7494 1.03704141672
26.8976 12.7721 18.8029542596
16.2584 -2.7314 0.621077136916
16.02 -2.1579 6.449049868
9.6408 -3.1045 7.0062983158
9.3368 3.8952 1.84942040921
7.5927 4.5104 1.92278583311
5.6737 4.631 3.36669293076
2.3117 4.8087 3.93343582762
-1.6129 4.5452 1.71308483444
-3.234 5.099 4.16033538191
-5.4572 8.6155 2.43479630565
-7.7676 7.8472 1.67488510054
-8.3343 9.4233 0.387882469313
-8.1638 9.0749 0.725682382313
-8.8842 9.1623 0.800316649833
-8.1449 8.8558 1.17921869897
-9.3174 8.9815 1.40199652282
-10.647 9.4262 0.206995458887
-10.8516 9.3948 0.170953356212
-10.8952 9.5601 1.32869850982
-10.975 8.2338 11.7406141858
-15.3761 -2.6507 0.557686515885
-14.8485 -2.8314 1.57854538104
-15.7419 -1.53 1.77633087571
-17.3362 -2.3133 2.18952297316
-19.3176 -3.245 2.96989932826
-22.2867 -3.3139 3.71968925181
-24.1664 -0.1041 4.82754636332
-28.9522 -0.7376 2.08064514995
-30.9832 -0.2858 5.00970629578
-35.6766 1.4661 0.791369509142
-36.1755 0.8518 1.38455766583
-37.4912 1.283 1.37861905181
0.0 0.0 3.97085265403
-3.9466 -0.4382 0.951346440578
-3.7843 -1.3756 0.986698028781
-3.0855 -0.679 21.342237613
0.9502 20.2782 0.668915547734
1.5078 20.6477 4.59980210226
4.4775 24.1604 1.06104311882
3.4214 24.0581 5.19618430004
-1.6028 25.3839 3.47304710737
1.4122 27.1078 0.774075203065
2.0241 26.6337 0.319023337704
1.7111 26.572 2.2868677312
3.8982 27.2401 0.598369200411
4.2499 26.756 0.996932545361
4.1722 27.7499 0.244700326931
3.9561 27.8647 1.16116441558
4.7303 26.9993 6.91727269088
10.3551 22.9731 0.34996166933
10.2552 22.6377 0.13272422537
10.1536 22.7231 7.18804479187
4.9728 27.7058 0.774472756138
4.9006 26.9347 1.03371855454
3.8968 27.1816 1.09245778408
4.9592 26.9271 0.55969293367
4.4019 26.8754 13.4491252429
16.2933 20.5926 2.18407192647
18.28 21.4999 2.36193840944
20.5891 21.0031 0.282708330263
20.8571 20.9131 0.135856541985
20.9645 20.8299 1.1226746323
22.0813 20.9446 7.94302428361
26.9414 27.2272 1.36891567308
28.3088 27.2916 1.34474940788
29.0392 28.4207 1.07478096373
28.0118 28.1051 1.19106477574
28.8499 28.9514 0.465090614827
29.2767 28.7666 2.06011574432
31.0889 27.7868 3.91227329311
34.3623 29.9294 2.95463448332
37.3025 29.6377 3.23573191102
39.8009 27.5815 2.00744613875
40.4249 25.6735 1.27629551829
39.1865 25.9822 0.511617239741
39.4173 25.5256 7.19737464636
38.5791 18.3772 1.60989836015
40.1483 18.7369 0.27457319607
40.0083 18.5007 1.14680052755
39.4696 19.5131 1.92986435275
39.1365 17.6122 1.31620659852
38.8773 6.3841 0.532760030408
38.6896 5.8855 1.40204780589
37.9002 7.0442 17.8500263835
22.686 16.3797 0.416674177266
22.2871 16.2593 15.6855446348
10.2978 6.1453 2.65878455314
7.6947 6.6866 2.04660894408
5.6531 6.5435 1.3274151762
4.3259 6.5196 2.70112990432
1.6385 6.2476 4.77897451029
-3.1399 6.1735 4.21647882124
-7.3457 6.4734 2.66781300132
-9.0643 4.4329 0.552430493365
-9.616 4.4045 4.01922833016
-13.6169 4.0211 0.242379578348
-13.5464 4.253 1.99462225998
-15.5228 3.984 5.13253169596
-20.5803 4.8584 2.23204966119
-22.504 3.7264 4.92904098177
-27.4262 3.986 1.84657252768
-29.1541 3.3347 2.73960579099
-31.8236 3.9505 0.948496331042
-31.0851 4.5457 1.00868074731
-31.4258 3.5963 1.90297105075
-32.4577 1.9974 0.494991919126
-32.9521 2.0216 1.96287725546
-34.9047 2.2222 1.31823030613
-33.588 2.1587 14.7830181797
-31.0089 16.715 0.73635676815
-31.5714 17.1902 4.5386838015
-34.4183 20.725 16.0632084345
-47.8458 29.5414 1.4491530285
-48.3405 28.1793 10.9743011486
-39.7402 21.3624 0.635380555258
-39.1141 21.2542 1.72294513552
-37.9828 19.9547 6.92715820882
-42.9341 15.1101 0.785645931702
-33.0492 34.0 9.0088691277
-27.5078 26.897 5.0505179873
-22.5173 26.1207 1.07311048825
-21.5189 26.5141 0.336521930935
-21.6215 26.1936 12.3282995721
-31.549 18.8839 0.183450701825
-31.63 18.7193 0.679384022479
-30.9648 18.5812 1.03742458521
-29.9609 18.3196 5.22165730396
-25.4939 21.0236 2.19019237968
-23.4724 21.8665 0.586110876883
-22.8864 21.8779 3.05382634903
-19.8568 21.494 2.98480112068
-16.873 21.4167 18.0319919745
-3.7014 9.1016 10.2498668099
-11.1755 2.0875 2.50766768333
-8.679 1.8511 0.969509798816
-9.6248 1.638 0.228727545346
-9.6971 1.421 1.49310126917
-9.5307 2.9048 5.3884528466
-9.4785 8.293 0.588826375089
-8.893 8.2305 12.6258547703
3.4128 5.4057 1.80129953089
3.5748 3.6117 2.51850038912
5.9109 2.6707 2.49547502492
8.3823 2.3249 3.48825208091
11.864 2.1112 0.735680752773
12.5996 2.1003 2.08675831135
14.446 3.0726 0.659642478923
15.1042 3.1162 0.91352383658
16.014 3.0338 0.414421874423
16.427 2.9995 0.226800440917
16.626 2.8907 1.01553029005
17.6404 2.9386 2.31173286735
19.7973 2.1068 1.06599906191
20.8147 1.7886 1.78737349203
21.8435 0.327 3.09179037129
24.9284 0.5333 0.85171418915
25.7749 0.6274 0.273512888179
26.0042 0.4783 0.295058129866
26.2923 0.4146 1.85482778715
28.0327 1.056 1.49568979738
29.5276 1.1046 0.920743226964
29.7479 0.2106 1.43919622707
31.1222 -0.2167 0.573322361329
31.3995 -0.7185 4.66201643605
27.2078 -2.7591 1.06420789792
30.95 -20.7415 0.636199284816
31.5857 -20.7667 0.45007773773
31.9698 -20.5321 1.09856799972
32.7984 -21.2534 0.787012846147
33.5335 -20.9723 0.533287399064
34.0251 -20.7656 0.307060010421
34.3199 -20.6797 0.107602276928
34.423 -20.6489 0.460324277005
34.3768 -20.1909 1.62482937258
35.9925 -20.3629 0.287944525907
36.2799 -20.3452 3.63382177328
38.8497 -22.9144 0.33690011873
39.166 -22.7984 2.72039364799
41.8732 -22.5308 6.2941156432
39.5859 -16.667 0.903900271048
39.3868 -15.7853 10.536681581
42.8413 -5.831 1.4080582978
44.1582 -6.3294 44.6095049468
0.0 0.0 5.60873678559
2.3367 -5.0988 0.211794452241
2.165 -5.2228 6.1799747459
-1.9781 -0.6373 0.513936416301
-2.4651 -0.8015 2.41024455191
-3.8597 1.1643 0.809863797191
-3.2133 1.6522 11.3850201177
-6.8641 12.436 1.86233984546
