0.0 0.0 7.26760847666
-2.4564 -6.8399 1.37153680592
-1.3753 -7.6839 1.3741305069
-0.9772 -6.3687 13.4055080803
-2.6692 6.9296 1.25046107496
-1.7809 7.8097 1.6668049016
-2.4392 6.2784 1.20517979157
-3.1869 7.2236 10.4353743263
-8.9316 15.9354 0.0394655546014
-8.8969 15.9166 1.10758119341
-9.4838 14.9773 1.95527338753
-9.9239 13.0722 1.61650208166
-10.5282 11.5729 0.101449938393
-10.4662 11.6532 0.433220832832
-10.0539 11.7862 0.276289123926
-9.7831 11.7314 1.10576719521
-8.8628 12.3444 1.76483128939
-7.0986 12.2972 2.5649189188
-4.5861 11.7813 0.879861545926
-3.7258 11.5968 0.286337999574
-3.4425 11.5552 0.658208667521
-4.1001 11.5269 11.1200334536
-8.8 21.6049 0.563756897962
-8.471 21.1471 2.66367098569
-6.1756 19.7957 0.755716673099
-5.5516 19.3694 1.30249467177
-4.8627 18.264 0.401240077759
-4.5039 18.0844 1.60082040529
-3.4528 16.877 1.75107805937
-2.5437 15.3804 9.39874501676
6.1946 11.9194 1.32973313488
7.5181 12.048 0.492909129556
8.011 12.051 1.70612733991
9.6965 12.3155 1.13475264706
10.8044 12.5609 1.91261132748
12.5316 13.3824 1.97410573678
14.3721 14.0963 1.55146839478
15.8214 14.65 0.461639783814
16.1987 14.916 0.519727284256
16.6993 15.0557 1.12359167405
16.6737 16.179 0.584194385457
16.1995 16.5202 0.0656622418137
15.3517 21.843 0.37621468605
15.0367 21.6373 0.883143317928
15.7191 22.1979 1.014511237
14.9807 21.5022 21.8353235023
-0.6967 6.3035 3.07771110568
-3.7046 5.6517 1.87994405502
-5.5599 5.3483 3.27572112671
-8.8048 4.9 3.32881638574
-23.2803 1.5694 7.17529163798
-17.345 -2.4626 0.784822304729
-16.5644 -2.5439 0.579163897355
-16.0405 -2.7908 2.33550933631
-14.685 -4.6927 0.484485066849
-14.2217 -4.8344 0.446634033634
-13.8003 -4.6864 2.28916334061
-12.1235 -6.2448 0.639530218207
-11.4868 -6.1847 0.451686450981
-11.0536 -6.3126 0.795129656094
-10.4002 -6.7657 1.74828609215
-8.6551 -6.8712 0.235153673159
-8.6636 -7.1062 0.806377858079
-8.1369 -7.7168 0.53841012249
-8.5208 -7.3393 12.3089899058
-16.7503 1.8142 2.15204004145
-15.0868 3.1795 1.10359663827
-14.4295 4.066 0.4757504598
-14.1264 4.4327 0.205277495113
-13.9493 4.3289 0.229162300564
-13.8449 4.5329 0.176184931251
-13.6736 4.5741 0.59952489523
-14.0189 5.0642 1.38049339368
-15.2913 4.5287 1.36969430896
-14.348 3.5356 8.21726707002
-17.2123 -4.1663 2.79157894031
-14.482 -3.5846 1.01507273138
-13.9051 -2.7494 0.217674343918
-13.9267 -2.966 0.830954734026
-13.7898 -3.7856 1.5406339734
-12.2596 -3.6066 0.451509966667
-11.9911 -3.9696 4.23723972062
-7.8517 -3.0643 0.883962810304
-7.9542 -2.1863 0.518296681448
-7.5194 -1.9042 0.150304357888
-7.4026 -1.9988 24.6843735438
-31.9812 -4.2815 0.379697247817
-31.6402 -4.4485 0.400600112331
-31.9759 -4.2299 3.86109257594
-28.4327 -5.7641 0.327947129885
-28.2971 -6.0627 9.42355630747
-19.5489 -9.5659 1.14137029925
-18.8943 -10.5009 19.7756125215
-8.4349 -27.2841 6.21191285918
-3.8453 -31.4702 6.38674480154
2.4257 -32.6806 1.83611531501
4.1606 -32.0794 1.59513761162
2.6422 -31.5906 13.7037046177
-6.3402 -21.2413 0.652573750621
-6.0929 -21.8452 8.0240967124
-2.2811 -28.9061 8.92465502415
-3.7212 -20.0984 7.74927939101
1.7856 -14.6462 0.437664037819
1.3486 -14.6703 1.12687726483
0.7732 -13.7014 12.3846190692
-7.8811 -4.8424 14.0612616735
-6.1444 9.1112 1.6222880293
-4.8365 10.071 1.68774209523
-3.1498 10.1303 0.405744993808
-2.7582 10.2365 0.504756891979
-3.0166 10.6701 4.9569282928
-7.1235 13.4458 0.289685778042
-6.9787 13.1949 2.58168538943
-4.4115 13.468 1.1166239564
-3.4906 14.0995 13.314664648
-16.7461 12.8457 1.17880368595
-17.4739 13.773 1.04038294873
-17.3807 12.7368 11.3748127971
-17.2146 1.3632 0.509772694443
-17.7072 1.4944 1.22632914423
-17.0118 0.4843 14.0408758281
-4.1317 -5.1058 0.833352800439
-3.3357 -4.8591 1.23149139258
-3.2693 -6.0888 17.5582240429
-0.6616 -23.4523 3.09844702069
1.1871 -25.9388 5.07898922425
5.5994 -28.4543 2.24209644975
6.6939 -30.4111 0.724061240504
7.3051 -30.7993 2.08921933746
9.0551 -31.9405 1.14318971741
10.1919 -31.8198 0.514090702114
10.6705 -32.0075 0.326435368794
10.9922 -32.0629 0.158051257508
11.142 -32.0125 0.110010408598
11.215 -32.0948 0.0932451071102
11.1737 -32.0112 0.699410737693
11.57 -32.5875 2.65628620634
9.3204 -34.0 15.8092970805
9.8417 -18.1993 0.578202732612
9.2661 -18.2541 1.49516009845
10.5407 -17.4725 1.13303641601
9.4151 -17.3429 0.481147066914
9.851 -17.5466 0.326593952792
10.1691 -17.6206 0.199550093961
10.3661 -17.5888 0.179565531214
10.5358 -17.5301 18.2705834636
1.9435 -33.6542 0.0372263347645
1.9503 -33.6908 10.5909552902
-2.7387 -24.1944 9.94961019789
6.671 -20.9614 10.2105876682
-2.7112 -24.9901 1.14074566841
-3.6164 -24.2959 0.806783056342
-2.8151 -24.202 8.08402583494
4.71 -21.2483 1.04271403558
5.745 -21.3749 0.408789395655
6.1231 -21.5303 0.201664771341
6.3123 -21.6001 0.524670658604
6.601 -22.0382 1.6232736707
5.3639 -23.0892 6.69297203117
0.0533 -27.1627 1.15548985283
1.2025 -27.2831 19.2029323347
19.6546 -32.6003 0.661430464977
20.2851 -32.8002 0.537398716039
20.8138 -32.8965 0.528723935528
21.3208 -33.0465 1.60123105766
22.8999 -32.7812 1.19388994468
24.0933 -32.747 2.13030395953
26.1347 -32.138 3.92728239499
29.9446 -31.185 4.22609957526
33.9947 -29.9781 2.06808767948
35.091 -28.2245 4.54642568728
33.2448 -24.0698 0.291883949542
33.5366 -24.0628 9.47304009914
41.3892 -29.3614 0.323030772528
41.5134 -29.0632 1.15168464868
41.2506 -27.9419 8.32155330032
35.5499 -21.8797 1.31798561828
36.8671 -21.9252 0.511584382092
36.5804 -21.5015 1.29157640502
35.776 -22.512 3.89511402657
34.2108 -18.9452 0.49288048247
34.0807 -19.4206 0.20613473749
33.888 -19.4938 6.5982669755
38.8248 -23.8716 0.192173593399
38.7243 -24.0354 0.491001018329
39.1853 -23.8664 0.277820823554
39.4453 -23.7685 0.263218996275
39.6143 -23.5667 0.189817622996
39.8035 -23.5514 0.126644147121
39.855 -23.4357 1.44660763512
38.4084 -23.431 15.8268984485
29.2269 -10.5395 2.65359719061
31.297 -12.1997 1.89160391467
33.1114 -12.7346 0.346143972936
33.4207 -12.89 1.59620344881
32.283 -14.0096 22.3671970801
11.6111 -22.5515 2.28627433175
13.8745 -22.2289 1.61569268427
15.4508 -21.8743 0.449401379615
15.894 -21.7999 0.254858156628
16.1478 -21.7767 0.0930911918497
16.2104 -21.7078 0.0667020239573
16.1858 -21.6458 1.70677522832
17.836 -21.21 0.953977489252
18.6784 -20.7623 1.44038975281
17.2474 -20.9265 22.2349233471
-4.8794 -18.7364 0.616193687082
-5.3499 -19.1343 0.876165652146
-4.4754 -19.1883 1.33095732839
-4.5969 -17.8629 12.9811730676
-7.0819 -5.1218 0.994447147917
-7.2172 -4.1366 1.28930046925
-7.2161 -5.4259 9.38446805365
-8.3793 -14.738 0.591517074986
-7.9955 -15.1881 0.45151417475
-7.6542 -15.4837 2.36640631549
-5.9585 -17.1343 1.58917465686
-4.4582 -17.6583 0.901498141984
-4.7231 -18.52 9.5208381485
-3.3255 -27.9377 0.672578382049
-3.9617 -27.7195 1.02040951093
-2.9826 -27.4321 2.56346581799
-3.6112 -24.9469 0.457197954939
-3.5418 -25.3988 0.898380904739
-2.9078 -24.7623 0.593522366891
-2.399 -24.4567 0.572371505231
-1.8357 -24.3552 0.60880487843
-1.2894 -24.0865 0.596370254121
-0.7002 -23.9943 0.641738677345
-0.062 -24.0616 0.238758560056
0.1341 -24.1978 0.379544674577
0.3087 -23.8608 0.955359162828
0.958 -24.5616 1.3753627885
1.9462 -23.605 0.141071790235
2.0467 -23.506 0.244288517945
2.2849 -23.5602 0.660229816049
2.9328 -23.6872 0.387848127493
3.2072 -23.4131 0.406966583395
3.5718 -23.2323 0.0972946555572
3.6173 -23.1463 0.23320053602
3.6168 -22.9131 1.17672100772
2.6745 -22.2083 0.912044807013
3.4863 -22.624 0.637175179994
3.4493 -21.9879 0.305090445606
3.6246 -22.2376 0.845525457925
-3.1198 -29.7469 6.18084354114
-9.3006 -29.7701 5.66361496749
-14.9021 -30.6066 2.10585560996
-17.0078 -30.581 2.66401284719
-19.6681 -30.4404 8.15103863934
-27.783 -29.6737 10.0592368876
-37.744 -28.2713 9.3985513421
-46.9163 -26.2215 5.7563205088
-49.7481 -21.2099 9.55248253597
-48.0839 -11.8035 2.82969168815
-50.8502 -11.2079 21.8017857629
-51.5 -33.0 9.57838513529
-51.0584 -23.4318 11.1160507866
-49.9974 -12.3665 1.08747954923
-49.2153 -11.6109 11.06428577
-41.3695 -3.8095 0.632655743671
0.0 0.0 7.86362483846
-2.8674 7.3222 15.5354222295
-0.9577 22.7398 13.2037271621
-3.5756 9.7982 0.380282973587
-3.8071 10.0999 1.02969425074
-3.711 11.1251 13.1607653425
-8.9196 23.2113 0.767936299442
-8.4346 23.8067 1.37857935934
-8.5607 22.4339 9.98493311595
-10.535 12.6461 1.95922705422
-9.0227 11.4005 0.631341278549
-8.5318 11.0035 1.34137996108
-9.1516 9.8139 6.20613898169
-9.4471 16.013 0.980447459072
-9.421 15.0329 0.27252438423
-9.6533 15.1754 6.27953886285
-13.6965 19.9801 0.492392120164
-13.2239 19.8419 1.97763201076
-11.895 18.3773 2.61472706415
-9.7569 19.8824 10.1168412956
-6.9291 10.1688 0.539975082758
-6.6969 9.6813 1.36477427438
-6.466 8.3362 8.37885527563
-11.5598 1.6835 0.33777041019
-11.8764 1.5658 0.720805244154
-11.1696 1.7072 0.411654612509
-10.7692 1.6116 1.17391775691
-11.3373 2.6389 4.80599201518
-15.5035 0.243 1.41966491821
-14.1607 0.7038 0.376866143345
-13.7882 0.761 1.00371554237
-13.0262 0.1077 1.57994640732
-11.4641 -0.1291 1.6526541683
-10.9597 1.4447 6.00692396905
-16.7763 -0.0554 0.751750437313
-16.0269 0.004 7.47168304601
-8.5554 0.0563 0.624692828517
-9.1442 0.265 6.07423912931
-15.2032 0.695 0.165349871485
-15.1365 0.8463 0.75936239043
-15.1785 1.6045 5.66045638531
-16.4228 7.1265 1.97677833355
-15.8645 9.0228 4.43755138336
-13.5017 12.779 0.800971865923
-13.4689 13.5793 1.73227425658
-14.3506 12.0882 5.96052979608
-13.903 18.0319 0.879599477035
-13.493 17.2537 5.49942834211
-13.265 11.759 0.456847118848
-12.8198 11.8615 2.02833204629
-10.7918 11.8248 1.49045932517
-9.9274 13.039 0.707053746189
-10.0574 12.344 5.9749207568
-13.8995 16.9198 0.613727382475
-13.2862 16.8969 1.12469793723
-12.2005 16.6033 0.801531839667
-11.487 16.9685 0.2922623479
-11.2298 17.1073 0.210861210278
-11.0412 17.2016 0.305185861403
-10.7708 17.3431 0.391188509545
-10.3895 17.2557 0.094973522626
-10.2969 17.2768 0.952984957909
-9.3832 17.5476 0.470672136418
-8.9481 17.7271 0.797404897151
-8.152 17.7727 1.42722050504
-8.6974 19.0916 10.1054085014
-10.0031 29.1123 1.46656738338
-9.1998 30.3393 0.42014498688
-9.5157 30.6163 0.0627910821694
-9.4713 30.6607 8.9524971628
-17.7777 34.0 8.65509979434
-20.3491 25.7357 0.813182636312
-19.6105 26.0759 8.09141677891
-12.0955 23.0766 0.804219851782
-11.4641 23.5747 0.203931777808
-11.369 23.7551 0.12152534715
-11.3165 23.8647 0.521117923315
-11.8135 24.0214 1.01014419763
-11.9638 23.0225 0.514802612658
-20.0045 16.2634 0.327149659942
-25.1324 14.8842 13.2457184467
-19.8403 27.0268 1.45156473504
-19.743 28.4751 0.659925185154
-19.5945 29.1181 0.933642120944
-20.3801 28.6136 1.0900931795
-20.4426 27.5253 2.18555404875
-20.5581 25.3428 0.887934732962
-19.8409 24.8193 2.75957927953
-17.1457 24.2267 0.903211365075
-16.4096 23.7033 0.528348682217
-15.9928 23.3786 1.98140005299
-14.6512 21.9205 0.539828796935
-14.198 21.6272 2.13725440928
-12.734 20.0701 0.998485653377
-13.0168 19.1125 3.225744125
-13.2158 15.8929 8.85250921547
-6.8687 9.7219 0.742442354665
-7.3998 9.2031 0.126857715571
-7.5156 9.2549 0.935599508337
-6.9136 9.9711 0.421261450883
-6.63 10.2826 0.260885415461
-6.4142 10.136 0.816023927345
-7.2298 10.1623 1.36637074032
-7.2082 8.7961 0.556346627562
-7.3868 9.323 8.18815842177
-11.3133 16.5083 0.569675872756
-10.8731 16.8699 2.28713987329
-9.6047 18.7731 0.249926489192
-9.4381 18.5868 0.535590785955
-9.1411 18.1411 0.339132909049
-8.8963 18.3758 0.87889171688
-8.2951 19.0169 0.0144516435052
-8.2997 19.0032 0.920981085582
-9.0267 19.5686 0.632282373627
-8.4375 19.3392 1.23236767647
-7.3278 18.8032 0.578033191089
-7.1964 18.2403 1.49104424146
-5.7881 17.7505 11.2984977409
3.9863 12.0833 0.485567966406
3.5255 11.9302 15.1688426998
-10.0026 5.0684 0.397641760885
-9.687 4.8265 1.35998737126
-29.1193 -16.06 7.43778102662
-36.5481 -16.4254 6.84205380935
-43.1873 -18.0791 4.07812825939
-47.0 -9.16 15.8122457867
-47.0679 -24.9721 0.798782604968
-46.2798 -25.1023 0.861655360338
-46.2462 -25.9633 5.99384444993
-47.1342 -31.891 0.328743501837
-46.9219 -32.142 1.50990959332
-47.1912 -33.6277 0.590831490359
-46.6648 -33.3594 13.3566864304
-40.921 -21.3008 11.7805146916
-31.5854 -14.1156 0.9806348199
-30.621 -13.9379 0.817165864436
-30.2161 -13.2281 0.75447672595
-29.5524 -12.8693 0.507734596024
-30.0435 -12.7404 1.15460623591
-29.0705 -13.362 8.40551927307
-22.3353 -18.3909 0.259539226322
-22.0759 -18.3824 1.13464334925
-23.0707 -17.8367 5.13398001262
-26.1508 -13.7293 13.3348673679
-32.1812 -1.8359 0.547888182023
-31.6357 -1.7848 1.25390032299
-31.6366 -0.5309 0.832217309361
-31.024 -1.0942 1.00757283111
-31.1389 -2.0952 0.569919932973
-31.3602 -1.57 16.1083163577
-36.334 13.7512 0.258962873787
-36.2956 13.4951 0.141766286542
-36.4154 13.4193 0.417342029995
-36.0415 13.6047 2.37447879123
-34.3923 11.8964 9.07561156342
-28.983 4.609 14.1943874915
-22.0081 -7.7535 15.461457842
-13.7869 -20.8481 5.22276448349
-13.3183 -26.0498 2.64192572379
-10.6915 -26.3321 0.580105404215
-10.1153 -26.2649 1.55330735207
-8.5656 -26.3707 0.914762772526
-7.6929 -26.0965 4.12794942435
-3.5687 -26.2724 0.813665139969
-2.8397 -25.911 0.721018626666
-2.2816 -25.4545 0.622901573284
-1.8315 -25.0239 2.17336027616
0.266 -24.4547 0.511078633872
0.7559 -24.3091 1.039902481
1.78 -24.1285 0.543420868204
2.284 -23.9253 0.367239880732
2.6377 -23.8265 1.68302000582
3.6474 -22.48 3.45780375383
7.0852 -22.1086 1.06114950879
6.612 -21.1588 15.4885872516
1.2992 -6.6099 1.03252556869
1.0464 -5.6088 1.11646235942
1.0582 -6.7252 0.153652367375
0.9145 -6.6708 8.3340768655
-6.2329 -10.957 16.9172924539
-11.6843 -26.9719 0.156904174578
-11.7597 -26.8343 0.539715573242
-12.2994 -26.8384 0.864377377076
-11.4383 -26.9136 16.872342503
5.2352 -29.4963 15.0590619645
-9.7214 -31.25 3.23287474085
-8.3599 -28.3178 11.0926702908
-2.0632 -19.1855 14.1985654325
9.1773 -10.5108 0.305209239703
9.2911 -10.2276 0.678694076886
9.539 -10.8594 0.433433962675
9.907 -10.6304 0.963880184463
10.6496 -10.0159 6.60735971626
7.8957 -4.0098 2.3805815508
10.1043 -3.1214 0.529841797143
10.4491 -2.7191 0.29972640858
10.5845 -2.4517 0.397630796091
10.6284 -2.0565 0.445710960152
10.1883 -1.986 6.40208829211
16.4862 -3.1363 0.870473916898
15.6284 -2.9883 4.31914322175
11.654 -1.2974 2.12481553317
12.9988 -2.9425 1.31883048949
12.7857 -4.244 9.91926152997
3.7438 -8.3227 1.15174198499
3.569 -7.1843 18.7168925992
-4.5566 9.6768 0.810872277242
-4.9094 10.4069 1.27734168099
-4.1158 9.406 11.504131766
-1.6703 -1.8352 0.94246538398
-1.3637 -2.7264 16.5664737358
-8.4339 -17.7084 0.593696294413
-7.9712 -18.0804 0.524520171204
-7.4467 -18.085 0.432811101983
-7.0139 -18.0819 2.84526753224
-5.0616 -16.0121 0.133473780197
-4.9457 -16.0783 0.960510806811
-4.3831 -16.8568 1.12471664876
-3.6808 -15.9783 1.10123583759
-4.7047 -16.3837 2.50714781375
-7.0617 -17.2383 0.725767042514
-6.4879 -17.6827 1.5451264932
-5.6851 -19.0029 0.968669112752
-5.0887 -19.7662 0.589169585094
-5.2331 -19.195 1.8336548203
-3.4001 -19.146 0.516427390831
-3.5708 -18.6586 2.72002356791
-6.2147 -18.0196 1.56953329688
-5.7181 -19.5085 1.0496133812
-6.648 -19.9953 0.502127732753
-6.3929 -20.4278 0.377717619393
-6.2035 -20.7546 0.179426307993
-6.3567 -20.848 0.647419778814
-5.7806 -20.5526 14.1982985009
-10.897 -7.3082 0.976480276299
-10.6333 -8.2484 0.630554684385
-10.2244 -7.7684 14.3678742286
-0.4367 2.75 0.752894846576
0.2385 3.0831 0.85153058665
-0.5662 2.8046 10.7546637349
-9.7056 -2.8641 1.11705405867
-10.6887 -2.3337 0.547956978238
-10.2656 -1.9855 0.497593699719
-9.7686 -1.9612 0.727321558872
-9.5894 -1.2563 10.8428127204
-0.2874 4.315 1.48938022009
0.9206 5.1862 3.1106673657
4.0291 5.3023 0.37472990273
5.3637 4.2354 3.59530525269
8.4632 2.4135 4.3788522937
4.6582 0.2464 14.8508564928
-9.9654 -2.3417 0.66318432581
-10.545 -2.664 8.22603349434
-9.6382 -10.8399 2.85112413795
-6.8264 -11.3118 2.61530557488
-4.4879 -12.4828 5.27864650266
0.7078 -11.5507 1.29754793746
0.269 -12.7718 14.9757330672
-8.5751 -24.8571 3.43186481231
-6.2979 -27.4246 1.52967730257
-7.1162 -28.717 0.940759506994
-7.8508 -28.1293 0.275222182972
-36.202 -34.0732 14.4850644973
-48.5827 -26.5542 3.61786172483
-50.6502 -23.5853 2.14489084571
-51.1345 -21.4958 29.3304575356
-27.8131 -3.7085 7.8428690063
-20.2748 -1.5441 10.9998798798
-9.3969 0.0895 0.296108442973
-9.1208 -0.0175 1.49026615073
-10.495 -0.5941 0.364207770373
-10.1363 -0.531 0.525971795822
-9.6275 -0.6643 3.60659010701
-6.0251 -0.4905 0.484068197675
-6.476 -0.3144 0.999013778684
-5.5302 0.0073 1.25723665235
-6.6922 -0.4727 0.429990558036
-6.653 -0.9009 7.55798243581
-11.3753 -6.802 1.14368879071
-11.401 -7.9454 1.09206048367
-11.1643 -6.8793 7.16613268995
-5.2536 -2.8275 1.09889408043
-4.2508 -2.3781 1.3981184678
-4.9605 -3.5827 8.55076323903
-9.5371 -10.8056 0.205711958816
-9.52 -10.6006 8.67024589386
-4.4705 -3.5525 1.49907278676
-4.3346 -2.0596 5.61444662456
-3.1039 3.4183 2.5472895497
-0.5581 3.5054 4.07233027762
3.3752 4.5604 1.23797096089
3.9805 3.4805 2.60638897519
6.0615 1.9112 1.3906383714
7.3987 1.5294 0.180550103849
7.4162 1.7091 5.00489235549
4.4944 5.7726 0.840624797398
4.6637 6.596 1.38110227355
5.7955 5.8045 4.5550226399
9.4805 3.127 0.474681208813
9.7093 2.7111 1.27652436326
10.8295 2.099 0.736776499354
11.4795 2.4459 1.78942114942
13.2117 1.997 0.697583543384
13.8591 1.7372 0.11299491139
13.896 1.6304 1.02313801611
14.8956 1.4122 0.726083996518
15.6037 1.5728 1.52313828985
16.8412 0.6848 1.16863768979
17.9823 0.4326 0.367692385018
18.2068 0.7238 1.19777567182
18.6152 1.8498 1.19514958478
19.7774 2.1285 1.35098048098
20.8575 1.317 1.93293716918
22.7332 0.8501 1.34241525617
23.1428 2.1285 0.661915440219
23.3835 1.5119 0.368979254159
23.752 1.5307 1.34875820294
24.975 0.962 0.802876036509
25.6982 1.3107 1.64115424321
27.3392 1.2882 1.57268520054
28.0137 2.7089 12.4416713218
29.2185 15.0921 1.2565346195
30.1234 15.9639 0.810715418627
30.1284 15.1532 2.4694515059
31.0027 17.4627 0.281295574085
31.2295 17.2963 0.265413375699
31.471 17.1862 2.2338856909
30.2502 15.3154 1.95918971261
30.5114 13.3737 0.362854075353
30.5826 13.0179 2.69975120706
31.8273 10.6222 0.634472694448
32.2227 10.126 0.757949299096
31.786 10.7455 1.27178306719
42.6253 9.9115 9.08379857218
33.6678 8.402 0.258280564503
33.6144 8.6547 11.4274947408
22.265 9.9884 1.11477484722
21.684 10.9398 0.973143360456
21.2456 10.071 1.35255184744
22.5869 10.2451 0.408140282256
22.8314 9.9183 1.29504967086
21.9952 10.9072 0.586565026233
22.4955 10.601 0.587586929739
21.1931 9.7109 1.20428834587
22.291 10.2058 13.6192633152
20.3352 -3.2723 0.833475386559
19.9121 -2.5542 1.51490769356
20.4947 -3.9526 18.4144443142
26.5269 -21.351 4.72326150451
30.0569 -24.4892 0.855996617984
30.898 -24.6482 3.59797235398
34.3525 -25.6541 1.73348879431
36.0623 -25.9397 3.67963214738
38.1798 -28.949 1.26688391339
36.8538 -34.0 8.4127028457
30.4264 -28.5721 1.38801396247
29.164 -29.1491 15.6502558168
13.5252 -28.5504 6.10402126553
8.9583 -32.6004 7.0378451482
1.9206 -32.6456 2.44431836102
-0.4653 -32.1144 4.9240944599
-5.3453 -31.4569 2.58891461814
-7.9342 -31.4656 1.38680522785
-9.0227 -30.6063 8.5604756223
-17.5615 -29.9975 0.389742581713
-17.8897 -30.2077 1.19572089135
-17.727 -31.3923 0.287719620464
-17.4897 -31.2296 0.522016216223
-17.9835 -31.3989 0.301746449855
-18.2701 -31.3045 0.487995450798
-17.8031 -31.4461 0.432639861779
-17.3706 -31.4351 0.600477518314
-17.9671 -31.3661 2.96450660313
-20.7373 -30.3105 0.785856201859
-20.3774 -29.6119 1.36104190971
-20.5076 -30.9667 1.4593782409
-21.2214 -29.6938 5.03006675204
-26.0677 -31.041 3.74939990532
-29.7578 -31.7052 3.6961212169
-33.3721 -30.9318 3.82295581586
-36.7475 -29.1369 12.3077701449
-36.4638 -16.8324 0.716284594278
-37.1779 -16.7765 1.28134143771
-38.4557 -16.6813 20.8914751078
-51.7325 -21.2763 0.464511636022
-51.6466 -20.8198 1.15160594389
-50.4998 -20.7147 8.4100965916
-42.5856 -17.8695 22.9631750531
-21.0582 -9.8771 12.8268666341
-8.9028 -13.9728 0.816013682483
-9.1695 -13.2016 13.7421890541
-6.1431 0.2032 1.41639544266
-5.7369 1.5601 0.797619520824
-5.603 0.7738 8.35776219451
-3.1651 -7.2205 0.890022786225
-2.3617 -7.6035 0.216674179357
-2.5168 -7.7548 1.63694286095
-1.1775 -8.696 1.94490297187
0.6191 -9.4409 1.8070107941
2.4216 -9.5685 1.9835859699
3.9739 -10.8034 0.897595643929
4.4494 -10.0421 1.18094057852
3.3895 -10.5629 13.4683032079
-9.5974 -14.1316 1.25221214257
-10.0821 -12.977 8.73559800472
-9.9436 -4.2425 0.596318522268
-9.3669 -4.3942 15.3985366194
2.692 5.1817 3.47281742106
5.1992 7.5847 0.796540174756
5.9684 7.3778 0.40667198084
5.5821 7.2507 0.891802472524
6.4739 7.2528 0.303531299869
6.7713 7.1921 0.782182363647
7.3766 6.6967 0.356618844146
7.674 6.4999 1.16464455093
6.5127 6.5881 0.525707761023
6.4896 7.1133 0.769059906639
6.9401 7.7366 1.11947063383
8.0236 7.4551 0.629003338624
7.561 7.8813 0.115923466132
7.6084 7.8641 17.6973159425
-9.0005 13.9747 0.427677179658
-9.0426 14.4003 0.422103352273
-9.2196 14.0171 10.0314321301
-12.5759 4.5638 1.08345090336
-12.1544 3.5657 1.11764125282
-11.561 4.5128 1.45265022975
-12.236 3.2265 0.595598690395
-12.5492 2.7199 0.287096307883
-12.8282 2.7876 0.241638945537
-12.6175 2.6693 0.281514759826
-12.8791 2.7733 0.825895211271
-13.6372 3.101 0.0610030327115
-13.5816 3.1261 0.122570999833
-13.4733 3.1835 0.167471191552
-13.6201 3.1029 0.0820471206076
-13.5568 3.1551 0.0628103494657
-13.6023 3.1118 0.103671066359
-13.5135 3.1653 0.582943161895
-27.7582 -32.2037 7.50968106114
-35.2674 -32.1187 11.6882528626
-46.9141 -31.134 3.38712096182
-49.3037 -28.7335 3.62609088827
-49.8224 -25.1447 0.815958338397
-50.1664 -25.8846 1.10205353772
-21.0288 16.1564 0.948547067889
-20.3453 16.8141 8.70964312128
-13.922 22.6962 0.497198652452
-13.4349 22.7959 0.400593684424
-13.04 22.8632 1.71332796919
-11.3652 23.2245 2.95028231361
-8.465 22.6832 0.0858676306882
-8.426 22.7597 1.43218487983
-9.6577 23.4905 15.9566888244
-22.4945 32.9685 0.426931610448
-22.8423 33.2161 0.74184463333
-22.1362 33.4436 0.490060455454
-21.6928 33.2349 0.772298724588
-20.9924 32.9095 1.59541553521
-19.3971 32.9287 0.5539433184
-18.8433 32.9413 1.03532056871
-17.8081 32.9255 0.974008054381
-16.9069 33.295 1.52166168382
-18.4031 33.5722 0.10120775662
-18.5005 33.5997 9.11648652497
-20.0721 24.6197 0.974131664612
-19.1022 24.7104 1.03065332678
-18.3474 24.0086 0.409847496027
-18.0743 23.703 0.323947897045
-17.8603 23.4598 1.32908064466
-17.6359 22.1498 0.851351449168
-17.1132 22.8218 2.58750104155
-15.634 20.6988 0.943071174408
-14.8258 20.2128 0.382746143024
-14.5148 19.9897 0.636573389328
-13.8786 19.9679 0.637511858713
-13.2642 20.138 0.661902183106
-12.6023 20.1397 0.925338127389
-11.677 20.1481 2.92503582884
-9.1784 18.6273 10.0653571646
-5.9298 9.1006 0.122441251219
-6.0379 9.1581 0.560725137657
-6.1647 8.6119 8.6382123249
0.0 0.0 4.1279921669
4.0902 0.5573 0.584159772665
3.7012 0.9931 5.62319182849
-0.0585 5.1746 3.76504011798
-2.2282 2.0976 1.11122556216
-3.2882 2.4311 0.288527936256
-3.1168 2.6632 1.50514704265
-1.6837 2.2031 3.04787156061
-1.0688 5.1883 1.24222181997
-2.3104 5.2276 1.23844690641
-2.0397 6.4361 18.169404228
-8.4607 23.4331 7.95378069725
-12.154 30.4774 2.01544812139
-13.2872 32.1441 2.6830223648
-15.7698 33.1616 4.01158716221
-19.7414 32.5966 1.51421208884
-21.2247 32.2922 0.969917053155
-22.1744 32.0952 1.36085724821
-23.5158 31.8659 12.4544025646
-23.149 19.4169 1.67052950887
-23.826 20.9441 4.07549760643
-28.6154 18.7312 11.7504917293
-31.7132 7.3964 0.413393142178
-31.3274 7.2479 1.39416214265
-32.6956 7.5157 0.981958379973
-31.8455 7.0242 0.104011778179
-31.8077 6.9273 0.217995252242
-31.9209 7.1136 7.93882000363
-34.144 -0.5076 0.220225747813
-34.3477 -0.5913 0.144326193049
-34.2064 -0.6207 2.25242296428
-32.5029 -2.0943 9.92651443559
-35.6751 -11.5003 0.428647325899
-35.3869 -11.8176 2.53388542164
-33.3186 -10.3538 1.01325080804
-32.988 -11.3116 4.45437091406
-35.515 -14.9798 0.378339239308
-35.2587 -15.2581 2.99607429981
-35.2376 -18.2541 3.81705576197
-33.7589 -21.7731 0.645590040196
-33.3422 -22.2662 0.749422204101
-33.9142 -21.782 11.9220080964
-26.185 -12.7049 1.66768558787
-24.5589 -13.075 1.98117355625
-22.9924 -14.2879 2.81324798232
-21.251 -16.4974 2.83875725627
-20.3036 -19.1734 2.52860424938
-17.9455 -20.0862 1.18752945648
-17.2569 -21.0537 0.810918701227
-16.5936 -21.5202 0.365188964784
-16.2979 -21.7345 0.474541399669
-15.9802 -22.087 0.883725579578
-15.4391 -21.3883 0.295946701283
-15.1524 -21.3149 0.476504197253
-14.8681 -20.9325 0.168616606537
-14.7147 -21.0025 0.527701601286
-14.4164 -21.4378 0.410147119946
-14.0693 -21.2193 0.465168958552
-13.6047 -21.1963 0.0978822251484
-13.5465 -21.1176 1.70563464142
-13.2342 -22.7944 0.779372311543
-12.5004 -23.057 0.911803158582
-12.498 -23.9688 0.814735110327
-13.2719 -23.7141 0.36957712321
-13.4592 -24.0327 1.09460959707
-12.8108 -23.1508 0.337846607205
-12.538 -22.9515 1.12570781289
-13.3728 -22.1963 0.805428705721
-13.3796 -21.3909 0.573080884344
-13.0793 -20.9028 0.446658717591
-13.1688 -20.4652 0.482979388794
-12.8066 -20.1457 1.05796975855
-11.9115 -19.5817 0.393600050813
-11.9549 -19.1905 0.696256748621
-11.516 -19.731 0.0910911631279
-11.4256 -19.7198 0.105139193453
-11.4919 -19.8014 0.289393590116
-11.2112 -19.8718 0.0916543506878
-11.1238 -19.8994 0.224010647068
-11.0897 -19.678 0.990189582858
-11.2602 -18.7026 1.12087751784
-10.7802 -19.7155 0.150847638364
-10.8376 -19.855 0.941533987703
-11.7036 -20.2245 0.250868331999
-11.7152 -20.4751 0.366125005975
-11.7348 -20.8407 0.60515875603
-11.5704 -20.2583 0.420320354016
-11.5982 -20.6777 0.94423151822
-10.6928 -20.4097 0.516279962811
-10.532 -19.9191 0.323348496208
-10.2415 -19.7771 0.363938950924
-10.2949 -20.1371 0.2769248454
-10.3905 -19.8772 0.171500962096
-10.3988 -19.7059 0.116496051435
-10.4071 -19.5897 0.18467141089
-10.2454 -19.5005 0.459309264004
-10.3292 -19.9521 1.58216316794
-9.2894 -21.1446 0.622116709308
-9.89 -21.3068 0.207304245012
-10.0797 -21.2232 0.197506784694
-10.276 -21.245 0.120758643583
-10.3964 -21.2543 0.15172798028
-10.2527 -21.2056 0.0593164395425
-10.2965 -21.1656 0.0972082815402
-10.2022 -21.142 2.14531991554
-8.6707 -19.6397 0.218640366813
-8.4867 -19.5216 0.171821593521
-8.3488 -19.4191 0.731332106502
-7.6685 -19.1507 1.01898032366
-8.6584 -18.909 0.932430828534
-7.9434 -18.3105 0.20854721288
-7.7421 -18.256 1.26675720247
-6.5955 -17.7175 10.5369431972
-9.4868 -7.585 5.22643003301
-7.9651 -12.585 2.82474422382
-9.5239 -14.9407 0.864160060405
-10.0564 -15.6213 0.365541379327
-10.1873 -15.28 0.339754455453
-10.507 -15.395 0.2374384973
-10.3872 -15.6 0.168042970695
-10.2192 -15.6038 0.388584263706
-9.8315 -15.63 5.89947903208
-5.5836 -11.5362 0.273850780536
-5.3107 -11.559 0.36266574142
-5.6507 -11.6852 9.2475418404
-11.7879 -4.7677 0.654365051023
-11.1458 -4.8938 0.635895376615
-11.25 -4.2665 1.22444023537
-11.0017 -5.4655 13.5241849869
-9.5257 -18.9089 0.457432891253
-9.2823 -19.2962 1.22989372305
-9.3487 -18.0681 8.92412809971
-12.7262 -9.8078 0.591710757043
-12.3093 -10.2277 4.26935433058
-10.0769 -13.8669 2.34190447286
-7.7379 -13.7503 0.525696737673
-7.3704 -14.1262 1.71191294171
-6.018 -13.0766 9.06809114423
-8.0968 -4.25 0.696378417242
-7.4029 -4.1913 1.76961719024
-5.6461 -3.9787 8.68936195874
-7.2556 -12.5177 1.76475240473
-5.4909 -12.5313 1.74711475296
-3.9709 -11.6699 0.819435738786
-3.2156 -11.3521 1.8089835599
-1.503 -10.7695 1.29140043364
-0.9962 -9.5817 1.00805470586
-1.286 -10.5472 17.695340379
-7.3532 -27.1699 0.962875261911
-6.4546 -27.5158 1.15355992475
-5.5927 -26.7491 0.245518716191
-5.8289 -26.8161 11.5000698476
-4.5214 -15.3906 1.13251681665
-3.4917 -15.8621 1.16175880457
-3.2153 -14.7337 5.66685236264
0.0004 -10.0676 1.18591801572
-0.5921 -9.0403 11.4705930317
-7.1206 0.3912 14.0983257662
-11.6736 13.7341 2.78461015225
-9.0593 12.7752 2.08782116092
-6.9975 13.1038 0.248211724139
-6.751 13.1329 0.147132491313
-6.6049 13.1155 0.227310646473
-6.3776 13.1177 0.00612943716829
-6.383 13.1206 0.265181089069
-6.2245 13.3332 1.27360060066
-4.9545 13.2375 6.93710680111
-8.7371 19.0526 3.26580104875
-6.3356 16.8394 1.63414414297
-5.4974 18.2422 1.15724891877
-6.3029 19.0731 1.15853708184
-6.59 20.1955 1.2945563912
-5.4073 20.7219 14.5536312599
7.3065 27.8048 0.704378342938
6.8682 27.2534 0.64124479725
7.4865 27.4234 1.21086633862
8.5242 28.0474 1.70605701253
10.1879 28.4252 0.460345457238
10.6266 28.2857 0.892246087131
10.9834 27.4679 0.163071303423
10.9278 27.3146 0.770560237749
11.5556 27.7614 0.268171381769
11.7939 27.8844 0.101688249075
11.865 27.8117 0.231511489996
12.0844 27.7378 13.9406967695
7.4163 14.6019 0.866298291583
6.6211 14.9456 0.282816017934
6.432 14.7353 0.923015947858
7.339 14.5641 0.435291500032
7.2115 14.9803 0.924304370865
6.3244 14.7207 12.4228681829
-3.6951 22.0649 0.223578107157
-3.8802 22.1903 2.99982001127
-0.9615 22.8832 0.579811590088
-0.3833 22.84 0.35886543439
-0.1047 22.6138 0.637029920804
0.1239 22.0192 1.07207851392
0.6236 21.0707 1.49860570531
1.7145 22.0982 0.313180874256
1.903 22.3483 0.796219448393
2.424 21.7462 0.590411415879
2.6882 21.2182 0.742100060639
2.5609 20.4871 0.89902369268
3.0647 21.2317 0.378375078461
3.2238 21.575 0.270163580077
3.4032 21.373 0.10009765232
3.5005 21.3495 0.800898127105
3.334 22.1329 1.21856169725
2.383 21.371 1.12593334172
3.1763 20.572 0.175350078415
3.0085 20.6229 0.587925037739
3.5861 20.5132 1.29557085873
4.5793 21.3451 15.1179761347
17.1088 29.8047 15.471396859
32.4339 31.9273 6.882149298
39.3125 31.7063 2.10829581653
39.3995 29.5998 4.06683712484
38.7737 25.5814 1.01317964843
39.7635 25.365 0.464773880505
40.2075 25.5024 1.10862080984
39.1436 25.1907 0.6633544
39.6981 24.8266 0.903232666593
39.2322 25.6004 0.308348066315
39.1824 25.9047 1.46426194719
40.2268 24.8784 3.6652381055
38.3519 21.729 2.01359837356
39.5019 23.3819 0.72395116548
40.1939 23.5946 0.316355259163
40.1323 23.2843 0.233379026478
40.0367 23.0714 0.16955659822
40.0527 22.9026 1.26587046731
38.7897 22.8174 14.7988253385
29.8209 11.046 2.42559692653
31.17 13.0618 0.650934896898
30.871 13.64 0.643795309085
31.4976 13.4922 1.20821297791
32.7058 13.4866 0.29945812729
32.8519 13.748 0.387306596897
33.0063 14.1032 1.62903627031
34.6332 14.0198 13.1699665641
28.4909 2.3699 1.41667582742
28.6241 0.9595 0.635723658518
28.9932 1.4771 13.8539061456
32.2082 14.9528 1.69099188052
33.3047 16.2401 0.84695591975
33.9754 15.7229 1.45646393707
32.5682 15.3473 0.0743854824546
32.636 15.3779 0.616133208
32.0258 15.2926 1.89392484011
33.9197 15.2829 4.03340118634
34.7225 11.3302 6.13661217611
30.0151 15.267 3.34460689768
33.354 15.4623 0.503342448041
33.5669 15.0062 0.192893675376
33.6883 14.8563 0.0592054051587
33.7475 14.8555 0.440190867693
31.7661 19.5483 4.66288626925
27.1055 19.4023 4.26445590082
22.8537 19.074 14.7474347617
9.825 12.1646 4.75467972949
6.6628 15.7153 6.37140967212
0.7633 18.1217 3.99742203176
-3.2326 18.0114 4.32474443638
-6.2596 21.1002 1.96698000498
-7.9543 20.1017 3.15335555401
-11.0328 20.7847 2.26393450656
-13.2797 21.0619 3.00237192899
-16.2815 21.1205 3.36743036305
-19.6489 21.1348 8.98790454166
-28.6272 21.5502 9.65725822633
-38.2485 22.3828 10.8480595177
-48.8892 20.2719 3.91917919213
-51.1837 17.0946 0.688311702646
-51.1961 16.4064 0.743709627476
-51.5081 17.0815 1.00433068757
-42.6264 -9.9068 10.7788017219
-31.8644 -9.3052 3.40771396834
-28.7009 -10.572 0.920318401424
-28.5899 -9.6584 0.895017686976
-28.1778 -10.4529 11.0070553555
-19.8924 -17.6991 9.802789351
-12.1319 -23.6882 2.8850156672
-9.6457 -22.2246 2.30616050829
-7.443 -21.5416 5.67531945356
-1.8653 -20.4935 1.39842105605
-0.467 -20.4751 2.8965090592
2.4293 -20.5099 0.580355623734
2.995 -20.3803 0.333541016968
3.3231 -20.3203 0.730915398661
4.0505 -20.2487 0.715350270846
4.7529 -20.3842 1.34579032914
6.0809 -20.1661 0.20432058144
6.1796 -19.9872 0.625121828126
6.7295 -20.2845 0.38615582347
7.0079 -20.0169 11.4183285335
1.5952 -9.963 1.02305486168
1.2917 -8.986 10.8950315741
-3.5651 0.7666 13.4660358124
-7.2442 13.7203 2.85981535243
-4.5178 12.857 1.70236859992
-3.5664 11.4453 2.22185869263
-1.5887 10.4327 0.749704488449
-1.0826 9.8796 1.9104747499
0.8278 9.8627 1.37968198147
2.1849 9.6141 1.14701675663
2.1787 10.7611 0.889498223719
2.649 10.0061 7.89390474543
6.9823 3.4079 9.16299199225
1.2363 10.5454 0.669619145485
1.4339 11.1852 0.673972143341
2.1012 11.2798 8.40133357509
6.7502 4.282 0.989061802922
7.6392 3.8485 1.37965780178
6.8531 4.9823 16.6813841212
-8.7521 10.8769 0.909955081309
-9.1058 10.0385 8.97695717713
-10.5254 1.1745 9.05031671545
-1.8231 3.6601 0.889066083033
-2.301 4.4098 0.457375611505
-1.8824 4.5941 1.15500755409
-2.6826 3.7612 11.4815306615
-12.7538 -1.7521 6.00429262528
-9.767 -6.9608 3.51952199311
-6.2479 -7.0153 2.98097898349
-3.267 -7.037 1.18785009576
-2.4054 -7.8547 0.951634935256
-1.599 -7.3494 1.42135856138
-1.941 -8.729 18.9790671797
-7.3784 -26.9125 0.915830956018
-8.2289 -27.2522 1.26724404122
-6.9978 -27.5527 0.83828659777
-7.5507 -26.9226 10.9491908802
-5.4805 -16.1709 0.333957033164
-5.1468 -16.1578 1.07570124105
-5.7868 -15.2932 10.5175759308
-6.4133 -4.7943 9.02760794009
-8.0737 4.0793 2.02385584961
-7.0342 2.3428 0.355706958043
-6.858 2.6518 0.0858070509923
-6.9273 2.7024 0.527365878684
-6.4032 2.761 0.594412735395
-5.8095 2.7901 0.89556830002
-4.9162 2.8538 2.97481697588
-2.1714 4.0008 9.58457670688
-10.3805 8.948 1.15335414336
-9.2282 8.8987 3.76256117558
-5.7474 10.3273 3.92481063237
-3.4895 7.117 1.31389687952
-4.5944 7.828 0.798749935837
-4.0283 8.3915 14.3450898777
-10.1149 21.3813 0.687373850245
-10.7224 21.0597 2.15685132079
-8.9625 19.8128 2.26692853879
-7.0355 18.6188 0.948687688336
-6.1063 18.8101 0.596788237149
-6.6329 19.0909 0.390425216911
-6.2533 19.1822 1.19904447374
-5.4034 18.3364 0.378826662208
-5.0526 18.1934 0.2480566266
-4.8046 18.1987 0.150850919785
-4.6546 18.1827 0.631317519161
-4.0356 18.3068 1.07995637875
-2.9583 18.2311 0.382039539838
-2.6053 18.3772 0.978717942004
-1.6612 18.6352 0.699235940152
-0.9813 18.7985 1.35512327115
-0.7155 20.1273 16.2399450073
11.1323 31.2343 0.717498013935
11.7935 31.5129 0.635285487006
12.3826 31.7507 2.64297421289
14.8164 32.7812 0.431424524106
15.2478 32.7766 1.18124667195
16.3075 33.2985 0.613403521346
16.9207 33.2827 0.802345717257
17.7194 33.3591 0.181024556345
17.8924 33.4124 0.539899888868
17.7534 33.9341 0.291665647617
17.7037 33.6467 0.203299212984
17.9061 33.6276 1.83110245754
16.075 33.6306 0.982184142613
15.1187 33.4066 1.0293833931
16.0663 33.8087 15.4068254903
17.6375 18.4822 1.31673031787
16.3288 18.6274 15.9684863393
2.1354 11.3103 3.96619052619
-1.7894 10.7388 2.63667622586
-4.4228 10.6074 3.43376996609
-7.5411 9.1697 2.35183525358
-9.2516 7.5556 1.91340488136
-10.6684 6.2696 2.05396506786
-12.2077 4.9097 2.46391321479
-14.6604 5.1445 1.88434231763
-16.1238 3.9574 4.04033994857
-18.9979 1.1177 0.131887300374
-19.0944 1.2076 1.8576341782
-20.9359 1.4519 3.09896439476
-24.0283 1.6535 3.09642563612
-27.1247 1.6661 1.53241419988
-28.6539 1.7653 2.75299899201
-30.608 -0.1739 0.865523714291
-29.7881 -0.4512 1.4902544011
-31.0484 -1.2465 1.30441667039
-32.271 -1.7012 3.21266106834
-35.0375 -3.3345 0.589950862361
-35.3886 -3.8086 0.979617522301
-36.2291 -3.3054 2.42372945066
0.0 0.0 9.19700307818
-4.0031 -8.2801 1.1602567733
-3.5004 -9.3258 8.69770068524
0.4991 -1.6022 0.506408303644
0.0372 -1.3946 3.31584555883
-2.9564 0.0313 1.20150344569
-3.6167 -0.9725 17.529442976
-8.212 -17.8889 0.790065927629
-8.8076 -18.408 1.21517591319
-8.7011 -17.1975 5.77997300513
-9.9596 -11.5562 0.634638676729
-10.4892 -11.2065 2.74290354552
-7.7873 -11.679 1.45690853522
-8.8795 -10.7148 8.7715182004
-14.944 -4.3775 0.917784898546
-14.7724 -5.2791 7.53947650437
-11.7588 -12.1901 0.968679766486
-11.3988 -11.2908 0.644728074462
-10.7653 -11.4106 1.21937894438
-9.5579 -11.2401 0.776846059397
-8.8065 -11.0429 0.307927816217
-8.5038 -11.0994 1.50009462368
-7.3766 -12.0892 0.163754083919
-7.228 -12.0204 1.42257176972
-6.6392 -10.7254 1.28353716347
-5.9093 -11.7812 0.750736731484
-5.9935 -11.0352 0.920049618227
-6.4832 -11.8141 16.0047881689
-9.9324 -27.4428 1.24369650639
-8.6984 -27.5978 12.4467561236
3.6746 -28.9508 0.431006554475
3.5277 -29.356 12.9021184171
-9.3744 -29.3342 11.122561254
-6.8121 -18.5108 0.369737339202
-6.7904 -18.1417 0.701410250852
-7.1751 -17.5552 11.2496731233
-10.9464 -6.9565 1.28916590864
-9.6657 -6.809 1.49464501806
-8.236 -7.2448 8.13907245944
-12.4955 -14.1803 0.295430871779
-12.2029 -14.2211 0.595984983032
-11.6762 -13.9422 3.42698312368
-8.28 -13.4839 0.56488051834
-7.761 -13.2609 0.38443425966
-7.3789 -13.2186 2.91472182206
-4.7472 -14.4715 1.12776243066
-4.2113 -13.4792 1.15566508989
-4.8819 -14.4204 13.6824306101
-10.3101 -26.98 0.816958585242
-11.0903 -27.2223 2.83276795555
-8.9278 -29.0521 0.860949638481
-9.7736 -29.2129 0.561330606684
-9.9647 -28.6851 0.345524326206
-9.9606 -28.3396 1.39824624798
-8.5665 -28.4472 10.0147878265
-13.2701 -19.6057 8.79033362564
-8.6731 -27.0982 0.372010537485
-8.3951 -26.851 0.330394945482
-8.069 -26.9041 0.165474741275
-7.9048 -26.8836 0.135906033714
-8.0151 -26.8042 0.776287833217
-7.2913 -26.5236 13.0070280203
-17.9349 -34.0 6.70457236295
-19.735 -27.5416 0.441757874859
-19.3371 -27.3497 1.54614161382
-17.7913 -27.3172 1.31322895186
-17.3881 -28.567 5.13206409255
-13.3518 -31.7366 2.54223845459
-10.9688 -32.6222 0.302577345484
-10.6672 -32.6465 0.543240094249
-10.125 -32.6801 1.02423694524
-9.5936 -31.8045 15.5811431343
-9.0717 -16.2321 11.5256490529
-13.3437 -5.5274 0.687979280211
-12.6792 -5.7056 0.817232659651
-13.4711 -5.9075 1.56704729029
-14.7276 -6.8439 6.96959464101
-14.2941 0.1122 2.32702368918
-12.0111 -0.3383 1.26753997965
-11.6715 0.8829 1.33431897985
-10.342 0.9962 0.445538999415
-9.931 1.1682 0.516777369861
-9.4521 0.974 8.0812733019
-13.3778 8.0377 7.17357995425
-9.0872 2.2887 0.480659068363
-8.8155 1.8922 0.0465009677319
-8.8608 1.9027 8.82924029858
-14.5588 -4.8418 0.74554979713
-13.8181 -4.9267 0.535160359145
-13.2911 -5.0198 2.71004328379
-10.7355 -4.118 1.3195937443
-10.2129 -5.3297 0.393046384031
-9.8294 -5.2436 0.84989176958
-11.8996 -10.0946 6.14632608637
-17.7152 -12.0836 2.03797446991
-19.7097 -12.5023 1.94209179237
-21.5719 -13.0536 3.36990281759
-24.9259 -13.3806 22.9764754773
-35.0629 -34.0 8.19725983119
-42.7614 -31.1843 1.12116612953
-43.8824 -31.165 5.86975982643
-49.3055 -28.9191 1.47354747803
-49.1911 -27.45 13.8049176897
-49.169 -13.6451 7.1747209228
0.0 0.0 7.28890677674
-7.179 -1.261 0.528424450608
3.4472 -8.6905 1.69974293645
4.971 -7.9374 0.0457564203145
5.0164 -7.9317 0.956019508169
4.1427 -7.5436 1.29708258796
4.3057 -8.8304 0.688688064366
3.6562 -8.6014 1.09750008656
4.0032 -7.5602 0.726287085112
3.479 -8.0629 15.0984078611
1.2603 -22.9974 3.39244786253
-1.9714 -24.0293 3.0586143415
-5.0294 -23.968 3.70072330227
-8.6854 -23.3944 3.66804116934
-12.3425 -23.1113 0.465139720944
-12.3539 -22.6463 0.681021622271
-11.6772 -22.7229 1.04564633122
-17.7201 -30.3284 0.516500038722
-17.8078 -30.8374 0.403550851814
-17.7301 -31.2334 0.679365446575
-17.1831 -30.8305 0.860342519
-17.7801 -31.45 0.193919184198
-17.5905 -31.4907 1.28534509763
-18.3646 -30.4646 8.8186365318
-19.2914 -21.6948 0.57248937108
-18.8836 -22.0966 1.58461493745
-19.5895 -20.6779 6.41130524698
-17.6234 -14.5755 3.61201437566
-17.0953 -18.1487 1.33158121044
-15.8137 -18.5101 9.2285879272
-7.5685 -22.6554 0.0193186438447
-7.5645 -22.6743 1.71422237181
-9.193 -23.2096 7.20007649473
-15.9698 -25.6419 0.207955307699
-15.7927 -25.5329 7.26555821462
-15.1391 -18.2968 0.287435088324
-15.2654 -18.0386 0.483701829643
-14.7839 -18.0847 0.708044271215
-14.1226 -18.3377 1.47908338169
-14.3408 -19.8006 1.20466866814
-14.0906 -18.6222 2.52491584018
-11.6866 -19.3942 9.03141796176
-3.3214 -22.7986 11.2591030553
5.6542 -29.5961 0.896377113719
6.4814 -29.9414 4.33975520047
10.095 -32.3446 1.93339892417
11.9416 -32.9174 0.838476433777
12.7799 -32.9346 0.752971798941
13.5322 -32.9664 1.72676540387
15.2452 -33.184 1.03690216511
16.2751 -33.3043 0.562980399304
16.8288 -33.2025 0.34260210157
17.166 -33.2631 0.921079350545
18.0551 -33.5037 1.51226315501
19.5199 -33.1278 0.485809890801
19.7054 -33.5768 1.29150725124
18.4157 -33.5085 1.0226768209
19.1859 -32.8357 0.77587455816
18.4121 -32.8924 1.08058292139
19.2997 -33.5087 0.878892786408
18.4655 -33.232 0.799669056548
19.2211 -33.4938 0.582511974126
19.7479 -33.7424 0.960962709995
19.3021 -32.8911 15.2879509189
13.0118 -18.9572 0.424176437347
12.7912 -19.3195 0.364217105584
12.5623 -19.0362 10.7296793508
2.9319 -23.7671 1.61328624862
4.5225 -23.4975 1.69219680298
6.1726 -23.1224 1.2236973196
7.2409 -22.5256 1.10954630368
6.8575 -21.4844 0.60110768586
7.4024 -21.2306 7.18481634073
9.8532 -14.4767 11.5661424187
-0.3086 -8.9528 3.18712357464
-2.7538 -10.997 3.17869848366
-5.6272 -12.3563 2.93115760238
-7.498 -14.6128 2.40417350663
-9.7244 -15.5201 1.99543722026
-11.3481 -16.68 2.57224188598
-13.6417 -17.8444 3.09981631875
-16.3253 -19.3959 0.16411246144
-16.4682 -19.3152 1.22912214609
-15.2924 -18.9571 0.611032707799
-15.5115 -19.5275 11.2119298611
-20.4435 -29.5964 2.36964010137
-22.635 -30.4978 9.69822077342
-32.3089 -31.1842 0.95634117866
-31.8588 -30.3404 4.98896267374
-31.5078 -25.3638 2.64755656786
-32.7355 -27.7095 4.29651608166
-35.8817 -30.6355 3.61187721414
-39.4827 -30.3554 5.91404756998
-45.3802 -29.9133 4.67792248333
-49.2876 -27.3413 2.54454869869
-49.8734 -24.8651 1.27771155196
-51.0059 -25.4567 1.06041125984
-51.0419 -24.3969 10.9930416123
-48.8436 -13.6259 1.68810528404
-40.5232 -5.5074 0.629643335548
-40.2225 -4.9542 1.12060825001
-40.2268 -6.0748 0.979345955217
-41.1995 -6.1887 0.907575726868
-40.3464 -5.879 18.3267962263
-22.033 -5.1784 12.0973912072
-9.9631 -4.3633 0.834441130338
-10.1791 -5.1693 18.803998947
-4.4257 -23.0715 1.16909719442
-3.8381 -24.0822 0.947530231708
-3.5558 -23.1777 13.2219373225
-2.1938 -10.0261 1.13402679422
-2.0284 -8.9042 0.970302906313
-2.0626 -9.8739 14.165926814
-0.6821 -23.9724 0.842894898549
-0.1687 -23.3039 12.5139943475
4.4695 -11.6812 0.887018522918
4.824 -10.8681 1.03806622139
4.6432 -11.8903 12.26865982
6.7019 -23.985 3.5514574473
10.1169 -24.96 1.85334638425
10.3018 -26.8041 0.569175939407
10.6908 -27.2196 2.89401321697
11.5533 -29.9821 2.30297795474
13.1594 -31.6326 2.18475207976
15.0132 -32.7887 1.25204706381
16.118 -33.3778 0.521722474118
16.6383 -33.3393 0.784344624511
17.404 -33.5093 2.16687183054
19.3683 -32.5945 1.74052057155
21.1008 -32.7614 1.96766064147
22.9734 -33.3656 1.11160365688
24.0747 -33.5166 0.745160989317
24.8148 -33.4299 1.29536961907
26.103 -33.2938 0.698372235989
26.7997 -33.2455 0.937907932582
27.7274 -33.1075 1.0993986811
28.7989 -33.3536 1.02773171596
29.8177 -33.4888 0.627340306373
30.4446 -33.5123 0.593356090388
29.8929 -33.7307 0.983760910994
30.8452 -33.9775 0.930728236383
29.9596 -33.6912 18.5572481831
24.3409 -16.005 0.488334475539
23.9525 -15.709 1.22886928922
24.0407 -14.4833 0.174957423392
11.8436 -14.315 3.11754088345
8.759 -14.767 4.87896920466
4.1535 -13.1565 3.94903234856
0.3995 -11.9308 2.96627052374
-2.4664 -11.1657 3.97213739062
-6.2696 -10.0196 1.62979230885
-43.2125 -22.9576 0.259954957637
-43.3782 -22.7573 0.793032054838
-42.591 -22.6613 9.86553069429
-45.0692 -32.2105 0.229644769154
-45.2058 -32.3951 0.825223224346
-44.3874 -32.501 5.97349588265
-41.1865 -27.4575 12.0010236118
-34.1418 -17.7417 0.750875182703
-33.5663 -17.2594 1.28308057424
-34.5753 -18.052 0.720488618925
-33.9922 -17.6288 5.66105005896
-37.2013 -22.2924 3.92844226762
-33.4969 -20.9847 11.5299324217
-26.4975 -11.8224 0.278107694967
-26.3 -12.0182 0.595651861409
-25.7083 -11.9497 1.11486502322
-26.2322 -10.9656 2.74015390079
-23.6374 -11.8462 2.81313996275
-20.9345 -11.0664 1.49001604354
-19.487 -11.4198 1.02938545745
-18.6299 -10.8497 0.506818912433
-18.4545 -10.3742 0.127812362469
-18.4177 -10.2518 1.23844021656
-17.1806 -10.1942 2.6706691184
-14.5379 -10.5797 3.04889269244
-11.5567 -11.2186 2.28690070838
-9.2986 -11.5804 1.5946560162
-9.4316 -13.1695 4.38886903541
-10.427 -17.444 0.303500016474
-10.4271 -17.1405 4.72606925468
-7.3007 -13.5963 0.265980318821
-7.5215 -13.7446 4.19904108101
-9.2109 -17.5888 0.665696627601
-9.2685 -16.9256 12.0728099397
-8.9005 -4.8584 14.6356890552
1.2711 5.665 2.55030742068
3.1036 7.4387 0.745242967092
3.2574 6.7095 0.762400944386
3.685 7.3407 0.73168081839
3.2869 6.7268 1.28431096312
2.0061 6.8217 0.146067963633
1.9302 6.6969 0.813685111084
2.6413 6.3014 0.0366878726557
2.6291 6.2668 12.3540461441
-9.6576 7.555 0.50876266569
-9.7532 8.0547 3.14494923488
-6.642 7.5952 0.515406829602
-6.1268 7.5806 0.40691184549
-5.7226 7.5337 0.281827216571
-5.4423 7.5044 0.253750270936
-5.2961 7.297 1.23759127744
-6.4905 7.6211 0.604695005767
-5.8887 7.6802 1.22720381355
-4.8145 8.2736 2.58483554603
-2.2599 8.6678 2.00925678299
-0.273 8.3689 0.113034729176
-0.3777 8.4115 0.704093495212
-0.5044 7.7189 1.30075520372
-0.9733 8.9322 20.1907383939
-9.1673 27.3855 0.419177921651
-9.3711 27.0192 1.19740557039
-8.4384 27.7701 16.2400998328
7.4169 31.2844 3.39246787015
10.3282 33.026 0.667606740529
10.9958 33.023 2.5474591773
13.5423 33.0929 0.525408050947
14.0672 33.116 1.7636028181
15.8143 33.3567 1.15293096064
16.8059 33.9449 2.32626836371
15.6374 31.9334 15.629779628
12.4973 16.6223 5.93558361494
15.2871 21.8614 11.1460243248
22.3611 30.4749 3.34966881049
24.8944 32.6664 1.85789130199
26.5797 33.4484 0.44146457389
27.0178 33.5028 1.03314785486
28.0378 33.6671 0.331469470691
28.0883 33.3395 1.41255768732
27.1924 32.2474 4.4579011474
28.2066 27.9064 1.94936092092
30.0486 28.5444 1.04184218575
30.0753 29.5859 0.692907526298
30.7275 29.8199 0.770863574182
31.4352 30.1255 2.20823264173
33.5326 29.4347 3.70654192071
37.0791 30.5121 3.27403401937
40.1861 31.5445 1.59449673879
41.4758 30.6069 1.23716227715
42.0207 31.7176 0.395698925953
41.9599 31.3266 1.3315303226
40.9297 32.1702 0.340821976991
40.7778 31.8651 0.251531807134
40.5938 32.0366 1.4910513908
41.7446 31.0885 4.97781163163
41.1654 26.1445 11.5091935191
40.3309 14.6656 0.611167800199
39.7212 18.2211 15.8351822629
26.4253 26.8218 0.994452236158
25.431 26.8392 0.876821538285
24.5786 27.0447 2.6491230549
21.9686 27.4983 2.74022496339
19.2287 27.4561 3.14327133573
16.0857 27.4974 3.85482545
12.2674 26.968 3.9663199228
8.3056 26.7787 2.87938213685
5.4274 26.8612 3.71803396031
2.3401 28.933 5.81314485025
-3.4716 29.0626 2.18636527826
-5.6163 28.6378 2.82210942559
-8.4143 28.2697 0.623664340812
-9.0223 28.1308 10.8029250354
-10.7517 17.4672 8.92604392774
-12.1949 26.2758 2.17576249853
-14.3676 26.3912 1.15261172994
-13.439 27.074 1.17629379408
-14.534 27.5037 2.46070317186
-16.6987 28.6738 1.79761664434
-17.5701 18.201 0.919107855477
-18.4892 18.1972 2.59102789834
-20.5918 19.7113 17.1921493758
-35.9622 27.4133 11.3839266073
-47.1742 25.4423 3.47917421955
-49.0827 22.5333 9.78081274742
-45.3657 13.4863 20.4551735309
-40.9978 18.7139 21.2595191954
-21.7527 9.681 9.1718853051
-12.6085 8.9689 7.57238982885
-5.0429 9.2895 6.92229320746
1.8761 9.503 4.03002645773
5.898 9.7588 0.738333705041
6.6159 9.5863 0.449020678811
7.027 9.4057 0.32382237415
7.3472 9.3574 0.228905613736
7.5739 9.3257 1.44128154779
8.671 8.391 2.44872469053
10.894 7.3641 1.19753179916
