0.0 0.0 7.06634295375
-2.7735 -6.4993 13.4375165875
2.5575 -18.8341 1.44238442865
2.9603 -20.2191 0.941200069061
3.5502 -19.4857 14.0162013602
13.5058 -9.6196 0.466939396496
13.8 -9.9822 10.9842831173
15.0906 -20.8904 7.54935345576
19.4214 -27.074 3.86993956671
22.365 -29.5863 4.03740126814
24.993 -32.6513 0.778006484549
25.751 -32.8266 1.58842896599
27.3213 -32.5873 2.714896952
30.0308 -32.7584 0.787343343148
30.8143 -32.6807 3.50789380113
34.3219 -32.6353 1.46050609379
35.7821 -32.6652 2.17475296298
37.9182 -32.257 3.57735751918
40.0251 -29.3659 0.858143216485
40.1764 -28.5212 0.795130844578
40.2273 -27.7277 0.720726945521
40.2876 -27.0095 0.571781890234
40.2079 -26.4433 0.194929653978
40.254 -26.2539 0.516188841414
40.3876 -25.7553 1.20040739751
41.17 -24.8449 6.33246035755
39.9803 -18.6252 7.67900631918
0.0 0.0 2.03736748772
1.6918 1.1352 0.243225163172
1.804 0.9194 1.21345605606
1.1686 -0.1144 4.53073500108
-0.3183 -4.3942 1.75876256783
-1.9119 -5.1383 0.987661561467
-2.8939 -5.2439 0.920811473647
-3.809 -5.3463 0.828931945337
-3.1914 -4.7934 1.30387018142
-5.2717 -34.0 7.08667090036
-9.4983 -28.3117 3.32570661665
-7.334 -30.8368 0.416428721392
-7.3478 -31.253 0.582388633131
-6.9002 -31.6256 0.141299433828
-6.879 -31.4859 2.15363863496
-5.4031 -33.0543 1.04539834035
-4.4531 -33.4906 0.570521524572
-3.8936 -33.379 1.07289028796
-2.8662 -33.0699 3.67155063972
0.8051 -33.1128 0.733544954314
1.4669 -32.7964 1.05258053374
2.5192 -32.8207 2.8637335089
5.1567 -31.7051 5.86936772489
11.0257 -31.6394 0.826833114963
11.8525 -31.6468 0.809414387073
12.6611 -31.6105 0.402219852817
13.0551 -31.5296 1.63146665611
14.6834 -31.428 3.30477577
17.7451 -30.184 3.6999746864
20.4319 -32.7278 0.61167005812
21.0418 -32.6813 0.751576908906
21.785 -32.7932 2.56348892137
24.2874 -33.3495 1.50132942754
25.7887 -33.3589 3.95647867301
29.6905 -32.7034 1.87367147601
31.5493 -32.4678 3.83247975207
35.376 -32.2574 0.713133662086
36.0301 -31.9733 0.59893245863
36.5773 -31.7298 0.998738969902
37.4996 -31.3466 2.32815931585
39.7474 -30.7402 1.15974502801
39.9336 -29.5955 2.42460431411
40.3924 -27.2147 0.52087511939
40.4516 -26.6972 1.32488185888
40.6529 -25.3877 0.413876551643
40.4857 -25.0091 0.338640945546
40.3494 -24.6991 0.497605074331
40.1834 -24.23 0.168589827688
40.1997 -24.0622 0.117155964424
40.2111 -23.9456 5.75017279219
39.4494 -18.2461 9.36534766573
42.6244 9.9155 11.5551787303
31.1194 8.8398 9.41633307026
22.0362 11.3223 19.4089305682
8.7404 25.4619 3.41220154446
5.3681 24.9416 5.10893981957
2.4289 29.1204 5.1379735227
-2.5697 30.309 4.61700643383
-7.1742 30.6486 3.37115052319
-10.4578 31.4119 2.20877360768
-12.6556 31.6318 1.45064466014
-14.0829 31.891 0.594062841794
-14.63 31.6595 0.100711965525
-14.6209 31.5592 1.4864741101
-13.7821 32.7864 0.561696448271
-14.3434 32.8075 0.240639834608
-14.5486 32.6818 0.926837553188
-13.6434 32.4827 0.822878557261
-16.791 19.8461 0.749131984366
-29.6908 11.3046 0.40069086588
-29.6259 11.7 25.2735219611
-13.9335 31.5116 3.25435321992
-10.9003 32.6908 2.46367988383
-9.1244 30.9832 9.57521009378
-10.6891 21.5367 0.318927656374
-10.3789 21.4626 0.887418937143
-9.9388 22.2332 10.0364196151
-4.9575 30.9462 8.67079132836
3.6424 32.0527 9.10075601255
-1.3664 24.4543 0.278288213908
-1.6327 24.5351 1.27065540569
-0.5687 25.2297 10.6860168089
8.6195 30.6857 4.34233761585
12.2286 33.1003 1.17467299705
13.4029 33.1299 0.787606157924
14.1534 33.3688 1.0945352484
15.2444 33.4567 0.985561388245
16.2299 33.4677 1.16401206609
17.3939 33.473 0.876227561767
18.2694 33.4373 0.803020105601
19.0717 33.4033 3.73301811006
22.7878 33.0483 2.31140418793
25.0992 33.0527 1.39923603799
26.461 32.7312 0.824299781633
27.2848 32.7599 0.964445172107
28.2228 32.5356 2.11911432915
30.2863 33.0179 3.7895716816
34.0431 32.5206 4.55246250836
38.4971 31.5789 0.66155404919
39.0147 31.1669 2.85783075951
41.5188 29.7897 2.93974959478
40.1416 27.1925 3.21250569027
39.6457 24.0185 1.09207524008
39.8505 22.9458 1.13271868529
39.1074 23.8007 1.16467001764
39.5541 22.7251 7.89719028516
40.0809 14.8455 4.82556684028
40.5227 19.6508 0.0
40.5227 19.6508 0.770747461884
40.4056 20.4126 1.1847960584
40.7377 19.2753 7.73534031572
41.5109 11.5787 3.35514501177
0.0 0.0 1.98754057066
1.7074 1.0174 0.190036733291
1.521 0.9804 0.636942148079
0.8989 0.8437 0.594353379733
0.3124 0.7474 1.73950540672
-1.3331 1.3115 1.34401923349
-2.592 1.7822 2.89308284707
-5.196 3.0428 1.06372692454
-4.6244 2.1457 17.6014407422
12.5918 5.8081 0.169393772022
12.4325 5.8657 5.55550081001
7.3055 3.7262 0.309121739773
7.401 4.0202 0.421944759418
7.4907 3.6079 0.828344741035
9.5672 19.3241 8.60791643314
11.2394 9.7886 35.8998381101
44.0442 24.3709 0.101428842052
44.1108 24.4474 0.955753880452
43.1646 24.3126 26.6791461762
16.7584 28.1191 0.946073068003
15.8175 28.2179 0.824791719163
14.9928 28.2302 3.0998467075
11.9183 28.6258 5.12701092743
6.7991 28.3429 4.6015602756
2.1992 28.2193 3.91799536115
-1.7182 28.2876 2.86692670642
-4.5257 27.7069 3.08136555767
-7.5554 27.145 1.98756340528
-9.5352 26.9695 8.77881448488
-11.5478 18.4245 0.570331842001
-11.0374 18.679 0.31560193282
-10.9271 18.9747 1.06241583196
-11.9863 18.8921 17.0918663609
-17.8982 32.56 0.258742284909
-17.6551 32.6486 0.478542673123
-17.2861 32.3439 0.383001305481
-16.9791 32.1149 1.6720522121
-15.4725 32.8401 0.540485790748
-15.1317 32.4206 0.413286946322
-14.875 32.0967 0.375752737848
-14.5774 32.3261 0.572269595558
-14.0494 32.5468 0.478852346763
-13.582 32.6509 0.283664749308
-13.3095 32.5721 0.600492681054
-12.7134 32.6446 0.486550685952
-12.3935 32.278 1.05676353552
-11.4441 32.7421 0.565086630527
-11.122 32.2778 2.18207156849
-9.2733 31.1186 0.905387900295
-8.383 31.2832 0.709134860235
-7.6929 31.4464 3.00013313371
-4.6928 31.4605 3.5407111602
-1.2264 30.7389 3.44137698603
2.1726 30.2005 2.77538693699
4.0458 32.2484 0.621831697487
4.6353 32.4463 2.3757355682
6.9246 33.0813 0.998854143506
6.317 33.8741 0.451097472837
6.6728 33.5968 7.0963219445
13.5311 31.7743 8.43170822847
15.3124 23.5329 2.10372432605
17.4154 23.4777 0.25047708478
17.4593 23.7243 0.608261234997
17.3606 23.1241 1.3182248708
18.6447 23.4221 7.19911397951
22.0375 29.7716 2.71975143166
24.1403 31.4965 0.694999352518
24.8214 31.6348 2.09667075622
26.6815 32.6023 1.98832014525
28.6655 32.7333 2.93307822262
31.585 33.0152 0.641323389563
31.9638 33.5327 4.46526597864
36.4133 33.1578 1.8842091524
38.096 32.31 0.520753953418
38.5352 32.0302 1.22790037462
39.579 31.3835 2.54325806201
40.5529 29.0341 2.40709996469
40.5909 26.6273 1.39718067908
40.5413 25.231 0.37082493174
40.5026 24.8622 0.537401618903
40.4259 24.3303 7.08352461208
39.3177 17.334 0.738725185708
39.6346 18.0013 1.31180585454
39.8792 16.7125 10.687608893
41.3284 6.1236 0.54653799502
40.8711 5.8243 0.178172612935
40.7113 5.7455 0.0361809342057
40.6754 5.741 0.00735527021938
40.6701 5.7359 0.620724616879
40.9937 5.2062 1.16662823984
40.7928 6.3554 4.48830057037
41.1988 10.8253 2.87221471516
42.1152 13.5474 1.29041723873
43.0716 14.4137 1.20683893292
43.1002 13.2072 9.91493749854
42.4686 3.3124 0.0
42.4686 3.3124 0.839661104256
43.0525 3.9158 0.0
43.7883 0.5654 1.54969057557
45.0205 -0.3744 2.89339066322
44.4818 -3.2172 1.35688321163
43.8361 -4.4106 1.05652885431
44.8922 -4.4407 2.21180485577
42.8296 -5.2393 0.376059170876
43.1423 -5.4482 0.363940324779
43.2533 -5.7948 16.0925241006
36.0 -20.16 19.0868918502
18.7145 -28.2545 5.53558918725
13.1836 -28.4823 3.13316087362
10.0531 -28.6114 3.68651680588
6.3801 -28.296 2.19681039919
4.1909 -28.4787 4.05468384957
0.1473 -28.7783 3.79111477669
-3.6437 -28.7488 2.05026810198
-5.6864 -28.9248 3.20573380835
-8.845 -29.4725 1.98042445198
-10.8051 -29.7555 2.02533707071
-12.8226 -29.9335 3.79320624934
-15.1369 -32.9389 13.310626838
-46.3152 -34.0 16.7032367573
-40.5763 -18.3136 0.897979253658
-40.9518 -19.1293 4.89890541448
-44.4917 -22.5158 0.441834912609
-44.382 -22.0878 2.61478998201
-41.7967 -21.6962 8.62798678314
-37.202 -14.3934 3.97398734019
-40.0257 -17.1897 2.28265963516
-37.7583 -17.4532 1.24230534491
-37.0379 -16.4411 6.21854252378
-34.4433 -10.7897 2.64663072793
-31.7972 -10.8427 1.03265464217
-31.9177 -9.8171 17.6889732107
-21.638 4.5783 19.6670507072
-12.7096 22.1019 0.702516120811
-12.0717 21.8076 0.46102825293
-11.6254 21.692 1.8429619855
-9.9612 20.9002 1.90124406639
-8.1796 20.2364 3.31365943482
-4.8943 19.8038 11.6772456089
2.6887 10.9237 0.732896677575
2.3022 11.5464 8.26424035105
-1.2025 19.0307 5.10816814524
3.1839 21.6485 2.451606922
5.6238 21.4092 0.580146748677
6.1935 21.2996 0.283816507624
6.4401 21.1591 0.211395837234
6.6205 21.0489 0.300052062149
6.8665 20.8771 0.361270328148
7.2261 20.9118 0.359601585091
7.5724 20.8149 0.703095164256
8.2439 21.0233 13.0678539757
9.7847 34.0 6.177690647
13.2705 28.8997 2.19580711812
15.1564 30.0244 0.214021027004
15.3294 29.8984 0.151161271495
15.4507 29.8082 1.63054210004
16.553 31.0097 3.48650822027
20.0384 31.0976 0.592504548506
20.5654 31.3684 1.12853654349
21.6342 31.7307 3.25288724828
24.7418 32.692 3.64469101022
28.3852 32.789 2.41274959538
30.7457 32.2896 3.50690116485
34.066 31.1609 0.801898958722
34.8375 30.9422 3.9545568753
38.4433 29.3184 0.627042048032
38.847 28.8386 0.545939044216
39.1782 28.4046 1.49810667511
40.0842 27.2115 8.95581644799
33.8743 20.7583 1.44133275131
34.3456 19.3962 9.67408021933
38.6984 10.7567 0.52513977187
38.8611 10.2574 9.46601333456
37.5045 0.8891 0.772646782172
36.8601 1.3154 0.406735786476
37.2551 1.2184 0.266621548266
37.4627 1.0511 0.616668865762
41.4285 -5.864 0.74515755381
42.0492 -5.4517 0.681769755856
41.4614 -5.1063 0.52143068571
40.9414 -5.1449 0.071331970392
40.8778 -5.1126 1.7086787059
42.5864 -5.129 0.246550684444
42.6704 -4.8972 0.485199227122
42.6106 -5.3787 0.236345382862
42.4523 -5.5542 15.9675160539
36.0 -20.16 21.3033868448
16.7241 -29.2305 4.59777973592
12.395 -27.6818 6.50347807023
5.91 -28.1717 5.27279897777
0.6391 -28.0302 8.13543756475
-7.4875 -28.4093 3.68195014904
-11.0532 -29.3272 0.69272985355
-11.0288 -28.6349 1.01556885045
-11.3803 -29.5877 0.572399248777
-11.6086 -30.1126 0.245669635893
-11.4465 -29.928 2.46735010284
-12.1943 -32.2793 1.82102819857
-24.9717 -31.7405 1.50120924591
-26.3939 -31.2599 1.13688638395
-25.6103 -32.0836 3.39346844541
-22.2708 -31.4808 1.65380033257
-20.6685 -31.8903 0.612840484955
-20.2574 -31.4358 1.07424198391
-21.0146 -32.1978 0.592723021318
-20.4899 -31.9221 2.87566103183
-17.8048 -32.9515 3.07231574549
-14.7346 -32.8375 0.543258732097
-14.1924 -32.8036 1.26682851641
-12.9256 -32.8121 2.90063411343
-10.0855 -33.4016 1.20685840512
-8.884 -33.288 2.49698688823
-6.4944 -32.5636 3.09180087328
-3.5424 -33.4828 2.56351382481
-1.7587 -31.6416 3.64012946061
1.6945 -32.7931 0.550905445608
2.1665 -32.509 0.438660472347
2.5391 -32.2775 2.4979150506
5.0233 -32.5389 3.08305732999
8.0648 -33.0434 0.656107925573
8.7153 -33.129 1.16536949076
9.831 -33.4656 3.37142240012
13.1246 -32.7454 1.58485189529
14.5389 -33.4606 0.235996016916
14.5115 -33.695 0.249631448339
14.761 -33.6869 0.104636179212
14.7063 -33.7761 11.6599077869
6.5431 -25.4505 16.212572406
-8.873 -20.4314 0.541442896343
-9.1735 -20.8818 0.948623871722
-8.256 -21.1228 4.28397659424
-3.9725 -21.0589 1.71124231189
-2.8238 -19.7905 8.29178589328
-0.7301 -27.8136 0.392699032339
-1.0228 -27.5518 8.59181056646
-3.6069 -19.3578 8.67018992468
-0.3071 -27.3755 2.38293682669
2.0123 -27.9221 4.15558492754
5.6626 -29.9081 1.83449078766
7.4804 -30.155 5.47063287015
12.9492 -30.0134 4.19201097446
15.8747 -33.0158 2.62951223804
18.5037 -32.9639 2.48224327776
20.9557 -33.3502 2.2802279272
23.2229 -33.1068 3.80164525568
27.0226 -33.2284 3.85382307067
30.8761 -33.2783 1.81781558196
32.5943 -32.6848 4.31289446428
36.9022 -32.4773 1.22727230067
37.8731 -31.7266 1.39714128849
39.0984 -31.0553 2.87103747276
40.5028 -28.5512 0.827899154487
40.2954 -27.7497 0.327000061162
40.2956 -27.4227 0.359848815477
40.333 -27.0648 0.772229765031
40.9445 -27.5364 0.469812739291
40.8485 -27.0765 8.85532155147
39.5752 -18.3132 1.15983837667
39.8977 -17.1991 9.51966036001
39.9316 -7.6795 0.571409065381
40.4652 -7.4751 3.03964566356
42.6628 -5.3751 1.16144221122
0.0 0.0 1.93338120659
-0.8208 1.7505 1.30398513028
-2.1247 1.7654 0.630562613862
-1.9807 1.1515 1.3825828185
-2.0301 2.5332 0.611659725665
-1.9078 1.3053 0.935687474534
-6.2813 2.1418 0.812292865905
-7.0934 2.1595 0.212601646278
-7.1329 2.3684 0.927338870101
-7.3552 1.4681 1.10808268645
-6.4702 0.8013 1.24635398262
-6.1101 1.9945 10.479587114
-12.6989 -6.1547 0.547764338014
-12.1905 -5.9508 2.01815994659
-10.1734 -6.0162 0.39962707616
-9.7988 -5.877 0.2766780078
-9.5824 -6.0494 1.52829043379
-10.7222 -5.0313 0.15587703487
-10.6183 -4.9151 2.1040073883
-8.8433 -6.0448 0.235541100447
-8.6078 -6.0492 0.564171826663
-8.1771 -5.6848 1.58560106584
-6.6228 -5.9983 2.63067234752
-4.0112 -6.3145 10.5499743417
6.3319 -4.2355 1.24539966677
7.5771 -4.2578 0.539376899765
7.7941 -3.764 1.21522877682
7.5024 -4.9437 0.2185740378
7.3126 -3.745 15.6894737279
-5.2143 -13.1915 0.280431809893
-4.9377 -13.1453 1.38879120101
-5.2837 -11.8003 1.51488632247
-5.6461 -10.3294 1.09255133518
-6.288 -11.2135 5.27664550448
-9.8903 -15.0692 0.369155644681
-9.5238 -15.1134 0.809483637883
-8.9368 -15.6708 0.23362450642
-8.7472 -15.5343 0.154167084684
-8.6765 -15.3973 0.745553841114
-8.0603 -15.817 1.33022849917
-7.0172 -16.6425 2.23045205508
-6.1546 -18.6994 2.78233888123
-5.3152 -21.3521 0.776644352326
-4.8426 -21.9684 2.57978495228
-3.2542 -24.0012 18.5349536978
13.4275 -32.0799 0.804241418978
14.209 -31.89 0.783767235855
14.9792 -31.7448 5.34932796153
20.2734 -32.5108 5.21301044791
25.4066 -31.6021 8.98660445608
34.3184 -30.445 4.73888770599
38.8271 -28.986 0.534555563062
39.2104 -28.6134 1.23080933129
40.1164 -27.7803 0.34433560664
40.3638 -27.5408 0.309237465389
40.6648 -27.4699 0.229132036171
40.8866 -27.4124 0.140600177809
40.8791 -27.272 0.331882644921
40.8438 -26.942 0.61712016658
40.5949 -26.3773 0.59661801012
40.4336 -25.8029 0.352622177408
40.372 -25.4557 0.935235692219
40.6836 -24.5739 0.547301050611
40.5166 -24.0527 0.577988529298
40.4123 -24.6212 1.11186330095
39.6443 -23.8172 6.00632601929
40.108 -17.8288 7.80867663884
40.5026 -10.0301 1.10859713151
0.0 0.0 2.10199685299
1.5534 1.4161 2.77785144491
-0.4293 3.3617 2.34246581619
-2.6766 4.0226 1.2043294981
-3.7939 4.4721 2.43978075244
-6.0213 5.4677 2.28011863946
-6.2462 7.7367 18.7524427102
-12.1084 25.5493 3.34034611979
-14.744 27.6015 2.94770490043
-17.1297 29.3328 3.6487736707
-20.5726 30.5411 2.4138827312
-22.7104 31.6621 2.74949754319
-25.4549 31.8278 1.26937402289
-26.3945 32.6813 3.29806096972
-29.6599 32.2183 3.29285063433
-32.835 31.3456 2.78315034808
-35.5319 30.6581 0.814538329362
-36.3144 30.4319 4.95276790997
-41.261 30.679 5.73825060885
-46.9768 31.1861 3.19397558068
-48.9969 28.7121 2.72741380982
-51.0369 26.9018 1.60199786829
-47.0854 17.8 13.7979419266
-46.4244 4.0179 0.474514172602
-46.6561 3.6038 6.56199723865
-40.2087 4.8248 0.463326591078
-40.147 4.3656 0.559869565167
-39.6342 4.5903 0.898015055553
-40.1042 3.8251 2.21310486873
-38.0912 2.9055 6.99707303449
-43.3756 -1.6808 1.2396525481
-42.3416 -2.3646 24.8305881948
-27.1239 -21.9855 10.2198665965
-17.093 -23.9417 1.01007467546
-16.1772 -23.5156 0.795095698643
-15.3838 -23.4637 8.17846162551
-7.6158 -26.0221 0.504981979877
-7.6724 -26.5239 1.31342815563
-7.681 -25.2105 5.66958190081
-6.7128 -19.6242 8.09901834175
-9.4621 -12.0061 1.28672431002
-9.1504 -10.7577 13.312470353
-0.9903 -0.2394 36.1884842491
26.9286 22.7854 7.84349782814
34.5159 20.7971 4.01996933944
37.6494 18.2789 0.623638685458
38.0705 17.8189 1.8547664543
39.2727 16.4065 0.225664618405
39.4671 16.2919 0.335866416898
39.7686 16.1439 0.723647545425
40.333 15.691 1.6118695977
41.9116 15.3652 13.1301080822
36.5163 3.3948 1.3412357921
35.5939 4.3685 0.1946361991
35.7172 4.2179 1.09472042093
35.4116 3.1667 1.23181585069
36.5539 2.7057 13.9968240501
42.6269 -9.905 8.76023412587
33.9554 -8.6613 0.296152663334
33.673 -8.7505 11.6072876061
22.4509 -11.7159 22.6743261829
6.7668 -28.0907 4.97430847656
2.1549 -29.9546 2.27228472248
-0.1032 -30.2081 2.83888132369
-2.9413 -30.1415 6.81467217774
-8.5321 -34.038 0.450671687595
-8.832 -33.7016 4.51913043184
-13.3501 -33.7981 0.582146931625
-13.9229 -33.902 1.19677811644
-13.231 -32.9255 14.5582452847
-12.3981 -18.3911 0.771461599822
-12.9687 -18.9103 0.705182146683
-13.5318 -18.4858 0.918436377764
-12.9065 -19.1585 0.890720663283
-12.1112 -18.7574 0.861767979215
-12.9345 -19.012 10.8586090292
-17.6828 -28.7774 10.2091089293
-18.0556 -18.5751 16.0228356719
-21.2959 -6.1951 0.780916877779
-21.141 -6.9605 1.44280915231
-22.105 -5.887 17.6184853208
-23.384 11.685 19.4164817464
-8.533 24.1929 12.8977137048
-17.6671 15.0869 0.855751394974
-17.0704 14.4735 15.3321447753
-1.8609 12.5381 12.3365176598
-13.4623 16.733 11.4979128963
-2.0519 18.1489 0.210896491199
-2.2081 18.0072 1.50291345393
-0.9154 18.7738 0.679104601663
-1.5945 18.7763 0.847264964459
-2.3961 18.5019 1.04328148646
-1.4456 18.932 13.0069699565
7.4541 28.4176 0.521751051748
7.0201 28.128 8.71530173029
2.0396 20.976 0.329654425118
1.7198 21.056 7.69055789004
-4.6781 16.7885 8.87984324299
3.614 19.9654 0.512538281497
3.5865 19.4536 1.87941305731
3.2553 17.6036 11.9489458029
-0.8483 6.3814 0.714154360065
-0.1805 6.1283 2.20186214373
1.7866 5.139 9.80496064245
6.0128 -3.7084 0.299346772156
5.7321 -3.8124 0.777227283361
6.1464 -3.1548 1.59227787148
6.6695 -4.6587 20.1705230941
11.3845 -24.2704 2.76866461855
13.8301 -25.5683 0.297660343345
14.0003 -25.8125 0.351064467014
14.3254 -25.945 0.70010222825
14.8702 -26.3847 0.474922151515
15.1226 -26.787 1.79907830847
15.4502 -28.556 0.874415170271
14.5969 -28.365 3.1382271747
17.5875 -29.3162 0.786115926566
18.0483 -29.9531 3.11673262408
20.8732 -31.2699 0.47652628469
21.3143 -31.4502 0.351684816277
21.6658 -31.4388 0.922027206757
22.2687 -32.1364 0.399523728957
22.6398 -31.9884 0.354436228397
22.9008 -31.7486 0.11475225488
22.9866 -31.6724 0.142716852544
23.1275 -31.6497 0.18086553016
23.107 -31.47 1.61100988203
24.101 -32.7378 4.72462354585
28.7701 -33.46 1.26668986338
30.0321 -33.3511 2.71004775235
32.671 -32.7342 1.41452095778
34.0855 -32.7265 2.24026254042
36.266 -32.2125 3.39183783221
39.2428 -30.5867 0.524342807713
39.3045 -30.066 0.33542337426
39.3523 -29.734 0.542549407888
39.4792 -29.2065 0.62125328973
39.7909 -28.6691 0.657397855184
39.9244 -28.0254 0.668636403436
40.0486 -27.3684 0.493692313086
40.2229 -26.9065 1.59117573197
40.1324 -25.3179 0.276388024343
40.1629 -25.0432 0.358495481143
40.2655 -25.3867 10.1430356965
39.9622 -15.2482 1.23552018195
40.6856 -14.2466 7.08737172512
42.5247 -7.402 1.02415760994
41.5162 -7.5804 0.424108028691
44.7439 -10.8631 0.780934107336
44.2407 -11.4603 1.22537243318
43.8923 -10.2855 1.32327081506
45.2004 -10.4853 1.16575198906
44.2265 -9.8446 0.628018232219
44.0094 -10.4339 0.163125595784
44.128 -10.5459 0.698949640532
44.3264 -11.2161 0.268082524608
44.0882 -11.0931 0.0487603322384
44.1303 -11.0685 0.0878208403513
44.1958 -11.01 0.458893854829
44.0237 -10.5846 0.167200478468
44.1445 -10.469 0.0408905857136
44.1147 -10.497 0.0460838366458
44.0701 -10.4854 1.11044107453
45.1804 -10.5031 0.74622549541
44.7261 -9.9111 1.11572084322
43.9445 -10.7073 1.35835004693
45.2827 -10.9404 0.664967608234
45.3891 -10.284 1.01332428176
44.9198 -11.1821 1.26213195031
43.6957 -10.8746 0.812992718295
44.3061 -11.4116 0.708287829911
44.8999 -11.0255 1.20465632028
43.711 -10.8313 0.474997778942
44.017 -10.468 1.23041134992
45.2367 -10.306 0.734003876012
45.1002 -11.0272 1.38154112498
43.739 -10.791 22.8849837005
24.0819 -22.5094 0.412570151611
24.0017 -22.9141 1.32450030578
23.3012 -24.0382 0.97904584673
22.7581 -23.2236 15.5121085469
15.7142 -9.403 3.43372879826
12.3903 -8.5415 2.07136247431
10.6158 -7.473 1.77795968739
9.2562 -8.6187 5.13500735929
4.9399 -11.4004 6.42861485314
-1.3358 -12.7942 3.50419640003
-4.8398 -12.8313 1.83225200232
-6.2036 -11.6077 0.997985420735
-5.2779 -11.9806 0.666669880826
-5.5507 -11.3723 0.347218893495
-5.8143 -11.1463 0.457095176085
-5.6155 -11.5579 0.740443279394
-6.1439 -11.0392 1.43642757214
-6.7083 -12.3601 14.0631917039
0.0 0.0 2.05748571076
1.8984 0.7933 0.877287073882
1.0878 0.4578 0.48761858045
0.6006 0.478 2.83577657794
-1.9578 1.7012 2.3172235477
-4.1569 2.4316 0.334475365311
-4.0058 2.1332 0.108438784575
-4.1142 2.1303 2.22431998822
-4.4037 4.3357 1.07474741219
-3.7447 3.4867 0.543944638727
-4.2611 3.3158 1.52215410521
-4.6315 4.7922 2.36876424534
-5.5193 6.9883 2.91416058926
-8.1756 8.1868 0.274039212523
-8.3474 7.9733 1.24707307324
-7.1465 7.6371 0.463564677257
-7.1779 8.0996 0.49153869634
-9.0162 7.288 10.0014876119
-13.9668 -1.4023 0.719248364614
-13.2478 -1.3834 0.961109176941
-12.2867 -1.3876 1.71346583567
-10.6081 -1.7315 2.19121552112
-8.417 -1.754 2.05545933796
-6.6695 -2.8362 9.74289554342
3.0659 -2.4541 1.08121067327
3.9535 -3.0715 37.0221686953
31.5894 -27.7068 6.59535134849
38.0623 -28.9718 4.73321760539
41.186 -25.4157 1.80975486738
42.5528 -24.2295 1.4954487253
42.1136 -22.8 0.502983995769
42.0967 -22.2973 6.45123399049
39.5604 -10.4365 0.40031513836
39.3354 -10.1054 6.17417931793
43.5555 -5.5986 0.982864186956
44.243 -6.301 1.07314474793
44.2528 -5.2279 4.86770366395
43.2114 -0.4729 3.17890917769
43.0348 2.7011 0.807777518875
42.5544 2.0517 14.4604913779
33.8636 -9.5058 20.0692039755
18.9851 3.9628 22.4934249453
10.7162 24.8812 5.21044708446
5.5083 25.0441 1.21752448025
4.3738 24.6022 4.30983537621
0.5714 26.6311 3.49423822027
-2.8011 27.5454 4.44855539361
-6.9733 26.0019 3.1170081697
-9.125 23.7467 2.91406143038
-12.0371 23.6398 1.58252704874
-13.4752 22.9793 2.51751633361
-15.6359 21.6873 1.82317514518
-17.0615 20.5508 1.51246504092
-18.546 20.2613 1.44676046739
-19.6912 21.1454 1.32718030802
-20.3286 19.9813 2.17498690801
-21.95 18.5316 0.657170305172
-22.5084 18.1851 0.720499666898
-23.1148 17.796 2.80009529302
-25.8774 18.2527 0.446526147051
-25.7926 18.6911 0.845342374426
-26.1508 17.9254 6.15294152824
-30.7192 13.8037 1.1332917409
-31.8508 13.8656 5.36661441227
-36.8508 11.9161 3.53212552721
-40.2265 10.8766 1.10493929698
-40.3823 11.9705 1.16037621916
-41.2232 11.1709 3.69090845457
0.0 0.0 7.26561324184
-2.1257 6.9477 0.175525183378
-2.1087 6.773 1.41283166018
-1.7076 8.1277 0.780057414554
-1.523 7.3698 25.6447434413
7.3226 -16.7011 0.862615632828
8.0348 -17.1878 5.09660582447
12.015 -20.3711 6.67595782266
17.6372 -23.971 6.821633602
23.2102 -27.905 1.00299762712
24.1172 -28.3332 4.35132449376
27.6246 -30.9085 6.92505577234
34.2415 -32.9513 3.82380910742
37.9418 -31.9873 2.16648982919
39.1735 -30.205 0.875827163315
39.5386 -29.4089 0.795573610673
39.8887 -28.6945 0.73668181734
39.9338 -27.9592 0.717763749433
40.011 -27.2456 2.0096552366
40.0259 -25.236 0.956972496992
40.6253 -24.49 0.356808758301
40.6921 -24.1395 0.26484555877
40.622 -23.8841 0.281265301806
40.5489 -23.6125 0.324320643808
40.4647 -23.2993 0.449618916417
40.1206 -23.5887 6.84943711848
39.5766 -16.7609 8.87214296605
0.0 0.0 1.91730718718
0.9829 1.6462 0.162444636723
1.0104 1.8063 1.39425914377
-0.3196 1.3879 1.17338982866
-1.4909 1.3179 2.77659443203
-4.2489 1.6387 1.29491743752
-3.4958 0.5853 0.534840022811
-3.431 1.1162 8.88057821654
0.7045 8.9751 0.715046320178
0.1245 8.5569 2.11682778232
-1.5724 7.2914 4.24208124628
-5.0757 4.8993 4.37968704361
-6.7515 8.9457 16.0073246225
-11.3366 24.2823 2.03995444312
-13.3688 24.46 6.1264547048
-15.7121 30.1206 0.840526810994
-15.3295 30.869 0.903659869641
-16.1291 31.29 3.56232037442
-19.673 30.9282 0.927557221955
-19.0902 30.2066 7.36367119853
-24.6391 33.8644 0.870809944821
-25.5051 33.773 2.32819538914
-25.0007 31.5001 2.57347654545
-22.4315 31.6484 11.251022454
-21.416 20.4433 0.878772928577
-22.2185 20.8014 0.48477700028
-21.7342 20.8229 1.32252936451
-20.4376 21.0835 1.10449602082
-19.3465 21.255 1.65598244254
-17.6913 21.3059 0.521574932296
-17.3542 20.9079 1.4640375166
-16.3385 19.8535 0.648094020957
-15.776 19.5316 0.3600674659
-15.4823 19.7399 0.450368571284
-15.0471 19.8558 0.331682453561
-14.7877 20.0625 2.03777105682
-12.9845 19.1133 2.91048771343
-10.2793 20.187 0.333614508078
-9.9843 20.3428 0.247544945414
-9.764 20.4557 0.611295182379
-9.2036 20.6999 0.983998099592
-9.1161 19.7198 1.26715948483
-9.4191 20.9502 10.2229510871
-4.8373 30.0889 1.1205889746
-4.7216 28.9743 15.9776124227
-3.0393 13.0855 12.584788566
1.7472 1.4465 18.5902012751
4.5923 -16.9247 0.257066722856
4.6534 -17.1744 1.01061670281
5.5028 -16.6268 1.13141486644
4.3714 -16.6326 8.04136743098
-3.5836 -17.808 9.88577902697
-5.9287 -8.2044 2.69502599802
-3.2895 -8.7501 8.55033454141
3.5324 -13.9047 0.544506988018
4.0759 -13.8716 1.2746090381
5.3101 -14.19 0.673632674386
5.9484 -13.9747 2.10985029327
8.0535 -13.8332 6.25351459341
11.6181 -8.6951 0.873140091852
12.4362 -9.0002 0.234595247181
12.4169 -8.7664 1.13262732176
11.6912 -9.636 0.276476490863
11.5001 -9.8358 0.39333498446
11.1172 -9.7458 0.53253784842
11.6442 -9.6692 0.884231807842
12.4357 -9.275 0.389318186064
12.7261 -9.5343 0.807064458392
13.3891 -9.0741 1.05994997995
14.3927 -8.7331 1.63854769842
15.2467 -10.1315 5.15139943899
16.521 -15.1228 9.73605832409
20.4547 -24.0288 0.567509691547
20.9698 -24.267 1.91257666252
21.6548 -26.0527 2.39096223517
22.5663 -23.8423 1.74408520721
24.3074 -23.7403 0.419123967341
24.3721 -23.3262 0.777116239696
25.0512 -22.9484 1.86542365429
26.3333 -21.5934 1.02797949882
27.149 -20.9678 0.463302849117
27.5918 -20.8315 1.06093608667
28.4211 -20.1698 1.57387560182
28.6326 -18.6102 6.68714309253
31.3083 -12.4817 1.14544098495
32.4532 -12.5169 1.50634397798
33.8509 -11.9552 0.328847213763
34.0741 -12.1967 0.73502823075
34.7886 -12.0242 0.206850912495
34.9063 -11.8541 0.00988584847142
34.9076 -11.8639 0.0531278646286
34.936 -11.9088 0.0942215474294
34.9843 -11.9897 0.422957610169
34.6658 -11.7114 4.28608045188
33.3868 -15.8022 2.66801860751
34.5916 -18.1827 2.85278800649
36.2011 -20.5381 0.431578138927
36.5099 -20.8396 0.298900200736
36.5461 -21.1363 0.837835115044
35.9313 -21.7055 0.241214365244
35.7507 -21.5456 1.31410137356
35.7488 -20.2315 0.455100703142
35.7496 -20.6866 0.197455058178
35.9435 -20.7239 0.824091918417
36.3278 -21.4529 3.37060519788
39.3804 -22.8821 0.37932404353
39.5352 -22.5358 0.941609897994
39.733 -23.4564 2.25540805177
41.2868 -21.8216 1.14336504232
41.9997 -22.7155 0.697024648058
42.2353 -22.0595 1.95048513196
40.6492 -20.9243 0.935848160761
40.7995 -21.848 0.496080739396
40.7452 -21.3549 10.0365497388
39.6673 -11.3764 0.356414646164
39.4777 -11.6782 0.627637937031
38.896 -11.9139 0.48113617615
38.6361 -11.509 0.0978272456936
24.7393 -34.0 18.1880186464
24.4821 -15.8138 0.18048872541
24.4408 -15.9895 1.67869152914
24.0086 -17.6116 0.396370344501
23.931 -17.2229 0.66211362318
24.2071 -17.8247 0.971905864783
25.1761 -17.7496 0.963149650885
24.7275 -18.6019 1.91652953278
23.2919 -19.8716 3.21960906012
20.3734 -21.2311 17.3322922215
5.5012 -30.132 4.23188162405
1.288 -30.5292 3.79978255299
-2.4968 -30.8663 3.9729719254
-6.4684 -30.9707 3.1036205712
-9.572 -30.982 3.79671220137
-13.3647 -31.1565 3.03181929706
-15.8163 -32.9402 0.827404471827
-16.6033 -32.6848 12.9097377851
-12.1951 -20.551 4.31775289358
-16.4253 -21.4161 3.78357660686
-20.2018 -21.1848 2.05089346383
-22.2422 -20.9776 1.92155685058
-24.0265 -20.2644 1.44881720724
-25.3542 -19.6845 2.2979532567
-27.4311 -18.7011 2.58591441854
-30.0168 -18.7344 1.36869088548
-30.5525 -17.4749 2.43650586086
-31.7534 -15.3549 15.4061116606
-28.9071 -0.214 0.659986969568
-29.3897 0.2362 2.52916060779
-31.796 -0.5425 3.28774905673
-32.7191 2.613 13.8525440238
-37.1618 15.7338 16.3314091303
-49.6141 26.3005 3.07109112369
-50.8446 23.4867 0.364372131207
-50.4885 23.5639 10.6909946951
-49.0872 24.616 0.927679308813
-48.4999 23.8979 1.28928158678
-49.2444 24.9505 3.24198413475
-46.2251 23.7697 0.876925247669
-45.7118 24.4807 0.5541233166
-45.9254 23.9694 6.5955155985
-41.2105 19.3574 11.7534836955
-32.8118 11.1351 18.1307106364
-23.4195 -4.3732 0.574739045133
-22.8516 -4.4616 0.960162366478
-23.1912 -5.3597 0.685980830636
-22.9295 -4.7256 14.4568257349
-9.7387 1.1907 21.0022280516
-7.208 22.0399 4.9436990857
-3.2719 19.0487 1.95400160952
-1.3849 18.5414 4.69956405212
3.2073 19.5402 1.90130473623
5.107 19.4621 1.3610217816
6.468 19.4698 2.95121242373
9.3881 19.8972 0.580290039549
9.9203 20.1285 1.56059350889
11.311 20.8366 0.845848715788
11.8783 21.464 1.66098007213
12.7749 22.8622 0.58076753525
13.2036 23.254 1.04258940144
13.9921 23.9361 2.52477465331
16.1514 25.2445 0.801364367813
16.8268 25.6758 1.59109689208
18.2504 26.3864 0.751055983266
18.9101 26.0274 0.712372725475
19.2182 26.6697 0.0540566369653
19.1648 26.6781 1.69556263523
20.8479 26.4729 3.62839444521
24.0239 28.2274 4.30590009406
27.641 30.5635 0.91042023264
28.5044 30.8523 2.88672956302
31.2765 31.6577 2.90118462873
34.1353 32.1518 3.51815671339
37.6532 32.1943 4.52897786261
40.3604 28.5635 0.584418009647
40.3084 27.9814 0.372354897913
40.3268 27.6095 0.279733051319
40.3225 27.3298 0.206915103364
40.325 27.1229 0.531799379466
40.1897 26.6086 0.264804833793
40.1913 26.3438 1.09523836675
40.5431 25.3066 0.969634704412
40.4342 24.3431 0.769784495817
40.3023 25.1015 0.475236036092
40.0943 24.6742 10.3296818702
43.92 7.6816 3.77344844141
43.4715 3.9349 0.311901779411
43.2151 3.7573 1.33774349185
44.5517 3.702 0.0
44.5517 3.702 0.895846638661
44.0771 2.9422 4.91023051597
42.3477 -1.6534 0.777801446386
42.1755 -0.8949 4.93358014022
39.1959 3.0373 0.378146215107
38.9919 3.3557 0.69028982319
38.3149 3.4905 1.39549139732
39.1567 4.6035 0.47934468809
39.5505 4.3302 1.2203003114
38.3987 3.9271 12.3679013102
26.4546 0.7172 0.430500789779
26.0284 0.6565 0.174526129849
26.0835 0.8221 3.88361504014
22.2008 0.9064 4.68891972313
17.5119 0.8928 4.46709892995
13.547 -1.165 0.716469099124
13.7971 -1.8364 1.15605462241
13.0501 -0.9541 20.624319766
7.6566 18.9525 1.5373848965
6.1962 19.4329 3.53475478357
2.6619 19.4896 1.96627359236
0.6959 19.4568 2.10191267659
-1.4058 19.4269 2.15580834955
-3.5616 19.4329 3.53610553717
-7.0915 19.2235 1.59690078903
-7.5742 20.7457 1.19111326078
-8.1436 19.6995 0.8839641452
-8.8167 20.2725 2.9656057071
-10.4306 22.7605 2.20319056824
-12.6244 22.9637 8.17750215775
-12.6819 14.7864 2.06758849146
-14.171 16.2208 1.97195888649
-15.8546 17.2475 9.91737472369
-17.8376 26.9646 0.956651415093
-18.6223 27.5118 4.48262238539
-21.8084 30.665 3.3358936329
-25.1407 30.8198 10.7246388382
-26.6252 20.1984 1.36127173628
-25.4759 19.4689 1.15979526642
-25.6844 20.6098 0.43722360412
-25.3496 20.3286 0.953797599074
-28.8214 14.4678 0.565705736227
-28.9941 15.0065 0.896386216985
-28.5825 14.2102 0.886009040586
-3.5987 -9.0957 2.36867909604
-5.9492 -8.8028 0.740173925507
-5.7052 -8.104 1.19635035838
-6.6999 -8.7687 15.5494209812
-12.708 -23.1105 0.383404225329
-12.7098 -23.4939 0.164750751136
-12.6453 -23.3423 2.87819829928
-15.4049 -24.16 1.99725454812
-17.2196 -24.9942 4.43830578938
-20.2838 -28.205 4.5093378871
-24.1131 -30.5863 3.16473076264
-27.2467 -31.0291 1.98762708021
-29.2296 -31.1661 2.85654007674
-32.0757 -31.4101 3.82892033085
-35.8274 -32.1752 14.483416764
-50.2984 -31.5756 3.09584201955
-51.4814 -28.7147 1.54626748333
-51.0706 -27.224 12.6341491277
-48.7675 -14.8607 25.515522956
-42.6269 9.9049 10.8365270696
-31.8411 8.8576 12.8515419417
-19.9019 13.6134 1.26469607812
-18.9495 14.4455 14.2608630777
-8.1129 23.7159 0.369533449095
-8.3013 23.398 0.920290416119
-7.5574 23.9398 1.16533940979
-8.6737 23.6053 15.7386714029
-21.5749 14.5906 8.39820077159
-16.5331 7.8742 14.8218715205
-6.1315 -2.6849 17.0739078421
-1.9265 -19.2329 0.593624670983
-2.0073 -18.6448 9.44487957837
-3.6693 -9.3473 0.604002003308
-3.0654 -9.3584 1.12708091103
-3.0361 -8.2317 1.10853036043
-2.9477 -9.3367 11.4245634809
0.8675 -20.1054 0.437237292554
1.0857 -19.7265 7.26698172627
0.1386 -12.5215 7.45573143293
-7.2858 -11.8387 1.0990733779
-7.2985 -12.9377 3.4846248636
-4.2623 -11.2277 1.48154487276
-4.6712 -9.8037 9.13290142397
1.4502 -1.8452 1.72275772237
-0.1102 -2.5753 7.01013683247
-1.8706 4.2102 1.74840595972
-3.6024 4.4506 2.36923714516
-5.9588 4.2043 0.238322155915
-6.1931 4.2479 0.693755288268
-6.1709 3.5545 1.21176505974
-6.1909 4.7661 18.532939135
-9.8142 22.9414 8.14540143455
-13.724 30.0871 3.83969931765
-17.1373 31.8457 2.64017760009
-19.7297 32.3457 3.1785286722
-22.9081 32.3171 1.16396578128
-21.8456 31.8418 0.697456185004
-21.9004 32.5371 1.34711166946
-23.2336 32.7302 0.826844417046
-22.4073 32.7002 0.655423603481
-22.1084 32.1169 1.05394197658
-37.6401 32.2042 0.305842966242
-37.9275 32.3088 1.4889142655
-36.9255 31.2075 0.983143677191
-37.2748 32.1265 10.8582095025
-30.1812 23.9057 3.09186335565
-27.0897 23.8583 1.21481161091
-25.8794 23.9629 1.56258069872
-26.1382 22.4219 7.9742733368
-29.0732 15.0074 8.40369601128
-22.2841 10.0546 0.290301670681
-22.1676 9.7887 3.14954587996
-19.0771 9.1817 1.29300800075
-18.7151 7.9404 11.9609186825
-12.0753 -2.0083 2.50015426724
-9.9009 -3.2423 2.35211301174
-7.552 -3.3652 1.40974842082
-6.1526 -3.5357 0.419404637552
-5.7334 -3.5226 2.22804955062
-3.5742 -4.0722 1.02370277913
-4.5969 -4.0269 9.17825873301
-12.3668 -8.9125 0.543422579582
-11.9027 -9.1952 7.84933778226
-4.0538 -9.1123 1.39311879249
-2.6664 -8.9862 2.98119013147
0.297 -9.3114 2.34990553427
2.6451 -9.2193 1.06443632031
2.9619 -8.2031 0.344692239541
3.1304 -7.9024 0.0958650092578
3.0721 -7.8263 3.21254221607
3.4764 -4.6393 0.933785842686
3.8964 -3.8053 0.377777924183
3.5964 -4.0349 15.6670160305
-10.2055 -11.4486 3.14198907223
-7.0642 -11.3828 10.3640136646
3.084 -13.4868 0.827351364295
3.0538 -14.3136 0.210226758525
3.1578 -14.1309 0.57538981569
2.7366 -13.7389 0.0766029372805
2.6861 -13.6813 1.25078857126
3.907 -13.9531 7.3939836002
10.6722 -10.9693 0.3484567405
11.0081 -10.8766 0.818331674812
11.0153 -10.0583 1.31574134996
10.733 -11.3434 14.5297655157
12.0767 -25.8109 0.703792270489
12.7217 -25.5293 2.63310861151
14.0277 -23.2429 3.01319678249
15.8863 -20.8712 2.15906882938
18.0452 -20.8982 0.666416866533
18.709 -20.8392 0.49392968123
19.1967 -20.761 0.217068030811
19.4065 -20.7053 0.401767706517
19.8013 -20.7798 1.63495102373
21.3219 -21.3805 2.35195706168
23.2878 -20.0894 1.5206592156
24.7752 -20.4057 0.51052281046
25.2847 -20.438 0.494777606607
25.7765 -20.4922 0.44574263875
26.1792 -20.6833 0.37758232215
26.4112 -20.3854 0.502988280182
26.9101 -20.4494 1.30060325234
28.2042 -20.5793 1.75174280361
29.912 -20.9692 0.443034107039
30.3549 -20.9801 0.416714782555
30.7213 -21.1786 0.478265668849
31.1991 -21.1575 0.616844178055
31.8146 -21.1982 5.1573093004
29.9517 -16.3891 0.52172776426
30.3112 -16.011 0.337826123916
30.568 -15.7915 1.03336593712
31.0226 -16.7195 4.83569790827
33.0721 -21.0994 0.639206734946
33.6799 -21.2973 1.22430940942
34.9042 -21.3021 1.59113003868
35.558 -22.7527 0.340126858687
35.8898 -22.6779 0.373950825644
36.1507 -22.41 0.556120823203
36.7053 -22.4511 0.451412992724
37.1538 -22.5023 2.04069900034
38.8478 -23.6402 0.745548522901
38.5072 -24.3034 1.2064975632
38.3738 -23.1043 5.84558945189
38.7288 -17.2695 7.62769379367
39.5394 -9.685 0.918825794153
0.0 0.0 1.9715800491
1.8617 0.649 0.467960137191
1.9247 0.1853 0.899160080297
1.0694 -0.0921 0.994102856851
0.0754 -0.1064 1.8243979966
-1.722 0.2063 2.4089016273
-3.6508 1.6494 1.02377036488
-4.4228 0.977 5.45099882315
-11.3834 20.7333 9.01929294346
-3.3732 16.5879 0.512743405613
-3.047 16.1923 1.21166055065
-1.927 15.73 1.53729437975
-0.9369 16.906 4.1657725382
4.3177 17.8013 20.5842969929
6.7797 27.8612 5.18723975251
2.1842 25.4552 10.0855330419
-2.3249 6.6096 2.52645202804
-4.6648 5.6568 1.04852906493
-4.3754 6.6646 0.0643951861555
-12.367 8.0334 0.387821982358
-12.3828 8.4209 1.28890229653
-11.0971 8.5117 1.67314445581
-9.4242 8.5403 0.126155776721
-9.336 8.4501 1.33975593673
-9.1254 7.127 13.9358011998
-15.1572 -5.4358 0.865748190873
-14.3239 -5.6706 0.849705654918
-13.4742 -5.6737 0.662362514036
-12.9133 -5.3214 1.74145556647
-11.9451 -3.8739 1.01322923862
-12.8258 -4.3749 1.11520761296
-11.9649 -5.0838 7.02346080576
-15.1469 -11.3451 0.942414229519
-14.3046 -11.7678 0.92830273618
-13.3765 -11.7484 0.780877480787
-12.6285 -11.5242 0.196025814627
-12.4339 -11.5006 0.0550313546989
-12.3877 -11.4707 0.606259952496
-11.9289 -11.867 0.433911350393
-11.5604 -12.0961 0.911708994142
-10.6584 -12.2288 1.69694979596
-11.9615 -11.1418 4.68709635595
-11.7831 -15.8255 0.707403661285
-11.0768 -15.786 0.460272788681
-10.6648 -15.5808 1.30735666518
-9.3736 -15.7857 1.62576525366
-9.8157 -14.2212 0.651639808483
-9.1657 -14.175 5.04237316053
-14.1354 -15.028 5.08498717501
-9.0625 -14.6776 7.85127569889
-3.1456 -9.5169 12.5790026727
-3.1374 3.0621 0.834217201932
-2.3229 2.8818 11.2350428308
6.6225 -3.9157 1.15357552419
7.7568 -3.7057 0.963506497124
7.0202 -3.0846 17.2633745939
-8.8529 3.7028 9.83482442802
0.3408 7.1956 0.977308717857
0.246 6.2229 0.788376826143
0.7251 6.849 8.8309736915
9.0346 3.8593 0.574508285406
15.7356 7.8996 0.935785210398
16.5856 7.5082 0.636167980961
16.0179 7.7953 10.0796414559
7.0907 12.4755 1.37762095295
6.3017 13.6048 0.688181444097
5.652 13.3779 2.09877221727
-8.9038 8.1518 8.76361631406
-9.3289 -0.6015 0.471732477152
-9.1761 -1.0478 10.6933359271
-8.9526 -11.7388 1.23798105397
-7.9579 -12.4758 25.6164677054
9.3262 -31.3825 0.833000960384
10.1324 -31.5921 4.21489760255
14.236 -32.5543 3.24694770053
17.4829 -32.5367 1.87618533466
19.3383 -32.8152 2.55901442942
21.8972 -32.791 3.68362817478
25.5389 -33.3452 1.48499415824
27.0232 -33.2998 2.22614596332
29.2488 -33.2505 1.48696242387
30.691 -32.8884 1.95739623991
32.546 -32.2636 2.9215361473
35.4325 -31.8125 1.5271518654
36.8976 -31.3816 1.9078492105
38.7051 -30.771 0.812475944259
39.3755 -30.312 2.09337261375
40.1468 -28.3659 0.593165238361
40.2264 -27.7781 3.04200536817
40.6519 -24.766 8.97667142431
39.9288 -15.8185 0.716953289971
39.9927 -15.1044 1.20226877611
40.0457 -16.3055 1.121719185
40.1745 -15.1912 9.89059355398
40.9731 -5.3329 0.955600439514
41.5947 -4.6071 0.863008951286
42.4393 -4.7844 0.84985493468
42.7247 -5.5849 22.8805437298
31.5711 -25.5628 5.69564074798
36.5384 -28.3496 2.66605514009
38.9589 -27.232 2.48585597531
40.3122 -25.1468 0.216722126235
40.443 -24.974 1.2728782267
41.3793 -24.1117 1.30730321272
41.6508 -22.8329 0.142090464142
41.7159 -22.7066 0.712685435518
41.0037 -22.7329 1.4242450702
40.9466 -21.3098 5.54645274838
41.0494 -15.7643 0.620626006545
40.7634 -15.2135 1.62585343743
39.4266 -16.1389 1.0922218868
42.1423 -7.9846 13.6370163324
36.0 -20.16 8.03518403647
29.4745 -24.8485 14.8000161909
15.4 -29.4255 3.9984361593
11.4356 -28.9049 3.83560241031
7.6 -28.9092 4.07133406269
3.5557 -28.4408 2.92121895961
0.6462 -28.1794 2.88137627185
-2.2349 -28.1395 3.22859002198
-5.4122 -27.5663 3.84125204849
-9.2361 -27.2016 3.25980712466
-9.0893 -30.4581 4.09795830262
-12.9669 -31.7838 9.56892137547
-13.3119 -22.2211 0.686698631133
-13.6754 -22.8037 3.20227407478
-16.6249 -24.0507 24.5118665075
-39.5901 -32.6199 10.6167833594
-50.2204 -24.2601 1.28512107601
-48.9877 -23.8968 8.51495272565
-41.2423 -20.3594 8.82759310005
-36.281 -13.0579 19.9685303015
-25.0594 3.4593 0.527100180231
-24.601 3.7195 13.8806966803
-11.7667 -1.5677 1.90729290095
-10.3781 -0.2602 3.93298773453
-6.5015 0.4034 7.35637377041
0.8466 0.0546 0.304964850434
1.1426 0.128 1.10296496771
0.4342 0.9734 8.89638922091
-3.1387 9.1208 1.21356448943
-2.4276 10.1042 17.7689590086
5.5172 25.9981 7.11141012458
11.0972 30.4067 4.16740584177
14.9321 32.0379 2.80380912332
17.6405 32.7631 3.14160126369
20.7724 32.5164 0.511428714485
21.2481 32.7042 0.489993081584
21.7312 32.7861 1.82545154962
23.4782 33.3155 2.63461292982
26.093 32.993 0.769460180906
26.8574 32.9049 2.44745043668
29.2704 32.4957 3.36744126749
32.6054 32.0294 3.75967834395
36.2099 30.9604 0.723581149561
36.8821 30.6926 4.62791843057
41.3667 29.5498 2.94201839729
41.0443 26.6255 2.05584327467
40.3772 24.6809 0.482580480335
40.2898 24.2063 1.28509338182
40.1458 22.9293 1.45938801557
40.5851 21.5376 12.177197182
41.4562 9.3916 30.3822100876
32.2587 -19.565 16.8609142771
17.1902 -27.1301 0.319922818817
16.8896 -27.0206 5.80780338941
11.0911 -27.3492 4.80826109524
6.3751 -28.2866 3.6691972419
2.7065 -28.3528 3.82557604159
-1.1189 -28.3895 3.44638682681
-4.5335 -28.8565 3.59366938101
-7.6444 -30.6556 3.36515077225
-10.9398 -31.3372 1.80345539451
-12.7278 -31.5728 10.2129159817
-14.0589 -21.447 0.59682627288
-14.0533 -22.0438 1.84840529105
-15.8587 -21.6474 2.94108108865
-18.7876 -21.38 2.03253321006
-20.8171 -21.491 1.40635189409
-21.798 -20.4832 1.04898499989
-22.8447 -20.414 0.221843954166
-22.8112 -20.1947 0.345263406691
-22.6511 -19.8888 0.160901522678
-22.7262 -19.7465 1.31007984489
-21.4871 -20.9171 6.11325045536
-25.6523 -25.3918 11.8177966174
-36.8118 -29.281 12.1579840915
-48.9192 -28.1731 0.180384533705
-49.0989 -28.1888 0.127054082973
-49.2246 -28.2073 0.0676266959122
-49.2922 -28.2054 0.054007129159
-49.3461 -28.202 1.02146702835
-49.8553 -29.0875 0.920917721623
-49.4216 -28.2751 0.160688643034
-49.5456 -28.3773 0.15406845881
-49.6653 -28.4743 14.7613254896
