0.0 0.0 8.46304199682
-3.3772 7.76 6.66272535829
-5.7918 1.5502 8.53090630707
-9.7769 9.0931 7.019649274
-7.5961 2.4208 6.25996779305
-10.4435 7.9957 0.297516789442
-10.1605 7.9039 0.280620259425
-9.8878 7.9701 8.18279510681
-14.9904 1.5731 1.32414652512
-13.6685 1.496 1.50678075711
-12.8037 2.7299 9.33275799
-20.2896 -2.8434 0.734594445936
-21.0126 -2.7134 1.33536314911
-19.6933 -2.9199 10.3319824564
-10.0795 -6.7047 0.285044014145
-10.0935 -6.42 0.389511245024
-9.8409 -6.1235 0.342083396265
-9.499 -6.1347 3.0776525941
-6.538 -5.2954 0.262423798463
-6.7419 -5.4606 10.2128153631
-14.4861 -12.1186 1.0370580167
-15.5164 -12.0004 1.09619724502
-14.5302 -11.5218 8.74427893025
-5.8042 -10.9567 38.7013343052
26.965 -31.5473 7.05328879034
34.0 -32.0549 3.14808815633
37.046 -31.2597 5.02379423345
40.5475 -27.6572 1.63935595281
40.7888 -26.0357 4.29339698258
39.9105 -21.8331 1.57180930777
40.2116 -20.2904 0.672924282516
40.8669 -20.1374 0.853154880429
41.2754 -20.8864 0.977926970689
40.6258 -20.1554 11.8874710923
40.0374 -8.2825 0.345821991782
39.9485 -7.9483 1.05118242946
39.01 -8.4218 0.756833931586
39.7144 -8.6986 0.877706670819
39.2462 -7.9562 0.22646924736
39.0198 -7.9506 1.12138951752
38.0447 -8.5044 1.15731372151
38.5571 -9.5421 0.290112702238
38.7454 -9.3214 1.81547478088
38.8756 -7.5106 0.384280938898
39.2556 -7.4534 13.488040976
50.68 -0.2833 0.508704472164
51.181 -0.1951 1.25629952639
49.9427 -0.407 20.8866532886
29.0675 0.2846 0.396024405814
28.9393 0.6593 4.77570015076
24.5305 2.495 22.8924501581
11.8837 21.577 3.4797149093
8.439 22.0694 2.50624160447
5.9577 21.7167 1.18028067848
4.7775 21.7305 3.17277943765
1.6681 21.0995 4.04651888418
-2.3781 21.1503 3.34814917529
-5.3278 22.7344 1.2753200265
-6.4832 23.2743 2.6594798232
-8.2875 25.2281 2.60312705222
-9.1321 27.6904 0.857277749624
-9.9546 27.4487 9.00858689252
-1.5194 30.6113 0.382771211039
-1.7616 30.9077 0.881347110961
-1.9989 30.0589 11.5409698951
-13.4785 28.8703 0.520549719047
-13.0384 28.5923 1.16081215104
-13.5855 27.5685 1.40193742014
-13.9422 26.2127 1.48374969924
-14.8503 27.3861 8.01139721771
-22.173 30.6358 2.49350924001
-21.8523 28.163 1.85134830056
-23.0025 26.7123 1.70488936884
-24.1651 25.4653 2.43174962733
-24.5891 27.8598 0.299801350898
-24.5882 28.1596 3.31592294844
-26.5106 30.8614 3.26604883154
-29.6922 31.5993 2.17577845609
-31.6955 32.4483 0.839376494786
-32.5116 32.252 2.25099776322
-34.6178 31.4577 3.26923176603
-37.5793 32.8424 1.66373121928
-39.2134 32.5298 3.46062713536
-42.6735 32.5902 3.6524513686
-45.2997 30.0518 2.44262242887
-47.3605 28.7405 2.24811943855
-48.8379 27.046 1.45171088719
-49.8314 25.9875 2.61242839136
-47.2885 25.3888 3.33576026866
-50.0546 23.5244 1.77747136405
-50.7357 21.8826 4.33490093543
-46.4803 22.709 2.57986198856
-45.8271 20.2132 1.84139922885
-44.9925 18.5718 3.72149608894
-47.7039 9.0351 1.26762127625
-46.6778 8.2908 1.26529567296
-45.6511 9.0303 0.264517995607
-45.5567 8.7832 16.9403257528
-28.7373 6.7627 1.0955592225
-28.6993 5.6678 0.294688394749
-28.9894 5.7196 0.853399935552
-8.1964 -1.6245 0.911475024342
-8.372 -0.7301 14.6313099021
-16.0548 11.7218 0.448903341489
-16.0383 11.2732 7.74024316156
-11.3655 5.1026 4.00275276529
-12.8674 1.3923 2.89077858889
-13.9368 -1.2934 2.98541724052
-14.5541 -4.2143 2.17296448429
-16.1917 -5.6426 7.0266941089
-22.9358 -3.6699 1.66250739848
-24.5396 -4.1078 0.525424190536
-24.4693 -4.6285 0.612557695242
-23.8646 -4.7263 0.319535991713
-23.6205 -4.9325 0.98886058168
-32.5965 -1.2953 0.950259354071
-32.5743 -0.3453 12.0475025366
-33.0914 11.6911 18.9338393764
-18.7271 24.0263 0.371662602369
-19.0636 24.1841 0.586135837498
-18.4835 24.1002 0.403094653897
-18.0814 24.1285 0.465237412511
-17.7486 24.4536 1.40750349911
-16.6027 23.6363 0.467704885585
-16.2152 23.3744 1.62382838995
-14.5942 23.2786 0.950884814265
-13.6535 23.1398 1.87122917891
-11.8145 22.794 4.30669072259
-7.6608 23.9317 1.79186313093
-5.9 23.5995 1.75489223031
-4.1555 23.4088 1.13607847
-3.0245 23.3015 8.80947707926
-9.4374 29.3415 1.20459740162
-9.1957 28.1614 4.82757577362
-8.3773 23.4037 10.1149842279
-9.4745 13.3484 14.2647764739
-2.7106 0.7892 4.76209139874
-5.1551 4.876 10.1359459179
-9.7573 13.9069 0.361536789276
-9.4499 13.7166 0.337241308265
-9.469 14.0533 14.0539456727
-4.3171 27.1289 3.67925162499
-1.8227 29.8335 0.695113177835
-2.0875 29.1908 9.94636344248
-4.8373 19.6321 5.96498999915
1.0942 19.0009 1.90899509166
-5.849 17.8549 8.86679025804
-14.5702 16.2547 6.25702751312
-20.7979 15.6496 7.88144376241
-28.0092 12.4693 4.16589748914
-32.175 12.4978 3.13049989618
-35.2938 12.2274 3.12621290702
-38.0403 10.7341 0.913413991572
-38.8979 11.0485 2.62306268701
-40.7704 9.2116 0.869097646988
-40.6728 10.0752 1.02332319919
0.0 0.0 7.68884633804
-2.0415 -7.6624 6.83771783053
3.4797 -3.6287 1.31127669086
2.3457 -2.9703 8.02074941947
-5.5513 -1.5668 6.81788387405
-8.4699 4.5948 0.312705372515
-8.538 4.9 14.1415163275
-13.013 18.3148 1.80485027911
-11.3427 18.9986 0.717851363445
-10.6884 19.2939 0.395868286176
-10.3177 19.155 0.202311640792
-10.1167 19.132 2.97531719317
-9.5325 16.2146 10.2643902678
-4.3379 7.3617 7.79828862315
-0.8548 0.3845 1.17305634988
-1.6626 -0.4661 0.323303015761
-1.5898 -0.1511 1.21812257183
-0.448 -0.5755 1.05841536742
-1.4702 -0.85 11.3222478002
-12.6064 -2.8941 0.468922019103
-13.0633 -2.9996 0.841788102791
-12.2872 -3.3256 8.47661453943
-3.8165 -3.6422 0.894791785836
-3.2462 -2.9527 13.7599860465
-2.0062 10.7513 14.5964414927
5.7114 23.1406 0.449011414109
5.5944 23.5741 0.369792293051
5.5797 23.9436 0.293216387673
5.5766 24.2368 0.386843456711
5.3585 23.9173 2.65834188922
7.0033 26.0057 1.5627128847
7.7143 27.3973 0.541354929783
7.7339 27.9383 0.605203304684
7.5991 28.5283 1.73553071134
7.4697 26.7976 12.2935906455
4.9711 14.7606 24.5348610057
-2.494 -8.611 0.927697563864
-2.1629 -9.4776 0.39496720117
-2.3019 -9.8473 5.50115121134
-6.3975 -6.1746 1.62961002083
-4.7894 -6.4385 13.3216319676
3.0238 4.3513 10.7315050669
6.3124 14.5665 8.65638238758
8.8704 22.8363 1.38947415233
9.8565 23.8152 0.845816351225
9.7174 22.9809 10.1058597363
7.7525 13.0679 13.8946961888
12.9368 0.1766 1.08064984616
13.2203 -0.8662 15.0580380492
14.6761 -15.8537 0.48045009106
14.8751 -15.4164 11.1443015681
13.7563 -4.3284 0.932076869148
14.6438 -4.6132 1.4553486249
13.3519 -5.2833 19.3852707673
-2.8025 -15.9989 1.34543028433
-2.3673 -17.272 0.829467925842
-2.1375 -16.475 14.1859561697
-5.5532 -2.7064 0.451761142641
-5.8009 -3.0842 7.03471301831
-6.7667 -10.0523 11.1937152371
-5.1476 -21.1283 0.674794376088
-4.6804 -21.6152 0.616669263058
-4.1301 -21.8935 0.397826419434
-3.8896 -22.2104 2.36072120548
-1.7901 -23.2898 3.17472098302
0.3285 -25.6542 0.598366150446
0.7986 -26.0244 2.15908683012
2.3431 -27.5331 2.62717452028
3.8721 -29.6695 0.83508031949
3.9266 -30.5028 0.52791851644
4.4186 -30.6942 0.390890892705
4.7898 -30.8167 1.59615642404
5.9031 -31.9605 1.65591212931
4.5438 -31.0148 15.6335919075
-8.191 -21.9465 1.1882336681
-7.8276 -20.8152 13.7993562959
-8.3163 -7.0245 14.621062022
-5.6307 7.3478 10.7507482647
-2.2774 -2.8666 0.677240341386
-1.8716 -2.3244 10.1994600921
-9.7385 4.1672 0.511582730357
-9.227 4.1764 2.39518345226
-6.8331 4.098 1.22919627806
-5.6096 3.9798 7.7950218781
0.3192 9.0406 14.5468918275
-7.213 -3.4044 0.392997150117
-7.0304 -3.0564 11.9420834573
-2.0385 7.7923 0.877673817543
-1.2227 7.4686 0.527214510422
-0.7122 7.6003 0.822200176356
0.0861 7.7971 3.19243050042
2.5756 9.7956 17.1688287093
10.0901 25.2326 0.577674345977
10.5815 25.5363 2.03039317621
12.5636 25.9765 2.02059682272
14.538 25.5469 1.71643335146
15.5764 24.1802 4.34715079219
17.4763 20.2702 0.993234619815
18.4637 20.1627 0.537811435356
19.0012 20.1444 2.97777740102
21.974 19.9723 1.14964614121
22.4757 21.0067 7.74123512884
27.8253 26.6021 3.22648301561
29.9692 29.0133 0.71570254296
30.653 29.2246 0.556478714777
31.1764 29.4136 0.856112901433
31.9923 29.6729 2.13645233272
34.1262 29.7773 5.09563099331
39.0783 28.5764 10.2385091903
35.1353 19.1276 8.5182763544
30.6499 11.8859 0.42171838945
30.9715 11.6131 1.78326875148
32.6345 10.9693 0.0807121428287
32.7056 10.9311 1.30683280109
32.2515 12.1565 0.208181651449
27.5865 18.6376 17.3574204564
12.5698 27.3427 2.38925319295
10.3067 28.1088 2.55779047226
7.8576 28.8465 4.15204258167
3.718 29.1677 1.91314223465
1.806 29.1016 2.55602904717
-0.7483 29.0076 3.50197530688
-4.2466 29.168 2.54395731293
-6.6151 30.0964 2.5870209315
-8.444 31.9261 2.34536035824
-10.746 31.4772 3.25334541664
-13.9886 31.213 4.38231907214
-18.2804 32.0991 1.78535090108
-19.8926 32.8661 3.2059877885
-23.0437 33.4568 3.74437452454
-26.7664 33.0545 7.37046917977
-34.1227 32.5977 15.5318070616
-49.6543 32.5175 4.71841084477
-38.6712 34.0 20.9065339461
-26.3254 17.128 0.794451370444
-25.8431 16.4967 1.38590116892
-26.437 17.7489 12.5604850687
-31.7166 29.1459 1.28235803503
-34.5647 26.5294 1.24006209522
-33.9949 27.6308 11.3207006046
-29.4272 17.2725 0.505839193816
-28.9924 17.014 0.596821665156
-29.0377 17.6091 0.657610827161
-29.1293 16.9579 0.4582
-28.6711 16.9579 0.949334050796
-29.3646 16.3096 0.855754363121
-28.5389 16.5344 2.2899713055
-26.3056 17.0407 1.42846900561
-25.5213 15.8468 17.769809228
-16.5553 0.5048 0.767024445504
-15.7954 0.6091 13.9076907932
-2.6198 5.0619 3.01525939183
0.226 4.0653 4.88023596151
4.768 2.2801 0.786537379913
4.6904 1.4974 1.29839912585
4.7606 2.7939 20.6325896642
7.5731 23.2339 4.72421217242
10.514 26.9311 5.01779234823
13.9587 30.5797 4.28514132322
17.8791 32.3097 1.58815146003
19.2116 33.1738 6.63737572614
25.8323 32.7036 5.67388251553
31.5061 32.673 7.42836851132
38.8846 33.5323 0.442733746173
39.278 33.3292 0.677265538766
39.9511 33.2542 0.29784734345
39.8113 32.9912 1.10134147747
39.3694 34.0 5.94037918823
42.2087 28.7821 2.05209785342
40.9843 27.1353 0.134413578183
41.0069 27.2678 0.952795492223
40.6227 26.3959 1.35541875448
39.3967 25.8179 0.807739592938
39.0121 26.5282 1.36769637347
40.3765 26.4333 4.45809603306
39.1575 22.1451 9.44123733469
40.0766 10.2892 1.12785781462
39.4556 9.3477 8.89146682218
32.4405 14.8109 4.80621894632
28.3155 12.3443 16.6304769944
16.3564 0.7878 23.3249035927
9.9295 -21.6342 3.34404914587
6.6485 -22.2805 2.22993674574
6.7968 -24.5055 0.393568609012
7.1424 -24.6938 4.83792890088
2.3447 -24.0712 3.74829866473
-1.0881 -25.5764 2.93756386484
-3.7592 -26.7989 3.37365269404
-5.9589 -29.3568 3.36033108488
-8.5669 -31.4758 2.78859251415
-11.3459 -31.2447 4.25143219633
-15.5215 -32.0441 2.29178646475
-17.4729 -33.2459 4.35559978074
-21.8272 -33.3523 1.67015659445
-23.4524 -33.7372 2.91815290209
-26.3644 -33.5478 13.6875793262
-40.0519 -33.5944 2.55929841949
-42.5981 -33.3358 7.24099579133
-48.874 -29.724 3.23577215669
-49.3904 -26.5297 1.76211965542
-50.7526 -25.4119 1.36409117364
-50.7033 -24.0487 13.6580729658
-37.0966 -22.8652 1.26835523415
-36.5186 -21.7362 1.83551588933
-38.2293 -21.0709 0.94305294125
-38.6731 -20.2388 2.52310752248
-39.6165 -22.5789 1.46531516405
-40.9478 -23.1911 3.84488559648
-44.7851 -22.9497 11.4611529756
-47.8263 -34.0 8.5762744738
-40.8592 -28.9988 1.53425140378
-39.3561 -28.6912 9.67451430202
-31.8238 -22.6199 6.25220706631
-32.942 -16.4685 12.810559414
-31.5665 -3.732 1.24866767396
-31.8279 -2.511 1.19958483652
-31.4692 -3.6557 1.38247155486
-32.661 -2.9551 0.928746682363
-31.8022 -2.6015 3.56357937613
-29.6562 7.9029 17.9012221854
-17.398 20.9486 0.66138056367
-16.9264 20.4849 1.82439059688
-15.1235 20.2057 0.942952220423
-14.181 20.2349 0.92711198892
-13.2602 20.1269 0.988630588238
-12.2832 19.9757 3.08783359817
-9.3244 20.859 10.4627995192
-6.9011 10.6807 1.18373978982
-6.2586 9.6865 1.02900012148
-6.2581 10.7155 10.5864779422
-2.8772 20.7476 0.663930011372
-2.3287 21.1217 0.54752112288
-1.867 21.416 1.81489715962
-0.8621 22.9273 6.05525549585
4.0965 26.4027 3.97201699518
7.368 28.6553 2.18411477949
8.9709 30.1389 0.510272887777
9.215 30.587 0.667970665524
9.0791 29.933 0.787389674812
9.7786 30.2945 0.120911868731
9.8994 30.2893 0.0720399888951
9.9714 30.2869 10.8540386216
13.691 20.0901 0.420154745302
13.9345 20.4325 0.177421813766
13.8356 20.2852 0.248799758842
13.785 20.5288 1.25275806523
13.2131 19.4142 0.222086582215
13.3084 19.6148 0.260696797065
14.5498 19.1472 1.25157846338
13.7779 20.1324 18.1921044
-0.1644 31.8185 0.483834196807
-0.6371 31.7153 2.16507852052
-2.8015 31.7695 1.84926973965
-4.2446 32.9259 7.73346698965
-11.8634 31.5991 2.31710337491
-13.9995 32.4969 2.59762534058
-16.5745 32.839 3.71850255076
-20.2776 33.1771 3.95057057398
-24.2181 32.8952 2.14285036808
-26.2994 33.4051 2.22485479301
-28.238 32.3134 4.0279535114
-32.2645 32.4216 3.44966260669
-35.7136 32.3593 13.0025829622
-48.7096 31.9456 2.8085979723
-49.246 29.1887 2.07260957491
-47.8411 27.6649 12.0247592741
-42.8945 16.7047 0.658270225667
-43.4965 16.4384 0.88361474071
-45.9789 13.8799 4.82908906731
-47.0 9.16 14.8879009283
-32.7859 4.7318 20.031838525
-41.2646 22.8808 0.446140538396
-41.0209 22.5071 0.683373141117
-41.3207 23.1212 0.186929318193
-41.2883 23.3053 0.221437350056
-41.3126 23.5254 0.281101778721
-41.3116 23.8065 0.264624809872
-41.0493 23.8415 0.528854838306
-40.5983 24.1177 13.4119129709
-49.6658 34.0 8.00166211796
-43.0505 29.4984 1.12526659064
-43.9768 28.8595 0.717470055124
-43.7866 29.5513 0.739646165406
-43.1967 29.9975 5.60557681332
-47.1213 34.0 6.02143527242
-41.9708 30.8807 0.185843374916
-41.8584 30.7327 1.61822719048
-40.7334 29.5695 6.7212347266
-36.5358 24.3202 24.1867458766
-21.4887 5.3839 2.63683094832
-18.9199 4.7888 2.28273537669
-16.7883 5.6056 0.581111288825
-16.6151 6.1603 0.637059573352
-16.584 6.7966 0.264632726623
-16.3862 6.9724 13.46216019
-2.9879 8.2821 3.45711950039
0.4689 8.2351 1.27073151374
1.7112 8.5024 0.764375627555
2.4429 8.7235 0.655058470673
2.9557 9.1311 0.357526740259
3.1193 9.449 15.7843205194
9.4492 23.9085 6.32809387573
14.6199 27.5566 5.27040945373
19.6033 29.2721 10.9589061544
28.86 23.406 5.5198240443
34.1212 25.0758 4.50174523602
38.2288 26.9179 0.826835328224
37.5811 34.0 14.3551080794
25.412 26.3854 1.10200999088
17.5212 13.8707 0.458914599899
17.6718 14.3042 2.84709254152
20.4055 13.5087 0.377425820526
20.7699 13.4104 0.545145310903
21.2869 13.5833 1.24679033121
22.5307 13.6696 1.09498993603
23.3957 12.9982 0.520537356969
23.8532 12.7499 0.422918727417
24.1832 12.4854 0.952344527994
25.1041 12.2427 1.10641001442
26.1887 12.4613 0.318771909051
25.907 12.3121 2.25844423
28.1323 11.9266 5.85605477092
24.0461 16.1214 5.47130180579
28.4672 12.8982 0.597551688141
28.4951 12.3013 8.81922144013
22.6235 5.7208 0.773945178937
23.102 5.1125 0.395821335959
23.4977 5.1027 0.305824868184
23.8035 5.0988 1.43160654162
25.1383 5.6163 0.842194781508
25.9632 5.4465 1.22932440796
27.1921 5.4142 0.47690791564
27.5767 5.1322 0.300978620503
27.1684 5.5434 14.8153865981
12.421 4.1257 1.08138063604
11.7472 3.2799 1.34251456603
11.3442 4.5605 20.06145185
8.2074 24.3752 4.08313686888
4.6437 26.3682 4.56385303225
0.6172 28.5167 2.91333682399
-2.0264 29.741 3.45408557074
-5.4532 30.1743 2.65628771973
-8.109 30.2252 1.85732538883
-9.7802 29.4148 15.9387013254
6.0253 31.4711 1.70625981902
4.3349 31.7032 10.1457333397
-5.7861 30.9952 0.209121973977
-5.9833 30.9256 3.98901293555
-9.9351 31.4692 3.60769822047
-13.2165 32.9685 2.91500164322
-16.1282 32.8298 2.57139290269
-18.5707 33.6337 2.62730675788
-21.1975 33.6853 3.74188395464
-24.9367 33.827 2.1172075595
-26.9219 33.0911 2.32865262545
-29.1636 33.7215 1.00658074689
-30.16 33.5787 0.87539260335
-31.0295 33.4773 1.77872057952
-32.5916 32.6266 3.72470794157
-36.1937 33.5744 1.5420757342
-37.7236 33.381 1.8510251646
-39.4882 32.822 5.14342157032
-43.473 29.5699 3.12298194839
-45.461 27.1614 3.45796830668
-48.539 25.5855 2.55946344572
-49.8278 23.3742 1.75486470134
-51.4084 22.6118 2.16900382664
-49.5992 21.4154 2.60381893572
-47.4316 19.9727 2.41062359152
-42.4145 12.3632 1.25771610867
-43.1786 11.3642 0.742744451342
-43.235 12.1048 0.732837362585
-42.5892 12.4512 1.26111355952
-42.6846 11.1937 0.819668249965
-43.1094 11.8947 0.153686564149
-43.1728 11.7547 6.57515874333
-46.1163 17.6342 1.52712231665
-47.3364 16.7158 1.89924232524
-48.8129 15.5212 1.96781496081
-50.3123 14.2468 0.971696130485
-51.1167 13.7017 0.765053808565
-51.2764 14.4499 1.24731081131
-50.7819 13.3048 0.846796551717
-49.9753 13.047 0.875099085818
-50.2274 13.885 0.310723108249
-50.3216 14.1811 1.4451311982
-49.2729 13.1868 9.09557749678
0.0 0.0 11.2677712153
-4.852 10.1696 8.90369292653
-2.5438 1.5703 8.88622924586
-9.2524 -4.2572 0.715567977204
-8.9636 -4.9119 0.47187782317
-9.4328 -4.8617 7.37341802965
-12.0088 2.0471 0.946184448192
-11.4553 2.8145 12.2018577147
-1.4253 9.7632 0.640660947772
-1.3692 9.125 0.653282067717
-0.7207 9.2039 1.47534445131
0.7535 9.262 7.42027117159
-1.0066 2.0535 0.124553803635
-1.0899 2.1461 11.3851042068
4.5957 -7.7177 18.5299579236
10.3185 -25.3418 4.7323232191
13.2397 -29.0649 7.14116171572
19.0146 -33.2657 4.19159187064
23.2017 -33.4597 7.80738391012
30.9281 -32.3381 11.8125593374
33.1584 -20.738 10.8283035352
42.0052 -26.9819 1.20956317735
42.699 -27.9727 1.21051974375
42.2451 -26.8505 14.3548442907
0.0 0.0 2.10122384576
1.5874 1.3767 2.25785183969
1.6027 3.6345 3.10712873567
-0.827 5.5712 0.709162611818
-0.8939 4.8652 1.09970540146
-0.9533 5.9633 18.8740585466
-3.9904 24.5914 8.45742216636
-7.3417 32.3565 4.33550545727
-11.6751 32.4916 3.50720870351
-15.1466 31.9924 2.46695067847
-17.416 32.9597 1.97296625921
-19.3855 32.8428 4.91969692156
-24.2683 33.4442 4.12332648841
-28.3026 32.592 3.06446709886
-31.2822 33.3082 1.68697079998
-32.916 32.888 3.66514315819
-36.5674 32.5709 4.83256491007
-41.0743 30.8269 9.45952666945
-49.8943 27.4078 2.72225101157
-49.2467 24.7637 2.67057584989
-50.0931 22.2308 10.8607106697
-51.5 33.0 13.4145805037
-38.202 31.2353 0.387691062574
-38.5676 31.1063 2.83443045778
-40.9645 29.5934 12.0180429975
-40.6727 17.5789 1.03415455808
-41.4164 18.2975 0.724075493302
-41.827 17.7011 0.488916362991
-41.5934 18.1306 3.49051733845
-47.0 9.16 12.7279803912
-34.731 5.7728 0.874352611936
-35.5767 5.5508 1.22131028817
-34.7458 6.4459 24.4261081075
-18.2726 24.4811 0.672060592506
-17.6014 24.5151 2.36443703659
-15.3047 23.9532 2.78261920679
-12.6173 24.6749 0.507871361666
-12.1097 24.6915 0.340542699232
-11.8019 24.8372 1.1943962366
-10.7608 25.4226 0.278544287323
-10.5102 25.5442 0.368368538287
-10.2809 25.8325 0.973378800879
-9.3304 26.0423 0.879745076713
-8.6938 26.6495 0.592818260515
-8.312 27.103 0.38209063061
-8.0379 27.3692 0.308899498219
-7.8162 27.5843 1.47466373794
-6.3467 27.7076 5.89430573011
-8.1365 22.0916 18.3861451561
-1.9888 4.7637 0.48300005176
-1.5077 4.7209 0.414907760834
-1.1514 4.5083 0.637305931245
-0.6048 4.1806 1.09361821949
-0.8383 3.1122 1.00253092222
-0.4522 2.187 1.97743972095
0.3405 0.3754 2.00244307784
2.3427 0.3442 1.48778918197
3.5804 -0.4814 3.65287729058
6.4709 -2.7149 0.844127407445
6.7651 -1.9237 0.733372517893
6.6546 -2.6487 1.795672601
8.2943 -3.3807 0.458197261013
8.5956 -3.7259 1.4667663379
9.6374 -4.7584 2.16703722165
11.4288 -5.9778 0.612852168145
11.6345 -6.5551 0.634493262376
11.7542 -7.1782 0.393935273871
12.1452 -7.1302 1.07236928341
13.059 -6.569 0.415049515118
13.3627 -6.8519 1.01135513051
14.1259 -7.5155 2.26693885449
12.991 -9.4779 1.06004536695
12.6273 -8.4822 0.984594312395
13.1993 -9.2836 15.3649870826
18.6415 -23.6525 0.520701882078
18.8117 -24.1446 0.402041017808
18.8794 -24.5409 1.03343164264
19.8058 -24.9989 3.07546111827
21.0261 -27.8219 3.79728022274
23.8658 -30.3429 2.80762163405
24.9298 -32.9411 0.326922529049
25.2393 -32.8358 0.388510295874
25.6268 -32.8078 1.23738709384
26.8119 -33.1637 0.529977593866
27.1859 -33.5392 0.349753241586
27.5352 -33.557 0.120985990925
27.6208 -33.6425 0.0523336411881
23.9859 -21.9748 8.20921292451
21.5581 -14.1328 6.90857462144
26.3988 -19.0619 0.230747155995
26.1708 -19.0264 6.23620975433
21.8441 -14.5353 1.14636051049
21.6392 -13.4074 1.11898869074
22.2305 -14.3574 13.1605225459
29.0823 -25.5936 0.744330061196
29.8255 -25.5526 1.63246709002
31.4571 -25.4994 5.79812464595
37.2542 -25.3904 1.15076168254
38.0195 -24.531 1.20442255044
38.9357 -23.7492 0.855749554484
39.7794 -23.8923 0.743052205434
40.3887 -24.3176 0.602509460507
40.4541 -23.9386 13.31765231
36.0444 -11.3722 0.842112640922
35.4403 -10.7855 1.29918419402
36.0732 -11.9201 2.89391821066
37.2347 -14.5707 2.49259516368
38.2078 -16.8655 1.34761265206
39.5223 -17.1624 0.213656195791
39.3139 -17.1153 1.45265226396
38.0407 -16.4159 13.5941552176
27.3569 -8.0101 0.561947844555
26.8772 -8.3028 2.26769410636
28.9862 -9.1362 0.670042983696
29.6554 -9.1698 0.246263679823
29.7762 -9.3844 0.362323198264
29.4839 -9.5985 0.751256474182
29.1254 -8.9383 0.505606507078
28.8699 -8.502 0.772323772779
29.3884 -9.0744 0.367834745504
17.3692 -30.9517 2.83407925083
14.7746 -32.0919 2.09132534533
12.6835 -32.0612 8.08304663911
5.3379 -28.6881 5.55370668473
-0.0636 -29.9794 4.79325614692
-4.4976 -28.1587 0.670892554736
-5.1407 -27.9676 1.56046750046
-6.6258 -27.4885 2.79808213067
-9.1213 -26.2229 3.11412884929
-10.1145 -29.1744 2.60166207068
-11.4398 -31.4132 2.23737874532
-13.1305 -32.8786 3.34200093507
-16.4725 -32.8761 3.79000596569
-20.2406 -32.4692 4.17519739653
-24.4083 -32.7193 2.25925487053
-26.5552 -33.4229 12.9856248552
-39.4494 -31.8847 4.6096002126
-44.059 -31.8861 6.81514982961
-50.0802 -28.6937 1.21872945726
-50.7395 -27.6687 2.18580633177
-50.5749 -25.4891 0.664725033378
-50.7925 -24.861 0.81283919689
-51.0325 -24.0844 8.92784854318
-51.5 -33.0 11.7536157518
-50.5118 -21.288 24.9702955739
-28.0674 -10.3443 5.12948309677
-31.0224 -14.5371 0.475414871454
-30.6527 -14.836 4.84250027259
-33.1044 -10.66 2.82536254842
-30.2791 -10.6788 2.6555185953
-27.6665 -11.1543 0.510830402384
-25.1329 2.8739 29.0583063934
-51.4991 15.089 0.596485414742
-51.881 15.5472 1.3073920988
-50.6633 16.0231 1.07268832845
-49.1811 13.957 14.5677248124
-36.0 20.16 9.85180558984
-29.2507 27.3367 3.19019060402
-26.076 27.6507 0.599530357864
-25.5847 27.3071 0.251713845467
-25.5422 27.059 13.9968193594
-22.8339 13.3267 0.526424704967
-22.3075 13.3216 0.501838300651
-21.8057 13.3154 1.128604129
-22.5619 14.1532 1.09027751054
-22.1015 13.1649 16.9210873129
-11.6232 -0.1215 0.514621812596
-11.2988 -0.521 0.628301496099
-10.6742 -0.4529 2.56873896883
-8.22 0.3056 1.35210717031
-7.2372 -0.623 0.990803335683
-7.9651 0.0492 10.4530331531
-15.5744 7.2161 0.420719253184
-15.4282 7.6106 1.10423391091
-14.918 6.6313 10.1666508079
-9.4629 -1.9479 1.00056796371
-8.48 -2.1351 1.16745159214
-9.0499 -1.1162 7.82745946269
-12.9629 5.663 0.49370247113
-12.4812 5.5548 0.534502553782
-11.9729 5.3895 2.13840532173
-9.9463 4.7071 8.3136460413
-6.2758 -2.7524 1.83694891872
-4.7645 -3.7966 1.77831799181
-3.2517 -4.7314 0.580322022674
-3.8311 -4.6987 9.57398929809
-12.3719 -9.0249 9.32571426219
-3.0466 -8.937 0.385760664143
-2.7214 -9.1445 0.787035659929
-2.2037 -9.7373 1.94272491619
-0.912 -11.1884 1.12860066011
-1.9597 -11.608 6.47895889476
-6.7697 -15.9486 5.35296284314
-2.3489 -12.9302 1.4106249856
-3.3807 -13.8921 13.1928605154
-0.2924 -26.7184 15.1754750426
14.477 -30.2055 1.14639596999
15.6124 -30.3639 9.29152940102
24.643 -32.5504 0.466765144371
25.0847 -32.7013 0.742308002112
25.7973 -32.9092 3.51467962978
29.3044 -32.6785 0.684395397413
29.9869 -32.7294 3.15893975409
33.0655 -33.4373 0.683491287435
33.743 -33.5276 0.594847888119
34.1045 -34.0 8.39194205175
40.0727 -28.1004 1.0006720192
38.1919 -34.0 13.0720515685
37.4574 -20.9486 5.73241833871
37.4719 -26.681 0.953812822308
37.3772 -27.6301 1.43386068012
38.1018 -28.8674 1.41695442764
38.151 -30.2835 2.30802504319
37.2116 -32.3917 1.08700620053
36.3918 -31.6779 0.75362092593
36.3783 -32.4314 1.0995603576
37.41 -32.8117 1.17344131937
36.7957 -31.8119 6.36706555016
31.5273 -28.2365 2.05504501167
29.5091 -27.8491 1.22092123006
30.73 -27.8419 0.432952018127
30.3199 -27.9807 5.71389155042
35.9928 -27.2975 0.998394000383
36.9911 -27.3112 0.906634000024
36.3875 -27.9877 5.09157389615
31.3018 -27.7432 3.65577512027
27.7201 -28.4754 17.8998168943
10.0944 -31.596 0.256359610703
9.8685 -31.7172 0.876228925567
9.0837 -32.1069 3.18038833478
6.3447 -30.4905 3.69917297919
2.6659 -30.8782 1.77425133789
0.895 -30.7692 1.70403016405
-0.8076 -30.6994 4.05634721394
-4.861 -30.854 2.73242482788
-6.845 -28.9752 1.46407487855
-7.3176 -30.3609 1.89620538972
-8.4448 -28.8361 1.31215543668
-9.7218 -28.5344 3.59240862097
-10.7139 -31.9871 3.33963079696
-13.982 -32.6746 2.45023670897
-16.4212 -32.4423 2.90053289759
-19.1565 -33.4073 5.66619588084
-24.8175 -33.1647 6.06057623663
-30.8759 -33.3271 15.0973835869
-45.9705 -33.617 0.365656587524
-46.312 -33.7477 2.59479152534
-47.6611 -31.5312 2.93538885499
-49.7964 -29.517 3.24979192257
-51.1737 -26.5735 0.836045668609
-51.0077 -25.7541 1.84484159212
-51.0432 -23.9096 1.67112080353
-41.022 -8.1025 19.8567727781
-22.5224 -0.8875 0.442783920214
-22.3896 -0.4651 0.467834885403
-21.9838 -0.2323 0.488227692783
-21.5106 -0.1121 1.79457202976
-20.258 1.173 1.18123197552
-19.1997 1.6977 21.9235409186
-8.9492 21.0773 5.93110949823
-6.6284 26.5355 7.49358982131
-0.3455 30.6195 5.09422123293
4.6674 31.5261 4.52278297733
9.1779 31.8592 2.90717926864
11.8842 32.9211 4.06572745274
15.9496 32.8695 3.42062656834
19.368 32.7461 4.00163353894
23.3683 32.6428 5.59032067506
28.9094 31.9026 8.61650138978
37.5258 31.9444 5.63546636313
39.9251 26.8452 1.76188742262
40.7128 25.2692 4.47062377974
41.2625 20.8325 11.4663271386
39.0371 9.5842 5.51809872329
39.1657 4.0676 1.14220935472
38.0543 3.8041 1.38876106656
0.0 0.0 12.5989645737
11.2592 5.6537 0.71539182271
10.5953 5.9202 8.19580343591
2.8183 3.3338 1.48052320482
2.9047 4.8118 5.69912154371
7.5633 1.5289 14.2948707311
12.7644 14.844 2.94516299888
10.0041 15.871 0.359280670229
10.3395 15.7422 1.47353068512
9.1087 16.5524 12.1151187539
-0.4122 24.0443 3.22222194921
-3.2652 25.542 2.79569807562
-5.5874 27.0987 1.47069276873
-6.5463 28.2138 1.13074422395
-7.4116 28.9417 3.33792132022
-10.5809 29.9892 0.404554878848
-5.8305 34.0 16.2347505216
-1.867 18.2565 0.84759115144
-1.4346 18.9855 1.30311370187
-2.113 17.8729 13.7969239416
-9.1218 5.9888 0.378261404322
-8.7458 5.9475 1.35288087428
-7.7479 6.861 7.34170575616
-1.8333 11.2105 0.944167723447
-2.6758 11.6367 8.69040643756
-10.1676 16.0408 0.701760329457
-9.486 15.8738 9.67785848677
-1.2175 10.8446 13.2517392745
2.0711 -1.9926 0.431980045835
2.2437 -1.5966 7.52922867364
1.3326 5.8773 1.13294439846
0.6652 6.7928 12.1825110794
-9.892 12.8722 0.43659946175
-9.461 12.8025 7.87579018321
-2.258 9.6174 0.268321542184
-2.4706 9.4537 11.9281640876
-7.6531 -1.2898 0.542472745859
-7.7889 -0.7646 8.22932522386
-2.6729 5.6812 0.725787682453
-1.9755 5.8822 0.402261419975
-1.61 5.7142 0.715459551617
-0.9649 6.0236 2.53621652861
0.8449 7.8004 3.67880070267
4.5155 8.0459 2.67032277075
7.1694 8.3416 5.03818316162
7.9673 13.3162 1.0042046405
6.9659 13.3912 15.2480572799
-8.2225 14.7387 0.169149697014
-8.2266 14.9078 1.57411026933
-8.7851 13.4361 10.4392235822
-13.0751 3.9191 0.569673283558
-12.5157 4.0268 0.587105246102
-11.9298 3.9892 0.708031764824
-11.2611 3.7565 0.826303213112
-20.2639 -10.734 6.65697556327
-26.7457 -12.2511 4.68475006484
-30.9943 -14.225 0.769707736742
-30.2281 -14.2984 0.863723711612
-31.0425 -14.5861 2.7168807114
-33.7537 -14.7617 6.06958655923
-39.5433 -16.5839 4.63321820121
-44.1672 -16.2902 1.92410549867
-45.8671 -15.3888 1.38136153848
-47.1422 -14.8575 0.962629030312
-48.0553 -14.5527 3.04675690038
-50.1297 -12.3212 0.903521311315
-47.0 -9.16 34.6356247713
-35.3063 23.4419 0.197710419553
-35.3833 23.2598 0.847011481622
-34.5471 23.1249 19.7776042546
-15.3834 28.0143 14.5524918004
-7.729 15.6375 0.478298912815
-7.4013 15.9859 1.11753486746
-7.1896 14.8886 1.10667666913
-7.4373 15.9672 11.4739611421
-7.0583 27.4349 4.53291032781
-2.5323 27.6851 0.642644614075
-1.9014 27.8074 0.512008203059
-1.3896 27.822 1.56966915304
0.1374 27.4585 2.3817546998
1.9222 29.0356 2.19048105447
3.9197 29.9346 0.444169213251
4.042 30.3616 0.193479404589
4.1842 30.4928 0.851551883328
3.5973 31.1098 0.431771525231
-8.4632 33.0806 0.21954908335
-8.6758 33.1354 1.06527534938
-9.7144 32.8985 3.85348818734
-13.5508 33.261 4.83573632139
-18.3837 33.0954 1.87829808603
-20.227 33.4563 2.22150894889
-22.4046 33.0168 9.1633205739
-31.5451 32.3705 2.09075424189
-33.1858 33.6664 2.74408975436
-35.8041 32.8451 3.22869001609
-39.0282 32.673 1.91300833767
-40.7233 33.5597 1.36606849023
-42.0387 33.1911 7.08059489026
-48.0759 29.4915 3.7000664994
-47.9413 23.5088 4.15795720156
-44.576 21.0668 0.856118589916
-43.738 20.8916 13.2630127712
-34.7044 11.1807 0.718501614473
-34.9308 10.4988 1.24413537045
-34.0717 11.3987 10.9130540913
-26.3933 19.1535 0.548155534497
-25.9426 19.4655 1.34064107799
-26.4951 18.244 2.69956392219
-23.8255 18.6451 11.7994987597
-13.0488 23.4504 2.34581187652
-10.7282 23.7934 0.594446574555
-10.1339 23.7802 1.90883787159
-8.233 23.9541 1.00139501197
-8.3776 22.9632 13.4785355395
-11.0299 9.7482 0.192787395854
-10.8376 9.7619 2.86190308187
-8.089 8.9646 1.33216395763
-8.1099 7.6326 10.8291975409
-7.6242 -3.1857 0.906887341405
-7.5193 -4.0865 1.21624844913
-7.8508 -2.9163 8.96992697908
-6.6383 5.9713 10.8336084372
-3.0772 16.2029 11.5643073333
3.1877 25.9232 0.9947112194
4.1273 26.2497 0.571507655242
4.5351 26.6501 3.19628520943
5.8276 29.5734 3.74593556405
8.2361 32.4424 1.87833150695
9.8702 33.3686 1.91869247406
11.7886 33.4021 1.15694316628
13.349 34.0 10.8849728378
16.8168 23.6822 1.13252037509
16.3944 24.733 4.33404462021
14.6878 28.7169 0.509840220069
15.1366 28.475 1.21262172997
12.2649 27.8014 0.602441142353
12.0142 27.2536 0.992517808404
11.8328 28.2294 1.40399277064
10.6837 27.4227 4.72837041802
6.7957 24.7318 15.2344694801
-7.799 20.3633 9.53532968491
0.3372 15.3909 9.36534445923
7.8682 20.9581 0.913793855309
8.3718 20.1956 1.13190102924
7.4873 19.4893 0.650785871082
8.0898 19.7353 22.147388519
27.9908 29.4542 8.87939132655
36.8631 29.809 5.69945218859
40.2433 25.2201 0.958855802506
40.1887 24.2628 0.643154888032
40.6152 23.7814 1.49893030192
40.9191 22.3136 0.475533258563
40.9013 21.8384 0.389439764277
40.7851 21.4667 0.823765263895
40.5187 20.6872 0.956528065453
39.9142 19.9459 0.647896303431
47.0 9.16 16.6455861732
39.6513 24.0956 26.3269972378
13.7779 28.9616 0.776218783591
13.0017 28.967 0.664411717236
12.344 29.0612 2.0411814863
10.3321 29.4057 4.45918803595
5.9026 29.9194 3.15745881525
2.7455 29.967 5.19366134052
-2.4231 29.4574 3.65873631326
-5.4485 27.3999 2.61492046724
-8.0633 27.425 2.8013253756
-10.3718 29.0119 2.55282764792
-11.851 31.0925 2.58396080659
-14.1482 32.2756 2.42705323386
-16.57 32.116 0.308228827334
-16.8251 32.289 0.760746403212
-16.1098 32.548 1.24738071975
-20.9558 26.259 2.87783263064
-22.0695 28.9126 1.11264982811
-22.8003 29.7516 1.45227469853
-23.7325 30.8652 3.58996274772
-26.8107 32.7125 6.6445295695
-33.4469 33.0451 4.65299414356
-38.069 32.5098 4.05707710057
-42.0546 31.7516 14.6633797196
-34.8838 18.9612 2.55190723382
-33.2596 16.9929 1.004547306
-32.7548 17.8614 9.46702123057
-25.4721 23.9101 2.63745808118
-27.9809 23.0964 2.76592312619
-30.0166 21.2239 1.15667615606
-31.1124 21.5942 7.09773661388
-36.5094 26.204 3.36502816927
-39.2587 24.2637 2.70801200884
-41.8637 23.5239 1.2581299297
-40.7791 24.1615 1.10986544229
-40.7008 23.0544 1.25015369055
-41.9204 23.3291 0.589296869158
-41.3446 23.2037 12.8429794927
-28.5018 23.2716 0.818804457731
-27.8161 23.7191 0.401540097624
-27.8603 23.32 1.25310558214
-29.0895 23.5636 2.32015308331
-31.3722 23.1484 5.62598966938
-36.7232 24.8858 1.1709077675
-36.1264 25.8932 5.51852615288
-30.9111 24.0891 16.4331143162
-18.6294 13.1709 0.767171493214
-17.8657 13.2438 1.00587041909
-18.254 14.1717 0.417140288153
-18.6459 14.3146 1.08987498824
-18.0416 13.4076 24.6724570347
3.1101 0.7058 5.41660394897
-2.2752 1.2873 0.369790237838
-2.0833 1.6034 0.835619207534
-1.3558 1.1923 0.149878484113
-1.4538 1.3057 1.12034524143
-2.1149 0.4012 1.09464984812
-1.4447 1.2667 5.65061861481
2.2685 5.526 4.11089178889
5.9296 7.3957 0.42820294254
6.3172 7.5777 1.33132343929
5.2569 8.3828 26.2340269227
-10.0028 29.7221 0.520102163041
-9.4829 29.7076 0.683094517618
-9.2945 30.3642 1.16219077608
-10.4281 30.6204 0.47564651791
-9.97 30.7484 0.946601970207
-9.5055 29.9236 6.59832527995
-4.49 25.6361 0.517248537939
-4.4049 26.1463 8.27729456103
-11.8532 29.7569 0.140243252957
-11.8803 29.8945 0.345119819773
-11.7915 29.561 7.85100135397
-5.152 25.3711 1.15061288451
-6.1469 24.7931 1.07964521024
-5.0726 24.6858 18.3809612341
11.4516 16.6353 13.7019629338
-0.1174 23.9771 10.0305817384
-8.7875 29.0211 6.60150033932
-3.4402 25.1499 0.218283599934
-3.516 25.3546 5.89175871366
-8.6953 28.1631 1.33441184422
-10.0209 28.3162 0.92903064535
-9.3584 27.6649 7.1569512818
-2.9442 24.49 1.1293412239
-4.0644 24.6334 8.03703570479
-11.18 28.37 6.2266033927
-6.0055 24.9066 0.295086173854
-6.2384 25.0878 6.39373058629
-11.8675 28.1198 3.11015049957
-13.4813 25.4611 1.01413270335
-14.4796 25.6396 1.1686671468
-13.3487 25.3449 8.29688958104
-5.2201 23.6823 0.819534721656
-6.0391 23.7119 1.34699253153
-5.0089 22.8441 16.1336407125
10.5453 18.5591 0.0400031248779
10.513 18.5827 1.32740716436
10.4457 17.257 1.17890235389
9.2717 17.3644 10.9494724804
-0.2641 22.7458 8.90459703749
-7.5815 27.82 0.204736635705
-7.4012 27.917 0.899117789836
-6.9596 27.1338 6.45416048762
-1.471 23.738 7.56452344699
-8.0493 27.4727 2.95086590681
-9.6157 29.9735 2.20558420606
-10.5945 31.95 3.13083078112
-13.6828 31.4357 2.03097976602
-15.7028 31.2248 1.03350686984
-16.6721 31.5834 1.14033881369
-16.4827 30.4589 9.06095580223
-9.2149 25.0478 1.21540561542
-8.7714 23.9162 1.00719382444
-9.5282 24.5808 7.3244647784
-15.8605 28.2618 0.18747202458
-16.0281 28.1778 0.822536491592
-15.2063 28.2126 6.26513090446
-9.6593 25.3001 0.561047065762
-10.0784 24.9271 1.1007310389
-8.9793 24.987 1.04267166452
-10.0217 24.9632 1.31946125369
-8.7155 24.7766 0.411083446517
-8.9827 24.4642 1.31104413732
-10.2024 24.945 6.11627109357
-15.4571 28.075 1.61917653763
-16.9846 28.6121 2.61966371315
-19.0237 30.2567 3.98138249858
-17.4964 34.0 9.07713796579
-19.7126 15.1942 0.4284284421
-19.4944 15.5629 0.447355429161
-19.1692 15.8701 2.80996803541
-16.4532 16.5907 0.561045889389
-16.6 17.1322 0.594714427267
-16.0086 17.0695 1.6800973692
-14.4067 16.5629 11.6031387499
-3.0521 18.9516 1.1471402922
-2.3043 19.8215 0.987634436419
-2.2786 18.8342 21.4776448227
-4.5349 -2.5246 0.928465255139
-4.8532 -1.6524 1.15377462704
-4.5349 -2.7614 17.5519300195
2.0522 -19.0304 1.26552029221
2.8122 -20.0423 1.14490824086
2.3274 -19.0051 14.4687117536
-2.6092 -5.4046 15.3008607771
-3.0538 -20.699 0.106351210618
-3.1295 -20.7737 1.13920015801
-3.1301 -21.9129 0.762617735173
-2.6092 -21.3559 3.09513836201
-0.5184 -19.0737 3.9428634899
2.9811 -20.8902 5.12033532105
8.0677 -21.477 2.61289621684
10.5935 -22.146 3.34158163749
