0.0 0.0 8.81975920873
-3.6901 8.0107 0.914761531767
-3.103 8.7122 30.3732880849
13.7215 34.0 16.9298628751
0.5646 23.3456 12.9057388727
7.7194 12.6047 0.385675057529
7.6024 12.9722 11.3870208136
-1.0501 20.3748 3.38016355374
2.1265 19.2195 0.742142978138
2.4461 18.5497 0.282174768539
-1.7515 10.5342 4.92750105023
-0.3313 15.2526 0.618577149594
-0.2201 15.8611 1.32003766992
-0.8477 14.6998 15.9479480166
-8.1872 0.5411 0.0666802069583
-8.2457 0.5091 8.12406582076
-8.4652 8.6302 7.81648897204
-9.2029 0.8486 6.59012211116
-11.8589 6.8798 0.377943090954
-12.0266 6.5411 7.95798034994
-12.3081 -1.4119 2.11099465892
-10.2208 -1.0965 0.976586227632
-10.3143 -2.0686 0.612272725181
-9.7733 -2.3553 0.476894118228
-9.3525 -2.5797 2.06275513816
-8.9701 -4.6067 1.20800620032
-10.1774 -4.5654 0.10218243489
-10.1619 -4.6664 0.30940273108
-10.0441 -4.9525 0.0986426378398
-10.11 -4.8791 0.124062081234
-10.0036 -4.9429 0.159207097832
-10.1097 -5.0616 0.125332358152
-10.0331 -4.9624 0.0196580772203
-10.0191 -4.9486 0.139380235328
-10.1188 -5.046 0.129334295529
-10.0208 -4.9616 0.0307148172711
-10.029 -4.932 0.153535956701
-10.1025 -5.0668 1.53756944884
-9.067 -3.9302 8.76289886396
-11.7015 4.4273 2.63561363064
-9.0726 4.6153 0.266075045805
-8.9658 4.3716 1.74201334668
-8.5453 2.6811 9.51037940463
-13.6314 10.7172 0.469937953351
-13.9716 10.393 1.42041046532
-12.5991 10.0272 2.88901254064
-9.7102 10.0017 0.389194681361
-9.3697 10.1902 0.21775318597
-9.2335 10.3601 1.44055414685
-7.8375 10.0046 6.51131850396
-12.7204 14.3121 2.23512104818
-10.8533 15.5408 0.0
-10.8533 15.5408 0.0153574086356
-10.8637 15.5295 0.578497407081
-10.6307 16.059 0.851711805718
-10.7641 16.9002 0.232702256113
-10.8246 16.6755 0.912602722985
-10.5373 15.8093 0.623475580917
-9.9175 15.7417 2.01934514385
-7.9316 15.3757 3.17156619039
-8.3979 18.5128 0.91141371506
-9.3093 18.5178 1.25797079855
-8.337 19.316 0.20258529068
-8.4154 19.1292 2.05895768776
-7.2928 20.8552 0.429488125563
-7.0039 21.173 1.06549676677
-6.6779 22.1874 0.876791354884
-7.4201 22.6542 1.4226272386
-6.3566 23.5991 13.3598026905
5.4222 29.9034 0.959134239823
5.6865 30.8254 0.194685644052
5.492 30.8169 1.70716717693
7.1389 31.2665 1.62878213399
8.4309 32.2583 0.350205710976
8.4329 32.6085 0.904472315773
9.1593 32.0696 1.20261681761
9.5482 33.2076 2.05366220445
10.9511 31.7078 0.223039458392
10.8623 31.5032 1.34991297868
10.629 32.8328 1.31649618685
11.8301 33.3718 0.25240166402
12.0005 33.1856 2.36763696964
14.3456 32.8597 3.35793223279
17.7034 32.8895 2.84082951442
20.5291 32.5967 2.23597606651
22.7612 32.4651 0.775823439966
23.5367 32.4875 2.43242144375
25.9675 32.5763 2.88505938414
28.8493 32.4392 1.84355834462
30.6692 32.1448 4.42181652378
35.0903 32.0652 0.950143278669
35.9439 31.6479 4.67473572301
40.3431 30.0667 2.85781382879
41.5789 27.4899 1.71488378615
41.3417 25.7915 1.74951676185
40.7354 24.1504 2.08464273438
39.7212 22.3291 0.147590311335
39.8291 22.4298 0.371888222454
39.821 22.058 0.861072180482
39.4919 22.8537 1.00790540231
39.8232 21.9018 5.2266062488
39.915 16.676 0.0907167018801
39.8384 16.7246 3.10705654921
40.0386 19.8252 1.16362710952
40.3833 20.9366 1.09743063562
40.3103 19.8416 11.1922176288
38.544 9.0196 12.1216620857
29.4156 1.0442 24.438053321
18.9832 -21.0552 6.50624984534
16.4744 -27.0583 4.86260716591
12.5021 -29.8629 4.23984085079
8.3051 -29.2617 2.31664056988
5.9898 -29.1829 5.83745264392
0.2862 -30.4258 0.625740081823
-0.003 -29.8709 17.465996312
-6.8579 -13.8063 3.38142720312
-9.8979 6.0237 5.97688427611
-14.5453 2.2654 2.10726691712
-12.7718 3.4035 11.4168597924
-1.9802 7.1299 0.596764744267
-1.3902 7.2195 0.516881282308
-0.9657 7.5144 0.358754790909
-0.7027 7.7584 1.05916934434
-0.018 8.5665 0.949523512084
-0.1349 7.6242 1.02470695323
0.0666 8.6289 12.7638001743
-9.0551 17.5569 0.930772249264
-8.3828 18.2006 0.363065076811
-8.5088 17.8601 9.81007752263
-0.6842 11.9429 0.42792639554
-0.6946 11.5151 1.30447977754
-1.8503 12.1201 7.57691635496
-8.2344 16.2009 0.879984658957
-8.6814 15.4429 0.5595562885
-8.1682 15.6659 1.44736757598
-6.8465 16.2558 0.562067015577
-6.3863 15.9331 6.71948338788
-0.5223 12.6521 0.504454844362
-0.0793 12.8934 0.272013565838
0.132 13.0647 0.131123948995
0.001 13.0704 5.90328544795
-5.5172 15.1676 0.130218355081
-5.5781 15.2827 2.32910782275
-5.1827 12.9874 0.325714384085
-4.8582 12.9593 20.6802996518
3.0493 32.0681 0.811764608738
2.3316 32.4474 0.703172197971
3.0233 32.5739 3.09524753291
6.0573 31.9612 0.348424468142
6.3793 32.0943 0.257503902883
6.6142 32.1998 0.614896617327
7.083 31.8019 0.395997904035
7.4635 31.9116 0.366673096913
7.7855 31.7362 0.232640237276
7.9507 31.9 0.190648498552
7.9893 31.7133 0.562432440387
8.5213 31.8958 0.166465011339
8.6649 31.98 0.116819390514
8.7688 32.0334 0.821940514879
9.1853 31.3248 0.643387791305
9.7881 31.5497 0.393547176333
10.1598 31.679 0.381152908949
10.3373 32.0163 0.37825496692
10.5904 32.2974 3.83655739954
14.4226 32.1146 1.75361138511
12.8101 32.8038 0.143911813275
12.7151 32.9119 1.35543203813
13.9775 33.4054 1.47976734996
14.8229 32.1909 0.511266593863
15.3186 32.3161 0.653920002753
15.911 32.593 0.611506475845
16.5199 32.6494 0.365759552165
16.8856 32.656 0.183226226289
17.0559 32.7236 0.640667963925
17.6949 32.7698 1.98863705336
19.6286 33.234 0.864927170344
20.4891 33.3214 1.86583275242
22.3272 33.6419 4.47014228409
26.762 33.0809 0.149006577036
26.899 33.0223 0.263937113722
27.1556 32.9605 0.506879758917
27.5406 32.6308 1.87951472726
29.3937 32.3168 3.27116015047
32.4169 31.0675 4.5006876819
36.865 30.3815 0.859097997902
37.5014 29.8044 2.64116301844
40.0999 29.3316 0.508778193322
40.0318 28.8274 0.548037316248
39.9171 28.2915 0.470877319479
39.8468 27.8259 1.86729516949
40.2269 25.9977 0.406081137213
40.2627 25.5932 0.293598399178
40.2798 25.3001 0.350650623841
40.3267 24.9526 0.18346021367
40.3061 24.7703 0.923965821879
40.5433 23.8773 1.13777787815
40.3048 22.7648 0.872051489306
40.1322 23.6196 0.693012438561
40.049 22.9316 5.23445912106
39.9488 17.6981 1.35108193682
39.9764 16.3473 0.0
39.9764 16.3473 5.50981638351
40.4027 10.854 2.60603506116
0.0 0.0 2.12720177698
2.1114 0.2588 0.238841725835
1.8898 0.1697 0.800948999625
1.1027 0.0214 1.6916017646
-0.4796 -0.5768 0.728533629972
0.2414 -0.4723 1.36196173955
0.2681 0.8894 0.846707151263
-0.5005 0.5342 9.51776694871
-0.854 -8.977 1.05834951221
-1.8715 -9.2682 0.676468299331
-1.4785 -8.7176 1.19958614947
-1.4472 -8.3859 0.77261248372
-0.6805 -8.4813 0.435522123433
3.3324 9.5394 9.70994484536
5.2971 19.0485 0.617128066126
5.75 19.4677 1.28626912036
4.5524 18.9984 18.7904563715
-12.6647 11.4716 0.259432149126
-12.4997 11.6718 1.30304585107
-13.514 10.8538 0.845251796804
-13.2236 11.6476 13.0795021866
-8.3264 23.7757 3.01592933604
-5.3288 23.4437 1.31791053186
-5.3804 22.1268 1.16062537022
-4.3451 22.6514 13.7088669951
7.8151 28.9809 3.41976420971
10.5009 31.0978 1.00148869689
11.3809 31.5759 1.5561792988
12.9054 31.8883 0.836092734091
13.7109 32.1124 1.25598459385
14.9532 32.2973 1.02078207273
15.903 32.6713 1.8884828408
17.7292 33.1523 0.946135138339
18.6735 33.2112 2.9836296972
21.6351 32.8493 0.756168321209
22.3884 32.9151 0.110479409846
22.4981 32.9282 0.726944358256
23.1738 33.1963 2.14203636057
25.2802 32.8072 1.24914390684
26.5269 32.8853 2.68519366154
29.1539 33.4413 4.3488189937
33.3897 32.4563 4.46096538543
37.7338 31.4419 0.687374323058
38.3577 31.1534 0.673545796513
38.8772 30.7247 0.586343593808
39.2332 30.2588 1.77197145857
40.253 28.8097 3.07077249239
40.2741 25.739 1.15629560234
40.5677 24.6206 0.363485144126
40.6686 24.2714 1.09326028465
40.8209 23.1888 0.281548930028
40.7091 22.9304 1.1775148067
40.4127 21.7908 1.496755775
39.7971 20.4265 4.63211344637
40.1414 15.8072 3.59135184018
39.6694 19.3674 1.00931331607
40.0418 20.3055 1.26353466514
39.8594 19.0552 2.9525242844
40.0976 16.1123 9.84788104112
41.776 6.4085 0.33691506348
41.7034 6.0795 0.215403667564
34.9209 12.4434 19.0103988178
21.6289 26.0345 0.342293558222
21.9691 26.0723 3.40611149847
19.0576 27.84 2.32738464591
16.9091 28.7348 4.1734791158
12.7368 28.834 3.96887661814
11.7553 32.6796 4.22559885697
7.5664 32.1239 2.96183893046
4.6387 32.5723 2.45948353318
2.1817 32.6828 3.47898162254
-0.5711 30.5555 4.92645665768
-4.0847 27.1023 1.21204272614
-3.4838 26.0497 0.886360812536
-4.1803 26.5979 12.7156761086
-12.1044 16.6532 12.3783027791
-1.8084 23.5245 0.0501003992
-1.8585 23.5247 2.51933029395
-4.3677 23.299 2.31972499448
-6.6859 23.2149 2.93249987894
-9.5786 22.7334 2.02045674539
-11.5971 22.6445 7.23018616634
-16.1631 28.2505 7.23263073162
-13.4814 21.5334 1.09999216815
-14.3928 20.9175 0.569369976377
-41.9352 22.7017 0.448085884625
-41.4932 22.6281 1.10660351075
-40.7454 21.8124 15.1471347314
-29.8575 11.282 0.591870154679
-29.3307 11.0122 17.449414716
-12.9459 17.0139 10.9868475174
-4.312 10.2193 0.719214710639
-4.3074 10.9385 0.928438371676
-4.1283 10.0275 0.903174451587
-5.2119 27.1303 11.2235786895
-7.5805 16.1595 0.871377312076
-6.9506 16.7616 8.70422820071
-3.721 24.8445 3.07262303903
-2.1245 27.4698 3.12011482161
0.9572 27.9579 1.80532339762
2.5633 28.7823 0.948163915154
3.4588 29.0939 2.01701801926
5.3753 29.7227 0.522248235995
5.8914 29.8026 1.34629842903
6.9069 30.6865 0.78268208744
7.57 31.1023 1.72697460607
8.7875 32.3271 5.90126452296
14.6784 32.6767 1.11930830427
15.5786 33.3419 0.515228036892
16.0898 33.2776 0.395685190524
16.4817 33.223 0.299792361477
16.7752 33.1619 2.40891136616
19.1823 33.0685 0.561134600608
19.7353 33.1637 0.863826793981
20.599 33.1489 2.48637785141
23.0781 32.9588 1.35969058613
24.4224 33.1628 0.535872270229
24.1234 33.6075 1.1923717583
25.3105 33.4955 1.57421300973
26.8847 33.5019 2.04850386868
28.933 33.473 2.66826968652
31.5904 33.2324 1.88582679215
33.4629 33.4562 4.40079091301
37.6664 32.1533 0.649007519217
38.0188 31.6083 1.36092195221
38.8954 30.5673 2.58559966932
41.274 29.5536 2.38963194656
40.654 27.2458 0.505987193514
40.6092 26.7418 1.23986525881
40.0011 25.6613 0.536239246978
39.9794 25.1255 0.400127492182
39.9693 24.7255 0.277107000994
39.977 24.4485 0.20272219908
39.98 24.2458 0.255951557917
40.0384 23.9966 5.87529098599
39.8708 18.1237 6.89020118864
39.7369 11.2348 0.891107743205
39.6319 12.1197 1.25466436149
40.0924 10.9526 5.60840584926
42.242 5.7725 0.359609858041
43.8354 9.7982 0.0961170640417
43.7422 9.8217 1.2036280364
44.8689 10.2451 0.846809281952
44.2125 10.7801 0.395000379747
43.8748 10.5752 0.314596010782
44.186 10.5291 12.6398113439
36.0 20.16 21.2699239268
16.8384 29.3927 3.65134505217
13.2479 28.7289 3.45722573171
9.7999 28.9813 5.03217774428
4.9182 30.2027 6.22345886545
0.0507 26.3247 4.81157326142
-4.3458 24.3697 3.85873940556
-8.2044 24.3369 1.16614038606
-8.2952 23.1743 5.69482192873
-2.878 21.4179 2.19156775163
-4.0241 19.5499 1.17238741464
-5.1942 19.4767 1.02570085308
-5.9502 18.7835 1.42248408778
-7.3025 18.3422 8.36794527767
-1.3281 12.4831 1.56585115832
-0.1537 11.4474 5.11171320498
-2.3695 16.0539 3.07347395954
-3.8538 13.3626 13.0507869606
-4.0143 0.3128 0.810076101363
-4.822 0.2508 1.75746393704
-6.5602 -0.0087 2.76669015974
-9.2602 0.5951 5.51722586088
-14.6684 1.6865 5.17835678184
-19.7598 0.7415 1.54057914435
-21.2937 0.8848 2.26928931606
-23.4507 1.5898 0.182579982473
-23.6318 1.5666 0.0768272087219
-23.5559 1.5785 1.3996309585
-23.693 0.1856 2.80719405101
-24.212 -2.5732 1.20826931187
-24.3952 -3.7675 18.4271053685
-29.8057 -21.3824 4.24294241771
-33.9937 -22.063 8.11416229194
-42.0146 -23.2897 2.11598518426
-44.1287 -23.2004 3.77953100927
-47.6586 -21.8496 1.08798562491
-46.58 -21.707 1.08536939795
-47.4703 -22.3278 11.6921658319
-48.9284 -24.367 14.0181687377
-40.0674 -13.5046 0.99133458025
-39.2437 -12.953 0.827934888744
-39.4654 -13.7507 0.915354319376
-38.6201 -13.3995 0.397181281029
-38.2237 -13.3746 0.35738221836
-38.0471 -13.0639 1.22762317508
-36.8346 -12.8718 1.01749087957
-37.0846 -13.8581 1.34122149178
-35.7724 -14.1356 0.828143200177
-34.9444 -14.1202 1.47281751755
-35.1306 -12.6592 0.718471057176
-35.4335 -13.3107 1.30599913093
-34.7298 -12.2105 18.8080859008
-24.4475 3.5381 0.828502757992
-24.9924 4.1622 1.09863319629
-24.0573 3.5855 0.828292617376
-24.6098 4.2026 0.842286916674
-23.7676 4.2147 0.777465915652
-23.6559 3.4453 0.0524444467985
-23.611 3.4724 0.0328373263223
-23.5783 3.4754 0.130755229341
-23.709 3.4792 12.2425687051
-26.9481 -8.3271 0.523744403311
-26.4409 -8.4577 2.07813609275
-24.382 -8.1756 1.95424719266
-22.9435 -6.8528 2.9498851859
-19.9941 -6.7993 0.394260637142
-19.6009 -6.8282 1.16791508681
-18.852 -5.932 0.322111859453
-18.5553 -6.0574 0.315159086812
-18.451 -6.3548 2.61408128795
-15.9647 -5.5475 1.06959757386
-14.9543 -5.1966 0.5280449318
-14.4471 -5.3435 2.89805850182
-11.6359 -6.0477 1.05599401513
-10.5815 -6.1057 0.379897630948
-10.2754 -5.8807 0.270061641112
-10.1859 -5.6259 0.168101903618
-10.1356 -5.4655 1.06982074199
-9.2967 -4.8016 0.432536761443
-9.6134 -4.507 1.28265294215
-9.9418 -5.7469 6.8710189128
-13.1789 -11.8076 8.3763964973
-6.4317 -6.8438 1.0537513796
-5.6536 -7.5544 8.01113868373
-12.4237 -11.8374 2.5532790251
-9.8714 -11.9081 0.743857788828
-9.1319 -11.8277 1.78488095962
-7.3471 -11.8447 0.863921038058
-6.6661 -11.3131 0.598768619752
-6.3176 -10.8262 1.26317435851
-5.2721 -10.1173 20.9967582736
-3.6891 10.8197 15.0214965233
4.5967 23.3493 11.0980215354
5.7281 12.3091 0.139845700685
5.7842 12.4372 7.73165758424
11.489 7.2186 12.7147557354
9.284 -5.3035 25.124964516
21.4368 -27.2938 1.22547955103
22.527 -27.8535 6.96454699891
28.6151 -31.2358 5.70196612494
34.2786 -31.897 4.09247518868
38.0697 -30.3556 1.73876213439
39.2573 -29.0856 1.1638433099
39.8223 -28.0681 1.80870089291
40.1779 -26.2947 0.490368228987
40.1543 -25.8049 1.68056069513
40.6532 -24.2001 0.469774041428
40.4591 -23.7723 0.36829044245
40.2655 -23.459 0.946018398341
40.2596 -22.513 1.52851952228
39.3044 -21.3197 6.23837664541
40.079 -15.1296 0.718959943251
40.1934 -14.4198 2.70369685431
40.6596 -11.7566 1.23218314385
41.1299 -10.6177 0.679686935287
40.9102 -11.2609 0.0
40.9102 -11.2609 0.52037091579
41.066 -10.7644 0.533251432253
40.845 -11.2497 3.82410533981
46.203 -0.6121 0.402996091792
46.5306 -0.3774 0.187461622739
46.6725 -0.4999 7.24913362065
39.654 -2.3139 25.5756616122
25.2633 -23.4568 1.00651082955
24.676 -24.2742 4.76948424046
20.8566 -27.1308 3.33511063085
17.6222 -27.9442 4.10495191811
13.5854 -28.6891 4.9661905924
8.63 -29.0163 5.5154724639
3.5333 -26.9082 5.28216136917
-1.2584 -24.6854 12.1893621859
-8.8389 -15.1399 0.205770867715
-8.7548 -14.9521 1.22498072638
-9.4381 -13.9354 1.29991490491
-8.9505 -15.1404 0.829906530882
-9.3703 -14.4245 0.471064252518
-9.6935 -14.0818 1.64586651038
-8.2516 -14.8754 0.776135310368
-8.9365 -15.2405 0.752359920517
-8.2173 -15.0196 8.04246923774
-2.9935 -21.1346 3.04039597586
-4.584 -18.5434 17.9183546265
-6.7774 -0.7598 19.3576647003
-10.1387 18.3038 1.41747892048
-9.7019 19.6523 0.831151875411
-9.8107 18.8283 12.7123914324
-6.619 6.5231 3.36460570201
-9.2642 4.4438 1.7623558097
-11.016 4.6364 0.973287460106
-11.9888 4.6672 1.37205549815
-13.2358 5.2395 0.799352850749
-13.4975 4.4842 0.832036008836
-13.7481 5.2776 0.451687425107
-13.7198 5.7284 1.29405785419
-13.0828 4.5025 0.424436473456
-13.4702 4.3291 0.379039760447
-14.5101 -18.5873 4.74827693063
-17.3692 -22.3783 8.08913334851
-22.3385 -28.7611 4.29299494526
-26.0837 -30.8595 1.24429064531
-25.2548 -29.9315 13.5263605234
-15.7147 -20.3425 1.71292383076
-16.2356 -18.7107 1.72473586384
-17.0514 -20.2303 7.22767082953
-13.3315 -14.0334 3.48486552395
-16.1609 -11.999 1.9636045554
-17.7795 -10.8873 0.174179246755
-17.8715 -11.0352 1.30027330204
-16.67 -11.5323 1.35093280736
-16.6036 -10.183 0.544277622175
-16.4789 -10.7128 1.60966700283
-15.737 -12.1413 1.1442092466
-16.8812 -12.1459 0.863478528975
-16.3121 -12.7953 12.9526010921
-21.3922 -24.7101 0.114139432275
-21.4192 -24.5992 3.04954268703
-22.6246 -27.4004 3.84478319935
-25.8833 -29.4408 0.785451233368
-25.6969 -21.9825 0.344430457422
-25.3944 -22.1472 0.299310290501
-25.1021 -22.2116 0.238373026998
-25.0272 -22.4379 0.385937844737
-24.7281 -22.194 2.20270852588
-23.1712 -23.7522 2.77548341915
-20.7526 -25.1137 2.21098920169
-18.5761 -25.5027 2.51833003794
-16.0634 -25.671 0.663289408931
-15.4204 -25.5082 3.01999323509
-12.4121 -25.7737 0.598932867691
-11.8134 -25.7904 1.07931204941
-10.7341 -25.7955 4.56896216224
-12.2159 -30.1175 1.31637870691
-11.0368 -29.5322 0.565139027143
-10.5222 -29.2986 0.403435248832
-10.1586 -29.4734 0.520757909205
-9.695 -29.2362 0.805359497367
-8.9236 -29.4676 2.6003140368
-6.6039 -30.6426 2.99534154647
-3.6716 -31.2539 4.8561588133
1.1845 -31.2778 7.9840157327
7.0126 -25.8209 0.674260491205
7.2365 -25.1849 0.0754002652515
7.3107 -25.1983 11.5095668424
-3.8674 -22.456 6.42460425318
-0.8764 -28.1419 1.59880686764
0.5018 -28.9523 2.39262922326
2.8746 -28.6449 3.26653188719
6.077 -28.0008 0.535638432154
6.6048 -28.0921 3.72677034039
9.4114 -30.544 4.9805802925
14.0683 -32.3102 0.389784260842
14.2759 -31.9803 1.3597723964
15.439 -31.2759 0.843102757675
16.2691 -31.4234 1.8532543943
18.1023 -31.6953 3.16301303507
20.8728 -33.2214 0.491593297351
21.3587 -33.1468 0.620875333702
21.945 -32.9425 2.7315380649
24.6578 -33.2619 0.788433618005
25.4252 -33.4428 1.24241217396
26.6667 -33.4904 2.07080588178
28.7327 -33.3494 0.611100523646
29.3248 -33.1982 0.336935869269
29.6571 -33.1425 1.09075895137
30.7218 -33.3795 3.78035936122
34.3599 -32.3522 3.63225571925
37.9864 -32.1478 0.76857965755
38.4302 -31.5203 0.752143104735
39.0676 -31.121 0.497310778085
39.32 -30.6925 0.394583387892
39.5199 -30.3523 0.925065451738
39.9134 -29.5151 2.41475081116
40.5996 -27.1999 1.59351947901
40.1108 -25.6832 0.574872898996
40.3041 -25.1418 0.885845567805
40.1342 -24.2724 0.237988781248
40.1277 -24.0345 5.65705386663
40.0086 -18.3787 0.852668212144
40.2114 -19.2069 1.30390730115
40.2819 -17.9049 9.63004972469
0.0 0.0 1.93607961871
1.9102 0.3155 0.331880174159
1.6833 0.5577 0.908392321632
0.7839 0.4302 4.66580272408
-3.1502 2.9387 0.379892748022
-3.0645 2.5686 1.27664824443
-1.838 2.2143 0.585503031589
-2.2678 2.6119 0.828582946964
-2.0073 2.6228 6.24221255646
3.5795 5.4072 18.5761709903
9.2874 -12.2703 0.25299337936
9.092 -12.431 0.881608189617
9.624 -11.728 1.20978730362
8.9904 -12.7586 14.48376057
0.0029 -24.1166 0.927162795845
-0.3833 -24.9595 3.16819750963
-1.7228 -27.8306 3.14977034877
-2.0366 -30.9647 0.664744048488
-2.4373 -31.4951 1.10090174403
-2.0765 -30.455 5.32765104056
1.2866 -26.323 7.98609794142
-6.2311 -29.0178 3.59861120156
-9.1568 -26.9225 3.77228692573
-11.3236 -23.8346 1.16474426378
-10.4474 -23.0672 7.50095483055
-8.8318 -15.7423 19.9491441425
3.9851 -0.4552 4.49550627405
-0.0784 1.4677 7.61531364817
-3.8224 8.0991 15.3785830105
-9.2879 22.4737 0.0709797858548
-9.2176 22.4639 9.7398916878
-3.1948 14.8094 1.68627404653
-3.2252 13.1234 2.9722265812
-4.481 15.8173 4.03061876763
-7.6703 13.3527 1.90774254028
-9.5655 13.1343 0.828120534705
-9.6066 12.3072 1.19133955697
-10.1431 13.3709 13.2251632069
-31.1435 34.0 6.998340484
-26.7363 28.5637 0.404543903674
-26.5079 28.2298 0.408973752214
-26.3691 27.8451 0.662420689592
-26.3137 28.5052 0.794654673427
-27.1034 28.4166 0.606929715865
-27.3306 27.8538 17.6713927332
-44.3139 22.9706 0.352661608344
-44.6654 22.9992 1.28989679044
-44.1531 24.183 3.67295274132
-42.1401 27.2552 1.38479822718
-40.7559 27.2959 23.3577076591
-17.4209 28.3256 18.4404012435
-4.159 15.5127 1.58346380445
-2.9161 14.5316 1.93786910033
-1.3722 13.3604 4.73659088375
3.3244 12.7462 2.01559018156
5.0377 13.8079 0.496750983894
5.2062 13.3406 16.0837716224
1.6478 -2.3446 0.946611007753
1.8452 -3.2704 21.851494807
7.2759 -24.4363 1.18617589336
8.0474 -25.3373 1.06898667906
7.6898 -24.3299 13.7187606776
6.0285 -10.7121 0.272128535806
6.289 -10.6334 0.721106074028
5.6036 -10.4093 20.0483535586
-7.8124 4.4886 10.1485851472
-12.8619 -4.3146 4.87469498943
-13.6019 -9.1328 0.46715385046
-13.7453 -9.5774 0.722768289288
-13.0799 -9.2952 0.449806536191
-12.6943 -9.5268 0.360749899515
-12.3336 -9.5208 0.487781354707
-11.8624 -9.3947 0.40475535821
-11.5235 -9.616 2.83203106092
-9.1928 -11.2248 0.756837902064
-8.5984 -11.6933 0.624732462739
-7.9756 -11.7424 1.61677036094
-7.8744 -13.356 0.331709104488
-25.0923 -29.8107 12.1880871038
-35.0597 -22.7964 12.094071078
-41.3357 -12.4582 46.5806928
-51.5 33.0 12.2657409939
-40.1023 28.4678 20.0635784216
-29.4765 11.449 1.121864876
-28.5233 10.8574 0.846696781617
-29.3695 10.8284 6.52253637322
-35.7152 12.3369 2.68187791668
-42.6274 -9.9031 9.81982747404
-33.0463 -7.751 0.560491944634
-32.6764 -8.1721 1.42347840166
-32.8488 -6.7591 0.745872656691
-32.1367 -6.981 1.33981578211
-32.549 -8.2558 0.766848466126
-33.1806 -7.8209 11.4484421635
-36.638 3.093 6.68776195225
-35.6428 -3.5203 0.357539158695
-35.7348 -3.1748 10.4348894053
-34.4927 7.1859 10.973129262
-27.0569 15.2555 9.10026594007
-19.8202 20.7732 0.509040293101
-19.3353 20.9281 2.53805314562
-16.8889 21.604 2.67411153844
-14.2203 21.7756 1.04533595078
-13.1753 21.8021 0.87484747242
-12.3136 21.651 0.954755811713
-11.3607 21.5915 1.34244881467
-10.1796 22.2296 2.24778941407
-7.9431 22.0046 0.878231000364
-7.1018 21.7526 4.42639556524
-2.7747 20.8203 8.80992454054
-6.1876 12.6983 1.06840120741
-5.3461 13.3566 6.47189879556
-2.3872 19.1125 2.28148870915
-0.7784 20.7302 0.436741113247
-0.3446 20.6796 0.912371689609
0.4611 20.2515 2.90857398737
3.3601 20.4873 3.44838217865
6.8035 20.302 9.50881745855
4.5896 29.5495 0.989601258083
5.3912 30.1298 4.80079506436
10.0381 31.3356 0.471517889374
9.6885 31.652 0.301339625672
9.9891 31.6731 0.422521407742
10.3344 31.4296 1.60333053673
11.8935 31.0556 0.687203848941
12.5752 30.9688 2.96410898922
15.3141 29.8355 1.38125747057
16.6497 30.1877 0.580389670825
17.0456 30.6121 0.87050973573
17.8052 31.0373 2.35540129914
19.853 32.2011 0.783597760334
20.6099 32.4039 2.67086617036
23.101 33.3672 1.2453105717
24.3461 33.3901 2.56796226218
26.9014 33.1354 2.37996627077
29.2811 33.171 0.682326520077
29.9629 33.1978 1.88762881945
31.8489 33.1194 0.239970539859
32.057 32.9999 0.675564097625
32.6576 32.6906 4.80318512864
37.2859 31.4063 3.440385958
39.9034 29.1736 3.41256555248
41.3271 26.0722 0.900486029875
0.0 0.0 1.97599186486
1.8169 0.7768 4.25405828004
0.745 4.8936 1.45003586507
-0.6926 4.7041 5.78045151956
-6.4102 3.854 0.633206988275
-6.8972 4.2587 0.186921641337
-6.7105 4.2496 1.24550334002
-7.7741 3.6015 3.88632342967
-8.9803 7.2959 3.92869316313
-11.3923 5.0556 24.9421594079
-33.5831 16.4433 0.338434779537
-33.9124 16.3652 1.22830415207
-32.7421 16.7382 13.2665669353
-21.0636 23.0322 6.81032735924
-14.4479 24.6487 0.0351745646739
-14.4297 24.6186 1.19976159715
-14.6122 25.8044 0.966474966049
-14.1397 24.9613 14.5128514283
-3.5674 15.019 0.338693548802
-3.4938 15.3496 1.9032017707
-2.1751 16.7219 1.46551015691
-1.2322 17.8438 0.757838327086
-1.8809 18.2356 16.6975919042
-18.3411 21.0412 0.226138209951
-18.1343 20.9497 6.0378716987
-12.1451 21.7148 0.376316316415
-11.7705 21.6789 1.87069926231
-9.9047 21.8142 1.27058909566
-9.7878 23.0794 0.902931868969
-9.0578 22.548 10.8447974702
-6.8762 11.9249 0.267605399796
-7.0094 12.157 1.20643191685
-6.6388 11.0089 15.0358017997
-1.0362 -2.9441 31.957835682
26.058 -19.8913 8.94591888684
34.9352 -20.998 0.753980185416
35.5778 -20.6036 3.51499183641
38.5958 -18.8017 0.514286155754
38.8455 -18.3521 2.20630968814
39.8643 -16.3951 0.599648438671
40.3475 -16.04 1.92289647407
42.1737 -15.4379 0.681026614752
42.2262 -16.1169 2.80051789853
47.0 9.16 17.4191677603
39.5139 24.8885 1.12019542938
38.5541 25.4661 23.9736019292
14.8826 29.26 4.40524077095
11.1787 26.8752 2.71741455247
8.8886 28.338 4.75125331781
4.1571 28.7708 3.29290811442
3.2755 31.9435 0.297135137606
3.1575 32.2162 4.33533258009
0.0348 29.2089 3.44455194474
-2.4991 26.8756 2.79742354677
-3.2616 24.1841 3.75364049557
-6.0257 21.6445 3.96365081837
-9.7966 20.4235 11.1152686058
-17.4563 12.3688 3.20293245636
-20.3899 11.0832 1.05308561855
-19.9023 10.1498 0.945364823759
-19.2772 10.859 0.223512527613
-19.4736 10.7523 1.8611061254
-21.2412 10.1698 2.44984931169
-23.6765 10.4364 1.12435902629
-23.4736 9.3305 25.0833034352
-30.5647 -14.7296 1.25443678597
-38.852 -9.8944 0.534516276646
-39.3422 -9.6813 0.225400133097
-39.5603 -9.6244 1.16461699283
-38.4088 -9.7987 0.849527192031
-38.4235 -8.9493 1.52647039277
-37.7616 -10.3248 0.977128573935
-37.2699 -9.4804 0.395050022149
-37.0433 -9.804 0.412830970253
-37.3663 -9.5469 0.417082653679
-37.0678 -9.8382 1.03779113987
-37.9855 -9.3536 11.5494182403
-37.866 2.1952 0.673750406308
-38.3991 2.6072 0.256269272446
-38.1954 2.7627 1.48782150811
-36.9554 1.9405 12.3699300487
-47.0 9.16 16.4713410954
-39.8298 23.9888 0.0442485027995
-39.8595 24.0216 0.913710134561
-40.7681 24.1181 0.0542531105099
-40.7657 24.1723 1.20002927048
-39.5973 24.446 22.249551009
-17.7992 28.9053 8.72847537947
-9.5046 31.623 0.756667859764
-10.1199 32.0634 1.23444585949
-9.1572 31.2907 20.0155781193
2.4409 14.9779 0.358009217758
2.7087 15.2155 1.11792157596
3.432 14.3631 1.04658045558
2.7091 15.1199 15.8395453966
-4.9848 28.9653 7.56060900259
-5.3455 21.4133 0.858510163015
-4.5646 21.0566 19.5766286692
3.5692 3.2497 0.810856337461
3.2324 3.9873 0.664730057993
3.6806 3.4964 9.07864953008
11.8254 7.5069 0.299151232657
12.0119 7.273 0.859745456516
11.2056 7.5714 0.847188113703
11.1589 8.4173 1.5331461248
12.6891 8.5123 1.09821807033
12.2389 7.5106 0.359780210684
12.3161 7.862 7.94373656978
8.3599 0.9735 21.0710039583
11.7074 -19.8299 0.845652842483
12.4846 -20.1632 2.92207372426
14.2584 -22.4853 0.665001203006
14.7626 -22.9189 0.524151066011
14.9621 -23.4036 0.69793409431
15.4729 -23.8792 1.15666434198
16.6295 -23.8914 0.840884831591
17.4588 -24.0305 2.7058210436
19.4812 -22.2329 1.11216729407
20.3452 -21.5326 2.42663063732
22.5039 -20.4242 1.47716564406
23.5186 -21.4977 0.897651764327
24.3524 -21.8302 1.21470169589
25.5638 -21.7407 0.54626347123
25.6051 -21.196 0.316149489957
25.9146 -21.1315 0.809425061386
26.4559 -20.5297 3.00287854566
29.4429 -20.2213 0.578337038413
30.0031 -20.365 0.596231406419
30.2673 -19.8305 0.558889515021
30.733 -20.1395 1.36255350354
31.6243 -21.1701 2.8771230648
28.874 -20.3253 2.21337156619
30.7377 -21.5193 1.77232423952
32.0313 -22.7308 0.841527616897
32.8701 -22.7985 1.53733817035
34.4065 -22.7448 0.517164770649
34.9007 -22.8972 0.30395567111
35.1866 -23.0004 1.09213856722
36.2702 -23.1367 0.809619330303
37.0797 -23.1228 1.1084992783
36.317 -23.9272 3.11957040792
39.4178 -24.2689 1.51696837805
40.1087 -22.9184 1.11937045253
40.5377 -21.8845 1.45431723156
39.9608 -20.5495 2.80920709454
39.7611 -17.7474 8.85132896519
0.0 0.0 2.19453002941
2.1922 0.1011 3.27786907609
1.2324 3.2353 2.72443520936
-1.4915 3.2893 2.82814766411
-4.2015 4.0982 2.26164897365
-6.3573 4.782 0.844313360074
-5.8789 4.0863 1.3056373233
-6.0678 5.3782 19.941478791
-9.9527 24.9376 6.46534354849
-14.1251 29.8764 3.99592855291
-17.5711 31.8994 4.26287739092
-21.6793 33.0373 1.23998562088
-22.9188 33.072 0.78129165489
-23.5616 32.6279 1.38727335807
-22.422 31.8368 3.51116306941
-23.3173 28.4417 9.33655979577
-24.9364 19.2466 2.17683284843
-26.9794 18.4951 3.94559837034
-30.7269 17.2606 10.339710701
-39.2756 23.0769 6.77881829525
-46.0298 22.4997 3.80563107513
-49.4466 20.8239 0.823678147094
-48.9086 20.2002 2.67024305261
-50.0186 17.7716 8.59302941052
-44.4448 11.2315 1.18390122054
-45.0717 10.2272 1.13443025348
-43.9605 9.9988 0.0947539972772
-43.9659 10.0934 0.312659319388
-43.6875 10.2357 0.732564495454
-44.0832 10.8522 1.13059641783
-44.1167 9.7221 14.2752581444
-42.0078 -4.6439 0.848449438682
-42.0936 -3.7998 30.6778754317
-51.6208 -21.1119 0.437845749094
-51.5501 -21.544 1.31511028055
-40.7879 -11.4837 0.496243337487
-40.311 -11.6209 6.12004249168
-41.1307 -17.6858 0.451126700606
-40.6798 -17.7001 7.49467768086
-38.8493 -10.4324 3.33859281884
-35.9642 -8.7524 0.653584348038
-28.8854 -8.6943 0.298262049212
-29.0542 -8.9402 1.94611346021
-30.4738 -7.609 1.14705234841
-30.7228 -8.7287 14.7282073342
-36.2686 -22.3729 0.718734728533
-36.5366 -23.0398 4.6356314187
-41.0302 -24.1785 6.16086081323
-47.0472 -25.5021 4.38756728154
-48.9168 -21.5328 0.65281351089
-48.9126 -20.88 1.09032025112
-47.8918 -21.2631 9.37131889224
-44.3871 -12.5718 0.522510114735
-44.083 -12.9967 1.02018147895
-43.0637 -13.0391 0.890675502077
-43.6191 -13.7354 5.41954384058
-46.7929 -18.1284 3.44385843205
-49.8722 -16.5863 0.720598986955
-50.4431 -17.026 0.927289663482
-49.0271 -15.8164 0.794439758572
-49.5868 -15.2526 0.313334134751
-49.842 -15.0708 25.999457804
-42.6263 9.9073 9.51255299065
-33.2429 8.3451 2.81578697525
-31.4219 6.1974 10.4661119925
-33.4537 -4.0696 13.2618083729
-25.7651 -14.8752 11.3610686579
-17.1615 -22.2949 0.585279044559
-16.6035 -22.4715 1.001596246
-15.6055 -22.3867 1.43331415258
-14.189 -22.1678 0.625113725653
-13.5716 -22.2657 0.946590650704
-12.6335 -22.3922 0.457462971179
-12.1789 -22.4433 1.2796765099
-10.9195 -22.6702 2.09491352805
-8.8357 -22.8857 0.944076442879
-7.9469 -22.5674 3.41021118994
-4.5425 -22.3684 3.08614732798
-1.7207 -21.1187 0.908425450986
-0.8123 -21.1119 0.701741811495
-0.1232 -21.2445 3.69964792109
3.5161 -20.579 0.763246388789
4.183 -20.9502 0.586905324563
4.7699 -20.9527 0.540912238723
5.3081 -20.8986 1.61601748134
3.6942 -20.8159 17.0643917096
-8.1267 -8.509 12.4928136162
2.134 -15.6356 0.769843945225
1.4073 -15.8897 0.162472797723
1.4183 -16.0518 0.716204921793
1.7265 -15.4053 1.37257797228
2.4875 -16.5476 14.5495270112
9.2782 -29.4152 3.63794132581
11.9992 -31.8299 0.626633776619
12.5902 -32.0382 2.17269098815
14.1829 -33.516 1.78547752716
15.9607 -33.3506 2.16366737739
18.0611 -32.8312 2.35171281623
20.3897 -33.1601 0.506336745655
20.7984 -32.8612 1.451255267
22.2045 -32.502 0.997426373223
23.1909 -32.3541 2.0788122859
25.0935 -31.5165 2.16560878508
27.0689 -30.629 1.87321505706
28.8341 -30.0021 1.56307552281
30.2563 -29.3536 3.01463550865
33.125 -28.427 0.678677788056
33.7875 -28.2797 2.05981450136
35.8428 -28.416 2.18290667918
37.4839 -29.8554 3.02128810278
35.8695 -27.3016 1.76968663045
37.6349 -27.1785 2.41029507322
39.6552 -25.864 0.60109250536
39.8598 -25.2988 0.351034200613
39.8647 -24.9478 0.274224962394
39.8684 -24.6736 1.22752551501
40.5476 -23.6511 7.55345741366
39.4749 -16.1742 4.87472019402
0.0 0.0 3.81706376813
3.8166 -0.0595 1.26696821191
2.614 0.3392 3.9217626815
-1.3062 0.4499 0.700171664665
-0.6518 0.6989 1.26678184783
-1.5846 -0.1582 1.29395850397
-0.8561 0.9112 7.49698831065
-1.5723 8.3739 1.56809966839
-2.0959 6.8958 3.6737564168
-4.542 4.1548 2.32196300143
-6.4187 5.5221 0.889307106685
-7.0023 5.1205 0.823138287288
-6.9403 5.9413 16.8387530097
-11.1749 22.2389 0.847396607263
-12.0198 22.3039 2.65755985822
-12.6644 24.8821 6.48529470186
-16.2493 30.2865 2.00219177903
-17.9139 31.3991 2.96757855835
-20.8344 31.9256 2.98104063206
-23.7863 32.3414 3.6953484883
-27.45 32.824 2.36751609287
-29.8089 33.0258 20.8141150081
-50.4775 30.5689 3.85463519675
-50.656 26.7184 1.14179767034
-51.7844 26.8928 0.627965301589
-51.3943 27.3849 0.309340023275
-51.3217 27.6856 1.22793224976
-50.4736 26.7976 16.5588726669
-35.546 19.6308 3.6959973079
-33.4123 16.6129 13.6809688637
-32.6062 2.9557 1.22188743344
-31.4641 2.5214 1.33631670273
-31.9798 3.7542 0.572043355
-31.4154 3.661 0.339224777987
-31.6426 3.9129 25.6403724951
-46.6061 24.7341 0.523250580506
-46.8575 25.193 3.93999657106
-48.6202 21.6693 1.09106401737
-47.864 20.8828 9.50332986379
-45.4725 11.6853 0.791054037345
-44.8293 12.1458 6.32378861206
-47.7678 17.7454 2.22868432264
-49.5733 16.4388 0.948679740481
-49.8448 17.3478 0.996874676175
-49.8682 16.3512 16.7285777244
-51.5 33.0 12.0103342776
-46.2611 22.1925 0.943503540004
-46.2163 10.1071 7.57098220114
-39.692 13.9481 0.584657138843
-39.1469 13.7367 2.66711724527
-36.8925 15.1619 9.04372317135
-32.0261 22.7847 4.73647853262
-29.0826 26.4955 8.18166192531
-22.8311 31.7736 0.467976975929
-22.3713 31.8607 2.79106105451
-19.5872 31.6637 0.476569249952
-19.176 31.9046 0.400809343703
-18.7757 31.9248 2.07990277898
-17.1998 33.2822 0.173544288296
-17.0319 33.3261 1.07339182035
-16.0921 32.8075 0.315345921172
-15.7792 32.7683 2.42794353312
-14.1578 30.9611 0.739352202945
-13.4216 31.0293 2.47656982135
-11.7364 32.8441 2.22449485727
-9.5265 32.5897 5.59403718704
-3.9928 33.4091 1.52989644094
-2.5474 32.9077 1.58241750496
-0.9778 33.1087 1.9194020423
0.9346 33.2725 0.0805661219124
0.9003 33.1996 2.82504080148
3.7111 33.4829 0.770812986398
3.8516 32.725 0.596306129434
4.4048 32.5024 0.347211419743
4.7187 32.354 1.123663584
5.8404 32.4204 0.486772523875
5.8894 31.9361 0.774556285882
6.4706 31.4241 0.548700009112
6.9547 31.6824 0.178059989891
7.0057 31.853 0.470449412796
7.4201 32.0757 0.379397680541
7.7493 32.2643 0.728638271023
8.4776 32.2421 0.633916974059
9.0753 32.4533 0.429402282248
9.3979 32.1699 0.58977480448
9.8745 32.5173 0.309866245338
10.1795 32.4626 0.243569497269
10.4124 32.3913 0.529353124105
10.9197 32.5425 0.83430641853
11.6925 32.8569 2.87718126297
14.5654 32.7 2.02337518024
16.5748 32.9374 1.56617299491
17.5196 31.6883 0.642284088235
18.145 31.8346 1.6296444827
19.7517 32.1071 2.20132811048
21.9326 32.4063 1.60129303065
23.3647 33.1227 2.32620334881
25.6888 33.2216 4.59713279556
30.2575 32.7111 1.73638208929
31.5695 31.5737 1.21518171892
32.7776 31.4427 2.4665321121
35.2347 31.2272 1.40591616037
36.6318 31.07 4.25385703685
40.8031 31.904 1.01287931167
40.6896 30.8975 1.0768911737
40.5628 29.8281 0.25915836857
40.5573 29.569 1.26919710841
40.0516 28.4049 8.66270413035
38.8137 19.8311 1.29141813523
39.1561 18.5859 9.47258137152
41.1283 9.3209 1.20533686992
41.9524 8.4413 0.0
41.9524 8.4413 1.68268213576
41.4175 10.0367 0.323132929303
41.1208 9.9087 1.59136646314
42.5057 9.1248 5.7234815602
41.1866 3.5554 7.16427944737
38.5182 -3.0934 0.138782275525
38.6526 -3.128 7.35167332313
42.0599 3.3864 0.249465127824
42.1777 3.1665 0.366026119287
42.1563 2.8011 0.818519083467
42.2393 1.9868 1.22174853796
0.0 0.0 1.95064754633
1.8912 0.4779 0.787170051514
1.1175 0.6229 0.637728351259
0.4931 0.7526 1.98435138269
-0.059 2.6586 0.181989477718
-0.0471 2.8402 1.30345667362
-1.056 2.0149 0.32664116397
-0.7327 1.9683 0.618005347873
-0.8832 2.5677 0.219701365494
-0.6695 2.6187 16.0857224025
7.5265 16.4598 1.26305043446
7.1663 15.2492 0.987359002592
6.5239 15.999 17.2615119488
-6.5335 27.289 0.864811389842
-7.099 27.9433 3.0069329507
-10.0006 28.7322 2.76064436138
-10.5511 31.4374 2.9443101484
-13.0608 32.977 4.13464330384
-17.187 33.2411 1.42896301562
-18.1713 32.2052 8.34155797558
-11.1598 27.6863 2.62649888825
-13.6993 28.3567 2.79874898481
-16.3481 29.2605 5.58804040877
-21.7886 30.5361 1.92075468501
-23.6886 30.2545 12.9246655021
-36.5333 28.819 6.77550057782
-42.2555 25.1908 6.23845169573
-47.8015 22.3342 3.39069203851
-48.051 18.9527 9.81374299898
0.0 0.0 5.87945536423
-2.1463 5.4737 0.254361651984
-2.3136 5.6653 0.342317104451
-1.9726 5.6953 0.990860484629
-2.0349 6.6842 12.7833496588
-8.4858 17.7205 0.464376140645
-8.2644 17.3123 9.03810571359
-1.6499 11.1531 1.41155814616
-0.5673 10.2473 0.847259493898
-0.5394 11.0941 1.45654018139
-1.9693 10.8168 9.01554229595
-10.4901 13.7623 0.449887730439
-10.0482 13.6779 9.40569308504
-0.6486 13.3394 2.05760490863
0.5584 11.673 1.00690264177
1.5366 11.9117 6.71401099344
3.0677 5.3746 0.92556232097
2.3777 4.7577 14.60605432
-9.8501 -3.2309 11.464601625
-7.4432 -14.44 1.19366803593
-6.7235 -15.3923 0.547706171227
-7.0773 -14.9742 1.55313157846
-5.971 -16.0643 2.16193958519
-3.8996 -15.4452 1.9886061777
-3.3593 -13.5314 11.0157518436
-4.2311 -2.5502 12.212499306
5.2966 5.0897 2.1694504765
6.135 7.0906 2.28932661934
7.4864 5.2427 0.262723314535
7.7491 5.2392 1.30850682077
8.954 5.7495 8.02110018015
16.8433 4.3014 0.911190325892
17.7542 4.2784 2.19787309006
19.9516 4.324 0.919662943692
20.7999 3.9688 2.48160470664
22.9723 2.7692 3.36821863898
26.3319 2.5284 0.938182354343
27.1646 2.9606 3.21850338512
30.3786 2.7904 0.940862848666
31.2519 2.4403 0.614009071594
31.8652 2.4108 1.0155552176
32.8758 2.511 0.341349454372
32.6089 2.7238 0.54380809115
32.3571 3.2058 0.620671708716
32.9307 2.9687 0.588156866831
33.5088 2.8604 1.10936451178
34.5267 2.4193 34.9753073665
51.5 33.0 11.6439063634
51.8892 21.3626 9.45818188131
47.9511 8.3719 1.26688837709
46.7241 8.6873 0.756848208031
47.2706 9.2109 1.00192008164
47.9073 8.4373 0.955199691164
42.6249 -9.9131 8.4791704954
34.2719 -8.4558 0.438037007569
34.5378 -8.8039 11.4256183522
32.4801 -20.0427 19.0719780246
14.3562 -25.9811 3.39509688374
11.1604 -27.1272 4.92119901345
6.4706 -28.6185 2.2140428406
4.4335 -29.4858 1.31109808176
3.1268 -29.3785 3.5776202775
3.1665 -32.9559 0.0992839362636
3.2624 -32.9302 4.67514169411
-0.4801 -30.1283 2.39863628131
-2.8777 -30.1988 2.10341362789
-4.8097 -31.0305 3.00871582573
-7.4881 -29.6599 2.97869905999
-9.5316 -27.4927 7.78421240011
-1.9554 -25.7052 1.03552306107
-2.3619 -24.7528 11.8053285274
2.1011 -13.8236 22.3331699877
7.8854 7.7475 1.3231084007
7.2814 8.9247 17.6309221228
-4.1337 22.3614 0.696412406552
-4.7637 22.6582 0.110735585969
-4.8448 22.7336 1.83839190871
-6.3057 21.6176 0.319872474589
-6.2925 21.9372 0.0707800113026
-6.3284 21.9982 13.8715872059
-10.8903 8.8982 3.12737588563
-13.849 7.885 1.85426975923
-15.5405 8.6447 14.9783717757
-9.1962 22.2131 1.14496810873
-8.8143 21.1337 1.01903503375
-9.7057 20.6399 3.65243451002
-13.3545 20.477 0.978509887533
-12.4777 20.0426 0.983725291939
-12.8705 19.1407 1.36855289996
-14.0695 19.8005 8.45232445426
-18.4507 12.5723 0.987992155839
-19.3682 12.9388 0.286681443418
-18.428 17.9257 15.7500357971
-5.3924 26.7652 5.19573228429
-0.555 28.6613 4.09824046391
2.9101 30.8496 0.739089879514
3.6389 30.9725 1.55633898942
5.1373 31.3932 2.06452776441
6.9453 30.3965 1.38974766774
7.928 31.3792 2.49420143533
9.2656 29.274 1.5669978462
10.6927 29.9212 0.208052709668
10.8974 29.884 5.91555773617
15.4212 26.0723 4.21533332608
12.1029 28.6719 1.06038955106
12.2579 29.7209 0.289085886892
12.3007 30.0068 0.993535288754
13.2848 29.8702 0.799948754609
13.6763 30.5678 0.567151055716
14.0047 31.0302 0.752532557435
14.7572 31.0372 0.531067839358
15.2784 31.1391 0.323955675981
15.5866 31.2389 0.472975993048
16.0393 31.3759 4.39766110677
19.9513 33.3848 0.756917181731
20.7082 33.3797 2.00162859942
22.7029 33.2133 0.711076943797
23.41 33.1382 2.43233890936
25.8119 32.7546 1.81414961346
27.47 33.4907 0.748056816024
28.2178 33.4711 1.79179142759
30.0082 33.4005 3.88878261928
33.8737 32.9756 5.81343454853
39.6095 32.0287 2.11846411582
40.41 30.0673 0.623807702742
40.4131 29.4435 1.29735773401
40.3301 28.1488 1.39849134785
40.1683 26.7597 0.71900069541
40.1049 26.0435 0.888333636648
40.1517 25.1564 1.75716008662
41.1631 23.7195 0.919298906776
41.7753 23.0337 0.288962454309
41.8494 22.7544 0.794284495631
41.7879 21.9625 5.48614051588
41.4819 16.4849 9.81967985222
41.2205 6.6687 1.10636280668
42.063 5.9516 0.17177802537
42.2218 6.0171 1.16107495882
41.0659 6.1266 0.998827137196
41.0446 7.1252 0.668727822062
40.8439 6.4873 0.944567144252
41.2849 7.3226 0.230348996091
41.5128 7.2891 2.59574989935
40.9005 9.8116 6.79530955954
39.3665 16.4315 5.1141483201
40.2915 11.4017 10.0050292074
0.0 0.0 2.08592852466
1.999 0.5959 0.895635506219
1.1076 0.6829 0.71152155273
0.4 0.7575 4.2498078733
-3.387 2.6861 0.784509381716
-2.6894 3.045 17.123700012
7.8785 16.5187 0.733182439779
8.4925 16.118 1.09037223919
8.0604 17.1191 16.0897084849
-3.8249 27.9643 8.87674559397
-11.0752 33.0858 2.05729892092
-13.0894 32.6669 0.1785090754
-13.2199 32.5451 0.0906391195897
-13.1887 32.6302 0.0173666346769
-13.2039 32.6218 0.0240503638226
-13.2248 32.6099 0.0442705319598
-13.2566 32.5791 13.6311177018
-4.9832 21.7459 1.02923865065
-4.8224 20.7293 2.55183244944
-6.515 18.8196 2.37018785121
-8.8543 18.4382 1.39613758634
-8.8739 17.0422 1.24247078034
-7.6697 17.3482 6.33240569847
-1.5384 18.9314 0.0405770871305
-1.4979 18.9289 0.030707979419
-1.4672 18.9296 12.2293639185
-9.4101 28.2284 1.61086077921
-10.5503 29.3663 3.12208622719
-13.6688 29.5159 3.86873725264
-17.504 30.0242 3.75324864751
-21.207 30.6363 0.693620969983
-21.8971 30.7061 2.45450811773
-24.2894 31.2552 3.56610070525
-27.8274 31.702 7.61285561994
-35.0159 29.1958 7.02192931679
-40.9061 25.3731 6.09763991721
-46.1231 22.2165 2.90382374293
-48.6304 20.7517 2.07284182947
-48.7077 18.6803 7.79952411369
-44.8795 11.8849 0.0940239331234
-44.7918 11.9188 0.511561941509
-44.6067 12.3957 0.682460313864
-45.2645 12.2139 21.70123069
-51.5 33.0 30.7228708828
-22.2562 23.5822 3.70943592612
-23.5427 20.103 8.1327632512
-28.7454 13.8521 13.0218892197
-27.326 0.9078 14.4784607207
-32.016 -12.79 1.21649484997
-32.0676 -14.0054 0.281146011887
-31.8928 -14.2256 1.07140954355
-31.7032 -13.1711 12.4337291289
-35.3601 -1.2873 37.8961121132
-51.5 33.0 13.063427319
-39.1436 28.7606 1.0396419576
-22.9091 4.5677 0.45145499222
