0.0 0.0 8.74693819116
-3.5674 7.9864 1.72061624135
-2.8206 9.5365 14.613232448
2.3357 23.2098 16.3203625527
15.481 32.8822 1.8798236646
17.1435 32.0048 0.489556911911
17.4266 32.4042 0.901996590903
18.3278 32.3663 2.76136736057
20.8849 33.4086 0.4760958832
21.3572 33.3486 0.749883257581
22.1009 33.2525 2.02815373185
24.1279 33.1841 0.285964770557
24.3992 33.2745 0.550965924536
24.8988 33.5068 1.56027325812
26.4588 33.536 1.46144091225
27.9165 33.6405 1.52192305982
29.4367 33.5681 0.89373403762
30.3304 33.5603 2.06380641049
32.3697 33.2432 3.81749863785
36.1513 32.7209 4.44581799223
40.1842 30.8498 3.43155986105
40.787 27.4716 0.399696747547
40.578 27.1309 1.00515293364
40.1509 26.221 0.466488638661
40.0671 25.7621 0.353741374453
39.9935 25.4161 0.276952577168
40.0678 25.1493 1.20760053412
40.3951 23.9869 0.839563505638
40.8419 23.2761 0.612629904592
40.7201 23.8765 1.0907627423
41.6281 23.2721 7.74204302042
40.0904 15.6843 0.344672380675
40.3577 15.4667 1.19631327001
40.1865 16.6507 0.889894830865
40.5506 15.8387 9.56370766283
41.6655 6.3402 6.50487735857
45.1351 11.8425 0.647633059687
44.6624 11.3998 4.79142379361
44.1753 6.6332 0.436640492854
44.3067 6.2168 10.0249213388
35.578 11.1472 22.0707063161
20.4628 27.2297 5.05054962653
15.4755 28.0265 4.82665956744
10.7308 28.9122 3.9159095559
7.0767 30.32 3.43661717682
3.7946 29.3011 5.86996753398
1.1943 24.0385 4.26734465915
-2.5367 21.9673 3.06368475043
-5.5147 21.2478 1.42268424114
-6.9036 20.9396 7.19677240782
-11.4666 15.3743 0.552234243777
-11.0295 15.0368 0.436899359121
-11.4371 15.1941 8.35357143861
-3.4208 17.5438 8.15541513903
-5.8411 25.3318 0.663247382204
-5.2536 25.6396 1.61944739032
-5.8955 24.1528 2.11010481493
-6.3208 22.086 2.98740918188
-9.2957 21.8129 1.34202149759
-7.963 21.655 5.18474935363
-2.7849 21.3925 2.02309510651
-2.2999 23.3566 0.229042375992
-2.1714 23.5462 3.43182000839
-4.2303 26.2918 3.03183855276
-4.0253 29.3167 1.00828371503
-4.5284 30.1905 3.12846698081
-4.1427 33.2951 0.899387219166
-4.4296 32.4427 3.4880658308
-3.6464 29.0437 0.67146425817
-4.2643 29.3065 1.31019435581
-3.0469 28.8222 0.892916933427
-3.7038 28.2174 1.10468115309
-4.1872 29.2107 1.11900651026
-3.3993 28.4161 17.6827477212
11.9623 19.6582 1.35412502377
12.2986 18.3465 13.1021953649
13.6209 5.3112 0.925784667188
13.9819 4.4587 0.23836671328
14.2069 4.5374 6.9686950866
16.2289 11.2063 6.12742321127
17.7328 17.1463 13.5673019072
7.1526 25.6393 7.85863403525
1.8977 31.4826 2.60693724512
-0.5299 30.5324 3.08822098464
-3.517 29.7486 2.67623467768
-4.7488 27.3727 0.873952086787
-5.3541 26.7423 3.18960727677
-8.4174 27.631 0.76060189324
-9.1644 27.4878 1.7451188269
-10.8898 27.2262 2.09915722613
-12.9889 27.2417 1.17276486987
-12.0377 26.5557 2.95509839092
-14.5882 25.0632 0.595086901217
-15.1341 24.8263 2.08769433107
-16.896 23.7064 0.307905245165
-17.1318 23.5084 0.848581198236
-17.9692 23.3711 1.00165000374
-18.9379 23.1163 1.26835252592
-19.9617 22.3676 1.72845157583
-21.4058 21.4178 2.00714769013
-23.025 20.2317 0.550444011685
-23.3815 20.6511 0.455323236833
-23.1713 20.2472 2.89001510377
-26.037 20.6213 1.25294247673
-24.8504 21.0236 0.687352842432
-25.1336 20.3973 1.14276598217
-26.2336 20.0876 0.678989955743
-26.868 19.8456 1.61127547614
-28.2559 19.0271 2.79187942791
-30.4452 17.2946 2.9053959799
-33.227 16.4562 2.86616228605
-35.5381 14.761 2.0370973099
-36.8524 13.2046 2.51481144025
-38.5201 11.3223 1.00107977704
-37.5235 11.4169 0.0
-36.0 20.16 8.42548266273
-31.0763 13.3229 7.65441068274
-33.724 20.5048 0.524912306962
-33.6142 19.9915 0.861756021157
-33.7772 19.1453 1.29430149888
-32.7373 19.9159 8.33403743992
-24.9782 22.9577 0.728354419222
-25.6578 22.6957 1.13713697504
-24.6425 23.2078 9.16003240879
-16.2358 26.8456 0.745489825551
-15.541 26.5754 2.77214174602
-12.8045 27.0185 2.1255963869
-10.9653 25.9529 4.00307188294
-7.0468 26.7714 3.91531970853
-3.1759 26.1833 1.29108981097
-1.9786 26.6664 0.0813793585622
-2.023 26.5982 1.50506162332
-0.5598 26.2457 1.99969288892
1.4383 26.3255 0.682910367471
2.1142 26.4231 0.553532094824
2.6609 26.3364 1.34673564592
3.9866 26.5735 3.427839124
6.3951 29.0126 3.80642109336
9.2096 31.5753 2.17954923092
11.381 31.387 0.722469334989
10.7797 31.7875 0.635048415477
11.3257 31.4632 0.521723010802
11.769 31.1881 0.431714095207
12.1999 31.2146 0.336708063462
12.5363 31.229 0.399340318525
12.8148 31.5152 0.324589741058
13.0473 31.7417 0.245021019506
13.2004 31.933 0.205027437188
13.3064 31.7575 1.48809253073
13.0971 33.2308 0.0934561394452
13.1862 33.259 0.527500834123
13.4674 32.8127 0.923251699159
14.0755 33.5074 3.94306702961
17.4967 31.547 0.090673535279
17.5787 31.5857 0.508858506856
18.0874 31.5984 2.54706975955
20.2684 32.914 1.35578221334
20.9654 31.7511 1.09289560343
20.665 32.8019 4.39070155898
25.0557 32.7982 0.348294386977
25.403 32.7719 0.368621445388
25.7686 32.7248 3.23915841693
28.9896 33.0673 0.526815717305
29.5038 32.9527 0.856421490856
30.3402 32.7686 0.517492193178
30.8378 32.6265 3.0177620665
33.8136 33.128 0.950928288569
34.703 32.7915 3.18146559466
37.8243 32.1757 3.52598021123
39.9005 29.3258 0.743678761294
39.9992 28.5887 0.613251375865
40.0603 27.9785 0.868854562053
40.2063 27.122 0.576637702548
40.1603 26.5472 1.61342638196
40.9065 25.1167 0.751720493269
41.3118 24.4836 0.244111716228
41.2656 24.2439 0.381133375605
41.2244 23.865 0.818649351066
41.1918 24.683 1.10128274753
41.1006 23.5855 7.4772242343
40.0062 16.1888 0.86575934878
40.6495 16.7682 1.44537512432
40.8673 6.3308 0.293247898543
36.7872 -1.1828 0.177968901778
36.9429 -1.0966 6.41569451034
0.0 0.0 5.66437262634
5.6606 0.2067 5.21974724005
0.6928 1.8088 0.912047586478
1.4202 1.2586 1.50417830393
0.9696 -0.1765 8.36039665626
2.9779 -8.2921 8.00244940315
6.171 -0.9543 0.266918901541
3.5345 -9.8247 7.81121648016
-2.113 -4.6541 1.24033224581
-9.9967 -10.2706 0.976259320058
-10.6466 -9.5421 1.36613614622
-11.1485 -10.8127 4.85494386476
-10.7338 -15.6499 1.98183721834
-8.7528 -15.5923 2.00680853596
-8.3297 -17.554 11.8585236594
-3.4684 -28.3703 12.1378375294
8.5891 -29.7645 11.3417903194
-2.2531 -26.4354 5.15004577552
1.5912 -29.8624 5.42483120659
5.6931 -33.4125 3.8683676467
8.2382 -30.4993 5.68530261112
13.7395 -31.934 2.33750617967
16.069 -31.7407 1.14088893412
17.1956 -31.9207 1.93173311304
19.1075 -32.1968 2.04401056749
21.0759 -32.7476 1.23221680316
22.2478 -33.1284 3.12355011165
25.3627 -32.8961 3.46807602281
28.7958 -33.3874 3.04392263042
31.5691 -32.1327 3.34553764439
34.9084 -31.9285 0.746831179049
35.6024 -31.6526 2.83391541511
38.2341 -30.6013 0.453838176006
38.6191 -30.361 0.74861891507
39.3203 -30.0988 1.67300007472
39.9633 -28.5543 2.83006513176
40.4762 -25.7711 0.952010640697
40.3617 -24.826 2.45481119437
39.3879 -22.5726 0.414097597192
39.7158 -22.3197 0.829720916935
39.5722 -23.1369 0.973208672382
39.4776 -22.1683 10.8223430776
38.8564 -11.3638 1.12993251568
0.0 0.0 1.98564027457
1.9847 -0.0611 0.155003903177
1.9836 0.0939 3.14988663288
-0.4368 2.1097 1.16034369477
-1.5633 2.3879 0.100430124963
-1.6047 2.2964 1.1380618832
-2.0984 1.271 1.09897037267
-1.3972 2.1172 18.0649628585
9.8856 16.2254 0.820765648648
9.2936 16.7939 19.56386025
-7.6296 26.6097 3.42608600301
-8.5075 29.9214 0.272368518739
-8.3806 30.1624 3.93355169916
-10.6175 33.398 1.1437415486
-11.5978 32.8088 7.90556912879
-6.7043 26.5998 7.78644079474
-13.6726 30.0742 1.97686645477
-15.6309 30.3445 4.06531143333
-18.865 32.8077 3.90194364516
-24.8833 32.5657 11.1253988378
-23.6014 21.5144 10.9156304028
-14.6711 15.2374 1.76624371195
-15.1758 13.5448 2.61914183847
-17.6179 12.5982 11.7809647928
-16.9915 0.8339 1.88285957257
-17.8319 2.5188 4.63368830199
-22.2477 3.923 0.929561665518
-22.516 3.033 5.22685969297
-17.3343 2.3474 2.07840209055
-15.7918 0.9544 2.6026731489
-17.0242 -1.338 2.07110535946
-33.0508 -34.0 10.0330894644
-24.7084 -28.4262 1.1636165004
-23.6128 -28.8182 7.46186854414
-24.2104 -21.3803 0.440082003722
-23.8513 -21.6347 7.20789167857
-20.9097 -13.9046 0.215131820055
-20.7354 -13.7785 0.95170743929
-20.6598 -14.7272 1.32107502436
-20.1409 -13.5123 15.900606873
-11.6747 -0.053 1.49123128991
-10.2977 0.5194 3.12693778
-7.2055 0.9842 0.33190530276
-7.3967 1.2555 2.01113652446
-5.9343 2.6361 1.38149172998
-6.5625 1.4057 9.43379225391
-11.7375 -6.482 0.265451954221
-11.885 -6.7027 0.61109941908
-11.2855 -6.8212 0.438969907852
-10.9188 -6.5799 0.359027937632
-10.6383 -6.3558 0.0504385765065
-10.5905 -6.3719 1.47181874224
-9.3509 -7.1654 0.582943187626
-8.7869 -7.3128 1.33268526667
-7.496 -7.6439 0.220513038163
-7.401 -7.8429 9.01281572928
-12.7754 -15.078 0.581141161853
-12.1986 -15.0071 0.463585871226
-11.7367 -14.9676 1.84734791796
-9.933 -14.5684 2.35739725333
-7.7164 -13.7659 2.19808978888
-5.5188 -13.7195 1.26611522382
-4.2638 -13.5521 0.396721060696
-4.0916 -13.9095 0.220882638521
-3.9181 -13.7728 0.0440478149288
-3.8796 -13.7514 0.893499932848
-4.0109 -14.6352 0.507332997153
-4.1108 -14.1378 0.994550858428
-3.4778 -13.3707 15.3105779283
1.7613 1.0156 19.3560965572
5.4245 20.0219 1.24681829069
4.1812 20.1155 13.5538594743
-6.784 12.1486 0.481367936198
-6.6905 12.6208 10.7185738758
-5.3893 23.2601 1.36647676892
-4.2203 22.5525 2.11084911825
-2.6603 23.9745 1.14538640205
-1.6323 24.4796 2.09966643303
0.3869 25.0553 1.03081724859
1.3577 25.4019 1.95580944113
3.0218 26.4295 3.43219705874
4.9442 29.2728 9.98630673372
14.5735 31.9191 0.638493492528
15.1222 32.2456 2.38230498887
17.4281 32.8441 7.24877906685
24.6671 32.4677 5.84421632899
30.5106 32.3762 6.83626830734
37.338 32.7243 5.06245219731
41.1805 29.4283 0.476256286048
41.1683 28.9522 1.10366006542
41.3506 27.8637 0.61250464488
41.2519 27.2592 0.396642761184
41.1927 26.867 0.61940837902
41.0892 26.2563 0.616517136826
41.0419 25.6416 0.350549639851
40.9832 25.296 0.53342853317
40.891 24.7706 1.66174916278
39.9908 23.3738 6.45774720007
41.0107 16.9971 1.17421432456
41.0049 15.8229 8.85658922724
40.8794 6.9672 0.0
40.8794 6.9672 5.8370767701
41.8833 12.7173 0.48330547276
23.1553 -14.3373 0.91147531508
23.917 -14.8379 6.31797501736
20.8914 -20.3843 4.21860542478
18.1427 -23.5845 5.81250537118
13.8272 -27.4783 4.81849487392
9.637 -29.8574 5.82180815383
3.8763 -29.0161 5.02967183025
-0.0541 -25.8777 4.97762214717
-4.9921 -25.2509 3.44165288779
-7.5419 -22.9393 9.66504626476
-11.3998 -14.0776 14.6760188743
-6.0828 -0.3986 3.31667097253
-9.0483 1.0867 5.95865030523
-13.5294 -2.8408 0.436186164384
-13.2548 -2.5019 4.53206480316
-10.6551 1.2104 17.3796167176
-13.6769 18.3253 2.93349976138
-13.8823 21.2516 1.04889260651
-14.3974 22.1653 1.41373854726
-15.1892 23.3365 7.985535977
-16.3064 31.2435 2.27592552163
-18.2407 30.0442 3.12334749908
-16.9705 27.1908 3.47857372209
-17.736 23.7975 2.78422489393
-19.0761 21.357 12.4417492617
-23.9351 9.9033 0.345343032361
-24.2646 9.7999 1.19437110648
-24.4099 10.9854 0.0824263307445
-24.481 11.0271 1.15418196139
-23.751 10.1331 0.827873251168
-23.4804 10.9155 1.23140265551
-26.5829 9.5207 0.511356675912
-26.2892 9.1021 1.29487952335
-25.4425 10.0818 14.3925632272
-23.538 -4.1842 2.97966840101
-20.6067 -3.6495 1.47153309511
-20.3764 -2.1961 5.7395553042
-14.8242 -0.7416 0.369158841151
-14.5566 -0.9959 0.648205252987
-14.112 -1.4676 0.69368469062
-13.4202 -1.4165 1.31085935554
-12.1525 -1.0829 1.92176554501
-10.7634 -2.4109 1.24325814697
-9.6465 -1.8648 0.721209851569
-9.5852 -2.5834 0.178617916235
-9.7452 -2.504 8.9176609921
-15.8906 -8.9661 1.75097991136
-14.1398 -8.9912 2.18728607411
-12.3964 -10.3121 0.763276306458
-11.666 -10.0905 2.9208976788
-8.825 -10.769 0.827950783561
-8.1885 -10.2395 0.360129879349
-7.8373 -10.3192 0.546810479051
-7.321 -10.1391 0.399250760801
-6.9276 -10.071 2.17838988705
-4.9139 -9.2401 12.3007911242
-0.2487 2.1417 19.5351795571
4.4981 21.0914 0.670277919971
5.1681 21.0721 1.32690333107
6.2612 21.8243 1.46837367519
6.8585 23.1657 2.11053564765
8.0751 24.8903 2.04845332873
9.1249 26.6493 0.648879626741
9.5708 27.1207 1.28193784951
10.1437 28.2675 2.41564568594
11.8315 29.9957 0.80789832281
12.5556 30.354 1.95208606624
13.6181 31.9916 0.691001736611
14.2239 32.324 0.651740937797
14.8224 32.582 0.459137016587
15.281 32.6042 0.359700778426
15.6379 32.5594 0.582505982802
16.217 32.4965 1.13065044112
17.3451 32.4206 0.767577514001
18.1069 32.3266 0.3766351683
18.4776 32.3932 0.29120001717
18.7648 32.4413 0.990300338281
19.7078 32.7437 2.19452715864
21.8586 33.1796 2.05411914211
23.0082 31.4773 1.87712432194
24.4438 32.6867 0.360216948519
24.8038 32.6992 0.281800283889
25.0856 32.6996 0.0870320056071
25.0632 32.7837 0.32713839579
25.3345 32.6009 0.757139703093
26.0912 32.5751 2.09407969524
28.1808 32.4382 3.78530667978
31.9203 33.0253 3.61609767705
35.5323 32.8532 1.28264823705
36.7464 32.4395 2.34530279495
38.7466 31.2149 1.20466177826
39.4596 30.2439 1.86041468496
40.1554 28.5185 0.491611075953
40.1587 28.0269 0.745339667534
40.1398 27.2818 0.355988876231
40.088 26.9296 1.20767156131
40.1476 25.7234 0.33928233081
40.1759 25.3853 1.24046350208
41.2632 25.9824 0.820910744235
40.8934 25.2495 5.92992906703
38.1991 19.967 0.730308879858
38.66 19.4005 7.86889689918
40.1815 11.6801 0.715574405635
39.4902 11.8649 1.08426053142
40.0705 10.949 0.25341073379
40.0371 10.6978 0.0621737082697
40.0232 10.6372 0.175365960209
39.9951 10.4641 0.130322100965
39.9759 10.3352 0.177253744671
39.9619 10.1585 1.08415268297
40.0567 11.2385 0.261406197325
40.2669 11.0831 7.19081629441
41.4142 3.9844 0.350165789306
41.748 4.0902 0.496413960319
41.8329 4.5793 0.0745093953807
41.9028 4.5535 0.291412508311
41.6118 4.538 0.990785395532
40.9949 3.7627 0.576394535019
36.6704 9.4002 3.71274512187
33.6207 11.5177 21.6661551063
19.4532 27.9099 4.21500852787
15.4737 29.2991 3.68812627902
11.7869 29.2002 3.26966469535
8.528 28.9351 5.65045508698
3.0765 30.4213 3.11583250192
0.9622 28.1326 3.51922304209
-1.8209 25.9787 3.15934313584
-4.8161 24.9736 2.25409244265
-6.9606 24.2793 1.92476494149
-8.6544 23.3651 1.51091793291
-8.9506 21.8835 2.50590452532
-11.2216 20.8242 2.39747107803
-13.6167 20.7176 18.590458043
3.0528 28.9476 5.27029201942
-1.7386 26.7525 3.16456617248
-4.5621 25.3234 2.8258513089
-6.978 23.8575 2.92925597721
-9.6273 22.6078 2.5154563582
-11.9536 23.5648 7.69971422392
-13.6668 16.0581 1.20582815111
-14.7436 15.5154 1.16325241027
-14.0757 16.4678 0.994190308744
-13.1936 16.0092 0.752802929059
-13.5776 16.6567 1.79232847994
-14.0653 18.3814 3.7374159121
-17.6256 19.5183 0.930041939915
-17.8691 18.6207 1.529589762
-19.1313 19.4847 9.69607983672
-23.6719 28.0519 0.0905045855192
-23.5861 28.0807 2.86541314997
-25.7627 29.9443 0.76838409666
-25.5241 30.6747 0.978097919433
-26.4468 30.3502 7.88724791673
-29.0101 22.8911 1.24699816359
-29.249 21.6672 3.2689102542
-31.6595 19.4592 16.1473449706
-27.5803 3.8356 0.89036343703
-27.225 4.652 2.89740397598
-30.1224 4.6472 1.89589953584
-32.018 4.6135 2.80002021778
-34.2861 2.9716 0.853211872866
-33.6542 3.5449 1.02925905874
-34.0092 4.511 1.33583023248
0.0 0.0 5.696442862
-5.6948 0.1368 1.04794103365
-5.6644 1.1843 0.357173753235
-5.3866 0.9598 9.83133576123
1.7361 -5.8168 1.11906071775
1.0121 -6.6701 12.1319198233
-10.2085 -11.2833 6.21771365857
-4.1068 -10.0878 0.893305882663
-3.7826 -10.9202 19.2283078527
8.9226 -25.353 2.23183347049
11.1134 -25.779 1.94579347568
11.9622 -27.5299 3.58476538842
13.5014 -30.7674 0.156898980239
13.4391 -30.6234 1.80243597667
14.8599 -31.7325 0.424161596564
15.2808 -31.68 0.977541390428
16.2502 -31.5541 0.873887979091
17.1236 -31.5833 1.32185283977
18.2798 -32.224 0.322070007918
18.5788 -32.3437 0.757893989948
18.1797 -32.988 2.52165774244
19.8693 -31.1161 1.48570717169
20.3711 -32.5145 0.471490424081
20.831 -32.6184 1.04403603865
21.8453 -32.8658 2.07307667972
23.8697 -33.3124 2.56486539608
26.4316 -33.1891 3.94385604707
30.3142 -32.4967 5.30934310814
35.5632 -31.6985 4.45188046785
39.5475 -29.7124 1.81532202377
40.1289 -27.9927 0.376575410775
40.1979 -27.6225 0.304395532162
40.2539 -27.3233 0.628355194138
40.2175 -26.696 0.727554506549
40.2459 -25.969 2.03636713782
40.0273 -23.9444 0.519105856257
40.0681 -24.4619 0.924715053408
40.4669 -23.6276 0.957362131066
40.9766 -24.438 1.33977056245
40.7496 -23.1176 5.33078990394
40.4106 -17.7976 7.40294551175
39.2563 -10.4852 1.47388454432
45.9014 -2.8855 0.720179116609
46.6104 -3.0119 0.0732378317538
46.6651 -3.0606 7.99948125943
46.587 4.9385 28.2088357395
25.1407 23.2632 4.05283923318
22.3194 26.1728 3.6827588463
19.302 28.2842 3.7486475868
15.5888 28.7985 2.12278690876
13.4663 28.8334 1.214706339
12.3428 29.2952 2.53806804085
10.1455 30.5655 3.90959762763
6.239 30.4099 2.87782157369
3.6245 29.2073 2.62832728936
1.2148 28.1578 4.93909416999
-3.4881 26.6487 3.67147027361
-4.5967 23.1486 0.656306178548
-5.2293 23.3234 11.3019668138
-12.3188 14.5215 1.06048608666
-12.7343 13.5458 0.646305500518
-13.3077 13.2476 3.09777530657
-14.4885 10.3837 1.20063650619
-15.0234 11.4586 0.76237873134
-15.2196 10.7219 1.46929483086
-13.7559 10.5938 8.77973105055
-22.3373 8.7382 1.1602110196
-23.4388 9.1026 0.130168198881
-23.4214 9.2316 0.931908364594
-22.5136 9.4422 0.980908854074
-22.2643 8.4935 0.785848872239
-22.1897 9.2758 0.860039493279
-22.9645 9.6491 0.680800969447
-22.2965 9.5177 1.05683436734
-22.4233 8.4685 1.2414677523
-23.581 8.9168 4.96188516594
-20.6096 12.8906 0.177508309665
-20.6158 13.068 0.58588852182
-20.0864 12.817 0.139616080736
-19.9937 12.7126 2.26801768291
-21.9226 13.9056 2.91467487038
-24.5062 15.2548 15.5221711168
-31.6215 29.0501 3.54412533215
-35.0821 29.815 5.46783858028
-40.4176 31.0107 5.06623650159
-45.3803 29.9917 3.2126840243
-30.5363 10.7337 1.21499919342
-31.6783 10.3189 6.79360320449
-31.0632 3.5532 0.994455046747
-30.2954 2.9212 13.211295695
-21.3819 -6.8301 0.515923686217
-20.8701 -6.8952 0.514235685265
-20.3598 -6.9587 0.397358943526
-20.222 -7.3314 0.13005998616
-20.1458 -7.4368 0.477028342973
-19.6688 -7.4316 1.69986639475
-19.9964 -5.7636 9.3857039395
-22.9676 3.1394 0.33847617346
-22.6342 3.1978 0.342802479571
-22.3027 3.2851 1.59537756346
-20.7141 3.432 1.67700376863
-19.1771 2.7612 5.78462591444
-14.425 -0.5372 0.369982175246
-14.1215 -0.3256 0.943804476573
-13.3248 0.1804 0.68073784969
-12.6527 0.0723 0.627262154127
-12.0293 0.0028 1.51653859826
-10.5269 -0.2038 2.10166142373
-8.5526 -0.9243 9.62211869029
-14.8011 -8.2415 2.19221262655
-13.4593 -9.9751 1.6495897975
-11.8104 -10.0228 0.744552247999
-11.2013 -10.451 1.3894282889
-9.8169 -10.5691 1.37202094736
-9.4527 -9.2463 7.58032918151
-14.6432 -3.7218 1.12424439069
-14.1488 -2.7121 12.9390430253
-3.3628 4.435 0.354303612739
-3.7147 4.4762 0.270978320166
-3.9177 4.6557 8.10204371378
-12.013 4.3252 1.53487857826
-12.1623 5.8528 2.86013775892
-10.3443 3.6448 0.791266390036
-9.5838 3.8633 9.18930800061
-16.7121 -1.9359 0.500573311314
-16.4413 -1.5149 0.406831427006
-16.2128 -1.1783 1.59708280311
-14.915 -0.2475 0.21761511896
-14.7003 -0.283 1.17318412025
-27.595 -28.3037 16.4199939208
-43.35 -23.6781 7.12901966683
-48.9945 -19.3235 11.8157551269
-40.6364 -10.9716 1.00125273533
-40.4312 -9.9916 15.2858489565
-42.6538 5.1318 2.16315431026
-41.4235 -5.1368 1.0447220348
-40.4512 -5.519 1.07203232227
0.0 0.0 7.25017414687
-2.3754 6.85 0.135813585477
-2.3636 6.7147 0.2163628665
-2.5431 6.8355 7.48649105055
1.2861 0.4024 1.03075916198
1.705 -0.5394 0.996920082053
2.0156 0.4079 20.1561971128
7.2873 19.8625 1.16140953156
8.4282 20.0798 0.218283233438
8.5056 20.2839 1.52680577678
6.9788 20.2881 17.6591527569
-9.2532 13.3334 11.8887142518
2.5588 14.6818 0.579946557883
3.1039 14.4838 1.56985246759
4.5498 13.8724 6.80588343788
3.6482 7.1265 1.14090715661
4.7599 7.383 1.04592002084
4.4744 6.3768 14.5729060743
-5.682 -4.0739 0.650169647092
-5.0689 -3.8575 1.59134636079
-3.6389 -3.1593 13.1633589216
3.809 7.6944 0.514855028139
4.2061 8.0221 0.683798332844
4.7381 8.4517 1.79514734771
6.5331 8.4747 2.4294624426
8.9541 8.2721 1.2969074755
10.2463 8.3825 0.491930736995
10.7251 8.2696 0.575323387322
11.1007 7.8338 3.51751452165
14.4452 8.9234 0.876838782217
14.122 8.1083 1.36432186818
13.9466 9.4613 17.1522950024
13.471 26.607 8.34998708083
18.5966 33.1987 1.12130975649
19.6405 32.7893 0.515474538653
20.1539 32.8355 0.402947589644
20.5563 32.8145 1.59510113159
22.1514 32.8164 0.395288312501
22.542 32.7557 2.18362904588
24.7105 33.0123 0.510842226132
25.2162 32.94 0.845392364527
26.0518 32.8117 0.657425554721
26.7062 32.7487 3.07939460446
29.7819 32.8995 1.28754869422
31.0527 32.6925 1.97673140563
33.0059 32.3884 1.81211470388
34.7722 32.7933 2.33884180098
37.1078 32.9164 2.03360757522
39.1102 33.2713 1.32712103819
39.5789 32.0297 0.341221453018
39.6271 31.6919 0.248789469231
39.6585 31.4451 0.184362089378
39.6832 31.2624 0.539497414266
39.9343 30.7849 0.282689246347
39.9732 30.5049 0.20650544787
39.9989 30.3 0.530773209573
40.1305 29.7858 0.290906875134
40.1285 29.4949 0.223200089606
40.1283 29.2717 0.528009867332
40.2654 28.7618 1.64241862203
39.9472 27.1505 0.348405510863
40.0196 26.8097 0.263318248513
40.0687 26.551 0.648567629473
40.1076 25.9036 1.28464711497
39.9831 24.625 1.35732537735
40.1678 23.2803 0.77932651052
40.2408 24.0562 1.002513167
40.7007 23.1654 5.92324372367
40.4662 17.2468 7.48652130499
0.0 0.0 1.99029552831
1.9902 0.0195 0.149077295387
2.1392 0.0243 0.15017622981
2.0243 0.121 0.115700518581
1.9362 0.196 1.00778767605
0.9302 0.136 3.79740194475
-2.865 0.2653 1.07113341839
-1.8692 0.6599 0.928107256733
-2.754 0.9401 0.453319534104
-2.8716 0.5023 0.119599665551
-3.6367 10.7249 7.03700980957
-10.5902 11.8058 2.76187487769
-8.133 10.5448 1.30822447997
-7.4807 11.6788 0.93612292462
-7.1945 10.7875 17.6815685481
-0.8931 -5.7331 12.8575434084
-5.1866 -17.8526 1.14405605195
-5.7887 -16.8798 7.78778067552
-10.5371 -10.7071 10.924275738
0.3051 -9.3705 10.0817544073
9.6819 -5.6668 0.407200306974
10.0366 -5.4668 1.03980114445
11.0737 -5.3919 1.49035247173
12.5342 -5.0951 12.4156695788
13.682 7.2674 29.9238851644
38.2943 24.2872 0.738805962347
38.2598 25.0252 0.374226094761
38.3959 24.6766 5.26148393612
41.2754 20.273 0.942352174084
41.8513 21.0189 0.812097457206
41.5085 20.2827 14.6012189224
0.0 0.0 2.03712267917
1.8655 0.8184 0.904257452278
1.0278 0.4779 0.656918655543
0.4142 0.2433 1.1662290727
0.1246 -0.8864 3.76526187668
-2.3606 -3.715 1.25160719876
-3.3993 -3.0167 1.1407109406
-3.1002 -4.1175 0.722251182069
-3.2816 -3.4184 10.9675568879
-7.7813 6.5836 1.44197972593
-9.005 5.8208 1.84523342968
-10.8246 5.5143 1.22043074773
-12.0406 5.6182 1.3793523444
-13.4198 5.6387 0.623595157133
-14.0432 5.6231 0.689695012306
-14.7327 5.6395 1.00898898408
-21.0249 7.8765 1.15226459635
-21.8856 7.1104 0.960165069142
-20.9392 7.2724 9.57696807972
-14.2108 14.0876 0.919197873148
-14.5385 13.2288 1.10762676475
-13.8801 14.1195 17.2448900643
-1.5843 26.2108 0.981660348593
-0.8313 26.8406 0.358585624363
-0.7364 26.4948 1.43806298193
0.4369 27.3263 4.90590019976
3.874 30.8269 3.13330943572
6.8759 31.7248 2.81551974598
9.6209 31.0986 3.32452377492
12.8757 31.7759 1.59901464971
13.3361 33.3072 0.273791891772
13.5383 33.1226 0.313447427809
13.8331 33.0161 0.235538064864
14.0498 32.9238 0.533770784139
14.3209 32.464 3.32757371218
17.4793 33.5115 1.08159882119
18.5117 33.189 1.00305962435
19.5048 33.048 2.88817373612
22.3656 32.6513 2.31869439556
24.6833 32.7192 0.638286706739
25.3209 32.7488 0.456309379698
25.7688 32.836 0.224429788575
25.984 32.8997 0.496380307829
25.6386 33.2562 0.150180324943
25.7833 33.2964 2.280509351
28.0012 32.7657 3.10750361544
31.0828 33.1661 0.669196787201
31.7125 32.9396 0.528191347903
32.2166 32.7819 1.16777174568
33.3292 32.4272 1.46151446452
34.6565 31.8154 1.62946245431
36.2523 31.4859 2.0719953861
38.0445 30.4461 3.27948994205
41.3033 30.0783 2.81132973875
39.9892 27.593 0.600713950229
39.9775 26.9924 1.23818767964
40.3807 25.8217 11.0911108046
40.0715 14.7349 0.69534279316
39.4871 15.1117 1.13590602604
40.1386 14.1812 11.5666696892
28.8203 11.7971 0.504522685318
29.0418 11.3438 0.79605603446
29.2983 10.5902 0.717144141718
29.9239 10.2396 2.53693647142
32.4468 9.9731 0.716646635379
33.1632 9.9919 1.28895927011
34.1748 9.1931 6.06804429779
0.0 0.0 2.02845309534
1.67 1.1514 2.75684171653
0.8159 3.7726 1.82338836236
-0.9645 3.379 4.20101072719
-5.0437 4.3833 1.15522839733
-5.7433 3.464 0.203253659254
-5.7784 3.6642 0.131439758064
-5.6669 3.7338 3.93423938773
-6.6609 7.5404 0.72011406041
-6.921 6.8689 0.980721785217
-6.8259 7.845 20.0330355169
-13.3268 26.7939 3.02847444269
-16.274 27.4908 5.34146617512
-21.0029 29.9745 6.20672115775
-27.1692 30.6817 7.43047259466
-32.9339 25.9934 4.87251503538
-37.034 23.3608 6.98370792416
-43.9779 22.6162 6.52321601436
-45.2315 8.3673 5.4675760077
-40.0727 6.5559 11.2355316924
-32.5523 -1.7916 17.7211946677
-21.355 -15.527 1.8090450105
-19.6498 -14.9229 1.50863907546
-18.8029 -16.1714 0.956194232361
-18.4164 -15.2968 12.613346749
-11.5014 -4.7479 0.576304372706
-10.9407 -4.6147 0.468959156004
-10.4877 -4.4934 2.72982382032
-7.758 -4.5194 11.0367501421
-9.5621 -15.4077 6.2092475301
-15.7381 -14.766 0.226934197511
-15.5409 -14.6537 5.26499623267
-10.3051 -15.2074 0.453902302263
-9.8594 -15.1215 0.33885184078
-9.5245 -15.1731 2.0119691275
-7.5384 -14.8515 7.65017704436
-8.6668 -7.285 2.79219040182
-8.3486 -10.059 7.44405373704
-4.3046 -16.3088 0.668548704284
-3.6362 -16.3229 0.679132210987
-2.9572 -16.3363 2.24571529807
-0.7338 -16.6521 6.51687480469
-1.6447 -10.1992 13.8495990386
4.1421 2.3835 0.721917121282
3.9148 1.6983 14.3918499297
3.801 -12.6931 11.0270638091
7.0757 -23.2227 0.781273793238
6.935 -22.4542 5.72609047518
5.5913 -16.888 0.796124475192
6.364 -17.0797 4.28167836835
6.7146 -21.347 0.862270821726
7.2285 -22.0394 3.42945031455
8.14 -25.3455 6.75412173417
13.5462 -29.3941 0.12805412918
13.6167 -29.2872 3.65111036535
13.608 -32.9383 1.00323633307
14.6097 -32.8828 3.75253976928
18.3501 -33.1844 9.90566792549
21.2005 -23.6977 0.28772495547
21.4839 -23.648 1.54336268259
22.9745 -24.0481 8.5035802701
25.9366 -32.0191 0.820015243761
26.751 -32.1149 2.83223228567
29.5346 -32.6375 2.78401316448
32.3177 -32.7088 4.5206649356
36.6766 -31.5103 2.89894508054
39.4809 -30.7756 1.1784506778
39.6783 -29.6138 0.463611399774
39.776 -29.1606 0.378174893403
39.8708 -28.7945 1.63708708687
40.5075 -27.2863 13.9603860624
27.1685 -27.4726 3.63541323236
23.8346 -28.9222 14.4585234052
9.4841 -30.6863 4.56715179954
4.9961 -29.8397 2.12341476165
2.8741 -29.7622 4.0727590955
-1.0807 -30.7353 0.813572129562
-0.8692 -31.5209 1.01853193372
-0.7933 -30.5052 14.848119423
-7.1841 -17.1028 0.177741947778
-7.0875 -16.9536 0.714056587393
-7.2475 -16.2577 3.12693898405
-8.4485 -13.3706 17.5878358106
-0.781 2.4579 0.148960430988
-0.8085 2.3115 9.79620740134
-9.3194 -2.5393 1.84008453067
-9.9816 -0.8225 0.66429880325
-10.1607 -1.4622 3.20263029555
-11.2927 1.5337 2.40004517666
-13.6824 1.3111 0.999602410961
-14.0287 2.2488 2.29567750784
-16.3198 2.1039 3.92948143653
-20.1292 1.1399 2.20544403239
-21.9979 -0.0314 1.17497404227
-23.1679 0.0766 2.03748365638
-23.7421 2.0315 3.68962667488
-27.1127 0.5307 1.27819085038
-27.396 -0.7157 17.6526053309
-31.0589 -17.9841 1.05019428679
-30.6737 -17.0071 8.02302337651
-29.0466 -9.1508 1.72145044948
-30.3944 -10.2217 1.08683110923
-30.7319 -9.1886 1.16822152437
-30.9671 -10.3329 1.24786794974
-29.723 -10.4298 0.422562811899
-30.0723 -10.6676 0.752745508123
-29.6089 -10.0744 15.2458245579
-24.9555 4.4439 20.0123352043
-35.2338 21.6151 1.24253276818
-34.879 22.8059 1.39201196834
-34.4964 21.4675 9.48560779339
-28.76 13.913 7.67362944114
-33.4072 7.8066 7.37933199755
-30.0564 14.3813 0.769553805786
-30.4323 13.7098 5.68580178075
-33.6528 9.024 0.378771831054
-33.4107 9.3153 1.51829783639
-34.0743 10.6809 5.42159025471
-29.461 13.5289 0.27181059582
-29.4634 13.8007 2.10560471599
-31.5685 13.8468 2.09906875542
-33.1493 12.4658 0.683441826347
-33.697 12.057 2.00992347118
-35.242 10.7714 0.609470868869
-34.6527 10.6159 0.0
-25.8127 15.0183 0.332254149711
-25.5096 14.8822 0.464990591303
-25.8624 15.1851 4.02785762658
-22.5915 17.5356 2.03355829275
-21.1773 18.9969 0.977386566308
-20.3024 19.4326 2.04280873309
-19.092 21.0782 0.556676800307
-18.6011 21.3407 0.430358559808
-18.2171 21.535 1.22619967787
-17.1077 22.0573 1.76526102886
-15.4034 22.5172 2.77578567616
-12.636 22.3016 0.790404586272
-11.847 22.2545 2.53552515468
-9.3129 22.1695 0.907330992527
-9.4182 21.2683 0.647529721326
-9.1317 21.849 4.87380657187
-6.353 25.8531 0.927107787692
-7.2801 25.8569 0.553960693551
-6.7262 25.8487 4.68439655132
-2.0463 25.6435 0.758946901964
-2.2157 26.3833 1.50495035466
-2.5511 24.9162 9.73271017394
-2.3533 15.1855 4.2702301589
1.2636 17.4555 2.98700623535
4.1211 18.3255 0.878062258613
4.6234 19.0457 1.45090981456
3.7754 20.223 1.49312839368
5.2216 20.5944 2.4332929314
7.0221 22.2312 1.70020542582
5.7546 21.098 7.68453511736
1.064 27.1849 0.509376138036
1.2342 26.7048 9.50984603083
4.591 17.8071 0.209422754256
4.8 17.8204 11.8245471985
14.1826 10.6241 0.388923771451
14.4963 10.854 0.199031077975
14.5712 11.0384 10.6924678223
13.331 0.4181 18.5848660638
-4.092 -6.05 0.936509231134
-4.3225 -5.1423 10.9721149561
-8.7594 4.8927 0.76993101639
-8.0873 4.5171 9.04640419172
-6.9965 -4.4633 14.7474811578
-3.636 -18.8228 21.1207340336
13.6024 -31.0262 0.663483609443
14.2519 -31.1617 0.478828205101
14.7045 -31.318 2.71342822643
17.2802 -32.1715 3.33073858026
20.5559 -32.7745 4.10097706651
24.611 -33.3862 6.1015871132
30.7043 -33.0683 8.64074618363
39.3173 -32.3764 2.98494627255
40.0165 -29.4745 0.534874611475
40.2368 -28.9871 0.414434277057
40.4827 -28.6535 2.04913233589
40.8374 -26.6353 1.15597378863
39.7716 -26.1877 1.08782225111
40.6706 -25.5752 0.296147682753
40.7223 -25.2836 0.938243166775
40.7206 -18.1253 0.78016388022
41.1978 -17.5081 5.83521194559
36.0 -20.16 7.46006372761
34.3491 -12.8849 4.59274334793
31.5666 -9.231 17.4088102253
19.5355 3.3515 0.644580429427
19.8272 2.7767 1.03788724339
19.4775 3.7539 23.6046159189
9.5723 25.1797 3.98705999453
5.6917 26.0949 4.11681894793
2.1668 28.2217 2.84136336641
-0.4885 29.233 1.91138410844
-2.2725 29.9191 2.17884488893
-2.5681 32.0778 0.410780001948
-2.8146 32.4064 2.27452384907
-4.3321 30.7121 1.96336866126
-5.726 32.0948 0.413743495417
-5.7048 32.508 1.25408160022
-5.2113 31.3551 7.36636466651
-1.9775 24.7365 5.04840737857
-6.9716 23.998 0.998164916234
-7.3978 23.0954 2.7662948451
-7.9912 20.3935 18.9394426953
-4.2068 1.836 3.81225354089
-6.5559 -1.1665 2.97197751169
-9.5162 -0.9033 4.27832393818
-13.4536 0.7703 3.5369777664
-16.933 0.1347 3.56296875793
-20.4356 -0.5184 32.8859941515
-36.5953 -29.1602 8.35732485009
-44.7309 -27.2479 4.06349685
-47.8493 -24.6426 4.10980983623
-50.8385 -21.8221 0.881250503546
-50.8971 -22.7014 1.1626481669
-50.6897 -21.5574 9.86334210397
-46.2836 -12.7329 0.104838637916
-46.3871 -12.7162 0.777716432898
-46.1969 -13.4703 0.745663871996
-47.6514 -12.9699 0.723273115773
-48.1414 -13.5019 1.20134964935
-47.6391 -12.4106 11.1161527018
-45.6176 -1.4798 6.51885867618
-40.9456 -6.026 24.5536779349
-22.4859 -22.2162 0.499541429713
-21.9919 -22.142 9.22881616081
-14.8526 -27.9902 18.6480150686
-0.204 -16.4504 11.2795063939
-5.2297 -26.5484 1.28528655949
-5.1482 -27.8311 1.42029584594
-4.1807 -26.7913 2.35958052416
-1.8387 -26.5038 4.0553893278
2.1071 -25.5674 2.23861015141
3.995 -24.3644 0.932921223898
4.9226 -24.4639 3.12329323151
11.3073 -27.8924 0.240880094653
11.5082 -28.0253 2.63183800413
9.3584 -29.5435 10.84084646
-1.4822 -29.6166 0.982510630986
-2.4505 -29.4501 1.75425154411
-3.5923 -28.1183 16.9862705456
3.0241 -12.4736 2.31467618686
0.7388 -12.106 2.85080402694
-1.8758 -13.2422 1.95514963622
-3.6691 -14.0211 15.6035459858
-11.3249 -27.6174 0.840461260261
-11.9716 -28.1542 3.16868352632
-14.4356 -30.1465 2.72541908704
-17.1434 -30.4559 4.07046415167
-21.2099 -30.6355 7.76236823978
-28.3549 -27.6018 7.9181711588
-36.067 -25.8071 5.19951691698
-40.6751 -23.3987 5.81064201702
-45.9987 -21.07 5.15907016816
-48.7927 -16.733 10.4237231242
-41.8343 -8.9719 1.17939353907
0.0 0.0 7.01064571776
-1.7747 -6.7823 10.2602552429
-1.4108 -17.0361 1.09990700061
-0.8163 -17.9615 1.20199724209
-0.8472 -16.7599 12.1206627781
-4.2565 -5.1286 1.19030850623
-4.252 -3.9383 0.230607415319
-4.1413 -3.736 1.57973391747
-3.342 -5.0986 10.3321354792
0.839 -14.547 4.15897892276
1.8892 -18.5712 0.758853352104
2.1277 -17.8508 2.08045961268
3.1591 -16.044 0.791489848324
3.5784 -15.3727 1.79385099994
4.7838 -14.0442 0.205903496813
4.9478 -13.9197 0.0764210703929
4.8835 -13.8784 0.0791950124692
4.9532 -13.916 0.0667728238133
4.9022 -13.9591 0.637811884493
5.5338 -14.0479 1.60067695991
6.9851 -13.3727 0.801537784512
7.7072 -13.7206 2.03663523735
9.385 -14.8751 0.780100557621
10.1272 -14.6349 11.3244306285
9.9181 -25.9574 1.00563926435
10.8669 -25.6241 2.27451236532
11.9358 -27.6318 2.18929634586
13.2426 -29.3883 2.72241299218
15.3775 -31.0776 0.855595009336
16.2326 -31.1067 0.651856126764
16.8686 -31.2496 0.883009139251
17.5919 -31.7561 0.495198889336
18.0682 -31.8916 0.896809645354
18.9559 -32.0191 1.93676442811
20.5573 -33.1084 2.04691038641
22.5911 -32.8771 1.38790433748
23.9734 -33.0017 2.75895871843
26.7323 -32.9837 2.09891047213
28.8084 -33.2923 1.34776963165
30.1267 -33.012 2.55091857377
32.6633 -32.7421 0.858524554104
33.5148 -32.6325 1.97784578266
35.4903 -32.5362 3.28907359145
38.2828 -30.7984 0.755287547892
38.747 -30.2026 2.53268358268
40.2632 -28.1739 1.87934074079
39.9673 -26.318 0.529106501567
40.1438 -25.8192 0.264765896595
40.1595 -25.5549 0.193147404849
40.1839 -25.3633 0.19971632382
40.2008 -25.1643 7.34568583932
39.9619 -17.8225 1.17604931869
40.3079 -16.6985 9.82271595029
40.1139 -6.8777 0.968723928681
39.8742 -5.9391 0.688273390449
39.3367 -6.369 4.91454245683
42.9387 -3.0256 1.01810744521
41.9836 -2.673 0.985782379636
42.8533 -2.2089 0.920830196073
43.7569 -2.0316 11.9985186169
42.6249 9.9134 11.5418454764
31.1589 8.5924 0.615476433342
31.4509 8.0506 1.30847701546
30.158 7.8493 9.54739185589
21.0171 10.6055 1.23473221793
20.1045 11.4372 18.9666671698
7.3357 25.4619 1.70775112063
5.7072 25.9761 4.04960557215
2.6695 28.6541 3.03914101187
-0.3402 29.0761 2.76184912332
-2.6869 30.5324 3.87283839064
-6.1315 32.3026 1.92713907386
-7.8825 33.1075 2.30622559391
-9.185 31.2043 1.55142424888
-10.7184 31.4401 1.9037148631
-12.6166 31.5849 2.91305555217
-13.1063 28.7133 2.53370243912
-13.6625 26.2414 2.44937536527
-15.9853 25.4642 1.36409746353
-15.0703 26.4759 0.622509574224
-15.6119 26.7828 0.824284538251
-16.0689 26.0968 1.64354228421
-17.1757 24.8818 1.95096317238
-18.681 23.6407 7.7734391102
-20.2676 16.0309 1.20533872832
-19.118 15.6686 0.798689188608
-19.7409 15.1687 1.55400452059
-20.4158 16.5685 2.08237365763
-21.7012 14.9302 0.753918510185
-22.0276 14.2506 1.54401642802
-22.8004 12.9139 1.11462539896
-21.9027 13.5746 1.23873336921
-23.1221 13.7926 24.4806507203
-42.9441 28.1589 6.83273631059
-48.3936 24.0371 1.10992902926
-49.2479 24.7457 0.938899382256
-47.4334 19.1641 0.443442499091
-47.1283 18.8423 0.600980964757
-46.5927 18.5697 0.418054362494
-46.1999 18.7128 0.680100794
-46.8146 18.4218 0.999806106203
-46.0271 19.0378 23.5124184347
-24.276 27.9666 0.658323476719
-23.9006 28.5074 9.95273925359
-14.1222 30.3621 3.80615173765
-10.3686 30.9924 0.612057056164
-9.8208 31.2654 2.31931555637
-7.5576 31.7725 4.99622148128
-2.5923 32.3275 0.849280000942
-1.8899 31.8501 4.42443394911
9.4388 21.7364 1.21495620086
9.7747 20.5688 0.583204123785
3.3409 9.5232 10.5651550812
-1.3901 0.0765 0.452418390431
-1.4749 -0.3679 0.156065531108
-1.5611 -0.498 0.989065417452
-1.9999 0.3884 0.793315384951
-1.6948 -0.3439 8.80174650396
-5.1042 -8.4585 12.7346143797
4.0066 0.4389 0.68378611422
3.4394 0.057 3.41011592765
0.3644 -1.4172 13.2828249556
-9.1754 -10.6598 0.835848748279
-8.9047 -11.4506 1.27997953109
-9.1173 -10.1884 9.16520109381
-12.5398 -1.6862 1.51530579422
-12.286 -3.1801 7.80046620658
-11.595 -10.9499 3.26800289015
-8.331 -10.7882 0.717271566424
-7.7469 -10.3719 0.467536907634
-7.3243 -10.1719 3.15899135326
-4.1737 -9.9418 0.387476979961
-3.8208 -9.7818 0.218384088248
-3.6789 -9.6158 4.03532873754
0.2532 -8.7089 5.58134976596
4.8743 -5.5789 4.61167654113
9.4649 -6.0193 0.247733122533
9.7092 -5.9782 0.487143520946
9.9901 -5.5802 11.9444128198
10.0076 6.3642 0.987801827291
10.0095 5.3764 1.16987529677
10.1885 6.5325 15.9639950288
13.8973 22.0597 0.70170091207
14.5844 22.2021 2.53042423321
17.0738 22.6559 2.3651396259
17.1194 25.0206 1.2321611096
18.2502 25.51 0.496080890581
18.5962 25.8655 2.86830703029
19.6591 28.5296 5.09361172941
23.1193 32.2675 0.478923897921
22.7964 32.6212 2.62971216866
25.3792 33.1157 4.0070421872
29.3614 32.6702 0.813553692143
30.1645 32.8002 0.633744940808
30.7846 32.931 2.2143632674
32.9658 33.3128 4.4940436402
37.3988 32.5746 0.522702764485
37.9171 32.5069 2.83579199696
40.7011 31.9674 2.65353215356
40.2856 29.3466 0.456254939699
40.2445 28.8922 1.46849210076
40.6562 27.4826 0.49014661072
40.5083 27.0153 1.53757921422
40.6705 25.4863 0.709168816291
40.386 24.8367 0.499475905325
40.3247 24.341 0.366747392629
40.2665 23.9789 0.301569262359
40.2196 23.681 6.4651907149
38.8129 17.3707 10.1796921687
40.0778 7.2699 0.456168828396
40.3808 6.9289 0.0
40.3808 6.9289 0.407077216262
0.0 0.0 2.07379954673
1.703 1.1834 1.41074001148
0.3367 0.8321 2.53740734609
-2.1685 1.2351 1.03953193794
-1.1402 1.0827 0.924720525348
-1.7176 0.3604 0.284660236071
-1.462 0.4857 0.290859227119
-1.3485 0.2179 16.155328299
11.1622 -10.0035 6.61155876477
9.9121 -3.5112 0.82756158079
10.614 -3.0728 1.48776935376
11.0987 -4.4794 7.14465052049
11.4522 -11.6153 2.03223630516
9.6016 -12.4551 2.82050507002
7.8713 -14.6825 14.309575551
-1.3349 -25.6374 1.80326644177
-2.758 -26.7449 0.651434432618
-2.7029 -26.0958 13.9934782531
-8.126 -13.1959 1.0627715653
-7.3506 -12.4691 0.651257245641
-7.3262 -13.1199 14.1639410112
-9.3946 -27.132 3.31301014789
-11.3628 -29.797 3.19462647738
-13.8876 -31.7543 1.10439494747
-13.039 -31.0475 0.797853044113
-13.8348 -31.1047 1.15639346678
-14.1407 -32.2199 1.32150679151
-13.0735 -31.4405 0.578454051762
-13.101 -32.0183 1.30193717974
-14.3779 -31.7642 1.25273492807
-13.3355 -31.0694 0.216623636753
-13.1189 -31.0726 1.22892133597
-13.161 -32.3008 3.53954150279
-16.5239 -33.405 2.98799519578
-16.2434 -30.4302 16.3549178637
-7.7701 -16.4414 0.703816971947
-8.4064 -16.1406 1.74129541721
-10.1291 -16.3944 2.68685244105
-12.6539 -17.3134 1.26377266943
-13.8529 -17.7128 2.70162138169
-16.4504 -18.4556 2.50387559595
-18.78 -19.3734 0.697105400926
-19.4763 -19.4069 1.2532160548
-18.6541 -18.4611 5.49697810165
-19.4706 -13.0251 1.10295128632
-20.4741 -12.5674 1.34349231855
-19.4201 -13.4005 0.712509550813
-20.122 -13.523 1.18514448908
-18.9431 -13.4015 0.787361524333
-18.982 -12.6151 1.73087892702
-20.7095 -12.7232 0.219195916933
-20.6857 -12.9411 0.191015313522
-20.6508 -13.1289 5.86453007495
-15.2516 -15.4183 1.09646986735
-15.5932 -14.3764 1.27634895307
-16.2468 -15.4727 13.4350151842
-23.2852 -26.9165 14.5611889109
-37.6697 -29.178 10.6849054221
-48.1579 -27.1372 3.92230528134
-50.7515 -24.1948 0.968995918464
-51.1565 -25.0751 1.23003737342
-50.5578 -24.0006 12.6387623508
-44.2678 -13.0382 0.682492820475
-47.0 -9.16 11.4732956111
-35.9227 -6.1717 0.793907255289
-35.3495 -5.6224 0.0987937751075
-35.4256 -5.5594 0.69380184491
-35.3408 -6.248 0.250724250921
-35.4096 -6.0069 1.03589713775
-36.0224 -5.1717 13.9929181506
-27.527 5.9472 0.829204395792
-27.0758 5.2515 2.75872980917
-24.5068 6.2569 0.499622227288
-24.0129 6.1815 2.3668101149
-22.0335 4.8839 0.561254042302
-21.5156 5.1002 0.560884560315
-21.1886 5.5559 1.04948235335
-20.3422 6.1764 1.06179302126
-19.3373 5.8335 1.01836921104
-18.3209 5.8968 13.4018488702
-4.9194 5.8001 39.2259015371
28.454 26.4129 10.3300658163
38.7761 26.0073 4.14663469334
40.0923 22.0751 11.5872744681
39.0511 10.5347 1.26497624088
39.9603 9.6552 44.8432938469
50.2143 -34.0 8.16040185346
50.2198 -25.8396 0.402000049751
50.4088 -25.4848 0.28486005336
50.577 -25.2549 0.18136636954
50.723 -25.1473 1.95631171852
51.1253 -23.2328 1.71847314207
50.069 -21.8773 2.9666051473
52.2123 -19.8262 0.750254623445
52.1625 -19.0776 1.05484304994
52.1356 -18.0231 0.216102313731
52.1366 -17.807 0.157392661837
52.1312 -17.6497 0.244659600261
52.1258 -17.4051 0.17862399055
52.1381 -17.2269 0.194532388049
52.0959 -17.037 0.0476419982788
52.1083 -16.991 0.137488908644
52.0727 -16.8582 0.196131588481
52.1453 -17.0404 0.298500067002
52.0643 -16.7531 0.671406955579
51.7664 -17.3548 0.420792407251
51.8073 -16.936 0.668086536311
51.8704 -17.6011 0.530640151138
51.9108 -17.072 0.631558081256
52.2133 -17.6264 0.574557299144
51.7613 -17.2717 0.288629121885
51.7572 -16.9831 0.400026811601
51.902 -16.6102 0.986549238508
51.8284 -17.594 0.457102570546
47.0 -9.16 19.2619083242
39.0373 -26.699 1.11355978735
38.2629 -27.4992 23.6667474952
14.8389 -30.8802 5.0026164834
9.8381 -30.7454 2.17655435264
9.6655 -32.9151 0.332576502477
9.4978 -33.2023 2.7796094276
6.7402 -32.8532 3.00376364083
3.7378 -32.9437 3.4947975764
0.2547 -33.2294 3.93792150252
-0.7113 -29.4118 5.09496169269
-3.2197 -24.9771 2.23065809348
-5.4385 -25.2068 0.835797355823
-4.7586 -25.6929 1.29916767586
-5.0374 -24.424 0.468823218282
-5.4238 -24.6895 13.6857761409
-0.1785 -12.0488 15.0096453153
-6.0685 1.7569 19.0827293782
-9.3561 20.5543 0.526709834729
-9.2402 20.0405 11.4515986002
-7.6109 8.7054 5.99922149116
-13.1686 6.4465 0.359800944968
-12.9172 6.7039 1.19687814334
-14.112 6.6334 2.538102165
-16.6048 6.156 0.737979132496
-17.3342 6.0438 2.46201560515
-19.7664 5.6618 1.93591546303
-21.6736 5.3296 1.00856395434
-20.7546 5.7451 0.396852945056
-21.0501 5.4802 0.334416641332
-21.0786 5.147 1.28881291893
-19.9491 4.5263 7.3777244954
-19.5843 -2.8424 0.57964962693
-19.3703 -2.3037 4.93406172337
-21.47 2.1613 2.95381194391
-20.4224 -0.6005 1.20331444353
-20.1897 0.5801 1.05120535101
-19.2072 0.2063 3.59622486783
-19.9593 3.723 1.50957305554
-21.4677 3.7825 1.08189116828
-22.3602 3.171 8.34952423375
-21.916 -5.1667 0.800155016231
-22.2746 -4.4514 4.18526561403
-24.7701 -1.0915 0.784396870213
-24.2887 -1.7108 3.18085229616
-22.4224 -4.2866 0.693404824039
-22.3135 -4.9714 0.575086080513
-22.2235 -4.4034 0.0722584251143
-22.2443 -4.3342 0.908172390023
-21.5965 -3.6977 1.12872778826
-21.8164 -4.8048 0.897474701593
-21.3086 -4.0648 1.77387427965
-23.07 -3.8548 7.15464628056
-21.0576 3.011 3.75859899431
-24.1068 0.8134 4.74101357623
-20.0265 3.2276 1.38226607062
-20.6383 4.4671 5.80964897391
-28.3909 1.109 9.44272708491
-24.0315 9.4852 0.219142191282
-24.1906 9.3345 0.846468487305
-24.4189 10.1496 0.326762375435
-24.6483 10.3823 0.977999105317
-23.6723 10.4448 20.4106168216
-10.5271 26.0588 0.602222965354
-10.1426 25.5953 1.47758765899
-8.9521 24.7201 2.03463903924
-6.988 25.2512 1.80620949505
-5.1855 25.3669 2.64280613175
-2.5436 25.4361 1.54669689662
-1.3809 24.4161 11.3705562362
6.4875 16.2077 7.67297831223
2.5218 22.7764 1.39348517394
3.248 23.9657 0.668565045452
3.1359 23.3066 10.0996842154
10.0569 15.9511 7.55221172505
5.3306 21.8416 1.02993196377
5.9334 22.6767 0.552226131218
5.9575 22.125 0.482244927397
6.3854 22.3474 2.09186618358
7.5992 24.0511 1.46705325398
8.9662 24.5836 0.776491107483
9.3772 25.2424 3.65731952391
11.4493 28.2561 3.40783112551
14.1156 30.3784 0.946976462221
14.8227 31.0083 0.758460289007
15.5127 31.3232 0.382380870337
15.8924 31.278 0.293284196642
16.1825 31.2349 1.29531576073
17.4059 31.6605 1.4107000319
18.7082 32.2028 1.63930301348
20.2551 32.7454 2.68522344694
22.8887 33.2694 0.814583973572
23.6975 33.3663 2.0493928296
25.7434 33.4859 3.23960222404
28.3155 31.5163 3.63836183467
31.8115 32.5241 2.28790285196
34.092 32.708 2.92034409788
