0.0 0.0 8.69886150367
-8.6975 0.1539 10.435689912
-3.7262 -9.0216 0.351765632204
-3.9303 -8.7351 8.02372661548
-6.5431 -1.1487 14.1576164237
-8.0777 12.9255 0.483888933537
-8.2454 13.3794 1.77205545342
-9.0117 11.7816 9.94451117753
-11.6737 2.2 0.650157673184
-11.0273 2.1302 0.99959810424
-10.0279 2.1501 1.32105944227
-9.7708 3.4459 7.7745822846
-17.5235 2.863 0.501587240667
-17.0315 2.9606 0.499245721063
-16.5345 3.0079 8.94744783109
-8.1132 -0.0151 1.44453400098
-6.8934 0.7587 7.50750134865
-14.3709 1.4292 4.10895616063
-10.3602 0.536 0.672868226327
-9.7184 0.3339 0.472091357684
-9.2495 0.2791 29.6314533786
-34.0253 16.5328 0.338919651245
-34.364 16.5206 1.16874521603
-33.2337 16.8179 0.219158070807
-33.0472 16.7028 0.818418975831
-33.2883 17.4849 0.190943054338
-33.2753 17.6754 5.52915147559
-34.9701 22.9384 0.217700022967
-34.796 23.0691 7.08388382528
-33.9963 30.1077 0.104928785374
-34.0046 30.2123 1.53052267216
-33.084 31.435 0.571405258989
-32.8291 30.9236 3.20786510003
-31.018 28.2759 1.96249226495
-30.3547 26.4289 15.1396472621
-24.5966 12.427 3.76242736143
-22.646 9.2097 2.98669672046
-19.6599 9.15 0.600664598591
-19.0835 8.981 1.23467260843
-17.9808 8.4256 0.551596419495
-17.4577 8.6006 2.25668275573
-15.4036 9.5351 1.68222147472
-13.7214 9.5266 0.570332964153
-13.1774 9.3553 2.51743352842
-10.6775 9.0587 0.688864406106
-10.0164 8.8651 1.33917618333
-8.8982 9.602 8.5537032407
-14.2274 16.2927 0.850239048739
-13.3886 16.1537 0.82880610519
-12.5706 16.2871 0.453590222558
-12.1671 16.4943 0.336738622673
-11.8304 16.4994 1.84779008007
-10.0991 17.1451 0.40420836211
-9.6949 17.1477 0.605941787633
-9.2342 16.7541 0.483517383348
-9.2301 16.2706 0.494426303912
-9.2352 15.7762 0.744514298049
-8.4975 15.8767 1.5756783079
-8.0758 17.3949 12.7269869242
-10.4287 29.9025 2.44312637618
-10.0044 32.3085 0.369125412292
-9.7913 32.6099 0.581455294928
-9.8338 33.1898 1.33022253777
-11.003 32.5554 0.364608625789
-11.3474 32.4357 0.375501504657
-10.1887 33.2669 1.57972350112
-11.4802 32.3572 4.15835975476
-15.3003 34.0 7.02816626582
-18.7128 27.8559 0.50396858037
-18.21 27.8216 1.1081008844
-17.1866 28.2465 10.5093899219
-9.0108 21.6432 0.494380015777
-8.7946 21.1986 8.21411001874
-8.0022 13.0228 0.424597527077
-7.9931 12.5983 10.2288629989
-16.1546 6.4323 0.555741846544
-15.6114 6.3149 0.500635006766
-15.1184 6.2278 0.548735018019
-14.777 5.7982 2.34762583475
-20.8508 -12.5394 6.94934446477
-27.5565 -14.3634 9.2813690224
-36.5948 -16.4736 11.4071308522
-47.818 -18.5138 0.201970616675
-48.0062 -18.5871 2.72978639641
-49.8066 -16.5352 2.41406601815
-51.3201 -14.6545 0.498362317998
-51.7071 -14.9685 0.773113866128
-51.1763 -14.4064 0.099954489644
-51.2762 -14.4031 0.73007027059
-51.693 -15.0025 1.32954996897
-50.5176 -14.3811 6.69918719995
-45.6871 -9.7394 0.417615624708
-45.7762 -10.1474 0.200083232681
-45.5803 -10.1881 0.692886859451
-47.0 -9.16 13.9762881889
-34.9865 -16.3023 0.984056019747
-34.193 -16.8843 20.971783391
-17.5848 -29.6899 0.685952687873
-16.927 -29.4954 0.515293819097
-16.4806 -29.238 7.86278208842
-9.663 -33.1551 5.23026703907
-4.4469 -32.7704 1.26803587094
-5.68 -32.4748 12.5387397712
-17.7311 -29.012 0.966843136191
-17.776 -29.9778 0.629438837378
-17.3798 -29.4887 3.04991285285
-14.6113 -28.2091 1.26814939183
-13.4945 -28.8099 1.87077732774
-11.6286 -28.6749 2.49684705178
-9.3384 -27.6803 0.971937858096
-8.3876 -27.8819 1.05170211087
-7.3419 -27.9941 1.05941308752
-7.8544 -27.0669 1.14285761143
32.7459 -31.0224 1.0738285012
31.8496 -30.431 0.763920126715
32.611 -30.369 1.3125704743
32.9852 -31.6271 0.547524656979
33.5267 -31.5461 0.0241993801574
33.5298 -31.5221 1.40847735161
32.3061 -30.8247 7.92244467447
26.5092 -25.4246 1.70143323113
24.8944 -24.8886 0.698450542272
25.3748 -25.3956 1.35170771989
24.0824 -24.9996 0.683166890298
24.5884 -25.4586 1.08605845607
24.0335 -24.525 24.5608021534
14.3356 -1.9599 27.3851717265
5.9721 24.1169 3.95794171382
2.7506 26.4163 0.888235132158
3.2772 27.1316 1.33468717309
2.2588 26.2689 17.7684875034
-6.0812 10.5793 3.78063386484
-9.8431 10.2034 0.220022839724
-10.0588 10.16 17.9873260617
-12.3671 27.9986 2.07385211623
-13.9105 29.3838 1.97461734268
-15.4687 30.5967 1.94032078276
-17.0802 31.6774 3.27538832049
-20.3105 32.219 0.706383274151
-21.0163 32.2477 1.35432859011
-22.3671 32.15 3.28959732794
-25.5978 32.7697 3.25633798768
-28.8333 32.4019 13.3465908924
-28.9691 19.056 0.68540221768
-29.6359 19.2146 3.21628766126
-32.2873 17.394 3.35536176589
-35.2646 15.8467 3.14073857874
-37.9795 14.2676 3.07206778897
-40.5604 12.6013 23.1469611364
-51.5 33.0 8.44638450759
-49.581 24.7745 1.53740058866
-50.6146 23.6364 1.13328189344
-50.1378 24.6645 1.36720435927
-50.9728 25.7471 0.846398304582
-51.7988 25.5624 1.27069348782
-51.2551 24.4139 1.24191955456
-50.9478 23.2106 0.756239016449
-50.2709 23.5478 0.703267324707
-50.6447 24.1435 0.184217697304
-50.4851 24.2355 1.57399672172
-50.7689 22.6873 5.97958328481
-47.8524 17.4672 0.429367267034
-47.9964 17.8717 0.558155721999
-47.5589 18.2183 0.656009999924
-48.1425 17.9187 0.557440508037
-48.3662 18.6174 11.6150935958
-39.8162 26.4792 17.5288773574
-22.6727 30.1346 7.90392433225
-15.1534 32.5702 6.70061175789
-8.4887 33.263 3.51243595529
-5.1752 32.0977 3.06101196665
-2.1153 32.1802 3.10377271236
0.9871 32.2725 0.433011096855
1.419 32.3035 0.658870821937
2.0764 32.3475 0.971684089609
2.9613 32.7489 1.12091848499
1.8644 32.5181 0.694447031817
2.2326 33.1069 1.06136917234
3.2762 32.9135 0.387093916253
2.9789 33.1614 1.82397600861
4.8021 33.1082 1.83656615726
6.6062 32.7644 2.05324062399
8.6337 32.4403 0.580459473176
9.1915 32.6009 0.334744947684
9.4582 32.8032 1.61540928869
7.9176 32.3173 6.52646178645
1.4668 31.3264 0.394262907208
1.7918 31.1032 7.58064848479
9.2345 29.6636 9.07583548771
0.1593 29.771 0.273542099136
-0.0915 29.6618 0.128508754566
0.0122 29.5859 9.69470306198
-4.9567 21.2614 0.551299238164
-4.5501 21.6337 7.43091633246
-2.2096 28.6864 0.124192310551
-2.0913 28.6486 0.187962655865
-1.9283 28.555 0.142706867389
-1.8133 28.6395 6.90763873476
-3.8893 22.0512 0.625628547942
-3.5971 22.6044 8.40125510861
-3.3859 31.003 0.94789632872
-2.4383 31.0267 0.586494168769
-2.0558 31.4713 1.210380308
-2.9826 30.6928 0.254616338832
-2.8738 30.923 0.85119658129
-2.0467 30.7219 1.38193433274
-2.2162 29.3504 0.47524714623
-2.4401 28.9312 7.37766582599
-4.5491 21.8614 1.82954067733
-2.7981 21.3311 1.47570279189
-1.4284 20.7819 1.32967317037
-1.4599 22.1112 0.327515755346
-1.1395 22.0433 1.1223424522
-0.5478 21.0896 0.779177515076
-1.1914 20.6504 0.957595593139
-0.303 20.293 0.628060259848
0.321 20.3643 0.173182100692
0.3412 20.1923 0.286217050505
0.3734 19.9079 1.43847153604
1.6544 19.2535 0.611754599492
2.2644 19.2072 0.346728784499
2.6083 19.163 0.465608902406
3.0062 19.4048 0.509788946526
3.2313 19.8622 0.420371312056
3.4611 20.2142 0.224069475833
3.2523 20.2955 1.14804535189
2.8621 19.2158 0.390726106115
3.2513 19.1813 27.0272358705
-21.6841 29.6071 0.224592275023
-21.4601 29.5908 0.492673614069
-11.236 15.8589 11.6905241841
-22.1561 11.6852 5.6910607491
-27.7454 10.6138 5.877610278
-33.3551 12.3681 6.62120319051
-39.7638 14.0321 9.57467299494
-48.8368 17.0907 0.309570557386
-48.712 17.374 2.66077143701
-50.9028 15.864 1.67538342179
-50.8484 14.1895 0.501030587889
-51.2377 13.8741 0.211061626072
-51.2428 14.0851 18.9166485893
-51.5 33.0 9.86722832461
-49.6884 23.3005 0.387476863825
-50.051 23.1639 1.41224137455
-49.0491 24.1592 9.17423868504
-50.8699 23.0034 0.44818281984
-50.8571 22.5554 1.1186389051
-50.9053 21.4378 6.68689330706
-44.4054 19.8675 23.8058139978
-21.8513 12.2498 10.5002234386
-11.3614 11.7843 0.982573788578
-10.4516 11.4132 0.542615821738
-9.9288 11.2679 3.68307164199
-6.3294 10.4873 5.86771004737
-0.4836 10.9939 4.43487917423
3.9512 10.9674 1.07576074013
4.5913 10.1028 0.958680661117
5.4668 9.7122 2.38381070767
7.8298 9.3979 1.82749028178
9.367 10.3862 1.26787081361
10.6116 10.1444 2.4897987489
12.3757 11.9014 0.138762711129
12.3035 12.0199 8.27891438113
4.5942 15.0377 0.318312943501
4.823 14.8164 1.64078569594
6.2983 14.0983 13.7330884742
19.1783 9.3335 1.28623345082
20.4478 9.1267 6.42546000377
26.7977 8.1442 6.6339372751
33.4253 7.8543 4.0404895248
42.6251 9.9122 10.8842318245
31.7455 9.5947 1.0146708826
30.7349 9.5039 6.52902827456
24.2519 8.73 0.593560173866
24.4097 8.1578 1.16321107285
23.7617 9.1238 1.26421164367
23.4385 7.9016 12.9986735266
20.6493 20.5975 0.887802483664
21.3608 21.1285 1.31389425754
20.1744 21.6931 16.3945889186
5.3474 28.689 3.9853339584
1.7754 30.4564 4.12166475104
-2.331 30.8108 3.41013287864
-5.7394 30.9195 2.53408343391
-8.2732 30.8816 3.67565035334
-11.9466 31.0102 1.23034074142
-13.1671 30.8549 8.51848331864
-21.5468 32.3863 1.39205784722
-22.6815 31.5799 0.975707010326
-21.8856 32.1443 0.967017316288
-21.9061 31.1775 1.79122930135
-22.559 29.5095 0.342905540929
-22.656 29.1806 0.987640101454
-21.6999 29.4282 0.816997527536
-21.8335 30.2342 5.08257308851
-18.4201 34.0 6.79857116827
-24.0553 30.1967 3.08826184933
-26.3588 32.2537 5.37640620582
-31.41 30.4122 3.05637632663
-34.462 30.5757 3.18818164163
-37.6407 30.8214 12.4702399343
-50.1056 31.1863 3.01938680033
-50.1681 23.146 0.430480475748
-49.8401 22.8672 9.45570520109
-40.8634 19.8958 23.8004592124
-17.0938 21.1074 12.9733817496
-11.0037 9.6523 0.51334208867
-10.496 9.7282 2.91566487272
-7.6994 8.9035 1.1382900553
-7.5799 10.0355 8.86060788265
-7.7262 18.8949 0.902520431902
-6.9134 18.5026 8.47169604566
-1.3801 12.0876 0.852771018504
-0.5936 11.758 4.02678165413
3.2932 10.7055 1.23721649278
2.7395 11.8119 0.832259238459
3.5625 11.9357 0.684830285545
3.8991 11.3393 0.468286504183
4.3652 11.2941 11.918045899
-1.9574 21.3968 0.379687516255
-2.0684 21.0337 11.3120181232
-5.8305 10.3656 8.31325660617
-9.5547 2.9332 0.986865183295
-8.8007 2.2965 6.03708482713
-25.5439 -18.5402 9.5258822846
-35.019 -19.5225 8.00004676549
-43.0146 -19.2558 2.26102216044
-44.7482 -17.8043 16.8350075907
-40.1529 -34.0 5.03640845147
-44.4944 -31.4472 4.16189122515
-48.6535 -31.5996 3.37206173431
-50.674 -28.8999 0.904017085016
-50.71 -29.8032 1.05520645373
-50.8368 -23.489 6.408725896
-44.4308 -23.6759 5.40564688451
-39.5468 -21.3591 22.3262787847
-19.2814 -11.9902 8.81256133539
-10.5741 -13.3482 5.40148255389
-5.3054 -12.1579 5.75679872846
-0.4652 -9.0413 13.1254184181
-8.764 1.1276 18.9517673334
-3.8705 19.4367 0.500552424827
-3.8413 18.937 11.3067476867
-10.9555 10.1489 0.440639955065
-10.5529 9.9698 10.7388477766
-3.289 17.8792 0.76157377187
-2.5296 17.9367 0.323406323377
-2.2229 17.8341 0.133734251409
-2.0932 17.8667 0.773150470478
-1.6675 17.2213 0.582137887446
-1.0931 17.3159 0.579124028167
-0.5711 17.5667 0.453554362784
-0.2477 17.8847 0.607348812463
0.0666 18.4044 5.13228121696
5.0501 17.1776 0.590858849473
5.6294 17.0613 0.450486681268
6.0022 17.3142 0.917008816752
5.4653 16.5708 1.04040554593
-2.6186 6.1308 2.62385233007
-4.2727 4.094 41.7637653864
-29.7832 -28.973 12.4536634148
-42.2195 -28.3156 2.5596434322
-44.5696 -29.3299 0.189609519803
-44.6352 -29.5078 0.0799219619379
-44.5716 -29.5562 1.57127609923
-46.0633 -29.0625 0.438821808938
-46.442 -28.8408 0.437372244204
-46.8222 -28.6246 0.800720331951
-47.5818 -28.3713 1.41622421954
-48.5898 -27.3765 2.04771000144
-49.3046 -25.4576 1.62004426174
-50.6976 -24.6305 1.12721102283
-51.0014 -23.545 0.622725637821
-51.2715 -22.9839 0.878068408497
-50.6192 -23.5717 1.00141150383
-51.5792 -23.8567 1.35152625206
-52.0681 -22.5967 10.4187997629
-51.2981 -23.3681 1.14323334451
-50.2123 -23.0103 2.12279629263
-48.1666 -22.4434 8.07552699519
-40.4586 -20.0349 1.2198545815
-39.3064 -19.6343 18.6523710262
-22.5371 -11.4672 9.70513126186
-12.8411 -11.8881 7.64386712731
-5.2582 -12.8516 0.918960456168
-5.0438 -13.7452 1.09833601871
-5.2138 -12.6601 16.3580214968
-5.5765 3.6939 7.64826229218
-3.6425 11.0936 15.8703357879
2.9836 -3.3273 0.283011978545
2.9079 -3.0546 1.14475066281
2.8411 -4.1974 0.256075770037
3.0485 -4.0472 1.1501735043
3.0155 -2.8975 11.7524566028
2.3123 8.8339 5.27941641188
2.3701 14.113 0.282763505425
2.2957 13.8402 8.91324868496
4.6511 5.2438 0.187310570978
4.5116 5.1188 0.982869269028
5.4076 5.5228 0.260748250234
5.4245 5.2626 0.632567466757
5.4857 5.8922 0.208093368467
5.3511 6.0509 6.59777487339
8.0179 12.0857 0.76059211145
8.1479 12.8351 1.0181122777
9.1609 12.937 0.407911289376
9.415 12.6179 34.9256362697
43.3622 20.8269 1.20536007068
42.7415 14.0412 1.25234679702
42.432 12.8277 1.32695056426
43.1376 13.9515 1.18158199885
42.2765 14.7606 3.02170772412
40.1306 16.888 17.9623156561
23.3243 23.2278 8.0921791997
17.0107 18.166 5.25474676459
11.7597 17.9676 4.42154995562
7.6397 19.5725 3.13046792828
4.6006 18.8217 4.73154149934
-0.093 19.4197 4.90300708239
-3.7244 22.714 7.51277632637
-8.3471 28.6362 3.91321321167
-11.2779 31.2292 2.60457647229
-13.8707 31.4766 0.598823329539
-14.4614 31.5749 2.37413816995
-16.8301 31.7355 2.97932492354
-20.6225 31.2103 0.547077946914
-21.0197 31.5865 1.47676674529
-20.4838 30.2104 0.471717341212
-20.076 29.9733 0.11676716148
-20.0119 30.0709 0.106791619521
-19.9868 29.9671 1.70799697014
-19.9686 31.675 17.5287246005
-18.2432 14.2314 0.602039874095
-18.4992 13.6865 16.4256103159
-8.5512 0.616 0.196411099483
-8.4298 0.4616 2.29901962802
-6.3113 1.3546 0.93737711728
-5.4132 1.0861 10.3849061069
2.8215 7.4135 4.43786909451
7.2496 7.1192 2.32483541783
11.0276 6.43 35.5742407133
42.6244 -9.9153 11.1236333673
31.5704 -8.6726 12.3325538981
19.7425 -12.1644 18.7432816854
9.1228 -27.6089 5.95522839277
3.3692 -29.1454 1.44332904426
1.9584 -29.4501 2.68731443638
-0.7288 -29.4253 1.75809898754
-2.481 -29.5692 1.28259855372
-3.7618 -29.5013 2.73166810759
-6.4589 -29.0681 2.40621685847
-8.8543 -28.8402 1.96421112154
-10.812 -28.6804 1.53522897966
-9.2769 -28.6605 0.0668545436003
-9.3437 -28.6578 7.3233999843
-4.3344 -34.0 6.20340658026
-10.0106 -31.4974 0.299669284379
-9.8844 -31.7692 3.21847705134
-12.9942 -30.9399 1.15342138874
-14.0901 -31.2996 1.68652564167
-15.7766 -31.2903 0.621452693292
-16.385 -31.1636 1.65700033796
-18.0414 -31.2082 4.34048071646
-22.3616 -30.7891 4.99468286881
-27.3552 -30.6851 3.53351736942
-30.8886 -30.7139 3.65067507456
-34.4221 -31.6314 4.7565116388
-39.176 -31.4738 7.07323768864
-46.2476 -31.626 3.77360181392
-49.0379 -24.2746 15.6584108878
-39.7316 -11.6818 0.499802290911
-40.2284 -11.6271 0.94345883853
-41.0981 -11.2614 1.26972347383
-39.8358 -11.1243 20.7939123717
-19.3464 -7.5787 0.648124216489
-18.7154 -7.4307 0.478824111757
-18.2376 -7.3994 2.47893326453
-15.7719 -7.1436 10.8898979357
-4.9127 -7.9607 0.710087839637
-5.1734 -7.3002 1.23697654788
-4.8097 -8.4825 19.5240058249
1.974 -26.7901 0.752243471225
2.542 -26.2969 14.5013208629
2.8229 -11.7983 0.356474136509
3.1134 -12.0049 12.2729089221
4.3788 -24.2124 1.20442296972
4.5193 -25.4086 0.743885165869
4.4898 -24.6653 10.0637062383
6.0316 -14.7204 0.871482070957
6.9022 -14.6812 8.47829272259
7.7579 -23.1162 1.13623226499
8.4705 -24.0012 0.867528172453
8.1713 -23.1869 12.704595188
5.7888 -10.7077 0.315372858693
6.1036 -10.6887 1.11117388828
6.3086 -9.5966 0.718479644806
6.4616 -10.2986 3.83169304877
9.0447 -7.4685 7.1880213557
16.1698 -6.5195 0.778900211837
16.8925 -6.229 2.10507036699
18.8991 -5.5927 1.62952945662
19.132 -3.9799 0.810783337273
19.9209 -3.7928 1.47223490653
21.3588 -4.1089 1.03964761819
22.1929 -3.4883 1.18996299102
23.3383 -3.1657 3.51720162203
25.0246 -0.0791 0.670589844838
24.3761 0.0916 1.17845187428
24.042 -1.0385 0.745634360796
24.5334 -1.5993 1.37989831872
25.3238 -2.7304 0.486932202673
25.7214 -3.0115 0.881759564734
25.1057 -2.3803 1.10918523701
26.0832 -2.9045 0.483997407018
26.365 -3.298 0.619917131559
26.9804 -3.3727 1.2053365671
26.2222 -2.4357 0.228854975913
26.3338 -2.2359 1.28566213291
26.6712 -3.4765 0.691418614155
26.8335 -2.8044 14.4341168299
22.759 11.0427 17.5710128678
37.6612 20.3521 2.87975840827
40.538 20.2216 1.35104778968
41.2813 21.3498 0.858277169684
41.0972 20.5115 0.164723799131
41.1 20.3468 1.00612672164
40.0943 20.3175 0.823174307179
40.1606 21.138 0.988103704072
40.5689 20.2382 11.8098449545
40.4118 8.4294 0.877068777235
40.5376 7.5614 4.10315363592
0.0 0.0 10.5201613343
7.6531 -7.2183 0.657027396689
7.0429 -6.9747 8.17905538617
-0.9801 -5.3846 3.44289068226
-4.2161 -6.5601 0.656770865675
-4.1422 -7.2127 18.3534588906
-8.8379 -24.9553 2.03884764021
-12.2177 -26.5644 11.4126101366
-11.045 -15.2122 0.248095243808
-10.7972 -15.2243 1.6082261346
-11.7189 -13.9064 15.7988118113
-17.1425 -28.7451 3.1294518258
-20.2717 -28.7848 2.03868037711
-21.9019 -30.009 2.70513365659
-23.879 -31.8553 2.91461004253
-26.7403 -32.4102 3.38605456099
-30.126 -32.4592 3.21313770791
-33.2933 -31.9184 5.28008559116
-38.567 -31.6588 3.4865771883
-42.0277 -31.2348 5.71203879539
-47.7393 -31.164 3.39485738287
-50.675 -27.4181 1.08131490788
-49.8422 -28.1078 6.4665620928
-43.3833 -28.4225 0.894540831936
-43.6834 -29.2652 0.256566346195
-43.6236 -29.0157 1.41754268013
-42.7819 -30.1563 2.42708657654
-40.5992 -29.0949 0.894457433308
-41.3609 -29.5638 1.59467355907
-41.9359 -31.0512 0.566938815041
-42.406 -30.7343 12.0421238513
-35.6033 -20.7977 10.5422933885
-29.195 -12.4267 0.402572726349
-28.8386 -12.2395 0.37147378104
-28.6532 -12.5614 14.0109216888
-33.0523 0.741 3.41106869031
-30.5242 3.031 1.49499795652
-29.5134 1.9295 0.222824998598
-29.7341 1.8988 7.46272925008
-29.2422 -5.5477 1.22926626082
-28.0587 -5.88 1.12648057684
-28.9592 -6.5568 8.03371215939
-31.1701 -14.2803 1.33173445176
-30.0732 -15.0355 20.174139594
-13.1032 -25.9449 0.324612029968
-12.9616 -26.237 0.478269589249
-12.501 -26.3658 2.16306072268
-10.8923 -27.8118 0.891053589859
-10.0048 -27.7323 0.91077967149
-9.0963 -27.6679 3.90922880502
-5.1875 -27.7258 3.96772260371
-1.3454 -28.7163 3.31950147613
1.2012 -30.8456 0.578471719274
1.7785 -30.8824 1.48484714702
3.0889 -30.1841 0.51406992715
3.5631 -30.3826 2.49959972996
6.0147 -29.8951 0.70878745051
6.5718 -30.3333 0.70553505937
7.1132 -30.7857 0.350211279087
7.4545 -30.8642 0.810053887096
7.9984 -31.4645 1.75480761909
6.4737 -30.5958 16.9824909981
-8.0374 -21.7735 1.38213228383
-8.148 -20.3958 14.7222826253
-9.6181 -5.7471 1.20380547017
-8.6401 -5.0452 13.0731998845
0.9628 3.8257 9.78585159963
-8.0805 0.0865 9.90144580352
-4.9233 9.4711 0.432041583647
-4.5596 9.7043 1.98505234692
-4.0867 11.6322 1.29222799846
-4.4785 12.8636 0.455749371914
-4.1878 13.2146 0.49042122711
-3.7011 13.2749 1.47892953855
-2.7728 14.4262 1.35135956725
-3.718 15.392 3.59927795537
-6.5318 17.6364 0.520865529672
-6.1547 17.2771 3.13314095438
-3.5217 15.5789 11.4466853128
-5.9818 4.3997 17.510367951
-9.8591 -12.676 7.52242726319
-6.7698 -5.8172 0.727970171092
-7.3714 -6.2271 0.359355116841
-7.6751 -6.035 7.87982388128
-10.7237 -13.3012 0.574625669458
-10.4958 -13.8287 0.397662218472
-10.189 -14.0817 1.38068019831
-9.254 -15.0976 0.914403986212
-8.5241 -14.5468 0.0
-8.5241 -14.5468 0.368281468445
-8.3023 -14.8408 0.0
-8.3023 -14.8408 0.573178340484
-8.8052 -15.1158 0.425117701349
-8.9611 -15.5113 0.517471516124
-8.523 -15.7867 0.0
-8.523 -15.7867 19.4158910661
-15.25 -34.0 6.4258951322
-18.2128 -28.2979 0.863472089879
-17.3951 -28.0205 0.491700935529
-16.9881 -27.7446 0.377763020954
-16.6818 -27.5235 0.548422556064
-16.2595 -27.1736 0.370713824938
-15.958 -27.3893 0.622478802852
-15.4005 -27.1124 1.4992531474
-14.5733 -28.3628 4.18287322543
-12.2632 -31.8499 4.55121534977
-14.2892 -27.7745 14.6842272337
-10.888 -13.4896 0.491235635922
-10.4013 -13.5562 0.683422687654
-9.9197 -13.0713 8.00438713769
-12.5029 -5.4952 0.613012601828
-11.8968 -5.4034 2.12443391519
-9.7907 -5.1249 4.74523519544
-7.3662 -9.204 10.6744678041
2.8909 -6.2483 0.537339110804
3.3145 -6.5789 0.397188229936
3.7105 -6.5482 2.8278266089
6.5332 -6.7184 0.762633103137
7.2937 -6.7754 1.26033854579
8.5452 -6.9244 0.745084377772
9.288 -6.8661 1.88667368933
11.1745 -6.8405 0.779892332313
11.7216 -6.2847 0.324118805379
12.0428 -6.2413 6.06017975063
17.9734 -4.9948 0.452329448522
17.5382 -5.1181 4.44186393758
13.1564 -5.8461 0.43377259019
12.8535 -5.5356 1.01258850971
13.4378 -6.3626 6.93497243614
15.7623 -12.8964 17.028895995
25.9983 -26.5055 0.842225890127
26.7405 -26.9036 6.95554174526
31.4284 -32.042 3.02265726969
34.4043 -31.5124 3.55389285151
37.6315 -33.0008 1.90424005052
39.4911 -33.4107 0.783122448918
40.0437 -32.8558 1.13091009811
40.8718 -33.626 0.341517627656
40.5645 -33.775 1.221838013
39.3482 -33.6588 1.56068603505
40.4045 -32.5099 5.42729910084
42.4197 -27.4706 0.353010495595
42.2042 -27.7502 0.772232044142
41.6589 -28.297 0.354247780515
41.3096 -28.356 0.409362675387
41.706 -28.2538 0.7610051511
40.988 -28.0016 1.63194122443
42.308 -27.042 3.56761747529
41.0018 -23.7221 2.43713340833
39.56 -21.7572 0.52027616705
40.0752 -21.6847 0.23053591911
40.3011 -21.6387 0.272265899444
40.5705 -21.5993 1.72517815022
41.5476 -20.1775 5.19148812962
42.5947 -12.5708 0.78412575522
41.8653 -12.8586 15.3087465
27.8037 -18.9108 2.17197368538
25.6472 -19.1696 4.49399633511
21.1757 -19.6187 3.18627789121
18.0039 -19.3153 3.68215225378
14.322 -19.2722 3.63931031516
10.6894 -19.0513 4.22058289458
6.474 -19.2604 3.34372464177
3.1398 -19.0082 3.63386720313
-0.494 -18.9861 2.79504752911
-3.289 -18.9698 3.76614880349
-6.4506 -21.0163 1.57602082791
-7.4969 -19.8377 3.42339853654
-10.7624 -20.8654 3.11356548349
-13.3273 -19.1003 2.50806915774
-15.299 -20.6504 2.13843280933
-17.2718 -19.8252 6.04492736846
-19.2583 -14.116 0.924598988751
-20.0343 -13.6133 1.32433938626
-18.9202 -14.3293 0.263205547054
-18.9098 -14.0663 2.19496500428
-21.0254 -13.4814 0.5797828904
-30.3463 -16.5568 0.258440012382
-30.5013 -16.7636 2.54378311182
-27.9787 -17.0912 2.63733438532
-29.5866 -19.1817 0.777915419567
-29.5732 -19.9595 1.22358498275
-28.3846 -20.25 0.93282102249
-28.1487 -19.3475 10.6858011347
-21.9829 -10.62 14.0739200069
-9.8579 -3.4744 0.790621350584
-9.6685 -2.7068 8.06915828634
-1.6637 -3.7239 0.280594600803
-1.9414 -3.7641 0.76918806543
-1.4236 -3.1953 3.46109455086
1.4209 -5.1671 8.98612425576
3.9024 -13.8038 1.64766528761
5.2387 -12.8399 0.406302350473
5.5555 -13.0943 0.302519586143
5.7892 -13.2864 1.71347465987
6.7163 -14.7274 2.48109248518
9.0069 -13.774 11.2916889693
7.3116 -24.9377 0.586308493884
6.7269 -24.9811 14.5944578649
-7.3685 -21.1972 0.560369208647
-6.9003 -20.8893 3.01386837802
-3.9329 -20.3621 1.74238755735
-2.1925 -20.4453 1.67011557983
-0.6227 -19.8752 0.620580574946
-0.1203 -19.5109 0.357154378386
0.2052 -19.3639 2.22933272976
1.4771 -17.533 7.38615916766
2.0777 -10.1713 13.4526424854
8.7387 1.5165 1.16893322735
9.6167 2.2882 1.35764255237
8.2606 2.3529 14.9807086244
-6.7027 3.0749 0.31804628594
-6.8727 3.3437 12.8149113036
-2.2353 15.2901 0.236776455755
-2.1803 15.5204 0.690516169253
-2.118 14.8327 0.324220418851
-2.0192 15.1415 1.87312702185
-3.2814 16.5255 0.543344651211
-2.7768 16.324 0.422220037421
-2.4348 16.0764 0.400620830712
-2.1065 15.8468 1.5504971751
-1.1255 14.6461 12.704310866
-4.5298 2.4064 0.664633492987
-4.2056 1.8262 1.31576036192
-3.6119 0.652 2.43775960259
-2.8797 -1.6732 16.5535648925
-7.1368 -17.67 0.864829832973
-6.3898 -18.1058 0.364600123423
-6.4916 -17.7557 6.84580461451
-4.0985 -11.3418 0.205245073022
-3.918 -11.4395 0.196864039377
-4.1001 -11.3647 8.82940609101
-6.5155 -19.8573 6.68916606163
-3.3639 -13.9571 0.506874590012
-3.5891 -14.4112 8.67788132899
-6.4435 -22.6062 1.1867445555
-5.8985 -23.6604 0.832793761984
-5.2729 -23.1107 2.06156379964
-4.583 -21.168 1.14038222101
-3.739 -20.4011 0.4251897106
-3.44 -20.0988 1.8380646833
-2.7677 -18.3881 3.02807287891
-5.7947 -18.4687 2.97500320168
-3.2196 -16.9789 13.5285696465
-5.9078 -3.7201 15.1974323864
18.0472 34.0 8.67678618211
9.7839 31.3534 1.0459636944
9.1541 32.1885 0.422790219849
9.5452 32.3491 0.913094365331
10.3888 31.9997 0.481198763506
10.2124 32.4474 1.56648729647
8.9027 31.588 3.72992017341
6.1792 29.0395 0.611752441761
5.8388 29.5478 2.06733077421
4.0555 30.5936 3.31319333121
0.7429 30.6563 9.22100658822
-8.4772 30.7856 3.50674818742
-11.161 33.0427 1.32840795315
-9.9473 32.5027 0.379690360689
-21.0224 23.5887 0.287432531214
-21.2785 23.7192 0.424293542256
-20.8715 23.8391 1.15741264033
-20.8446 22.682 0.349634165951
-20.5208 22.8139 0.250241183661
-20.3561 23.0023 1.72379614804
-18.7381 22.4077 0.379119044628
-18.3731 22.5102 1.32027636501
-17.0953 22.8424 1.84128912721
-15.417 22.085 2.25049570095
-13.9253 20.3999 1.19587889437
-12.9825 19.6642 0.537994990683
-12.449 19.5948 0.570559111749
-11.9047 19.7659 0.388655631633
-11.5193 19.7157 0.301767874367
-11.2189 19.687 0.241063912687
-11.0794 19.8836 0.0374156384417
-11.0906 19.9193 0.421679119711
-10.7198 19.7185 0.310580569257
-10.4321 19.6015 0.180586655099
-10.3094 19.734 0.453644232852
-9.9139 19.5118 1.51025663051
-8.4044 19.5596 0.464984268551
-8.2458 19.1225 0.339884450954
-8.137 18.8005 0.219943356344
-7.9548 18.6773 0.16627474252
-7.8063 18.6025 0.638688171176
-8.418 18.4188 11.5838654084
-11.5358 7.2624 0.757046167681
-11.9007 7.9257 12.838860317
-11.6707 -4.9111 0.455019054546
-11.2354 -5.0436 1.81105783729
-9.5109 -5.5968 1.26786123058
-10.056 -4.4521 0.752534663653
-10.712 0.4774 0.296663209718
-10.5579 0.7309 3.34820245057
-13.676 -0.4889 0.647702539751
-13.2627 -0.9876 0.97846795042
-13.9244 -0.2668 1.96958027001
-14.5606 -2.1308 0.516439434978
-15.0769 -2.1428 0.985530161893
-18.4365 -15.8837 1.99207875848
-16.4518 -16.055 0.425173870317
-16.0617 -15.8859 0.348674662114
-15.7146 -15.8528 0.164632833906
-15.5567 -15.8994 0.295506091308
-15.4535 -15.6225 8.99485182757
-4.2031 -11.5778 5.784983554
-8.2967 -7.4902 0.54451999045
-7.9066 -7.8701 4.55744122069
-4.2408 -10.5779 0.668882538268
-4.7452 -11.0172 7.35274350158
-11.1792 -14.5762 8.30022769929
-3.9473 -10.5027 0.10260857664
-3.9757 -10.4041 0.924924996959
-4.2821 -11.2768 6.34069955525
-7.6675 -16.6381 3.27841991362
-4.3983 -16.3924 7.99949308206
-7.3117 -23.8425 0.426241633349
-6.8929 -23.7632 1.39575695592
-5.5357 -24.089 0.762694257222
-4.7939 -24.2663 1.30443387337
-4.8186 -22.9621 1.06052102761
-3.7603 -23.0307 0.511029725163
-3.7876 -23.541 6.10159139324
-4.2848 -17.4597 1.08331687423
-4.9549 -16.6085 11.2854381949
-9.2835 -6.1862 0.696389617958
-9.0418 -5.5331 14.9245580615
-8.046 9.3582 0.87063954654
-8.2349 10.2081 0.378087503099
-8.2799 10.5835 0.213042554435
-8.3786 10.7723 1.14344860838
-8.8162 9.7159 0.275200290698
-8.5958 9.5511 0.686519336945
-7.9094 9.5639 1.17213682648
-6.7401 9.4824 0.575406117451
-6.7555 10.0576 0.393526276124
-6.4332 9.8318 12.0138041024
-11.0806 -1.2467 3.09018153512
-8.093 -0.4571 3.58192960986
-6.4508 -3.6404 0.444892818553
-6.4907 -4.0835 1.27381957906
-27.1093 -28.5186 21.2668542408
-48.337 -29.8085 0.168589709057
-48.483 -29.7242 2.72209009403
-50.5732 -27.9804 3.03309080642
-50.6152 -24.9476 2.09258978302
-50.848 -22.868 1.42492878769
-50.5147 -21.4826 6.95897943236
-43.6012 -22.2769 0.232755945144
-43.6705 -22.4991 1.17501063825
-43.2495 -21.4021 5.9727996258
-41.6231 -15.655 0.781792107916
-43.8009 -7.2634 1.21050985126
-38.3308 -5.2394 10.7594168638
-27.5978 -4.4859 11.5279608344
-16.0818 -3.9609 10.3546369256
-5.8923 -2.119 0.312150172193
-5.703 -2.3672 13.6241776108
-13.2304 -13.7231 0.793343532147
-12.5534 -13.3095 13.1863047974
-0.2745 -8.5025 0.788822438829
0.5077 -8.6045 34.3183382385
27.4328 -29.8833 10.8689834161
38.1849 -31.473 4.48487857249
40.0015 -27.3725 19.0008090801
32.6098 -9.8684 0.260280713846
32.5439 -9.6166 1.50766243238
32.3138 -11.1066 6.85704849698
31.0673 -17.8494 0.714569051947
30.4876 -17.4316 10.320458828
26.8467 -7.7747 2.0630581984
28.637 -8.7999 6.66983679635
29.963 -15.3366 1.42053333998
31.2826 -15.8625 0.743516812184
31.2776 -15.119 1.07793726163
31.3083 -16.1965 6.51701188659
33.2395 -9.9722 0.853277428507
34.0926 -9.9896 0.379056143599
34.3326 -9.6962 0.148768007313
34.4312 -9.5848 0.0916883853059
34.4872 -9.5122 0.907425616786
34.1227 -10.3432 0.311524525519
34.2234 -10.0484 0.455847452554
33.8965 -10.3661 2.89146298264
33.5912 -13.2414 4.34593656765
37.574 -14.9805 1.08399706642
36.8732 -14.1535 12.7863923078
27.0836 -5.9282 0.0564532549992
27.1335 -5.9546 1.47338504472
31.1434 -5.4114 0.780039107994
31.6833 -4.8484 0.760464522512
30.9888 -5.1582 14.3295017712
16.8903 -2.5956 4.90866571789
12.0175 -2.0033 3.19823087347
8.9029 -1.2767 3.21509627383
5.702 -0.9749 4.04808156538
1.8776 -2.3019 3.2040836225
-1.2739 -1.7238 3.07018404986
-4.3282 -1.4119 3.99039680232
-8.304 -1.0709 2.18964118522
-10.4596 -0.6863 2.82185077564
-13.2502 -0.2675 1.5708268396
-14.8038 -0.0355 1.68711369208
-16.4769 0.1815 2.12434914268
-18.5867 0.4297 3.17705361145
-21.746 0.7651 1.88103023899
-23.615 0.9775 0.972472688563
-22.8018 0.4442 2.55497990012
-24.6913 -1.2756 1.88953734549
-26.5206 -0.8023 3.23184363019
-29.7212 -0.354 1.17773170544
-30.8778 -0.1319 1.11012878983
-31.9851 -0.0527 1.15537518149
-30.856 0.1923 7.68956979616
-34.2243 -6.7203 15.2073741724
-19.0484 -5.7424 0.988065245821
-19.2242 -4.7701 0.343517830687
-19.4599 -5.02 1.19290177718
-19.025 -6.1308 19.5455090138
-13.512 -24.8827 1.11739109089
-12.4517 -25.2353 0.530677651687
-11.9228 -25.2787 1.28533878024
-10.6425 -25.3924 3.13385284913
-7.5087 -25.4106 1.1958349259
-7.4208 -24.218 13.1542219705
-9.5091 -11.2306 0.427547248851
-9.5404 -11.657 7.90640288627
-12.924 -4.5112 0.569557740708
-12.3889 -4.3161 0.468012499833
-11.9506 -4.152 1.93539356463
-10.0234 -3.9741 1.81771140174
-8.2127 -3.8146 7.51324623582
-12.7941 -9.7694 1.1698111728
-12.2068 -10.7811 17.9013794499
-3.7193 -26.5425 0.222435541225
-3.9047 -26.6654 1.34978757588
-4.626 -25.5245 11.7907903878
-9.6154 -14.8414 0.752759456932
-8.9 -14.6072 1.60484038147
-9.2796 -16.1665 10.3937498767
-13.3019 -25.7504 0.595112132291
-13.2981 -25.1553 0.718426753399
-12.5891 -25.2713 1.48117662687
-11.4245 -24.3561 23.6579992698
-34.2673 -18.1992 8.0622261076
-26.8907 -21.4527 3.48466891541
-26.5154 -24.9171 0.221300564843
-26.3319 -24.7934 16.764520436
-21.9792 -8.6038 0.47240560962
-21.5583 -8.3893 10.8197568365
-27.5105 0.6461 1.01187256609
-26.5733 1.0276 24.6301469768
-11.8836 20.7977 3.61748259706
-9.3681 23.3974 0.391004680279
-9.201 23.0439 0.370797869465
-9.0519 23.3834 1.33677337646
-8.9674 22.0493 0.387963361672
-8.9883 22.4367 0.139886418211
-9.0994 22.3517 9.24220750254
-5.425 13.8713 0.53666574327
-5.4166 14.4079 1.05681909521
-6.2334 15.0785 1.10759465961
-5.2727 14.5273 11.5838843028
3.9596 7.5308 0.1673980884
4.122 7.5714 0.138449449259
4.1183 7.7098 9.31656807682
-2.7929 13.9575 0.627758528417
-2.1943 13.7684 8.5538320886
5.2469 9.5498 1.01668369221
6.0586 8.9376 0.802123338396
5.5693 9.5732 5.43449878186
2.0723 13.7331 1.11890518812
1.9022 14.839 1.15414160743
2.6435 13.9544 4.60552876986
5.5386 10.3726 0.676944702321
6.2123 10.3064 2.49779638281
8.1762 8.763 1.38172047101
9.4677 8.2719 0.741801112159
9.8569 7.6404 0.42149867141
10.2377 7.4597 1.12433344698
13.6772 5.8046 0.97758502955
12.7365 5.5386 9.06618026404
8.9212 13.7629 8.66389262687
6.3588 5.4866 20.864944044
-2.4132 -13.4448 0.915088804434
-2.6556 -12.5624 16.0556096116
-10.9824 1.1652 8.13370726114
-10.2809 -6.9382 0.332112330394
-10.0625 -7.1884 0.348882702351
-9.7492 -7.0349 1.78280392921
-8.7524 -8.513 1.59278036465
-8.7684 -10.1057 0.349365267306
-9.0249 -10.3429 12.6322799407
-20.997 -14.3732 0.128690209418
-21.1236 -14.3963 0.122421239987
-21.105 -14.5173 0.603041234079
-20.5297 -14.3365 0.658447203654
-20.1371 -14.8651 0.344956011688
-19.9934 -14.5515 1.6181570412
-18.4624 -14.0276 1.65282777385
-17.3738 -15.2713 0.555573802478
-17.2738 -14.7248 1.64903241933
-15.6904 -15.1854 0.726035880656
-15.5025 -14.4841 0.454400440141
-15.0799 -14.6511 1.45652754523
-14.1206 -13.5551 1.04080094158
-13.0974 -13.7457 1.45653513518
-11.7658 -14.3359 1.83378564723
-9.935 -14.4405 1.69758201275
-8.25 -14.2342 0.891636080472
-7.3951 -14.4875 1.27367540998
-6.1282 -14.3563 0.489552622299
-5.6498 -14.2524 0.297632340313
-5.3572 -14.3069 0.194422555276
-5.1874 -14.2122 0.306845889658
-4.903 -14.097 1.83437774191
-3.5081 -12.9057 1.41828638152
-4.3096 -14.0758 13.8946511615
-8.0949 -27.4449 1.2902773384
-6.8344 -27.7205 18.6688621683
11.3211 -32.0684 0.942790756213
12.2607 -32.1459 0.821539682547
13.061 -32.3315 1.85630882398
14.9172 -32.3516 2.33056232914
17.2218 -32.0047 2.10886385525
19.3294 -31.9317 1.63769291688
20.9622 -32.0582 3.86140276325
24.6151 -33.3099 1.0850890839
25.6505 -33.6345 0.517664022316
26.1475 -33.4897 1.82990339636
27.6813 -32.4917 0.266010544904
27.8982 -32.3377 0.416267029682
39.0964 -21.6708 1.16116831252
38.1973 -22.4056 1.02593871649
39.1669 -22.7409 1.39666858632
39.1452 -21.3444 0.367942821645
39.4636 -21.5288 0.321284671281
39.7316 -21.706 1.45392083003
38.3333 -22.1043 1.38774934696
37.6497 -20.8966 7.63223412442
31.3559 -25.2139 15.3622855865
16.8021 -30.1319 4.52956429914
13.0996 -32.7412 4.50428399193
8.6008 -32.519 3.5647700543
5.0735 -32.0035 4.55374086329
0.5223 -31.8514 2.71285257432
-2.158 -31.4324 2.17980307597
-4.3336 -31.2971 3.28914812223
-7.6225 -31.3375 2.2738059108
-9.8961 -31.3069 1.95964422281
-11.8163 -30.9157 1.93555966067
-13.0287 -32.4245 1.76546283167
-14.7913 -32.525 11.4512626832
-17.6843 -21.4452 2.47618158058
-20.0034 -20.5773 3.12838702369
-23.027 -19.7744 2.39333083797
-25.3585 -19.2339 2.07223729336
-27.3881 -18.8157 3.91571394384
-31.1821 -17.847 25.3462121314
-51.5 -33.0 6.8831167882
-49.7594 -26.3406 2.43706508941
-51.8913 -27.5214 1.06754844855
-51.3592 -21.1858 0.519195878258
-51.7082 -20.8014 1.47611328834
-50.2802 -21.1752 0.563706883052
-50.599 -20.7103 1.21875016718
-51.8161 -20.6469 0.157583374758
-51.9735 -20.6545 1.59029739357
-46.4411 -22.7465 1.02846558037
-45.9042 -23.6237 0.988301138318
-46.1059 -22.6562 8.65270690825
-48.4009 -14.3134 2.71472998473
-50.7609 -15.6551 0.811300745716
-51.5722 -15.6562 2.55591481861
-50.5592 -13.3096 0.820907382108
-51.3094 -13.6429 0.586567813641
-50.7582 -13.4423 1.09416901802
-49.806 -13.9813 0.170093444906
-49.7227 -14.1296 2.5550592361
-50.548 -11.7115 0.958661368785
-49.6149 -11.9314 0.0387342225945
-49.6246 -11.9689 0.294130345255
-49.5441 -11.686 0.288530934217
-49.6612 -11.9497 0.310271655167
-49.5685 -11.6536 1.93090871094
-48.4146 -10.1054 1.00993051741
-48.762 -11.0537 1.15598370663
-48.9188 -9.9084 0.939420486257
-48.0945 -10.359 0.876284434416
-48.6845 -11.0069 0.126708878931
-48.683 -11.1336 5.00420834498
-51.9484 -14.9256 0.637275827252
-51.8152 -15.5488 0.469930462941
-52.0394 -15.1358 1.04294872837
-51.1327 -14.6204 0.227017994881
-50.9448 -14.7478 19.2640785349
-42.4852 -18.8827 0.769916488978
-43.191 -19.1903 1.2091338098
-42.1106 -18.6474 19.598672651
-24.5124 -10.0212 1.10304134102
-23.4098 -10.0524 7.06625374155
-16.4911 -11.4889 8.65288186098
-7.8384 -11.545 1.0946036817
-8.5413 -12.3841 15.0246054757
-18.1166 -23.9622 1.04855788586
-18.1926 -25.008 0.946426864581
-17.3516 -25.4421 0.245401874483
-17.1084 -25.4749 0.901781176339
-16.3564 -24.9772 3.67054543767
-15.4505 -21.4202 0.781713739165
-14.8391 -21.9073 1.64702507874
-13.1935 -21.8388 1.30163752635
-13.1076 -20.54 0.408811851589
-12.7164 -20.4213 1.44602175641
-11.271 -20.4637 0.526569814934
-10.9451 -20.0501 0.300465305817
-10.8245 -19.7749 0.524556241027
-10.3022 -19.7263 2.6129242622
-7.714 -19.3677 9.3736098884
-6.1937 -28.6172 0.903930047072
-6.0765 -29.5135 1.22745341663
-6.1195 -28.2868 7.53526338889
-2.6742 -21.5853 0.453106455483
-2.8353 -22.0088 8.24935285038
1.4465 -29.0599 0.72812946651
1.7889 -29.7025 1.27558793111
2.9438 -29.1609 1.30568451013
3.8498 -30.1011 2.23765636325
5.5724 -31.5293 2.94847256898
8.1756 -32.9138 2.31070791966
10.4326 -32.4185 2.20940266362
12.4449 -33.3307 2.69694700912
15.127 -33.0481 0.401089678252
15.5272 -33.0214 0.25210854805
15.7636 -32.9338 0.848543457932
16.5146 -33.3288 0.722205683999
17.2253 -33.4572 1.77282654538
18.9883 -33.2708 1.73544058095
32.3133 -24.9645 0.903714960593
33.1961 -24.7712 1.15538465456
24.6948 -14.4289 16.1809950785
10.7306 -6.2542 6.42380856813
6.4552 -1.4598 2.25070823742
4.6258 -0.1487 4.63976259091
3.3869 4.3226 22.0621217685
-2.2638 25.6488 1.39600804081
-3.5615 25.1342 6.00325864177
-7.5061 29.6596 3.37585652835
-10.3234 31.5195 2.55554364079
-12.8707 31.7246 2.9279312509
-15.7657 32.1625 2.58637899968
-18.348 32.3077 2.67174618929
-20.9941 32.677 2.71162834658
-23.6871 32.9943 1.2316280039
-24.9176 32.9416 1.72322554531
-26.5128 32.2898 11.8152342076
-26.2681 20.4771 0.749800326754
-26.2688 19.7273 3.75527475959
-29.7134 18.2317 3.15200977156
-32.7502 17.3873 3.33459105889
-35.9129 16.3305 4.10914804065
-39.749 14.8576 6.1484660339
-45.6646 16.5337 3.54385316287
-48.8578 14.9967 0.761215475408
-50.9749 12.882 0.839732487165
-51.4545 13.5713 0.461235742327
-51.244 13.1609 17.0602108923
-47.7953 -3.5471 1.0303458497
-46.7932 -3.3075 0.834934751942
-47.1184 -4.0765 0.2063547431
-47.2892 -4.1923 0.138735179389
-47.3904 -4.2872 14.5412586993
-35.7714 4.4562 17.9756334778
-17.8176 3.5705 1.86027785559
-15.9625 3.7092 1.70512756121
-14.3605 3.1252 1.41157439053
-12.9504 3.1897 1.32558906528
-11.6298 3.0748 2.01374853693
-10.5357 1.3842 1.58456225185
-9.412 2.5014 1.07583588432
-8.3402 2.4083 1.99792393499
-6.3444 2.3162 1.40942581571
-5.0756 1.7025 1.1255066859
-5.9225 0.9612 0.666675333277
-5.3717 0.5856 0.910616324255
-4.7692 1.2684 1.3658558123
-6.1069 0.9925 0.158985062191
-6.0362 1.1349 0.973900251566
-5.4513 1.9136 1.03042508219
-6.2385 1.2487 12.7155618924
-18.0785 -3.3881 0.923297795947
-17.1556 -3.361 0.868173306431
-16.2964 -3.2365 1.08573129733
-15.2111 -3.2059 0.946290679443
-14.2649 -3.219 0.981045630947
-13.2862 -3.2868 0.991450477835
-12.3 -3.3887 1.96436728999
-10.6349 -4.4309 0.550744922809
-10.324 -3.9763 0.418943444871
-10.1025 -3.6207 1.14789722972
-23.1658 -0.2141 7.45652063968
-29.8024 -3.6134 3.42633135584
-33.224 -3.4334 2.80640196693
-35.9948 -3.879 4.99047600134
0.0 0.0 6.97780073734
-0.7868 -6.9333 15.2268162467
-3.9694 -21.8238 1.26649788788
-4.3663 -20.6211 8.92983361323
-7.0703 -12.1105 22.1210877285
-7.008 10.0105 2.58514320106
-4.5981 10.9461 1.27984949896
-3.3188 10.9086 0.909982252574
-4.2229 11.0119 0.730074420864
-3.5134 10.8398 0.640888835915
-4.1145 10.6175 0.770417042906
-4.1366 9.8474 15.8970320658
-8.2303 -5.5135 5.53593628034
-3.7602 -2.2478 0.285017981889
-3.4844 -2.1759 0.338735442492
-3.2851 -1.902 0.322696839154
-3.1061 -1.6335 7.36956343483
-7.3752 -7.6406 0.932645854545
