0.0 0.0 6.80677527321
-6.8011 0.2779 0.682434890667
-7.1834 0.8432 1.14912488442
-6.4014 0.0012 10.0217124535
21.5401 -34.0 17.7303447936
18.3082 -16.5667 7.03916036612
14.6897 -10.5288 13.1850187414
10.4433 1.9537 20.4331589386
0.7803 19.9576 3.23110836247
-0.2242 16.8866 3.96167400981
-4.0678 15.9266 2.77022408119
-6.5093 14.6177 3.29936468127
-9.246 12.7748 1.2221263519
-8.3059 13.5557 0.471417914382
-8.7758 13.5935 0.989914728651
-9.4889 12.9069 1.67185541241
-27.9454 7.5321 0.823458906079
-28.6075 8.0217 12.5697761893
-23.0442 19.2933 0.37830946327
-22.666 19.3024 16.5671969944
-25.7033 3.016 0.630748737613
-25.1532 2.7074 1.97988243338
-23.221 2.2755 11.1594173056
-13.8066 -3.7163 0.382622215769
-13.8696 -3.3389 0.486612474152
-13.3849 -3.382 2.50074790613
-10.9102 -3.742 1.02784921073
-9.9532 -4.117 0.444946974369
-9.5107 -4.1636 0.283016483619
-9.231 -4.2068 0.262800475646
-8.9745 -4.264 0.925286620459
-8.0532 -4.1782 1.25177448848
-8.4013 -2.9758 7.47443114892
-12.2373 3.4392 3.85464968707
-10.3063 6.7753 1.90234660354
-8.7575 7.8799 13.2126382381
-9.633 21.0635 12.9905644927
1.234 28.1813 4.11367504429
3.5586 31.5752 0.758962581423
4.2854 31.7938 0.626845595023
4.8816 31.9874 2.9816064462
7.7422 32.8282 1.65781032691
9.38 33.085 0.876779476265
10.1977 32.7686 2.94499332767
12.559 31.0087 0.793217101429
13.0754 30.4066 0.591141818856
13.3738 29.8963 2.41297721705
13.6782 32.29 0.74407734141
12.9704 32.0605 2.24887724209
15.1006 32.7814 1.36343478025
16.4634 32.7398 0.775626881948
17.2343 32.8253 1.25020701086
18.4834 32.7727 0.606753203535
19.0795 32.8859 1.33250190244
20.3989 33.0723 1.36032574408
21.7291 33.357 0.282940594472
21.9504 33.1807 2.08855061945
22.3092 31.1232 2.69592426081
24.3161 32.9233 2.31134916878
26.6154 33.159 1.09000782107
27.6863 32.9558 0.962991682207
28.649 32.9321 2.33496629954
30.9659 32.6422 4.24690596081
35.2127 32.6722 5.25711171272
40.1747 30.9356 1.90437010321
39.7729 29.0741 2.73907831396
40.803 26.5361 0.545348961675
40.5423 26.0571 0.401346234566
40.3661 25.6965 0.831752775769
40.4169 24.8663 7.89335633619
40.1517 16.9774 0.637197402694
39.6719 17.3967 1.43216499748
41.9452 -3.6043 0.656170564716
42.3593 -4.1133 0.666565563167
41.776 -3.7907 0.63879869286
42.2624 -4.2048 1.35851507169
41.8316 -2.9164 5.56741331051
38.5952 1.6137 0.605170926268
38.3456 2.165 1.26094669594
38.4257 0.9066 0.634019282041
38.1019 1.4517 10.5740422167
31.8595 9.9865 16.4610184001
19.7874 21.1771 3.97138627811
15.8178 21.058 3.47816343779
12.3477 20.8213 3.90520565912
8.4457 20.9795 3.45217132831
4.9965 20.8363 2.62049825033
2.4073 20.4325 2.66369215376
-0.2544 20.5355 12.9796598122
-7.4204 9.7133 2.04684769341
-8.3822 7.9065 2.24147007341
-9.4875 9.8565 0.664034524705
-9.5407 10.5184 1.94084579758
-17.9399 10.6038 1.09296995842
-18.8562 10.008 8.52388258073
-18.0482 1.5225 1.68426141083
-16.3753 1.7178 1.55541393847
-15.0869 2.5892 5.63941650262
-9.6101 3.9337 0.205733468352
-9.6286 3.7288 4.25447590309
-5.675 5.3003 4.02595869949
-1.6769 4.8275 1.49264009058
-3.1519 5.0563 0.201286114772
-2.957 5.1066 9.34225731395
-8.6654 12.502 0.852265598273
-8.8506 11.6701 0.909398086649
-8.5724 12.5359 4.86577905376
-4.5202 15.2295 2.31810694533
-3.6711 17.3865 0.714109347369
-3.9171 16.7161 1.31128951799
-3.0215 17.6739 0.455250491488
-3.0064 17.2189 0.75108596046
-2.461 16.7025 0.386733150893
-2.8317 16.8127 0.750931588096
-3.3252 16.2467 1.30378082897
-2.4938 17.251 0.501646668483
-2.8221 16.8717 0.653430287024
-2.4996 17.44 0.954106073767
-2.06 16.5932 0.687742342742
-2.4652 16.0375 1.39395756392
-1.8764 17.301 5.41356984808
1.3937 21.6153 1.46570129631
1.7039 23.0478 8.46310843898
8.1277 28.5577 3.42306876647
8.9744 31.8744 0.550967558029
9.4669 32.1214 0.585132942159
10.0503 32.1664 1.20244868913
11.085 32.779 0.329482639907
11.397 32.8849 1.14788926731
11.1126 31.7728 0.27786000072
11.3643 31.6551 0.407099005157
11.5959 31.9899 8.31966004414
17.2773 25.9122 1.40809106595
18.4795 25.1791 0.396500252207
18.8041 25.4068 1.19234450139
18.6756 26.5922 0.242352491219
18.4509 26.5014 0.506368818155
18.8882 26.7567 0.357433028692
19.2048 26.9226 3.09206852447
21.3598 29.14 1.93731375363
22.7451 30.4943 0.661216333737
23.3403 30.7823 0.500269417414
23.801 30.9773 0.705097560625
24.3921 31.3617 3.17263158435
26.987 33.1871 0.600919304067
27.5815 33.0995 3.33730111617
30.9158 33.241 5.38421252645
36.052 31.6257 1.52989609124
37.4166 30.934 1.45898913293
38.7266 30.2917 1.97129397605
39.9653 28.7582 0.447947318331
40.0025 28.3118 0.353041258212
40.0472 27.9616 0.521544331769
40.0404 27.4401 0.318157476731
40.1537 27.1428 1.52738543924
40.8609 25.789 0.631903299564
41.2076 25.2607 0.30923757857
41.2598 24.9559 0.261675849096
41.4191 24.7483 1.36533588908
41.9211 23.4786 0.455505214021
42.1021 23.0606 1.27999101559
42.6629 21.91 11.2623220998
26.5183 6.3678 0.593913209148
25.9979 5.43 0.24265386871
25.7556 5.4169 0.393909735853
25.4138 5.2211 0.771685901128
26.1806 5.3078 1.37348346914
25.5946 6.55 19.817103149
19.7775 25.4941 13.5340054921
6.9296 29.7486 0.184635451634
6.7471 29.7766 3.38173589152
4.4311 27.3124 15.8961045071
-4.1414 13.9259 2.81786368904
-5.6475 11.5443 1.52418386358
-6.7406 10.4821 2.59286497335
-8.73 8.8192 3.79196563803
-11.6008 6.3418 1.91547479493
-12.6895 4.7658 1.22423571668
-11.5698 5.2608 0.905972080144
-12.3844 5.6573 1.35776732175
-12.6271 4.3214 24.795656562
-14.6068 -20.3951 14.2736885215
-16.1317 -6.2031 0.959311341536
-16.3157 -7.1446 24.0507434417
-22.5238 -30.3803 1.25740668043
-22.8322 -31.5993 0.656875041389
-22.9263 -30.9492 14.5973068913
-21.5555 -16.4164 2.52926459272
-24.0172 -15.8357 2.1427975406
-26.1301 -16.1924 2.01705619654
-28.0 -15.4361 2.87299460668
-30.7701 -14.6741 1.00542691927
-31.7321 -14.3818 1.82063792392
-33.4914 -13.9132 2.61859359199
-35.6132 -12.3786 2.11617530701
-36.0 -20.16 8.72749254311
-29.8672 -13.9505 0.176241311843
-29.6982 -14.0005 4.73964820319
-34.4297 -13.7227 5.97384834926
-34.3876 -19.6964 0.396800415826
-34.768 -19.5835 0.576029105167
-34.6653 -19.0167 1.01404941201
-33.6598 -18.8853 9.50748764343
-27.3533 -11.7705 2.05711925274
-25.2962 -11.7794 0.559602582196
-25.5643 -12.2706 1.56386584143
-24.8004 -10.906 15.7599502061
-17.1241 2.8581 18.0356667481
-9.8834 19.3765 0.646201307643
-9.8847 20.0227 1.35924573569
-10.5086 18.8151 8.92863737084
-11.0179 9.901 2.65466145676
-8.3862 9.5526 1.03587783546
-9.2722 10.0893 0.317599197102
-9.4767 9.8463 7.7091267067
-16.7584 12.3776 0.417212775452
-16.3439 12.4251 7.4350083692
-8.9275 12.9508 10.8926136707
1.8342 11.2671 4.75242900526
-1.8426 14.2782 0.828080817312
-2.5704 13.8832 1.12296702089
-2.2497 14.9594 16.0325221325
7.443 27.7302 3.58917790309
10.2409 29.9783 1.70420704435
11.6072 30.9969 0.945759906107
12.3886 31.5297 2.18887007381
13.8202 33.1855 3.75149788351
17.5716 33.1584 9.33898400523
17.2516 23.8249 0.84654507854
16.4637 24.1345 1.12679242099
16.0733 23.0775 10.0749740987
10.2588 14.8497 1.58983028654
11.4185 13.7622 1.16384757163
11.7256 14.8848 0.209184726976
11.8296 15.0663 1.1481499423
12.8494 15.5938 0.551416729888
12.3034 15.5167 4.16944123954
14.2717 19.1923 1.25333143262
15.2325 19.9971 13.2719876507
23.7723 30.1567 0.93675132239
24.6863 30.3619 0.759947537663
25.4258 30.537 2.29413409591
27.5224 31.4683 3.60146870179
30.9079 32.6967 2.79355238361
33.6985 32.8251 4.02937710943
37.7143 32.4946 3.23852312791
40.1094 30.3148 9.73607961399
34.0202 22.7179 0.84388155567
34.6604 23.2677 0.498293808912
34.351 23.6583 8.23638944805
42.4093 25.3618 2.68896192796
40.1437 23.9135 0.591888435434
40.2363 23.3289 1.39721778188
40.3711 21.9382 12.4876872979
40.154 9.4524 1.29979586859
0.0 0.0 2.02932314332
1.8469 0.8409 0.220457796415
2.0477 0.7499 2.24458590613
0.4667 -0.8434 0.843924463444
-0.3068 -0.5059 1.73892819001
-1.7938 0.3956 1.72218682494
-3.4503 0.8667 0.961707907839
-2.6786 1.4406 2.01912095972
-3.2299 3.383 1.85369238009
-3.5061 5.216 2.65989071956
-3.9103 7.845 1.24315053393
-4.1413 9.0665 0.875152632402
-3.2251 8.5708 1.05293580051
-28.3568 3.6672 0.959047788173
-27.9943 2.7793 1.09894382022
-29.0317 2.4167 0.693263730481
-28.4715 2.8251 0.0502189207371
-28.424 2.8414 16.9596544835
-27.6036 19.7812 0.525611386863
-27.4839 19.2694 0.171934522421
-27.6451 19.3292 1.40235750791
-26.4018 19.9779 17.5860996361
-10.4378 27.355 1.05424102083
-9.386 27.2833 1.21101552426
-8.3968 27.9819 3.61144240436
-5.125 29.5109 15.0670113164
2.4926 16.5114 1.27452926212
3.3298 15.5504 0.820525618125
3.3643 16.3702 12.9019050655
1.2737 29.1016 0.843943179367
1.8817 29.6869 0.717582956877
2.2868 30.2792 3.59668089355
4.2315 33.3048 0.61822550093
4.8356 33.1734 0.99458104245
5.812 32.9841 0.707238467562
6.5188 33.009 0.551549181851
7.0367 33.1987 1.31457821372
8.3469 33.0915 2.01283716679
8.6564 31.1026 2.01545427385
9.9167 32.6754 0.321528661242
10.2235 32.5792 0.253154676038
10.4683 32.5147 1.91512588098
11.4518 30.8714 0.797287307061
12.2311 31.0398 0.645369018469
12.2065 31.6847 0.507091727402
11.7014 31.7296 0.612266559596
12.1169 31.2799 0.384747514612
12.2558 30.9211 0.13768169813
12.3923 30.9391 0.32040319911
12.6168 30.7105 0.483455168552
12.9647 30.3748 1.92832913425
13.5228 32.2206 0.893220269586
14.0451 31.496 6.77808669242
17.0115 25.4015 1.75993376296
18.7697 25.4796 1.79646377642
20.1074 24.2805 1.79482073757
21.1426 22.8143 0.326629821051
20.8206 22.7595 5.78424911116
23.4903 27.8908 0.651693793127
24.1279 28.0256 0.235263299305
24.3588 28.0707 2.31713257497
26.4604 29.0466 3.03754038162
29.269 30.2035 3.65867001518
32.9232 30.3843 4.0742343882
36.9941 30.2195 3.65876670478
40.3525 28.7677 0.849399788086
40.0153 27.9881 0.744111826273
40.0024 27.2441 0.521723470816
40.1267 26.7374 0.328216163526
40.1451 26.4097 0.492386931183
40.1711 25.918 9.18790824943
39.4181 16.761 0.229000021834
39.1891 16.7611 3.66577242747
39.7126 20.3893 1.66735010121
39.9566 22.0387 0.974584962946
40.1957 21.0939 6.72273840187
39.5546 14.4018 0.816443733518
38.8225 14.7632 1.07851153911
39.5792 13.9947 8.27758073654
0.0 0.0 2.05819626372
0.9881 1.8055 2.67429893991
-0.7198 3.8634 2.74686302534
-2.9746 2.2946 1.70027534535
-3.0951 3.9906 2.75894774144
-5.2191 5.7514 20.3936645912
-10.3836 25.4803 3.16693019974
-13.4701 26.1895 5.57243242848
-15.8427 31.2316 3.03537243184
-18.8571 30.8754 3.36652251589
-22.1902 31.3486 2.09929647739
-23.6939 32.8135 2.92674832707
-26.5758 32.3031 3.62816599675
-30.1671 31.7872 3.74284829508
-33.8965 31.4702 3.56423221746
-37.4508 31.2043 13.5328084007
-50.7448 28.6732 3.54516153088
-50.9206 25.1324 0.818249992362
-50.2034 24.7385 12.6097415822
-43.5428 14.0314 0.860679830134
-44.4024 13.9883 1.28029841053
-43.4275 14.8182 3.10558708942
-46.3429 15.8883 0.437054058441
-46.005 16.1655 1.04475455491
-44.9832 16.3833 0.81037627063
-45.1589 15.5922 0.578597969233
-44.9144 16.1166 0.705068968258
-45.3096 15.5327 0.547533277527
-45.6934 15.1422 1.12560211887
-44.9752 16.0089 0.501903387117
-44.9451 16.5099 1.24390010049
-46.0462 13.7749 11.9035976263
-36.0 20.16 7.80779491342
-30.9621 26.125 17.1447787635
-13.9042 27.8488 0.542328913115
-13.4163 27.612 0.458539256771
-12.9666 27.7016 2.23314778956
-10.7349 27.6212 2.69395427207
-8.041 27.6383 0.734580873696
-7.3065 27.6274 2.01836229899
-5.2956 27.8008 3.72056296412
-1.6705 28.6382 4.12889297512
2.4549 28.808 3.43664907286
5.3031 30.7311 3.43010746916
8.7316 30.8361 0.787699092293
9.4335 31.1936 0.0758005936652
9.4977 31.1533 1.07444371653
8.59 30.5784 13.9286966009
-5.3074 29.6452 0.526131884607
-5.0564 29.1828 10.9844200684
-3.232 17.1568 0.44205488347
-3.2946 16.7192 1.28563395257
-0.9328 11.7354 10.9663762935
4.5498 2.2379 0.28405325205
4.3838 2.0074 14.2029769175
-9.5986 4.5008 7.42395551307
-11.1147 11.7683 16.9804557504
-1.7402 -2.3899 10.7367540356
-12.4543 -1.6928 0.317703084656
-12.2648 -1.9478 9.11307240452
-3.6015 -4.7754 0.836725647987
-3.1445 -4.0745 1.00405109432
-2.8679 -5.0397 18.8907069759
4.2355 -22.544 1.36049568173
5.4872 -22.0109 0.908678601047
5.8116 -22.8597 0.452532573413
5.9454 -23.292 0.518341325769
6.1676 -23.7603 0.766585481209
6.9209 -23.9024 1.02889364368
7.5011 -24.7521 1.49813605857
8.3302 -25.9999 1.3839536011
9.3976 -26.8808 3.73722764225
11.2153 -30.1462 3.1186457221
12.7468 -32.8629 1.99381912921
14.7284 -33.0833 1.26673757345
15.9486 -32.7431 0.291899468996
16.1563 -32.538 0.310198807219
16.4254 -32.6923 0.503893093821
16.8742 -32.9214 2.57718551913
19.4344 -33.2168 1.14215848725
20.5619 -33.3992 0.960336737816
21.5222 -33.4076 1.24276942753
22.7646 -33.4379 2.86330687318
25.4526 -32.4514 0.570975673738
26.0195 -32.5195 0.458700218007
26.4753 -32.571 3.28851231562
29.7638 -32.58 3.07720346581
32.8352 -32.3911 3.1649190353
35.9997 -32.4426 3.1727210845
38.8935 -31.1418 0.846624178724
39.562 -30.6223 0.370833237453
39.7995 -30.3375 0.814623084623
40.3221 -29.7126 2.01791387824
40.4902 -27.7017 1.75423245894
40.6426 -25.9541 1.28428895503
40.9482 -24.7067 0.341589285546
40.8314 -24.3857 0.356474585349
40.8756 -10.6249 0.0
39.0955 -9.8588 1.19721604149
37.9875 -10.3123 0.603345216273
37.6394 -9.8195 1.33863622019
39.3903 -9.3792 11.3013177431
36.0 -20.16 20.7240539048
16.92 -28.2495 4.69018875633
12.5144 -26.6406 4.40301976602
8.1429 -26.1147 5.13250544763
3.0105 -26.1476 3.31568686097
-0.3051 -26.1236 3.58730040281
-3.8924 -26.1253 2.06056064701
-5.9471 -26.2806 1.74314643389
-7.6889 -26.2121 1.07225708205
-8.76 -26.2619 1.24723616449
-9.8766 -25.7062 2.1935868549
-11.8561 -24.761 2.48302694508
-14.1452 -23.799 1.03519100653
-13.1541 -24.0979 0.564910984138
-13.574 -23.72 1.41218232534
-14.9684 -23.4966 1.04946045185
-13.9752 -23.1576 1.46948331056
-15.4226 -22.9038 1.49842242375
-16.0602 -21.5478 0.824788760835
-16.3233 -20.7661 3.05034434777
-17.3341 -17.8881 0.54198163253
-17.5301 -17.3828 9.77114674232
-11.1876 -9.9499 9.2616229296
-14.9824 -18.3984 0.422163120132
-15.1661 -18.0183 22.9391329882
-14.1701 4.8992 2.85090284998
-16.9686 4.3551 5.75848812537
-20.2079 -0.4059 1.23192345541
-20.6193 0.7553 0.884371245575
-19.7882 0.453 1.03545059274
-20.0093 0.5269 0.511870735635
-26.1546 1.0077 3.01660210336
-24.8687 -1.7211 14.7957543549
-21.3294 -16.0873 16.6678837007
-8.6003 -26.8478 8.52113913746
-15.5939 -21.9796 10.4094854306
-6.3202 -26.7078 1.20673025983
-5.2286 -26.1934 6.69833207299
-0.3852 -21.5664 1.32658919791
0.4147 -20.5081 9.83028212057
6.1831 -12.5482 14.2482967224
3.8713 1.5113 16.8210049599
7.1068 18.0182 0.759300684841
7.2756 18.7585 4.71240787708
7.2136 23.4705 0.161539128387
7.3319 23.5805 2.48314630258
9.7109 24.2921 2.36409841166
10.6832 26.447 4.32561325363
14.1143 29.0811 3.05966408614
16.4039 31.1107 0.631660992938
17.0283 31.2062 0.448541213268
17.4624 31.3191 0.330043936469
17.7872 31.3777 3.75862498794
21.1264 33.1031 1.69143583975
22.1228 31.7363 0.197188285656
22.3199 31.7304 1.3956515611
22.0877 33.1066 1.00157900337
22.274 32.1225 9.54088556162
24.4083 22.8234 0.301867255594
24.2955 22.5434 0.299813075098
24.1607 22.8112 1.29803299265
25.2165 22.0561 0.477496816743
25.671 21.9097 0.358033322472
26.0275 21.8766 0.340110643762
26.3666 21.8504 0.916371649496
27.2756 21.9664 0.377555783958
27.6045 21.781 0.917084565348
28.4766 21.4973 2.06783664974
30.0062 20.1058 0.91620760202
30.8968 20.3209 0.42439333171
31.3211 20.3298 0.748059683448
32.0271 20.5771 1.42678633649
33.327 21.1653 0.39273665477
33.6862 21.3241 0.972105266934
33.683 22.2962 1.35774975971
35.0401 22.3382 0.717896684767
35.7163 22.5793 0.2741249715
35.8656 22.8092 0.472924370275
36.1717 23.1697 1.69209639501
37.7928 23.6547 0.754278310705
38.4952 23.3798 0.487939668402
38.9096 23.1222 0.887341991568
39.3462 22.3497 0.999440693588
40.2355 21.8936 4.02883638288
39.9457 17.8752 8.49940455561
39.9545 9.3758 1.15733884839
0.0 0.0 1.86161511865
1.7338 0.6779 0.257750033948
1.6806 0.9301 1.01704174939
0.739 0.5457 0.640689191418
0.1032 0.4667 4.13264221776
-3.9595 1.2238 2.1300966011
-5.4282 2.7666 1.00021950591
-5.5673 1.7761 3.14648370725
-7.4167 4.3217 0.721522445943
-6.9317 3.7875 1.48459142191
-6.023 4.9615 1.07775099629
-7.0166 5.379 2.74872308536
-9.5538 6.4364 0.0584982905733
-9.5336 6.4913 0.851687266548
-9.386 5.6525 1.34077203133
-8.228 6.3283 0.896306894986
-8.8051 7.0141 1.47421716853
-9.325 5.6346 0.82862394969
-8.4964 5.6283 1.42583899863
-8.6653 7.0441 22.1301171802
-15.2957 28.1576 0.851990727649
-16.1473 28.1834 2.287578285
-18.4313 28.3113 1.38689750162
-18.8531 29.6325 1.84013721499
-20.478 30.4961 3.41918994061
-23.7552 31.4712 2.9229317782
-26.4965 32.4855 2.72303375851
-29.2126 32.2913 2.8879724739
-32.1 32.3488 16.1031296834
-48.1356 30.8756 4.21453255534
-49.6761 26.9527 2.61521077736
-51.004 24.6997 0.422690927274
-51.1141 24.2916 12.4308454793
-43.8123 14.2313 1.51918370844
-45.1518 13.5146 1.86533224923
-41.8502 7.8007 0.703121959549
-41.2887 7.3775 2.21023253528
-39.0912 7.1406 0.83394604142
-38.3298 7.4808 0.580628426793
-38.1679 8.0384 0.315902421643
-37.8976 8.2019 1.10503605371
-38.9038 8.6587 0.632776816895
-35.2504 8.2081 13.1479091178
-22.126 7.4222 0.431384434119
-21.7003 7.3524 1.27432969831
-22.9746 7.3437 10.6335974181
-32.1375 12.7395 1.14261763071
-32.8051 13.6668 0.789795137995
-32.5051 14.3974 0.618514680505
-38.1202 15.6137 10.9772989269
-47.0 9.16 16.3317413891
-39.3168 23.5716 0.664780723246
-39.9814 23.5871 1.24036038715
-38.7747 23.8741 22.9701111414
-16.1254 27.6997 0.90681753953
-15.2891 28.0503 1.35500850551
-13.9404 28.1809 3.23574622305
-11.6615 30.478 2.11516672156
-9.6664 29.7755 5.7511076394
-3.9382 29.2627 0.693370579128
-3.4002 28.8253 0.985630275509
-3.8902 27.9701 0.74303392251
-3.1581 27.8431 15.2289987511
-18.1995 30.2261 1.27193890183
-16.9299 30.149 13.5127743095
-3.4326 29.5025 0.445499236812
-3.8675 29.4059 8.1316683073
-11.963 28.6398 0.312445899317
-11.774 28.391 10.7648881114
-1.0109 28.1948 13.0868406248
7.3866 18.1575 0.502691336707
7.7553 18.4992 1.48454979708
6.4996 17.7073 4.48193688934
3.7128 21.2175 0.409885691382
4.1106 21.3163 1.14625359323
3.4415 20.3856 8.96301346758
-0.0474 12.1295 12.4171401643
7.4045 2.197 0.84540547668
8.2426 2.0861 1.02563358467
7.439 2.7234 17.3508479453
-6.1701 13.4865 0.903291370489
-6.3414 12.5996 1.12563307077
-5.8048 13.5891 21.3082860902
8.9781 28.9354 6.48504162516
13.8783 33.1832 2.20689081289
16.0538 32.8123 1.10696934917
17.1413 33.019 1.46951513092
18.5569 32.6246 0.506162987584
19.06 32.6802 1.81497005209
20.815 32.2175 0.62281260424
21.4285 32.3248 1.92439349926
23.3032 31.8903 0.442704099823
23.7458 31.8807 0.683920382793
24.4105 31.7197 2.09566119876
26.3136 32.5972 1.73895274231
27.9428 33.2052 3.36370778309
31.3014 33.3905 3.25655469016
34.5563 33.4943 5.51908967584
39.6821 31.4482 10.7759622902
32.3899 23.5144 1.20764243466
32.7711 22.3685 0.760328889363
32.6582 23.1204 11.2912018076
41.9327 29.5605 0.557185247472
41.8751 29.0063 10.811138964
34.2518 21.3404 0.546113541308
34.6582 20.9756 1.03671150278
35.2307 20.1113 0.108585542316
35.2076 20.0052 8.81152028483
41.0729 13.4294 0.653118090394
41.7249 13.4676 1.30505341653
43.9015 2.3753 0.754628312482
44.544 1.9795 1.06102679043
43.9827 2.8799 13.0600607809
34.7805 12.1473 17.8026166349
21.6126 24.1281 3.54359834208
18.0691 24.1017 3.69378093828
14.38 24.2876 3.24414644552
11.1754 23.7826 3.57261627942
7.6062 23.6264 3.98731761965
4.3606 21.3102 4.68766183507
-0.1096 22.7214 4.0302463349
-4.1362 22.8928 3.39114365664
-7.4929 22.4107 2.96976583925
-8.5546 19.6372 1.16184815703
-9.6951 19.8589 6.55242789277
-13.4996 14.5241 0.961162072702
-14.0038 13.7058 1.2384108244
-12.8922 14.2517 0.969566109144
-13.8422 14.4455 0.0865341551065
-13.9226 14.4135 1.47766269832
-15.3322 14.8568 1.07587064278
-14.3112 15.196 1.88250821247
-16.0678 15.8729 3.49416796677
-19.0291 17.7276 1.00236618059
-18.4305 18.5316 0.922117893764
-19.2684 18.1466 1.69364786187
-20.8686 17.5918 2.0697507676
-22.8768 17.0908 1.65024141264
-23.9874 18.3114 1.6861692679
-25.5832 18.856 1.33853343627
-26.7058 18.127 2.16525296444
-27.1452 16.0068 1.28366786982
-28.4184 15.8432 2.08042615346
-28.8587 13.8099 2.59144658058
-31.437 14.0706 1.29599594521
-32.5795 13.4588 2.79423782989
-33.8638 10.9772 3.99954450032
-35.6648 7.4061 2.02498249128
-36.152 5.4406 1.98629126766
-38.1168 5.732 0.785993594121
-38.0735 6.5168 0.694824157611
-37.3829 6.4403 1.08055752276
-39.6264 -5.3233 15.2734555308
-36.0 -20.16 7.93162489406
-30.8545 -26.1961 0.505320334046
-31.2337 -25.8621 1.34798385747
-29.9649 -25.4069 1.54931425153
-29.8621 -26.9528 0.575744457203
-30.3619 -26.667 0.992265050276
-29.3927 -26.4543 18.7382457784
-10.6633 -27.03 15.0149897905
-1.1712 -15.396 0.837569173263
-1.5998 -14.6764 20.2918116614
-10.0951 3.7515 20.914124483
-1.0111 22.5898 0.91824433023
-0.1015 22.4641 1.31873028706
-1.2769 21.8662 13.7108320448
-13.5829 15.8206 2.06887970892
-12.8819 13.8741 1.74941246423
-11.879 15.3075 2.4364906936
-9.4603 15.0136 0.0916910573611
-9.5378 14.9646 11.1430445988
-12.428 4.2029 0.260465832692
-12.1826 4.1156 0.241619204535
-11.9454 4.1616 0.415170543271
-12.2021 3.8353 0.772127897437
-11.4303 3.8128 0.396132465218
-11.4986 3.4226 0.560125994755
-11.0154 3.7059 0.414938091768
-8.1475 3.8267 6.98680861767
-1.177 3.3496 3.35333138983
1.9525 2.145 6.61642639874
-3.2145 -1.9877 1.08201447772
-3.9427 -1.1874 0.480262688536
-3.7048 -1.6046 0.344459373512
-3.5599 -1.9171 1.34778410734
-2.3201 -2.4457 1.52308404233
-0.9081 -3.0167 4.82955775719
2.4861 -6.4524 1.65386880374
3.5222 -7.7415 1.28250263547
4.4048 -8.672 3.65815879644
4.3015 -12.3287 20.6282553807
14.1569 -30.4504 0.833606261973
14.9027 -30.8228 3.32448376895
17.957 -32.1356 1.79444600086
19.7124 -32.5079 2.63263774378
22.3381 -32.6989 0.311421402604
22.6458 -32.7469 0.422568384998
23.0648 -32.8017 1.50657769133
24.5713 -32.7864 2.09221979008
26.6635 -32.7773 2.07009458963
28.7315 -32.6842 2.00792153731
30.7172 -32.9821 3.11020465082
33.8253 -33.0965 2.75051266858
36.5728 -33.2252 2.51876606298
39.0886 -33.103 0.330291280539
39.3493 -32.9002 2.14906879601
39.8955 -30.8217 1.78834876352
40.1902 -29.0578 0.573977185958
40.1668 -28.4843 1.40690129362
40.2674 -27.081 1.1773315251
40.426 -25.9144 0.611041905273
40.589 -25.3255 7.52439175283
38.102 -18.224 6.44267851518
33.3811 -13.8398 0.550111134227
37.1106 -14.3686 1.03922833872
37.9029 -13.6961 0.807342263232
37.3442 -14.2789 7.64753392931
30.4026 -17.4881 1.0026350333
0.0 0.0 1.93026723538
1.6458 1.0086 0.781688237087
0.8763 0.8711 0.638085331284
0.243 0.7931 3.0391274817
-2.7673 0.3755 2.04358276074
-4.2218 1.811 4.04549440736
-6.2616 5.3046 15.801559504
-9.534 20.7636 2.84299347871
-11.2234 23.0502 3.28378617148
-13.3323 25.5673 3.02283837643
-14.9276 28.1349 2.80307111041
-16.2145 30.6251 2.54553634623
-18.754 30.8003 0.667546208138
-19.4005 30.9666 2.26289556984
-21.5511 31.6706 2.99365459764
-24.487 32.2558 2.52863166555
-26.9783 32.6887 2.95291889662
-29.8907 32.2012 2.77428069236
-32.6201 31.7042 3.62291240993
-36.1729 30.9949 4.71839739848
-40.7589 29.885 5.81570497532
-46.5399 30.5194 3.38926996564
-49.347 28.6201 3.62152664494
-51.617 25.7983 0.506441674825
-51.6356 26.3044 1.0232079212
-50.8894 25.6043 19.7763839212
-37.5288 11.0235 0.931857778848
-37.5772 10.0929 1.15092731308
-36.565 10.6407 1.57208812094
-36.7291 12.2042 4.41532650888
-36.7138 16.6195 1.0791893995
-36.0458 17.4671 21.9947886694
-15.5548 25.4602 0.538173986737
-15.1266 25.1342 0.4368829706
-14.7798 24.8685 1.76764189247
-13.3117 23.884 1.47121316606
-11.8494 24.0457 0.94413791895
-10.9073 24.1077 0.982706873895
-9.9261 24.1621 5.44830919185
-4.6088 22.9745 5.70887277928
1.0933 23.2525 5.10756703823
6.0677 22.0938 0.504345169502
6.4638 22.406 0.458608416844
6.8176 22.6978 2.24342855915
9.0493 22.9269 0.48632441847
9.0603 22.4407 0.0188724667174
9.0519 22.4576 1.99293343843
8.4632 20.5536 0.446944839997
8.8967 20.4448 1.94037190507
10.7964 20.84 0.113600396126
10.91 20.8397 0.481406823799
11.3822 20.746 0.294191298308
11.4486 21.0326 0.376684616091
11.8245 21.0083 0.0505475024111
11.8734 20.9955 0.517106178652
11.9352 21.5089 0.247767168931
12.1676 21.423 0.0
12.1676 21.423 0.196529183584
12.2902 21.2694 0.363235804953
12.4346 21.6027 1.25988603056
13.4531 20.8611 0.356393041458
13.5007 21.2143 0.39816048272
13.5151 20.8164 0.453958874789
13.8626 21.1085 0.46683738068
14.2481 20.8452 0.278567765544
14.5161 20.9212 0.351229170201
14.8653 20.8835 2.95236249976
17.8166 20.9627 0.668646648089
18.3951 20.6274 1.03354373879
17.713 19.8509 8.94878761453
13.6674 11.8688 1.17985430033
14.7515 11.4032 1.73043134796
14.1647 13.0311 0.0632083064162
14.1099 13.0626 0.994412615568
13.8577 14.0245 1.73305082441
14.0531 15.7465 0.78275699933
14.2347 14.9851 2.7251306776
13.7408 17.6651 1.96541867804
15.0135 19.1628 2.34524772679
16.5738 20.9137 1.11003416614
17.1835 19.9861 11.5013192361
22.4651 30.203 4.20429689722
25.4913 33.1216 1.48961003286
26.9774 33.0194 0.631560139654
26.4335 33.3404 0.560483014908
26.9671 33.1689 1.43002849272
27.9864 32.1659 0.522674372817
28.5081 32.1978 1.53855367147
29.9493 32.7364 1.12901826823
31.0645 32.5603 2.30862040405
33.3441 32.1954 2.265424607
35.6093 32.2273 3.0596118463
38.59 31.5369 0.518462284067
38.8845 31.1102 0.423551708768
39.1268 30.7628 3.23746879213
40.1001 27.6751 0.437562578382
40.0927 27.2376 1.19552919245
39.8658 26.0638 1.88455305311
40.1603 24.2024 1.23155375035
41.2463 24.7832 0.693310219166
40.9122 24.1757 0.797058115823
41.0664 24.9577 0.877212414413
40.7793 24.1288 7.94342140202
39.8087 16.2449 1.08180414124
39.8553 15.1641 7.40486529857
40.6081 7.7976 0.9555285867
0.0 0.0 1.89221838592
1.3391 1.3369 6.1646541963
-2.7503 5.9499 3.6019482742
-6.3214 6.4203 1.15575953381
-5.3367 5.8152 0.481746956399
-5.0585 6.2085 0.378551515649
-5.0363 6.5864 0.844485245579
-14.1001 11.5148 0.825602931196
-14.9215 11.4316 1.19035316188
-13.9351 12.0979 19.9252403943
0.0323 26.308 0.781247118395
0.4718 26.9539 5.86231100932
2.8609 32.3073 1.25449499401
4.0697 32.6428 2.50053639846
5.9319 30.974 2.22015336858
7.9666 30.0857 0.53608018057
8.2886 29.6571 0.633295381319
8.8766 29.8923 0.36525894924
9.1903 30.0794 0.273515813071
9.446 30.1765 0.195614135481
9.628 30.2482 0.147167421667
9.7536 30.3249 0.108251789824
9.8433 30.3855 1.15457608238
9.9736 29.2383 6.42089329144
14.9557 25.1878 1.39280451608
16.0196 24.2889 0.128935371408
16.0589 24.1661 0.0776155267972
16.0393 24.091 0.510874798752
16.4198 24.4319 1.28793492072
17.6504 24.8119 0.392603171154
18.0195 24.9457 1.38323181354
19.0668 25.8493 1.14579558823
19.6491 26.8361 2.42170478176
21.1968 28.6987 0.573594368871
21.7673 28.6392 1.90722391973
23.2281 29.8654 2.94132424088
26.1596 30.1056 1.34716565425
27.5067 30.0923 0.367718288911
27.7382 30.378 0.300521629837
27.7872 30.6745 0.140321416755
27.6859 30.5774 1.56272198423
28.4311 31.951 0.626771864397
29.0495 31.8489 1.25498137835
30.29 31.6588 2.60863770003
32.5537 30.3624 2.83143568
34.9561 28.8639 1.04057976628
35.9745 28.6502 1.7531467594
37.7265 28.5868 0.567119475948
38.098 28.1583 3.10841265761
40.5383 26.2329 1.41366058515
39.97 24.9385 1.09895937141
40.7637 24.1784 0.357775572112
40.7281 23.8224 0.344542261559
40.5652 23.5188 0.210252800219
40.4372 23.352 0.244906226952
40.4231 23.1075 0.177119084234
40.4205 22.9304 7.24844915413
40.374 15.6821 4.85751900151
40.8023 10.8435 1.05802178617
0.0 0.0 1.96905431616
1.3113 1.4689 0.22449734965
1.1072 1.5624 1.48247795599
-0.3288 1.1941 3.11034940963
-2.7169 -0.7987 1.4411635334
-5.2688 -1.5988 1.62692170986
-3.6433 -1.5308 1.25426849598
-4.3428 -0.4897 5.63914700021
-7.3411 4.2863 0.872193585163
-8.197 4.4541 2.22559538551
-10.3541 5.002 1.47986088873
-10.8081 6.4105 0.949900889567
-10.0474 5.8416 1.15431379183
-10.9502 6.5609 22.4005908201
-16.4387 28.2787 3.97903105919
-19.8788 30.2783 1.2551980282
-21.1235 30.4403 3.38143058778
-24.5044 30.3804 4.20216006597
-28.4083 31.9353 2.63642474006
-31.0437 31.8618 6.34063414021
-37.3838 31.9441 10.9449769712
-48.0677 29.5678 2.94119782572
-50.7364 28.3314 3.11740107942
-51.0357 25.2284 1.52237496367
-50.192 23.9612 9.63106022253
-45.7346 15.4237 10.5370796125
-38.8276 7.4661 1.38754135434
-37.4777 7.7871 13.9955891284
-24.2765 3.139 0.0327371348777
-24.1327 2.613 13.1029588769
-36.949 -0.1128 0.651532385995
-36.5443 0.3978 0.495782089229
-36.1505 0.0966 1.73908631471
-30.7239 -6.6917 0.280721498999
-30.8573 -6.9387 0.42719140909
-30.66 -6.5598 2.68757027257
-33.3351 -6.3012 0.573485701653
-33.9083 -6.3193 1.49018294179
-35.1757 -7.1031 0.894018417036
-34.4544 -7.6313 0.698885541416
-35.1502 -7.6969 1.69007107839
0.0 0.0 8.81214762132
-8.7937 0.5699 0.940855408657
-9.1998 -0.2788 1.18003621978
-9.412 0.882 13.9120481713
-12.9204 14.3444 1.10608164708
-12.2623 15.2334 16.3302469831
1.8484 23.4532 0.794371965769
2.6053 23.6943 4.25240988852
6.0218 26.2262 8.49942822665
13.4435 30.3685 6.08538280965
18.86 33.1422 1.89360238699
20.6598 32.5536 1.10401685676
21.7079 32.9005 1.84535676767
23.4823 32.3937 0.570746546201
24.0442 32.4938 0.319079927291
24.3382 32.6178 0.881088247567
25.2089 32.7527 0.565573920898
25.757 32.6132 0.612831934546
26.3663 32.6789 0.436000011468
26.8014 32.6509 0.680432105357
27.4802 32.6038 2.42041134521
29.88 32.2886 6.27100374183
36.1253 32.8558 0.635336107899
36.6627 32.5169 0.542252570303
37.1224 32.2293 2.21636313135
39.1772 31.3986 2.02234846651
40.0346 29.567 2.2705084827
40.3895 27.3244 0.907891893344
40.4883 26.4219 0.729479437681
40.5672 25.6967 0.787081781011
40.3614 24.937 0.799133655905
40.3322 24.1384 0.498138394425
40.2327 23.6503 1.26527227109
41.1703 24.4999 0.859759896715
41.0465 23.6491 8.44210112354
40.9302 15.2078 5.62748996001
40.2869 9.6172 10.1183418602
0.0 0.0 1.96530964481
0.949 1.721 3.02452266978
-1.2157 3.8333 2.41556093072
-3.4867 3.0102 1.15058037963
-2.3362 2.9966 0.554206071782
-12.7974 6.9219 1.51588923078
-14.1034 6.1523 9.00324369658
-15.8075 -2.6882 0.487663162439
-15.5631 -3.1102 15.9849265247
-15.6267 -19.095 0.45140949259
-15.4605 -18.6753 0.648851600907
-14.8187 -18.7707 2.25073167881
-12.8509 -17.6782 0.562569195744
-12.5428 -18.1489 2.49241335657
-10.7775 -16.3894 18.578672487
-3.5148 0.7109 0.549593486133
-3.1568 1.1279 3.31894494682
-1.5488 4.0313 1.74995707662
-0.2569 5.2117 17.0846387872
5.1971 21.4024 0.657323611321
5.3248 22.0472 4.13690768812
6.0257 26.1243 0.380507292966
6.3965 26.0389 0.304485878162
6.4723 26.3338 0.375988643446
6.7662 26.5683 0.434962182264
7.2009 26.5834 1.42795685159
8.5998 26.87 3.07916861019
10.9011 28.9158 0.564524445883
11.3979 29.1839 1.74756624481
12.4756 30.5596 0.448900712853
12.7659 30.902 1.16042392685
13.5147 31.7885 0.824230993108
14.2015 32.2442 0.169249076807
14.3186 32.3664 1.09074061536
14.2876 31.2761 1.76603564234
16.0518 31.1956 1.23271770085
15.1456 30.3599 1.39894269003
16.4164 29.775 2.59133151295
18.2815 31.574 0.31958925201
18.5942 31.64 0.4821274624
19.0677 31.7308 0.459807546698
19.3834 32.0651 3.28534319821
22.3791 33.4139 0.577393843057
22.2429 32.8528 1.64800697207
23.8596 32.5331 1.27692963784
25.0717 32.9348 1.60104392507
26.6715 32.8717 2.83687198336
29.2819 31.761 3.57250547515
32.8315 32.1649 4.75826114878
37.5711 31.7439 3.65138779781
39.6513 28.743 2.94845196671
40.2335 25.8526 1.47050680379
41.2584 24.7981 9.65374804415
38.9403 15.4268 8.71129183589
0.0 0.0 2.02269988382
1.6789 1.1281 0.465929962548
1.4117 1.5098 1.62443685319
-0.1653 1.1201 3.04791477079
-3.1906 1.4907 2.80742675238
-5.7625 2.6163 1.71452819166
-6.7301 1.2009 6.880634486
-13.2548 3.5076 0.737163353674
-13.3282 4.2411 7.54430746258
-10.1352 11.0764 2.5494576384
-8.4072 12.9509 5.66920395117
-13.4284 15.5829 3.93328136929
-14.6801 19.3117 2.89773144546
-11.7864 19.4645 1.16110685985
-10.6347 19.612 2.25363251885
-8.4754 20.2572 1.50712060898
-7.5457 21.4434 0.874000091533
-7.5453 20.5694 8.95548001282
-7.4628 11.6143 0.23836117553
-7.3434 11.408 1.43895787638
-6.6405 10.1524 13.4284406276
-0.537 -1.8088 0.236657410617
-0.4542 -2.0305 0.491796461964
-0.9372 -2.1231 16.2111951595
-5.1897 -17.7666 1.25098662663
-6.302 -18.3391 0.946180965778
-5.3759 -18.1452 1.22862639561
-5.999 -17.0863 1.00101662324
-5.2492 -17.7495 0.889069671061
-6.005 -18.2177 8.01317268003
-12.3576 -13.3335 0.936376724401
-12.082 -12.4386 13.8684875347
-2.6665 -2.2561 1.01774942397
-1.6607 -2.4116 1.55443886982
-0.2555 -1.747 0.471524379009
0.1625 -1.9652 0.847230783199
0.9925 -1.7952 10.599832152
1.6019 8.7871 0.624683279751
2.1077 8.4205 0.354745768121
2.4511 8.3315 0.700541112284
3.1507 8.2952 1.21292730615
4.3159 8.6321 0.495639485917
4.5056 8.1742 0.691881897436
4.0222 7.6792 1.37313187276
4.6587 8.8959 17.6596556685
11.1995 25.2996 5.20357208079
14.0423 29.658 5.56749346205
18.921 32.3404 0.685744274493
18.5655 31.754 9.19619687316
19.9173 22.6577 3.05943740743
21.1864 19.8739 0.548602269408
21.7338 19.9102 0.44395771195
22.0627 20.2084 1.84590323148
23.7962 20.8427 1.46645214378
24.2229 22.2457 4.88361057416
26.1159 26.7475 2.63041795918
28.7101 26.3125 1.24077539063
28.7567 27.5524 0.225144398109
28.5969 27.3938 0.48671343725
29.024 27.1604 2.35320685024
30.4882 25.3182 2.46810179085
32.0624 27.2191 4.57630473308
36.0823 29.4061 1.68791013979
37.6815 28.8661 2.62315887624
39.8247 27.3536 1.14361460729
39.8873 26.2117 2.74023437866
40.05 23.4763 0.901968436255
39.8291 24.3508 1.21733284273
39.1668 23.3294 5.84124795313
39.7365 17.516 8.27108854988
0.0 0.0 2.09123299754
1.3787 1.5724 3.76143775969
1.2156 5.3303 4.00415444507
-1.3333 2.2422 1.00784649625
-1.7217 3.1722 2.82955793721
-3.8161 5.0748 3.05703959085
-5.7336 7.4557 0.953320643855
-6.4459 8.0893 0.847967558342
-6.7916 7.315 1.13827174699
-6.7525 8.4526 21.3378447827
-13.2231 28.7857 4.60747855231
-17.62 30.1627 4.63913698979
-22.2376 30.6092 2.21753156911
-24.4531 30.7041 2.57183523967
-27.0148 30.9322 4.21932575775
-31.2161 31.3218 20.5770182339
-51.2127 26.469 2.73625537551
-50.6969 23.7818 1.32245560984
-51.0399 25.059 0.521329876374
-51.3449 24.6362 0.276960141537
-49.636 20.2975 6.66224265094
-43.0445 19.3292 0.975350034603
-42.0705 19.3805 1.55884484475
-41.1828 18.0991 0.355889940853
-41.2346 18.4512 0.160600498131
-41.1732 18.5996 1.15563932955
-42.3057 18.3695 0.367968979671
-42.0503 18.6344 0.239078899111
-41.9187 18.834 0.152973102211
-41.7856 18.9094 1.00712504189
-40.8847 18.4592 0.223628978444
-40.7203 18.3076 0.107973515271
-40.8115 18.3654 1.492302533
-42.1533 19.0185 0.582993138896
-42.4541 18.5191 0.467631019074
-42.0627 18.2632 11.2228712267
-34.4916 9.9788 16.5638603595
-25.0111 -3.6036 1.08017447665
-25.4804 -4.5765 1.06797951759
-24.8143 -3.7417 12.9125052383
-12.8811 1.191 0.468808894967
-12.4794 0.9493 0.336297204865
-12.1479 1.0059 1.1072531463
-11.0487 0.8726 1.67565199251
-9.3875 0.653 3.40907286516
-5.9799 0.5528 5.77443926715
-0.2248 1.025 0.673469939938
0.4312 0.8726 2.31051801118
2.6624 0.2724 3.25294359004
5.9138 0.1722 0.623968629019
6.5312 0.0819 0.462814487673
6.9923 0.1217 2.21680050974
9.1822 0.466 0.614355467136
9.793 0.4 2.70635815996
12.4845 0.1168 1.31551809566
12.4914 1.4323 12.3578845977
6.6076 12.2996 0.807433000316
6.0074 11.7595 1.02695272043
6.7604 12.4578 24.5601190136
20.9074 32.5342 5.27019811108
26.1632 32.9235 10.6467123526
36.6798 31.2641 4.15328206121
40.2496 29.1413 1.67068006812
40.6138 27.5108 2.41424209639
39.9939 25.1775 0.475211163589
40.106 24.7157 0.504634887815
40.2021 25.2111 1.06125497408
40.9957 24.5065 6.77750451125
38.3771 18.2553 9.57575055022
41.4367 9.1815 0.0
41.4367 9.1815 0.953101316755
42.1533 8.5531 1.06652304241
41.0959 8.4139 1.15857785668
0.0 0.0 2.03602443256
1.8715 0.8018 0.0944964020479
1.8096 0.7304 1.30475124449
0.8706 1.6363 1.38034627902
-0.4678 1.2986 1.53328617681
-1.9999 1.3589 2.55826657915
-4.5016 1.8939 2.07856058367
-6.4059 1.0608 6.13426062048
-9.3765 6.4278 0.721793772486
-9.8985 6.9263 21.3796524006
-13.6659 27.9714 3.31490470753
-16.1068 30.2143 2.68170523734
-18.7885 30.2196 2.14163873938
-20.7917 30.9771 3.37862792417
-24.136 31.4575 3.72340790809
-27.8527 31.6809 18.1354127061
-45.9226 30.1408 4.09190029815
-48.9305 27.3666 3.63833706108
-50.4429 24.0575 0.906501125206
-51.0231 24.754 1.04036060095
-50.8218 23.7333 10.2662539385
-46.711 14.326 1.65676244525
-48.0502 13.3506 1.27207739544
-46.7839 13.2295 0.271456000118
-46.7079 13.4901 1.36533021647
-48.0323 13.1583 20.1424428057
-52.1229 20.9444 1.05182801826
-51.1892 20.4601 1.46360430786
-50.3778 21.6782 8.1170139448
-42.6825 19.0959 27.6440755725
-23.158 -0.4742 0.73375860472
-22.7092 -1.0547 2.31023774751
-20.5558 -1.8914 2.83215214281
-17.9578 -0.7638 0.789338761243
-18.395 -0.1066 2.92707564132
-16.7145 -2.5032 2.51102492421
-14.7549 -4.0733 2.92652291465
-11.8403 -3.8094 0.291290662398
-11.5506 -3.779 0.478828205101
-11.1303 -3.5496 0.34558045373
-11.1964 -3.8888 0.510291877262
-10.7172 -4.0642 1.7611890756
-8.9602 -4.1856 0.778086916739
-8.5697 -3.5126 9.34417136241
-13.1656 -11.6484 2.17146072495
-11.7974 -13.3346 0.865477122748
-11.8193 -14.1998 0.381788226639
-11.4865 -14.3869 0.548235578926
-10.964 -14.5529 0.614727459937
-11.5643 -14.4205 0.47512917191
-11.0901 -14.4502 0.678731817436
-10.3021 -14.5907 1.14374951803
-10.5271 -13.4693 7.02196282673
-3.5508 -12.6698 0.698173746284
-3.1641 -13.2511 1.21839138621
-4.255 -12.7085 11.4730003417
-11.801 -4.0663 0.210280574471
-11.9734 -3.9459 1.22017959744
-10.9602 -3.266 12.3418163675
-0.5892 3.4245 8.74583477548
5.7592 -2.5911 0.725729605294
12.564 3.7572 0.800889711508
13.3527 3.618 0.170916821875
13.4937 3.7146 8.17341361794
11.7901 -4.2793 0.593194951091
11.372 -4.7001 1.47103039058
9.9216 -4.4546 0.533743384034
9.6526 -4.9156 0.696316343338
-6.3273 -7.8121 11.0213912429
-7.7795 3.1132 0.811758510889
-8.5317 2.808 8.25937273163
-10.2361 -5.2736 0.670433083909
-9.9637 -5.8862 0.705879486881
-9.5568 -5.3094 1.08309491735
-8.9682 -6.2186 0.406305426988
-8.7399 -6.5547 2.58263540207
-7.9408 -9.0106 0.533738372239
-7.4071 -9.017 0.323074542482
-7.1291 -9.1816 0.985756262978
-6.1437 -9.1551 0.39509353323
-5.7586 -9.2434 0.492980040164
-6.115 -8.9028 0.726890376879
-6.4959 -8.2837 1.50509588067
-7.6334 -9.2693 11.8593161692
-16.7274 -16.8813 22.3377005988
-47.0 -9.16 11.9350849599
-35.462 -6.107 0.580087665789
-35.4219 -5.5283 1.49129954402
-34.2902 -6.4995 26.8418106114
-17.2889 -27.2706 7.13724671354
-10.1885 -26.5463 15.4075236797
-1.893 -13.5626 0.95199656512
-2.2535 -14.4437 11.1446752312
-4.7411 -25.3072 0.655305272373
-4.0861 -25.3272 0.962537838217
-4.3983 -26.2377 1.23232122841
-3.9452 -25.0917 13.0757942856
2.117 -13.5061 0.838468520578
2.6581 -12.8656 0.143971837524
2.5151 -12.8489 1.35487711989
2.2446 -14.1765 11.3438127845
-0.5929 -25.1597 0.809882145747
-0.0151 -24.5922 13.2337034575
6.0205 -12.815 0.576778987135
6.5755 -12.972 7.89344664896
4.3055 -20.532 0.718718978461
4.6254 -19.8884 8.45109858243
9.4076 -12.9205 6.78401087853
7.7194 -19.4911 0.66393633731
7.8599 -18.8422 6.59157342446
11.0313 -13.0637 7.11551790666
11.3165 -20.1735 0.429735372061
10.9605 -20.4142 3.89326984038
11.6496 -24.246 2.50142759639
13.3527 -26.0781 0.494856069984
13.8444 -26.1339 0.408276793365
14.0759 -26.4702 1.06847630297
14.1078 -27.5382 4.47878806152
18.3313 -29.0287 2.51282060243
20.038 -30.873 1.85311917048
21.6595 -31.7701 1.37116852721
22.8803 -32.3944 0.756798923096
22.9697 -33.1459 1.90869009009
24.8528 -32.8344 1.39120512147
26.2265 -32.6144 1.45056349051
27.6465 -32.9106 1.71024256759
29.1457 -32.0876 1.87837444883
31.0133 -32.2885 3.59234361525
34.5876 -32.6481 3.59487971009
38.1594 -32.2414 1.12789682596
38.9816 -31.4693 2.81983787123
40.2327 -28.9422 1.99717683243
40.0796 -26.9509 0.873208709302
40.0835 -26.0777 0.688000944767
40.1998 -25.3996 1.3817188028
40.8136 -24.1617 1.32713490271
41.0128 -22.8496 1.06131982456
40.8427 -23.8972 0.86299165697
40.6349 -23.0596 0.387931501686
40.413 -22.7414 1.03400568664
39.8004 -21.9084 1.2111020147
39.1351 -22.9204 1.04805330494
39.1974 -21.8742 5.59010494088
39.6884 -16.3057 7.93162864738
0.0 0.0 1.813996742
1.5163 0.9957 2.77247364099
-1.2102 1.4985 2.73011791687
-3.813 0.6745 1.33420853692
-2.4841 0.7934 1.01500175369
-3.1075 1.5944 1.48998510395
-7.8675 -8.1153 11.1281552398
-12.1527 -18.3853 12.33075261
0.0025 -16.312 4.02121966075
3.0645 -13.7054 2.18247178447
5.215 -13.3332 0.236065012232
4.9835 -13.3794 0.374877966811
5.3353 -13.5089 0.146460404205
5.4806 -13.4905 6.58008603363
11.382 -10.58 0.394686964568
11.1298 -10.8836 5.5783055931
6.0178 -13.1163 5.6663947621
8.111 -18.3819 0.512173818152
8.1471 -17.871 3.13180371352
7.999 -14.7427 0.843948629953
8.467 -15.445 3.93467041186
10.024 -19.0585 4.54205920261
8.7864 -14.6883 0.67495994696
9.3382 -14.2996 0.401617741142
9.7282 -14.3955 0.538019934575
10.2506 -14.5242 6.25730990442
12.0326 -20.5224 0.575742451101
12.3767 -20.984 0.493241076959
12.2527 -20.5066 5.17668820966
11.2666 -15.4247 1.22513438447
10.0751 -15.7098 14.669555694
-4.4484 -13.6449 1.72440377232
-4.039 -15.32 2.29642731215
-1.7622 -15.0204 0.758959313798
-2.4052 -14.6172 1.24559596981
-1.6966 -15.6416 17.6916886181
10.3844 -28.5662 3.6291042421
13.13 -30.9394 2.42941779034
15.0314 -32.4516 2.91244668621
17.9337 -32.6945 0.428471002519
18.3549 -32.7731 1.14230800137
19.478 -32.9817 0.444010731852
19.9188 -32.9284 1.89903933872
21.7923 -32.618 0.561992775754
22.3481 -32.7012 1.0228796068
23.3494 -32.9102 0.457559657313
23.8004 -32.833 0.796564222144
24.5804 -32.9946 0.868808799449
25.4071 -32.7274 0.269897832522
25.6693 -32.6634 0.198220079709
25.8425 -32.7598 1.54712108447
27.3886 -32.7036 1.91815666722
29.2578 -32.273 1.04861456217
30.3063 -32.2885 0.365507770095
30.6331 -32.1248 0.195462784182
30.7694 -32.2649 0.802337940023
31.5153 -31.9693 4.41314542022
35.7614 -30.7666 4.63017003575
40.053 -29.0286 2.29591500278
40.0447 -26.7327 1.32438722812
40.0599 -25.4084 1.71808706706
39.9553 -23.6935 0.660875797711
39.9194 -24.3534 0.629591335709
39.9807 -23.7268 10.0864010489
39.9761 -13.6404 1.10003277224
40.4094 -14.6515 0.0
40.4094 -14.6515 0.959817508696
40.8736 -13.8114 2.78463401006
0.0 0.0 1.99013918106
1.9786 -0.214 0.0745432089462
2.0371 -0.2602 1.40423485927
0.9176 -1.1079 2.1589003914
-0.8855 0.0794 2.21328962633
-2.5471 1.5415 1.91874333875
-4.1371 2.6155 1.77370904322
-5.6987 3.4566 0.724239690986
-5.6976 3.4547 1.33612708976
-6.1182 2.1865 6.78073363361
-9.2988 -3.802 1.49999237998
-8.4171 -5.0155 0.364957915382
-8.2179 -4.7097 1.17020410613
-8.9225 -3.7754 1.21599664884
-9.6178 -4.773 33.3185729661
-33.9439 -27.5407 17.5048475715
-51.4016 -28.8246 3.86623153988
-51.193 -24.964 1.15277630527
-50.8466 -23.8645 1.6529446482
-50.6567 -22.2225 1.89127176524
-47.7734 -12.3323 4.22288576687
-43.5518 -12.4365 0.51281039381
-43.0425 -12.4964 1.02001369599
-42.891 -11.4877 0.401429097102
-42.6404 -11.8013 6.28278067419
-40.929 -5.7561 1.69673751064
-39.3153 -5.2318 15.2919053532
-36.0 -20.16 8.35303155148
-30.4663 -13.9029 1.41305320848
-30.8824 -12.5525 0.215777014531
-31.052 -12.6859 9.02046649015
-33.6933 -21.311 0.497930517241
-33.3019 -21.0032 0.294008877417
-33.0478 -20.8553 1.16306569032
-33.4404 -19.7605 8.33323311326
