0.0 0.0 8.38738324211
-4.2818 -7.2121 0.76104118154
-3.5566 -7.4429 1.30766133995
-3.4629 -6.1386 0.700796182923
-3.1877 -6.7831 14.0632665203
4.0582 -18.836 0.642451445636
4.2701 -19.4425 1.00171434052
3.843 -18.5364 10.4160758187
-0.7145 -9.1703 0.93562060687
-0.5421 -8.2507 0.811160532817
0.2633 -8.1542 1.48935676048
-0.2251 -9.5612 13.616375636
-4.4446 -22.5073 0.665641645332
-4.6324 -21.8687 8.7288920219
-8.8017 -14.1999 8.92228565615
-10.137 -5.3781 0.433491695422
-10.5558 -5.49 0.871127281171
-10.8751 -4.6795 0.958433748362
-10.8209 -5.6364 6.804441257
-14.2368 -11.5213 1.15535765025
-14.5797 -12.6246 3.14924163887
-11.6214 -13.7045 2.1653896393
-11.0587 -15.7955 0.289920006209
-10.7692 -15.8111 0.158741456463
-10.6638 -15.9298 0.986968089656
-10.2587 -15.0298 1.58002082265
-9.1141 -16.119 1.57881046994
-8.7226 -17.6485 9.53992910089
-5.5516 -26.646 11.4842487543
5.4693 -29.8752 5.09955598557
10.2862 -31.5494 3.19801788613
13.0806 -33.1046 0.643593544094
13.7237 -33.1298 1.7226632985
15.4457 -33.1776 1.94193034376
17.3832 -33.3087 1.26192054029
18.6451 -33.3015 1.36851075991
20.0128 -33.2544 0.732852406696
20.7449 -33.2876 0.104449652943
20.6811 -33.2049 1.90576384948
22.5868 -33.2205 0.436238191817
23.0178 -33.1531 1.92251286082
24.0805 -31.551 0.350564473385
24.4297 -31.5819 0.548554181463
24.921 -31.3379 1.41238922751
26.3192 -31.1382 0.997158863973
27.232 -31.5396 3.01461604355
30.2237 -31.9106 4.74027196794
34.956 -31.6358 1.71146641802
36.6341 -31.2995 1.47785038823
38.0017 -30.7394 1.8320698895
38.8539 -29.1176 0.709656846652
39.5309 -28.9048 2.95756276011
41.0547 -26.37 2.28142704902
40.5234 -24.1513 0.779604188034
40.7799 -23.4151 1.71582203331
39.3473 -24.3594 0.893187337573
39.0524 -23.5163 13.3970130734
43.0561 8.9132 9.89608042055
33.3056 7.222 11.443230768
21.9952 8.9605 22.9273581725
6.8573 -8.2589 19.1213963269
1.1491 -26.5084 2.4933147194
-0.7086 -28.1714 4.89465886145
-5.2122 -30.0885 2.73101649391
-7.9092 -30.5182 2.78018948455
-10.6378 -29.9851 3.50279554784
-13.3866 -32.1562 3.2353122415
-16.6219 -32.1473 1.39703173908
-15.3181 -32.6491 0.651907355381
-15.7517 -33.1359 0.293386366418
-16.0187 -33.0143 11.1519747332
-19.024 -22.2749 2.53997644871
-21.156 -23.6555 2.31599879534
-23.4621 -23.8694 16.5350854379
-38.9833 -29.5704 10.4315823656
-48.635 -25.6128 3.24510721703
-51.0184 -23.4105 0.603143374332
-50.5552 -23.0242 1.00984977596
-50.4016 -22.0261 0.555612544855
-50.9289 -22.2012 0.755194239914
-51.2392 -22.8897 0.311488571219
-51.2185 -22.5789 0.287596418615
-50.7915 -21.3049 12.7229740336
-47.0 -9.16 13.4406459715
-35.0853 -15.3802 0.512857962793
-34.6713 -15.0775 0.621199517064
-35.2685 -14.9065 1.41028662335
-34.3041 -15.9355 19.608402936
-17.9862 -26.8082 0.663424004691
-18.2991 -26.2232 0.547272601178
-18.4382 -26.7525 1.35050997775
-17.0896 -26.6807 2.316020069
-14.7776 -26.5443 2.13097767468
-12.7584 -27.2254 0.791733957842
-12.0255 -27.5249 0.951168796797
-11.0783 -27.6117 0.820673881636
-10.2742 -27.7758 1.16656251011
-9.117 -27.9233 2.67023206669
-6.595 -28.8006 1.06091425667
-5.6615 -29.3047 3.59858383951
-2.5664 -31.1405 3.97579302907
1.3797 -31.6255 10.9905670509
2.1948 -20.6652 0.454657288515
2.407 -21.0673 1.14599273994
3.1314 -21.9553 2.1727839147
3.5427 -24.0888 1.51391000063
5.0057 -24.4781 0.725983829021
4.4063 -24.0685 0.609454321504
4.8279 -24.5086 2.03071996346
6.0565 -26.1255 7.35705193743
12.0376 -30.4095 0.644586953017
12.6629 -30.566 1.65759640745
14.1653 -31.2663 0.486364400424
14.573 -31.0011 1.03880258952
15.5619 -30.683 1.4190531632
16.9801 -30.6338 0.968357563093
17.8447 -30.1977 1.41752504387
19.242 -29.9591 0.553346735781
19.7439 -29.7261 1.31392776438
21.0403 -29.5122 1.07330538525
22.1136 -29.5156 0.865361334935
22.9036 -29.1624 2.22873026856
23.3141 -31.353 1.71687745923
25.0211 -31.5369 3.76303682815
28.5587 -32.8198 3.07071016216
31.6294 -32.8119 2.60849076096
33.6551 -31.1685 3.79040379115
37.421 -30.7382 0.733372272451
38.0118 -30.3037 2.63195958366
40.2103 -28.8567 2.03333139945
40.199 -26.8234 0.390629491974
40.2038 -26.4328 0.316370953155
40.2105 -26.1165 0.645092567001
40.1464 -25.4746 0.967825862436
40.7523 -26.2293 1.142836935
40.1472 -25.2598 15.6806551815
38.6986 -9.6462 1.12119438101
0.0 0.0 3.95112695949
3.9061 -0.5948 0.129617321373
3.8073 -0.5109 3.42109209464
0.3979 -0.2283 1.12958215283
-0.4949 -0.9203 1.84557153478
-1.7059 -2.313 1.31462977678
-2.7507 -1.5151 5.62281056501
-3.3991 4.0702 4.20409498109
-7.016 1.9272 0.212364709874
-7.2034 2.0271 0.8930532123
-7.4434 2.8873 1.15118217933
-8.1359 3.8069 4.73753700777
-12.8038 2.9976 0.897673933007
-12.9481 3.8836 0.22662349834
-13.0295 4.0951 30.9289052545
-38.6113 21.4781 5.24571555939
-43.8495 21.1974 2.13827863947
-45.987 21.2551 2.25369781692
-48.2313 21.0495 2.909866155
-36.0 20.16 7.9149220192
-32.4649 13.0784 1.03725281875
-32.7479 14.0763 0.551956556261
-33.2981 14.1203 1.25971740085
-32.1784 14.6975 10.0096826183
-26.4628 22.9149 15.6475519967
-12.1446 29.2264 2.81386430554
-10.4223 31.4516 2.75155527838
-7.734 30.865 8.8144887685
-14.3217 25.0086 0.472737072801
-13.8752 24.8533 13.2441670308
-1.2897 28.978 4.51916507444
1.1224 32.7996 2.72940612039
3.8423 33.0272 3.10691384657
6.9301 33.3713 0.048042585276
6.9373 33.4188 12.9837604649
-5.3336 29.1758 7.58283288752
-1.717 22.511 7.16486415921
-5.4739 28.6119 3.10787573754
-3.2761 30.8093 6.35130864074
2.8968 32.3041 1.1895390704
4.0564 32.5693 2.13119959882
6.0091 31.7155 0.747216066476
6.7308 31.9091 2.6052252513
9.1603 32.8497 5.2434792352
14.1435 31.2182 0.362173439114
14.4351 31.0034 0.291215401378
14.7256 31.0238 1.78857932449
16.3388 31.7962 0.929986537537
17.2502 31.6112 1.98177014308
19.2161 31.3609 1.35720685601
20.5643 31.2048 1.44189852625
21.9387 30.7688 0.265186424992
22.1787 30.8816 0.860505926766
22.9565 31.2497 2.81018174501
25.3977 32.6417 1.64670174895
27.0444 32.6393 1.89296888775
28.9229 32.8729 0.857638676833
29.7792 32.9208 1.80312309341
31.58 32.8293 4.80640883197
36.2795 31.8212 3.98448653781
39.9391 30.2453 3.5935976806
40.2993 26.6698 0.82426357435
40.2283 25.8486 2.27980044083
40.2069 23.5689 0.651101113499
39.914 24.1504 0.977137912477
39.5091 23.2611 0.836174909932
39.1259 24.0043 0.777730364587
39.4135 23.2817 7.37496733145
39.7668 15.9152 1.16557460937
40.2899 14.8736 5.58687863212
41.1556 9.3542 3.09792197771
0.0 0.0 14.1854633946
8.2644 -11.5294 0.96210822676
8.1014 -12.4776 12.9512997328
0.4433 -22.9222 4.42883150278
-3.1455 -25.5174 3.75150568839
-5.9728 -27.9832 2.44537545992
-8.3103 -28.7015 3.09256868153
-11.1139 -30.0068 2.58281500112
-12.9082 -31.8646 3.53351995183
-16.3129 -32.81 1.47779025914
-17.7323 -32.3987 3.89016327678
-21.6197 -32.2521 1.04933957326
-22.657 -32.0936 1.44280161491
-24.0995 -32.0641 1.10424671609
-22.9954 -32.0821 0.546034449463
-23.4025 -31.7182 1.16204785185
-24.4825 -32.1471 1.10843533866
-25.4712 -32.6482 0.267075307732
-25.4141 -32.9091 1.08218830616
-24.5509 -32.2564 1.14704819428
-24.9729 -33.323 1.00678006536
-25.686 -32.6123 13.3914817253
-26.5466 -19.2485 1.40831125111
-26.4279 -17.8452 0.629930385043
-25.8602 -18.1182 7.57471192984
-30.2431 -11.9403 1.72167555596
-30.8467 -10.3279 8.78983931708
-23.2098 -14.6798 0.718045604401
-23.9216 -14.5853 6.17330195681
-29.7093 -12.4377 2.58138940883
-32.2831 -12.2399 1.63931427432
-33.4491 -11.0876 13.8437069042
-42.3077 -21.7259 5.83522565459
-48.0657 -22.6721 3.14966872226
-49.8616 -20.0846 1.11722972123
-47.0 -9.16 24.9220357686
-41.2722 15.0949 7.7593283092
-33.5663 16.0039 1.27886507498
-32.4411 16.6117 22.1158833215
-13.8961 28.6614 5.60274065525
-8.634 30.5852 6.67069570959
-2.153 32.1647 2.57377382262
0.4133 32.3607 2.57085690189
2.9497 31.9412 4.04707537983
6.0345 29.3215 9.14571778266
-2.7079 26.6355 0.689772288513
-2.4445 27.273 1.50561681712
-2.8535 25.824 18.0332515141
-8.5784 8.7236 1.15152388165
-8.4145 7.5838 1.13906088512
-8.0802 8.6727 13.0679306373
-2.2085 20.3472 8.92060945059
-10.7841 17.8903 0.33634073497
-10.5711 18.1506 0.284387851358
-10.297 18.0748 0.361413571964
-9.9626 18.2119 0.572995610803
-9.5325 18.5905 1.48111277761
-8.053 18.5214 0.805903219996
-7.335 18.1554 0.480887564822
-7.7912 18.0033 1.35730869739
-7.2231 19.236 8.79621761043
-6.1754 27.9696 2.91137715351
-3.6056 29.3379 2.96233925302
-0.6568 29.6208 1.43442173018
0.7021 30.0801 3.30930894599
3.8288 31.1642 3.45700402082
7.1096 30.0746 0.247617325727
7.3511 30.1293 0.172609385608
7.5173 30.1759 0.455592328733
7.8382 30.4993 1.27961909958
8.828 29.6883 0.356656150935
9.176 29.7664 0.258683203939
9.43 29.8154 0.189988552287
9.6177 29.8448 0.134272707577
9.7497 29.8694 0.794436662044
10.1978 30.5254 1.30660831928
11.3825 31.0765 1.703889166
11.668 32.7563 0.186603804892
11.5047 32.8466 0.421232156892
11.7945 32.5409 0.30867110328
12.0029 32.3132 0.232814131873
12.161 32.1423 0.165206083423
12.2669 32.0155 8.40201471375
17.2334 25.2385 1.53948936015
18.3849 24.2167 0.244899203755
18.46 24.4498 1.14302850796
19.5291 24.0454 2.48402138678
21.725 22.8842 1.24335163972
22.8319 22.3179 1.9700837165
24.6212 21.4935 5.27248626361
26.5758 26.3903 0.298965583303
26.8599 26.2972 0.320973223182
27.1764 26.2438 1.24869406982
28.1162 27.066 0.928334514063
29.0441 27.0944 0.882605874669
29.9184 27.2152 0.764244888763
30.6764 27.3127 1.12494164293
31.7853 27.502 0.86098095217
32.6039 27.7688 2.38216755288
34.9567 27.3959 2.1497858591
37.0647 26.9741 1.70524323778
38.7304 26.609 0.528952814531
39.0296 26.1728 1.728752906
40.0615 24.7858 1.42201539373
40.4982 23.4325 0.223010717231
40.4135 23.2262 1.07777340847
41.1631 22.4518 0.469972339612
40.9785 22.0196 4.59579423495
40.6848 17.4332 8.50054168274
41.1869 8.9475 1.1115243767
0.0 0.0 5.77863123586
0.289 -5.7714 0.668009588255
-0.155 -5.2723 2.49098887994
-2.4018 -4.1967 1.85806532985
-3.7169 -5.5093 0.503683640791
-4.1169 -5.8154 1.08494617378
-3.8865 -4.7552 0.734230399806
-3.8007 -5.4844 20.9495336311
-9.2663 -25.7084 3.07613721736
-12.145 -26.7927 3.50791265855
-14.4109 -29.4706 2.96974072437
-17.036 -30.8592 2.65541350829
-19.6857 -30.6851 2.28612782888
-21.97 -30.7765 2.98337960206
-24.4561 -32.4257 1.09536270249
-25.5038 -32.1061 2.70911318331
-28.2006 -31.8481 2.62734814024
-30.8278 -31.8202 2.60051032107
-33.3831 -31.3374 2.64864187462
-36.0304 -31.2531 2.97545446109
-38.9947 -30.9957 2.01510924022
-41.0093 -30.9504 8.10950307232
-49.0175 -29.6726 3.25205812525
-51.82 -23.6622 14.2844545213
-41.6316 -13.6501 3.67113088843
-43.859 -16.5683 0.569574621977
-44.3943 -16.3737 0.55771004115
-44.7275 -13.2489 4.49174815523
-44.906 -8.7607 0.4566123082
-44.4522 -8.7101 0.696625875201
-44.5222 -9.4032 0.975443632405
-45.4974 -9.425 0.223788315155
-45.4538 -9.6445 0.424245141398
-45.0301 -9.666 0.646446486571
-45.5892 -9.9905 0.556346672498
-45.1383 -9.6646 0.952824228281
-45.2103 -8.7145 0.55348121016
-45.0119 -8.1978 0.308575371668
-45.3045 -8.2958 0.391036596753
-45.5826 -8.5707 1.56316156874
-44.3729 -9.5607 0.637364228679
-43.7389 -9.4953 0.69207769795
-44.0812 -8.8938 1.0074145125
-43.3544 -9.5914 22.5431787672
-23.9307 -21.0332 0.329109541035
-23.8142 -20.7254 4.33232522556
-19.4967 -21.0835 0.584661679948
-18.9235 -21.1987 3.17700279666
-15.7706 -20.8081 8.20190840537
-7.5836 -21.3024 4.15915924797
-3.4245 -21.2802 3.91662097349
0.4372 -21.9338 0.877280371375
1.2026 -21.5051 1.82610533376
2.9921 -21.1413 0.531693718225
3.5131 -21.0352 0.412082516009
3.9175 -20.956 0.693035309346
4.597 -20.8197 0.286448407222
4.8507 -20.9527 0.210177662943
5.0403 -21.0434 0.670222477988
5.7027 -21.1455 0.67426643102
6.3066 -20.8456 2.25324046875
8.556 -20.9771 2.04272449439
10.598 -21.0315 2.13712289773
12.7342 -20.9687 2.29902720732
15.0181 -21.232 1.83778589613
16.8541 -21.313 2.57316427964
19.4262 -21.387 0.604074581488
20.0293 -21.3527 2.15147670682
22.1082 -21.9068 2.27014831674
23.2965 -19.9725 0.727491202696
24.0197 -20.0514 0.210706430846
24.2299 -20.066 0.367911837265
24.5973 -20.0854 0.292430538761
24.8894 -20.0993 0.22592478837
25.0409 -20.2669 0.208464865145
25.2381 -20.1993 0.154763432373
25.3847 -20.1497 1.50927266258
26.8418 -20.5431 0.0646413180559
26.8721 -20.486 0.792925425245
26.9789 -19.7003 0.430785074022
27.2456 -20.0386 1.70260402032
28.9482 -20.0423 0.601704246287
29.5498 -20.0311 1.70249785903
31.2508 -20.1025 1.025258543
32.2566 -20.3013 0.318433870686
32.5689 -20.3635 0.493195397383
32.7788 -20.8098 0.470879772341
33.2547 -12.8651 1.32488852361
33.4303 -11.5519 0.922587513464
32.7077 -12.1255 3.38916181083
30.3814 -14.5902 0.301820642104
30.6647 -14.4861 0.228346863346
30.8757 -14.3988 0.591065081019
30.7709 -14.9805 11.0719028401
39.178 -22.1852 1.06180545299
40.1699 -21.8063 0.251103026664
40.3827 -21.673 0.172952941577
40.5353 -21.5916 0.25682593327
40.6463 -21.36 0.901402601505
41.1156 -20.5904 0.803536906433
40.3306 -20.4188 0.1430141951
40.3551 -20.2779 0.670794581075
40.5047 -20.9318 1.43010113279
40.7252 -19.5188 11.8930548342
39.9117 -7.6536 1.02740467198
43.1004 -2.7876 0.800335335969
43.1347 -1.988 0.887976869068
43.4591 -2.8146 1.43393312257
42.0597 -2.5018 0.517202571533
42.3782 -2.0943 19.1585738438
36.0 -20.16 18.3612199347
19.0193 -27.145 0.687424504946
18.938 -27.8276 6.77689977645
13.9387 -32.4029 5.16357384183
8.7796 -32.188 4.63225458713
4.158 -31.874 5.12407708471
-0.9659 -31.9166 5.34469889984
-6.3062 -31.6998 3.54706651333
-9.8463 -31.922 2.25796492665
-12.0943 -31.7101 2.27729438808
-14.3626 -31.9123 2.90161008063
-16.5121 -29.9632 1.9074651504
-17.6364 -31.5041 2.59188659088
-19.9625 -32.6474 1.92700298391
-21.808 -32.0929 2.90341061857
-24.6431 -32.719 10.8981413773
-23.6879 -21.8628 3.12785630904
-25.2229 -24.5881 4.33043307996
-25.57 -20.2716 0.9994854126
-26.4622 -19.8211 7.03349197199
-31.7246 -24.4877 2.67658105986
-34.0985 -25.7241 9.91886930905
-42.7466 -30.5815 0.3937000127
-42.9829 -30.8964 6.55191772308
-49.0073 -28.3207 3.81535601615
-51.247 -25.2319 0.706071136643
-51.4083 -24.5445 1.07092413363
-51.2496 -23.4854 1.21666581279
-51.4373 -22.2833 1.01109554939
-51.4234 -23.2943 1.19386622785
-52.201 -22.3884 0.711200801462
-51.9507 -21.7227 1.5854181562
-51.2035 -20.3244 8.19396518726
-46.2945 -13.7637 1.0013683538
-46.5082 -12.7854 20.821818374
-50.5728 -21.1342 0.420519975744
-50.2995 -21.4538 8.43247209127
-42.5961 -18.0239 8.58493240334
-38.2387 -10.627 1.11053940497
-37.1303 -10.5581 6.07752972926
-38.5603 -16.465 0.679775440863
-37.8895 -16.3549 0.105993396021
-37.8119 -16.2827 5.7894170216
-36.088 -10.7559 0.917717603623
-35.5012 -11.4615 1.2084202663
-34.9637 -10.3792 0.932527238208
-35.0481 -11.3079 5.38011472368
-32.6619 -16.1299 15.0162436315
-20.0143 -24.2247 0.760026216653
-19.3119 -24.515 0.46060183456
-18.8513 -24.5163 2.15506194807
-16.7153 -24.2303 0.678937346152
-16.0639 -24.4217 0.42655800309
-15.6641 -24.5704 2.81779120057
-14.312 -27.0426 0.72913818992
-13.8055 -26.5181 0.304512150825
-13.5401 -26.6674 0.385161277908
-13.3881 -27.0213 0.434451424212
-13.2029 -26.6283 0.442892729676
-12.9198 -26.9689 1.1244780567
-12.0785 -26.2228 0.970887660855
-11.1147 -26.3399 1.1931578479
-10.2474 -27.1593 0.798122027011
-9.712 -27.7512 2.90648212965
-6.8411 -28.2046 0.955000753926
-6.8399 -29.1596 1.1973881785
-7.3273 -28.0659 12.1698782989
-11.8482 -16.7669 0.934486131518
-11.3409 -17.5517 0.345193641309
-11.478 -17.2349 10.6071725064
-11.2787 -6.6296 10.5746048342
-3.0413 0.0012 1.23297534444
-2.6487 1.17 13.1450579782
-5.4154 14.0206 0.785563625685
-6.1868 13.8721 0.846960919996
-5.7366 14.5895 1.40074383811
-4.8155 15.6448 2.8972428445
-4.9666 18.5381 0.423903585736
-4.6178 18.779 1.31247820934
-4.0722 19.9727 0.651415643042
-4.3367 20.568 1.1786392493
-3.1625 20.4658 0.537238587594
-3.3638 20.9639 0.572041432066
-3.8222 20.6217 1.06628831467
-3.1621 21.4591 2.75061785786
-1.3597 23.5369 1.33029140417
-2.4976 24.226 1.09888682311
-1.5336 24.7535 18.8517137187
16.2982 30.8702 0.884841709008
17.1101 31.222 0.651740024857
17.6316 31.6129 0.629008950652
18.2317 31.8014 3.90339673874
22.0434 32.6425 7.92516714524
29.9672 32.7897 3.42706407877
33.3596 33.2759 4.02937475299
37.3293 32.585 1.10399845109
38.289 32.0393 1.83799292708
39.9088 31.1707 2.27667410931
40.8204 29.0845 1.4604686645
40.327 27.7099 0.840213710909
40.1668 26.8851 0.769439178883
40.1956 26.1162 2.01017415415
40.4183 24.1184 0.280071419463
40.4523 23.8404 1.42570342288
41.1698 22.6084 1.15776295069
41.893 23.5125 0.906603551725
41.45 22.7215 8.10812398832
40.1394 14.72 5.49175770132
39.3901 9.2796 0.925424929424
39.2804 10.1985 0.214414645022
47.0 9.16 20.3324689364
38.7053 27.7236 0.838242047382
37.9786 28.1414 19.8279157483
18.202 29.567 6.59540087182
12.3899 26.4495 1.11964083527
11.3213 26.1153 5.89397151758
5.436 26.4349 2.97673678044
2.4915 26.8718 4.24435967491
-1.7521 26.9521 1.79860147059
-3.5415 27.1338 2.57551940393
-6.1169 27.1586 2.77613955881
-8.8926 27.1092 3.91242361842
-9.8495 23.3156 2.14542883592
-11.7715 22.3623 1.00087140033
-12.4735 21.6489 2.41489594393
-14.8594 22.022 3.31654320792
-18.1453 22.4718 2.94788744018
-20.7883 21.1662 1.89136416377
-22.5627 20.5114 2.76862915538
-23.4773 17.8982 4.75345110841
-25.2293 13.4794 22.7866145807
-35.1356 34.0 10.9358325723
-45.9487 32.3662 3.3087527227
-48.1364 29.8839 2.30928713892
-50.3154 30.6486 0.340346661509
-50.2275 30.9774 1.59437215543
-49.2994 29.681 1.8352291628
-50.4462 28.2482 0.792884518704
-50.4857 29.0401 1.57180307291
-52.0536 29.1508 0.431426992665
-51.9766 28.7263 1.49083103
-47.7456 19.7656 0.533712216461
-47.2348 19.9203 11.2373567679
-36.0 20.16 8.09437090391
-31.7273 13.2852 1.15137985478
-30.7992 12.6038 0.0547329882247
-30.8539 12.6057 8.74632154451
-35.4089 20.0723 1.65611505035
-34.103 19.0538 0.55483699408
-33.7227 19.4578 9.94153158472
-27.8983 11.4011 0.749479139136
-27.5926 10.7168 15.409071766
-18.7741 -1.9194 0.540019703344
-18.6769 -2.4506 16.2158011769
-12.7035 -17.5261 0.508879170334
-12.1955 -17.4962 0.49828627314
-11.7035 -17.4173 3.07751870344
-8.8891 -16.1722 1.31356718138
-10.1666 -15.8665 0.127044086836
-10.2514 -15.7719 1.04830307164
-9.7711 -16.7037 0.937545716219
-8.9082 -17.0703 0.998756251545
-9.8904 -16.8892 1.26833942224
-9.4696 -15.6927 11.9898919115
-16.0738 -5.6856 2.5191724931
-13.6727 -6.4478 11.7392585464
-7.4718 -16.4157 0.201899975235
-7.6732 -16.4015 5.54116985573
-13.1988 -15.9864 0.530212485707
-12.9236 -15.5332 0.350492453556
-12.6716 -15.2896 0.795010402448
-12.0293 -14.8211 1.74563752538
-10.3474 -15.2885 0.214826278653
-10.1671 -15.4053 1.71837525878
-8.5239 -14.9026 1.68496255745
-7.9688 -16.4935 11.6249222901
-5.0495 -27.7459 0.501867313142
-4.8269 -28.1957 12.474344804
7.4929 -30.1532 2.5432310827
9.4726 -31.7497 0.458366719996
9.8884 -31.9426 0.730754377339
10.5698 -32.2066 2.27677883203
12.7847 -32.7338 8.21686184684
16.5816 -25.4468 1.59084546704
17.8035 -24.4281 2.40145652678
20.2047 -24.393 1.72083190347
21.7785 -23.697 0.885633135107
22.3942 -23.0604 0.656741836645
23.0172 -22.8526 0.305791988123
23.2887 -22.7119 0.377348075389
23.6576 -22.7913 0.149207841617
23.8063 -22.779 0.11290814851
23.9172 -22.8002 0.290261003237
24.2065 -22.7766 5.55692114034
27.5435 -27.22 0.592135297039
28.114 -27.3786 0.867561190925
28.9429 -27.6347 1.99821805617
30.3681 -29.0353 0.904484986056
31.2716 -28.9931 1.16482809891
32.4197 -29.1898 1.11030295415
33.5238 -29.0726 3.50284281263
36.8249 -27.901 0.572309933515
37.397 -27.8855 2.410727832
39.6728 -28.6807 0.85508837555
40.1086 -27.945 0.496138700365
40.0671 -27.4506 0.391838767863
40.0192 -27.0617 0.860987833828
40.1271 -26.2075 0.569975876683
40.2306 -25.647 0.400274318437
40.3194 -25.2567 0.979851136653
39.5613 -24.6359 12.2186859236
38.6062 -12.4546 9.86228454518
42.6244 9.9155 8.42783929842
34.4126 8.0195 0.233903612627
34.3717 7.7892 1.57984420751
33.6091 9.1728 0.271000461254
33.8694 9.0974 4.08942126101
30.0077 7.7518 1.14049576062
29.747 8.8621 21.7567295063
15.7786 25.5426 0.666827001553
15.1214 25.6555 0.840152605186
14.2852 25.7369 3.31555559447
10.9775 25.965 4.53042555286
6.452 25.7538 15.421505278
-3.1882 13.7168 2.82187328029
-3.9323 16.4388 8.65884331363
-5.3786 24.976 3.56862671206
-8.8992 25.5595 5.30887369223
-11.3864 30.2497 3.48070198236
-14.4362 31.9272 2.44444488586
-16.8724 32.1278 0.847510247726
-16.9915 31.2887 14.5120926437
-17.9842 16.8106 0.521437292491
-17.464 16.8465 0.311905835149
-17.729 17.011 0.0720347138538
-17.7748 16.9554 0.057205681536
-17.7928 17.0097 0.0545206382941
-17.8095 17.0616 0.0326724654717
-17.817 17.0934 1.33498076765
-16.4852 17.0013 0.468828166816
-13.6829 -0.4388 10.7235233058
0.0 0.0 2.04086178366
1.7159 1.1049 1.99461843218
-0.2503 1.4404 2.88714436944
-3.1153 1.7973 4.2048831803
-6.6233 4.1157 3.05256619912
-9.0439 5.9755 0.657203682278
-9.2337 5.3463 1.52130084139
-9.1597 6.8658 17.9671553656
-11.901 24.6226 2.67528003955
-14.0415 26.2274 5.12630535279
-17.3774 30.1198 1.53299571102
-18.3453 31.3086 3.07805292352
-21.0897 32.7024 2.26573372663
-23.1013 31.6598 2.83911180829
-25.7298 32.7329 1.46599544679
-27.1919 32.8397 2.28650577301
-29.4735 32.9894 2.81369039164
-32.1106 32.0083 2.39685224409
-34.3108 31.0575 2.75741242835
-37.0681 31.0326 9.67199822167
-46.7049 30.2082 3.0546690901
-49.0871 28.2961 0.714760295484
-49.6689 27.8809 1.502070987
-50.8918 27.0087 1.5276330744
-51.4818 25.5996 1.28942935053
-51.276 24.3267 0.909071889346
-51.8441 25.0364 0.492662846174
-49.4312 21.4617 6.91748581495
-42.7102 19.8247 0.438381215382
-42.4149 19.5007 8.11340471072
-40.8185 11.5459 0.921371955293
-39.9357 11.2821 1.20796430411
-39.3797 10.2097 0.903975928883
-39.2869 11.1089 7.51429952091
-37.7369 18.4616 0.859302094726
-38.1966 17.7356 1.13604422889
-37.3551 18.4988 20.1874446696
-18.8301 26.5211 6.93445066101
-12.3275 28.93 4.99229812511
-7.8431 31.1239 2.84840328781
-5.1816 32.1387 3.149324653
-2.1212 32.8818 2.51278265674
0.3896 32.9816 1.47761061176
1.8672 32.976 3.27840486212
4.8134 31.538 1.15394763313
5.9451 31.7635 1.96921956622
7.5334 32.9276 2.19424531901
8.937 31.241 0.590594022997
9.5259 31.1963 0.199614278046
9.709 31.2758 0.199157525592
9.7786 31.0892 2.74364203387
11.7621 32.9848 0.229249231187
11.9901 32.9609 1.08223480354
11.5577 31.9688 2.51713504604
13.8549 30.9398 0.239857645282
14.0886 30.9938 0.285466372801
14.3718 30.9579 1.24480118895
14.8812 32.0937 1.16514288394
15.8637 32.72 2.61047275795
18.4356 32.2729 0.236830783472
18.6237 32.129 1.00611095313
18.2979 33.0809 0.122740417141
18.3179 33.202 0.102889698221
18.3674 33.1118 2.40402120623
20.771 33.1568 1.68161456939
20.0776 31.6248 0.351860426874
20.4036 31.4924 0.253227032522
20.6313 31.3816 0.594721262441
21.167 31.6399 1.63058309203
20.8901 33.2468 1.5239717353
21.6213 31.9097 0.517130863515
21.7401 32.413 0.890104291642
22.4923 32.8889 0.434290697575
22.7383 32.531 0.376433925145
22.4918 32.8155 3.99974005655
26.4592 33.3231 2.24222418594
28.6933 33.5138 2.92472807967
31.2886 32.1653 3.29960703266
34.5775 32.4309 5.22722859362
39.7966 32.1395 1.84689116626
39.5423 30.3102 1.98138938122
40.6405 28.661 0.479115069686
40.651 28.182 0.368269860293
40.6748 27.8145 0.564783303578
40.6845 27.2498 2.37716609643
40.2777 24.9077 0.333112353418
40.3049 24.5757 0.258378811051
40.3169 24.3176 1.01660601021
40.5576 23.3299 2.17580978948
41.1994 21.2509 7.12261816048
41.7752 11.5684 1.75041994961
42.5214 9.985 0.717993454009
41.8152 10.1146 8.67805753035
34.4189 14.6537 23.3093403478
14.4761 26.7206 4.59260710708
10.6113 29.2016 3.87726549259
6.7466 28.8897 2.79851026977
3.9528 28.7274 2.75738669395
1.2041 28.5087 3.3112469932
-2.107 28.4775 4.02485757388
-5.7763 30.1315 1.40835311623
-6.9998 30.829 1.73499653314
-8.5717 31.5634 1.77939630493
-10.1542 32.377 1.53426168889
-11.6684 32.1297 0.524658793884
-12.1927 32.1103 0.804326084371
-12.9948 32.0505 1.95169234512
-14.9463 32.0779 3.08176371904
-26.5948 33.2351 0.93519072921
-26.1279 32.4248 2.2057965908
-24.1743 33.449 1.0964803783
-23.4892 32.5929 1.25508312075
-23.7172 33.8271 0.913851218744
-23.1421 33.1169 0.436245893963
-23.0999 32.6827 0.829965698086
-22.2758 32.7812 1.48395723995
-20.8436 33.1697 0.213570409935
-20.67 33.2941 2.88862249524
-17.7814 33.2827 1.46409674544
-17.1312 31.9709 0.754853654691
-16.431 31.6889 0.681674071679
-15.8337 31.3604 0.319854107368
-15.5404 31.2328 2.22365721279
-13.8672 32.6974 1.03949511302
-12.8447 32.8846 0.929700435624
-12.0248 33.3229 0.889612752831
-11.1357 33.3531 0.382423064158
-10.9029 33.0497 0.689979572161
-10.5163 32.4782 0.536219889598
-9.9814 32.4406 10.0187987873
-11.6581 22.5631 1.89609671958
-9.954 23.3945 1.59594783123
-8.7008 22.4063 2.92137931293
-6.2186 20.8658 0.92696332182
-5.6504 20.1334 0.485960872911
-5.913 20.5423 2.89002694797
-8.3704 22.0633 1.18684698256
-9.2164 21.2309 1.36266343974
-8.0791 21.9815 0.716812346434
-8.4366 21.3602 7.03120773765
-3.9126 15.9777 17.8746019103
-0.125 -1.491 18.4561513163
5.0321 -19.212 0.723744381671
5.7408 -19.0652 10.9653359638
4.8712 -8.1344 0.927686196944
5.1654 -7.2546 1.259669798
5.551 -8.4538 12.1865602973
8.4862 -20.2816 0.467779103851
8.7914 -20.6361 2.02763466384
10.6082 -21.5364 0.66978386066
11.1583 -21.1543 0.287497565207
11.4005 -20.9994 0.799311829013
12.0567 -20.543 0.995361527285
12.9396 -20.0834 3.57240094334
14.1461 -16.7209 3.54357379491
13.9271 -20.2577 1.24598655691
14.9452 -20.976 1.1063205051
14.4597 -19.9819 12.6281733042
10.0893 -8.1341 0.269184193444
9.8395 -8.2344 0.473894344765
10.3116 -8.1932 0.399428241365
10.6472 -7.9766 1.08788084825
11.7317 -8.0623 0.463775894156
12.0835 -8.3645 0.552820196809
12.4979 -7.9986 1.26435656759
12.3967 -6.7383 0.644935849523
11.7542 -6.6823 19.4976107062
-4.1923 4.5367 11.7300163086
-5.7717 16.1599 0.743788814113
-6.5123 16.0911 1.13215646004
-5.5563 16.6976 25.2061200493
17.1324 27.6781 0.978825137601
18.0868 27.8954 6.89459764526
24.813 29.4099 5.06929418065
29.6773 30.8369 6.87820960498
36.4629 31.9618 4.16743187347
40.331 30.4109 0.905409437768
40.2805 29.5069 0.752785155273
40.242 28.7551 2.55962920166
39.9678 26.2102 13.2122524847
38.9684 13.0358 5.78168096145
41.7827 7.9853 1.44215061627
0.0 0.0 1.97645708529
1.8994 0.5465 0.190895259239
1.8034 0.7115 0.713832760526
1.0909 0.7551 1.10729573737
-0.014 0.8279 1.81883492929
-1.8307 0.916 1.82028413716
-3.3482 1.9213 3.03524534923
-5.4655 4.0961 3.38142343548
-7.9541 6.3854 1.45841667571
-9.0909 7.299 18.2781130153
-12.7427 25.2086 2.52303155945
-14.1735 27.2867 2.43247591561
-15.6757 29.1999 1.80605603457
-17.0865 30.3275 1.92943897545
-18.5689 31.5625 2.58776167566
-21.0046 32.4365 1.46286913974
-22.406 32.0169 1.21732633258
-23.6182 32.1285 2.53352246684
-26.151 32.189 2.02937545565
-28.1803 32.1715 1.70540075056
-29.8857 32.1699 2.66835068535
-32.1614 30.7766 2.73799874543
-34.7162 29.7919 2.7506293189
-37.3308 28.9376 5.23247092682
-38.654 34.0 12.8160824358
-48.3042 25.5664 1.67366509493
-49.7149 24.6658 1.30710967023
-50.6244 23.727 1.94091167238
-51.3968 21.9464 1.13458909302
-51.2747 20.8184 9.23864253773
-45.871 13.3249 1.21115498595
-47.0544 13.0671 1.01517025666
-48.3761 15.0968 0.14391389787
-48.3226 14.9632 8.61643620588
-39.7066 15.0499 1.188740409
-39.2156 13.9673 7.95180014148
-39.2141 6.0155 0.524402755523
-38.7452 6.2503 1.47656328005
-38.1026 4.9209 1.20507391475
-37.5851 6.0092 19.8631655798
-22.4173 18.8343 8.12423604408
-15.4106 22.9464 0.506476396291
-14.9053 22.9119 0.946391192901
-13.9655 22.8004 1.62711581026
-12.3386 22.8269 0.982300732973
-11.3698 22.9892 2.82727977392
-8.8552 24.2816 3.92350555626
-4.9364 24.0895 3.34554574621
-1.6111 23.722 0.981050834565
-0.6326 23.6513 0.740547722973
0.0361 23.9695 1.95887928163
1.0713 25.6325 2.5232428916
2.5883 27.6488 1.35654603313
3.5928 28.5605 2.42896160941
5.5949 29.9358 3.36802193876
7.3996 32.7795 0.239831941159
7.6276 32.8539 0.2717208126
7.8808 32.9525 0.0972347674446
7.7932 32.9103 1.80206314262
9.0691 31.6377 2.3721911917
10.8098 33.2493 0.245733697323
11.0474 33.312 0.190181807752
11.231 33.3616 2.09880604392
13.3219 33.5436 0.978622342888
14.2734 33.3148 0.950106546657
15.2125 33.1706 0.781833844241
15.8845 32.771 1.35561877384
17.2396 32.7335 1.1867445555
18.4226 32.8277 1.84252723182
20.246 32.5629 3.27036806797
23.5163 32.584 2.57651873659
26.0919 32.6528 0.674182423384
26.7656 32.6273 3.14377099675
29.9058 32.7771 1.77669329092
31.6642 32.5228 1.7519355753
33.3387 32.0077 3.07172310113
36.4103 31.9802 1.63344132432
37.9519 31.4402 3.41946972059
40.4265 29.0803 0.56850057168
40.4114 28.512 2.59431780821
41.5034 26.1587 1.83770277521
40.1591 24.9057 0.558414048892
40.2947 24.364 0.36160865587
40.1006 24.0589 0.95487014824
39.61 24.8781 1.29227701752
39.775 23.5964 5.98873302544
40.3829 17.6386 0.694542878446
40.8659 17.1395 1.20369535182
40.6024 18.314 3.17939365603
40.8055 21.4869 0.324132642602
40.5081 21.358 5.12009693756
40.8613 16.2501 9.81461275293
0.0 0.0 4.0031144875
3.9904 -0.3188 0.249966977819
3.8986 -0.0863 1.62786562713
2.2711 -0.1208 1.08886234667
1.2346 0.2128 2.91716004532
-1.2511 1.7396 1.48742225343
-2.4647 2.5996 3.04038609719
-4.8188 4.5237 1.2313793932
-5.7108 5.3726 0.797523121922
-10.6548 16.1357 0.541314852928
-10.2757 16.5221 0.319755938178
-9.9576 16.5546 2.75430915113
-7.2863 17.2257 1.99915255296
-5.9621 15.728 0.441874416548
-5.5691 15.526 11.0194777099
-7.0105 4.6012 12.4637706245
2.3552 -3.6225 1.83570233426
2.9067 -5.3734 16.4894176007
5.4532 -21.665 0.818279805446
6.0282 -22.2472 5.14489048669
8.3076 -26.8596 3.42031245649
10.7013 -29.3027 0.481117085542
11.0647 -29.618 0.422404640126
11.1269 -30.0358 0.706251520352
11.3605 -30.7023 1.7354309897
12.2559 -32.1889 2.94036505557
15.0624 -33.066 0.417388284455
15.4777 -33.1077 0.833034363037
16.3104 -33.0841 2.83720976489
19.1337 -32.8035 3.54113390456
22.6559 -33.1692 3.94928346412
26.5921 -33.4904 0.8018932722
27.393 -33.5303 0.568026548675
27.956 -33.4549 0.480796693
28.4115 -33.301 1.7146064738
30.1215 -33.4266 3.38943509305
33.2719 -32.1763 5.03813975987
38.2409 -31.3445 0.796963662911
38.4457 -30.5743 0.407588738804
38.7534 -30.307 0.327574510608
39.0093 -30.1025 0.806719108488
39.5089 -29.4691 2.6267019416
39.9667 -26.8826 1.8870088606
40.0767 -24.9988 0.379623207931
40.2104 -24.6435 0.269367574144
40.2496 -24.377 0.72890989841
40.0804 -25.086 0.704036504735
40.4742 -24.5024 0.32922218941
40.7717 -24.3614 7.79050637892
39.7697 -16.6356 6.86105960111
40.183 -9.787 0.655382102288
39.5543 -9.6019 1.26928705973
40.2143 -8.5177 1.07190041515
40.8198 -9.4022 0.828743012037
40.7341 -10.2265 0.779962524741
40.0816 -9.7992 0.552683173256
39.5326 -9.7355 0.0645972909649
39.4826 -9.6946 0.0992649988667
39.4003 -9.7501 0.253420618735
39.6102 -9.8921 1.39429018859
40.7854 -10.6424 0.459673797382
40.7274 -10.1864 11.5644921397
38.3401 1.129 0.881226111733
39.1616 1.4479 0.626118399346
38.8661 1.9999 0.641906410624
38.2641 2.2227 0.832596060524
37.6285 1.6849 1.3775937028
38.9256 1.2209 0.432555210349
39.0561 0.8085 0.342666207847
43.889 0.1879 3.90081310626
39.9907 0.3279 0.906982144256
40.0701 1.2314 1.24436242309
39.3823 0.1944 27.4997612726
20.0649 -19.3779 0.736131245092
19.3438 -19.2299 4.00025275826
15.3551 -19.5337 5.7789384501
9.5831 -19.8168 4.42065344717
5.1628 -19.7609 2.75110609028
2.4142 -19.8783 3.61083418617
-1.1954 -19.7839 3.48412345648
-4.6653 -20.0984 3.5729226384
-8.2376 -20.0317 2.44809853151
-10.6795 -20.2058 6.09115292371
-13.5832 -14.8513 1.27038212361
-14.8375 -14.6498 1.30505462338
-13.5344 -14.7212 0.808426830332
-13.9581 -15.4097 8.52749514981
-14.3453 -23.9284 2.66044773112
-16.7166 -25.1346 1.98606878531
-18.3315 -26.2907 2.59047612998
-20.5438 -27.6384 1.01770418099
-21.3706 -28.2318 2.56244915657
-23.4984 -29.6596 2.82088358675
-26.257 -30.2491 1.82826701004
-28.0795 -30.3942 1.86060174406
-29.8776 -30.8724 2.6347997514
-32.4358 -31.5031 3.11607423853
-35.5173 -31.0402 7.46184293121
-42.965 -30.581 7.17494273845
-49.9821 -29.0843 2.84118761964
-51.3143 -26.5748 0.563505359336
-51.5845 -27.0693 0.859225145116
-51.3301 -26.2486 1.69432991475
-50.9182 -24.6051 0.958491152802
-50.7909 -23.6551 0.977694742749
-50.6608 -22.6861 2.15218042459
-51.4345 -20.6778 1.59701512203
-50.3984 -19.4625 7.51282915885
-47.3745 -12.5851 4.77827762379
-44.9117 -0.1663 27.4269109017
-25.8737 19.5768 0.909309325807
-25.1108 19.082 17.8581208827
-15.2269 4.2085 0.449272856959
-14.778 4.1902 2.59496722908
-12.1904 4.3856 0.507605141818
-11.6837 4.4159 2.97216453279
-8.8117 3.6508 1.11430771782
-9.353 4.6248 15.002599923
-10.9829 19.5386 0.476553680082
-10.5108 19.6036 1.36544630433
-9.1753 19.888 4.12343316788
-5.6356 22.003 4.63149702148
-2.5761 25.4801 6.04227803399
2.5367 28.7001 4.48229805457
5.8891 31.6754 0.550043852797
6.4373 31.7204 0.285176454147
6.7092 31.8064 1.84236936579
8.551 31.7606 0.24079875415
8.7462 31.9016 0.188850946516
8.9134 31.9894 2.27283118599
10.6858 33.4122 4.40767343845
15.0923 33.3105 1.41275439125
16.5039 33.3676 3.06167240736
19.4856 32.6724 2.06678324214
21.5052 32.2333 2.83385229326
24.1281 31.1604 1.14499712227
25.261 31.3264 1.35999972426
26.6011 31.5582 1.25165005093
27.8403 31.7343 1.93687230348
29.6817 32.3349 4.31803645191
33.8051 31.0531 3.74427131496
37.4359 30.1383 3.1479666469
39.9884 28.2959 1.98460937466
39.9945 26.3113 1.14235688382
40.689 25.4043 0.423094752981
40.5171 25.0177 0.30667815377
40.4021 24.7334 1.31968608389
40.2841 23.419 2.18039359062
39.9427 21.2655 1.05576379934
40.1314 10.422 4.26438402117
38.1966 14.2222 0.609147289249
38.8037 14.1723 0.562297688062
38.4699 14.6248 0.812688292028
38.57 13.8183 6.58117083808
41.5864 19.6675 0.713744001726
41.9525 20.2802 1.07365510756
42.0673 19.2127 10.7043877476
41.447 8.5263 0.738807742244
41.1732 9.2125 0.492815431982
40.7813 9.5113 0.0765800235048
40.7326 9.5704 1.42232183419
41.1998 8.227 0.600915343455
41.4253 7.67 1.04732570388
41.6465 8.6937 0.233787980872
41.4464 8.5728 4.44121235363
42.489 4.2557 0.302253618671
42.6916 4.0314 0.568333080156
42.4136 4.5271 0.0
42.4136 4.5271 1.00919336601
42.7594 5.4752 0.355932367171
42.4102 5.5441 0.843233093516
42.0371 4.7879 1.44640701395
0.0 0.0 2.23496347397
1.7963 1.3298 1.95459647242
-0.1238 0.9642 2.81232428607
-2.8621 0.3232 3.20481008018
-3.7144 3.4126 3.2771695867
-6.0381 5.7235 1.71371905515
-7.4211 6.7355 1.7316232991
-8.5313 8.0644 1.60833113817
-8.6977 6.4647 5.19083097875
-9.7689 11.5438 2.03876823842
-11.7486 11.0566 1.94898349146
-13.1494 9.7015 0.212024644794
-13.2447 9.8909 16.7524865441
-18.0017 25.9538 3.26069850799
-19.9141 28.5948 2.66020144538
-21.9108 30.3526 2.88477198059
-24.6445 31.2739 2.48957334497
-26.9707 32.1609 1.05734225301
-27.9407 32.5817 3.04523217177
-30.9684 32.2554 0.885892826475
-30.4803 32.9947 0.817017074485
-31.2406 32.6956 1.84033869165
-32.9539 32.0237 3.4752345892
-36.4271 31.9048 10.6136311152
-47.0407 31.9305 2.8247678294
-48.8955 29.8 1.75085227532
-50.4068 28.916 1.96429435931
-51.2496 27.1417 1.88914078088
-51.2988 25.2532 2.21399795167
-51.3746 23.0405 0.956251708495
-50.5939 23.5927 0.949841549944
-45.02 13.2982 1.10393968132
0.0 0.0 7.44586072929
-2.149 -7.129 1.03414912851
-1.4329 -7.8751 13.3182719818
3.5418 -20.2294 0.425059454665
3.1941 -19.9849 9.2662199758
2.6133 -10.7369 13.0459639295
-6.5321 -20.0406 0.759117968434
-6.3718 -20.7826 1.36631501858
-6.5635 -19.4298 17.0084105222
-12.0055 -3.3155 0.392794513709
-12.3392 -3.5227 1.3170048785
-11.1328 -2.9944 0.585959222131
-11.4342 -3.4969 1.83572978948
-10.5661 -1.8794 7.87920902439
-2.7019 -1.3933 0.25706063487
-2.5175 -1.5724 1.53203897144
-1.0029 -1.3419 13.1629872909
-13.427 3.0062 0.37414737738
-13.2505 2.6763 7.83387782455
-5.5736 1.1159 0.469352937564
-5.8683 1.4812 0.212065296548
-5.8863 1.2699 9.84318340833
-14.9258 -2.6257 0.39387015627
-14.5337 -2.5884 2.33904343696
-12.4105 -3.5698 0.97275309303
-11.8972 -4.3961 1.6380577676
-12.4366 -2.8494 9.07876364545
-15.1943 5.8004 6.78320381088
-8.4706 6.6969 0.242310730262
-8.4338 6.4574 1.08313707812
-7.5315 7.0566 0.942850168372
-8.3477 7.5286 5.12505751773
-13.4293 8.1946 2.63483598161
-10.835 8.655 1.70358988609
-9.1315 8.6375 13.7201009479
-0.0554 -1.6516 1.17148017482
-1.1556 -2.054 11.2072871767
-12.3211 -3.0209 2.97948582477
-9.3818 -3.5086 1.39893588488
-8.0262 -3.8541 7.09911592524
-2.0576 -7.6977 0.952707058859
-1.6819 -6.8222 0.813977518117
-1.2977 -7.5398 8.93227586061
7.0269 -4.3015 0.49304963239
7.3882 -4.637 2.66443807397
10.0174 -5.0689 0.371947859249
10.3219 -5.2825 0.365468603303
10.6872 -5.2936 39.7512690919
42.6281 -28.9567 3.46126582192
41.2491 -25.782 0.618202693297
40.9647 -25.2331 1.14557913738
40.3731 -24.2521 1.29927321222
40.2703 -22.9569 0.440310129341
40.1904 -22.5239 1.50057530301
39.3572 -23.7719 0.704510283814
39.6179 -23.1174 0.55061286763
39.8197 -22.6051 0.648676344566
39.6439 -23.2295 0.708751670192
39.4076 -22.5613 1.50585458129
40.5237 -21.5504 0.379437504736
40.6836 -21.2063 1.46647128168
40.5095 -19.7502 12.1405356727
41.3826 -7.6411 1.03349104012
0.0 0.0 2.02053198193
2.013 0.1743 2.07013956293
0.582 -1.3216 1.35382452334
0.232 -0.0138 5.48879461449
-0.6626 5.4016 3.27149455907
-3.9338 5.4455 1.66696748019
-5.5371 4.9892 2.25135809013
-7.4286 6.2102 1.7869666505
-9.1461 6.7036 1.54132717487
-10.655 7.0181 0.78700610544
-10.6581 6.2311 1.46156871888
-9.3927 6.9625 0.0
-28.2276 1.1823 16.1605451987
-27.462 17.3247 0.826326890522
-28.1758 17.741 1.37785945582
-26.798 17.7282 10.0576708685
-16.7423 17.5291 13.8508492454
-7.8032 28.1092 3.42788497619
-4.8422 29.8363 6.69400936958
1.059 32.9963 4.27696823696
5.0863 31.5564 1.90566390006
6.82 30.7653 0.47524739873
7.124 30.4 0.6147582045
7.6846 30.6523 2.54311218785
9.062 32.7901 0.195240364679
9.2082 32.9195 0.134937170565
9.313 33.0045 1.88713729495
10.8124 31.8586 0.348529267064
11.1536 31.9297 1.48162993018
12.4254 31.1696 1.11133224555
13.5354 31.1152 0.448731768432
13.9798 31.1774 0.267322745011
14.247 31.1693 0.294317005965
14.5411 31.1806 0.468367825539
14.8832 31.5005 0.637043326627
15.2318 32.0337 1.33116137264
16.501 32.4351 0.297578090591
16.7344 32.2505 0.191155146413
16.7421 32.4415 0.692548756406
17.2174 31.9378 1.82956970078
18.7839 30.9926 0.384175285514
19.1258 31.1678 0.455313573266
19.4635 31.4732 0.331700301477
19.6357 31.7567 0.0999912996215
19.7306 31.7252 0.15808494552
19.8839 31.6866 0.379869898781
20.2454 31.5699 0.181780224447
20.4271 31.5645 0.237115204068
20.664 31.5544 0.276771277412
20.9085 31.4247 1.0487884105
21.8737 31.835 1.23605781418
23.0773 32.1164 0.79391949214
23.8273 32.3768 0.797458118023
24.618 32.4804 1.75255968515
26.3669 32.5936 1.04087071724
27.4073 32.5623 0.947083945593
28.3493 32.4643 1.5518311055
29.8936 32.3116 5.08681095088
34.9377 31.6538 4.97321441524
39.5636 29.8279 3.61991515094
40.3417 26.2926 1.69354720336
40.6954 24.6364 1.67499726865
40.5145 22.9712 0.541394828198
40.4355 22.4356 0.486616440331
40.2739 22.8946 1.05776070073
39.8468 21.9269 5.33973797578
40.3765 16.6135 0.71032722741
40.5114 15.9161 1.13926191019
40.0861 16.973 1.40118231862
40.6131 15.6747 0.535441845582
40.9137 16.1178 0.530279332051
40.5296 16.4834 0.315833025506
40.3287 16.7271 0.189338453569
40.1919 16.858 0.585720086731
40.7168 17.1179 0.0744586462407
40.6523 17.1551 8.34510356317
42.6254 -9.911 10.9190750382
31.7549 -8.8822 3.36564141435
28.4107 -8.5029 11.3968757307
18.2688 -3.3038 4.43168247283
13.8765 -2.7143 3.40505927849
10.6052 -3.6593 3.24108395757
8.4293 -6.0614 2.11800482766
7.0344 -7.6552 1.94151780316
5.7881 -9.1439 0.888039374127
5.5418 -8.2907 0.96277968404
5.2472 -9.2073 20.5788088103
-1.705 -28.5762 5.39778734761
-6.8421 -30.2334 2.00034224322
-8.8424 -30.2464 1.965721173
-9.7937 -31.9666 2.73748679266
-12.5052 -32.3429 2.69604645731
-15.1927 -32.5574 0.555828795584
-15.7464 -32.606 1.23557381406
-16.968 -32.7913 0.398322733471
-16.9884 -33.1891 0.698934646444
-16.3354 -33.4383 0.537199404318
-16.8658 -33.3531 1.17353025099
-15.8872 -32.7054 8.48726571105
-12.0959 -25.112 0.459636813147
-11.6669 -24.947 0.474959587755
-11.71 -25.42 0.28790265716
-11.4455 -25.3063 0.22958405868
-11.2295 -25.2285 0.633310232035
-11.4383 -24.6306 0.325609474678
-11.117 -24.6834 1.60465897
-9.8899 -25.7174 0.485315773492
-9.4877 -25.989 0.327272440025
-9.2619 -26.2259 1.37935557417
-7.9745 -26.7211 2.88425762026
-5.3714 -27.9632 1.77495992631
-3.7807 -28.7507 1.33748406346
-2.4966 -28.3766 16.0552414071
13.3542 -30.9306 0.685286407278
13.9081 -31.3341 0.680290085184
14.5695 -31.4933 2.48160942132
16.9511 -32.1907 0.854355640234
17.7821 -32.3891 2.02757310349
19.7031 -33.0378 0.846706525309
20.5496 -33.0565 3.24540384082
23.7743 -32.6905 3.00693402821
26.6907 -33.4228 1.10653206461
27.7943 -33.5033 1.37867954942
29.1682 -33.618 0.78774077589
29.9025 -33.3328 0.931839353108
30.8338 -33.3645 0.483488831308
31.2174 -33.0702 1.2438229657
32.4068 -32.7063 1.38510081222
33.7283 -32.2914 5.07839909125
38.7145 -33.2547 1.90839761318
39.7602 -31.6583 0.684855503008
39.8337 -30.9774 0.291513704652
39.7955 -30.6884 1.10969784176
40.3738 -29.7413 1.46753793818
40.2016 -28.2839 1.63638090004
40.3185 -26.6517 1.54014561
40.0208 -25.1406 1.39906682113
39.6819 -23.7832 11.4788626484
42.6261 9.9082 11.0377001228
31.6777 11.3094 0.303032292009
31.8886 11.527 1.70524339905
30.1898 11.3789 15.9279820706
18.1498 0.9511 0.508679122827
18.6504 0.8608 3.33859899509
15.4466 -0.0783 2.13247987564
13.6625 -1.2464 3.15382873346
10.7613 -2.4832 1.45855309811
10.4008 -3.8965 2.927878838
7.9676 -5.525 1.27918297753
7.6241 -4.2928 0.934705397438
6.9928 -4.9821 19.4938783481
0.122 -23.225 3.86575417739
-2.912 -25.6206 1.36348863215
-3.3298 -24.3227 9.55642633833
-7.8878 -15.9233 0.258025773906
-7.7369 -16.1326 1.9968504626
-9.6373 -15.5195 10.7305186384
-10.1817 -26.2362 3.00406339647
-12.9817 -25.1479 0.257729257167
-13.2123 -25.0328 3.01347789108
-14.7443 -27.6278 2.56024484181
-16.5205 -29.4717 2.71011936268
-18.3695 -31.4531 3.04888682145
-21.4037 -31.752 2.75589021008
-24.1008 -32.3182 0.745124184281
-23.8154 -33.0065 1.2099873925
-24.1947 -31.8575 11.4855687269
-25.2574 -20.4212 0.170092122099
-25.4256 -20.4465 1.49002449644
-24.8686 -19.0645 0.626246636718
-24.6389 -19.6471 1.5579480094
-25.4831 -20.9565 0.071010140121
-25.4171 -20.9827 1.55192764007
-24.4957 -19.7339 0.28325735648
-24.49 -19.4507 0.263569497476
-24.2422 -19.3609 0.723236780038
-13.4329 -26.8215 0.646307643464
-13.7828 -27.3649 2.5083661814
-11.3237 -26.8702 1.74512290971
-9.5948 -27.1076 8.76811158061
-14.401 -19.7741 1.23947936247
-14.3365 -18.5363 1.33762518666
-13.512 -19.5896 8.70683839577
-7.2203 -25.6082 0.719030972907
-7.013 -26.2967 0.979257295097
-6.7444 -25.355 4.60451772176
-8.9105 -21.2918 9.907734947
-9.6002 -11.4081 1.22696905014
-8.7741 -10.5009 13.4031461877
-1.9043 1.0078 12.0761819339
-5.9574 12.3835 9.97836429481
0.1608 4.5009 0.247720588567
-0.0377 4.6491 1.18763563436
0.5819 3.6359 0.962285409845
0.2855 4.5514 11.9251941569
-3.8173 15.7486 0.205912529973
-3.6967 15.9155 0.494026972948
-4.0851 16.2208 0.833268918177
-3.7441 15.4605 16.3514789683
6.5541 2.7594 0.558096855393
7.0778 2.5665 1.45327478819
