0.0 0.0 7.63444559153
-2.6445 7.1618 14.521919935
2.8071 20.6216 7.30754988009
-3.415 16.7894 1.43741210862
-4.6236 16.0113 5.90304491343
-9.9387 13.4431 22.7557942164
-19.6978 34.0 8.74436859527
-19.7521 25.2558 0.732876558501
-19.3715 25.8821 5.4359860973
-16.0213 30.163 0.586032627078
-16.5733 30.3598 2.79088357335
-14.8527 32.5572 0.702611023255
-14.1902 32.7912 0.34526595546
-13.8575 32.6989 0.329469528181
-13.5284 32.7145 0.944296574176
-12.6075 32.9234 1.12590298872
-11.49 32.7861 2.81639976211
-8.6751 32.878 0.853479056568
-8.5558 32.0329 0.546326367659
-8.6547 32.5702 3.69525270584
-4.9613 32.4532 2.91357583735
-2.0509 32.5892 0.826237332732
-1.9512 31.769 9.87232343879
5.9516 25.8522 10.9129604599
12.0366 16.7932 10.7517347851
9.9233 6.2512 0.754726573005
10.5521 5.8338 1.34538949379
9.2513 5.4903 17.2607899153
-7.4746 1.2266 0.489890038682
-7.8854 0.9597 7.83493993659
-12.4379 7.3363 2.37961829712
-10.2489 8.2695 0.383829871167
-11.0071 13.6744 1.00279263061
-12.0086 13.7253 8.32462946803
-19.6889 16.9366 9.70127103064
-29.3089 18.1897 7.39478451681
-36.5398 19.7379 2.85948075007
-39.3888 19.9825 10.4351936719
-49.1972 23.5446 1.85133532889
-51.0329 23.3045 1.20579252361
-50.5974 24.4289 2.83518161676
-47.8568 25.1551 7.70704823003
-43.2159 31.3082 0.399971811507
-43.0687 31.6801 2.98998948828
-45.9772 30.9868 0.661043190722
-46.5513 31.3145 3.20025710373
-49.2286 29.5613 0.980777660839
-48.3335 29.1604 1.35326154161
-48.8539 30.4096 4.87833362123
-37.7838 29.5569 29.0379190117
-8.9535 33.0231 0.983789255888
-9.4084 33.8954 1.33269448862
-10.113 32.7642 16.9159901954
-17.49 17.5415 0.65978444965
-17.5936 16.8899 0.258721645789
-17.7419 16.6779 1.32509969814
-17.2655 17.9144 3.410922837
-17.4949 14.5112 0.598654533099
-16.898 14.557 2.542118286
-15.8707 12.2317 2.6380646732
-18.0746 10.7818 1.25652481074
-19.1238 11.4732 8.92956388745
-21.8127 19.9883 2.64335804991
-24.2654 19.0026 17.2250362569
-39.4071 24.6846 0.286986027534
-39.2808 24.4269 4.69533406692
-36.1498 20.9279 5.5763255868
-30.951 18.911 0.784380073689
-30.874 19.5227 1.20828547951
-32.0558 19.2711 7.72402083179
-27.6917 12.8981 0.601398279013
-27.1307 13.1148 0.245095756797
-27.2295 13.3391 0.687614055994
-26.949 12.7113 9.14161553611
-33.3209 19.2663 3.41064096322
-32.1592 16.0596 9.42932501561
-23.8417 20.5016 14.5839819096
-12.9912 30.2463 2.77603267452
-11.0258 28.2858 3.03752370361
-8.0003 28.5558 3.56051024574
-5.5743 31.1619 3.83497325414
-1.9524 29.9014 4.65687421024
2.6222 29.0299 1.57991735543
4.1161 28.5157 0.691726138005
4.4169 29.1386 0.481293673343
4.6647 29.5512 2.53408029865
5.3233 31.9982 1.18486070489
6.4768 31.7274 0.282101134347
6.7589 31.7266 0.209432686083
6.9683 31.7303 0.182660614255
7.1492 31.705 0.260864965068
7.2095 31.4512 1.37449710076
8.1607 32.4434 0.255654493409
8.4146 32.4135 0.376105370874
8.7899 32.3889 0.299754316066
9.0887 32.365 0.134946841386
9.2196 32.3322 0.851910001115
10.0592 32.1879 9.78475733475
14.3329 23.3858 0.817681019714
14.9376 23.9362 1.22726163877
16.1648 23.9239 8.2362942978
20.7574 30.7609 0.7111976167
21.4185 31.0231 2.00447420787
23.2042 31.9337 0.854758094434
24.0406 32.1099 2.40662685101
26.3038 32.9283 1.53922414222
27.8352 32.7733 1.48809061888
29.3165 32.9153 1.80387441082
31.1065 32.692 0.780521992003
31.8458 32.4417 3.95414831411
35.5778 31.135 1.34644345221
36.7227 30.4264 0.609043857206
37.2716 30.1625 3.27925460585
40.277 28.8506 2.75281735863
39.6715 26.1652 1.68883981774
40.6382 24.7804 0.369196113197
40.4458 24.4653 0.284164617783
40.2766 24.237 0.192624012003
40.2226 24.0521 0.267649640388
40.1153 23.8069 0.750437738923
40.3741 23.1025 5.84775244688
40.1883 17.2577 8.56403148173
42.3214 6.9847 6.98713644636
41.2378 0.0821 8.33318886501
40.9193 -8.245 0.946821424557
41.6253 -7.6141 6.63961240586
41.3974 -0.9784 0.762992929194
40.646 -0.8459 10.9312211889
29.7168 -1.0561 10.874562879
20.2658 4.323 3.82981255024
16.8854 2.5229 13.5049054054
7.9289 12.6305 1.14939756829
6.7955 12.8216 0.887407020482
7.1936 13.6147 1.40947005644
7.0126 12.2169 19.7411066731
2.4948 -7.0003 0.857849200035
1.6623 -7.2073 5.09909304975
-3.312 -6.0861 4.16430428883
-7.057 -7.9072 3.71511033753
-10.6989 -7.1733 4.11157009547
-14.7405 -7.9286 0.336367968154
-14.8155 -7.6007 0.728742210936
-14.6291 -6.8962 14.2422344069
-14.218 7.3401 2.11535576204
-16.211 6.6311 1.54233439954
-17.7506 6.5393 1.97709690455
-18.9465 8.1137 1.41808186647
-19.4228 6.778 2.67312432371
-20.4869 4.3258 1.57624659238
-22.0565 4.1812 1.40909720389
-23.4342 4.477 0.696237323044
-29.768 1.0246 11.4229145812
-33.2468 11.9049 27.8959236135
-51.5892 21.0632 9.19726189798
-45.9843 13.7711 1.27000466535
-44.9415 13.0462 5.68668000506
-39.8067 10.6024 0.984242937491
-38.9677 11.117 3.36255029702
-37.9712 7.9055 0.611574034766
-38.2774 8.4349 0.439614296856
-37.9531 8.1381 0.312410899298
-37.724 7.9257 1.07450906464
-36.9562 8.6774 10.0253364198
-29.889 15.7881 0.887610956444
-30.179 16.627 1.24832121267
-29.2198 15.8281 19.4915027404
-11.0126 8.8699 0.361292374677
-10.7089 8.6742 1.33861702514
-9.3704 8.6919 5.10539165393
-4.2817 9.1044 7.4624245497
3.0483 10.504 1.1719200826
2.5685 11.5732 17.2351346992
1.1408 28.7491 0.756568417263
1.7312 29.2222 0.57725614765
2.1891 29.5737 4.248937699
4.7932 32.9311 2.9634610863
7.5712 31.8992 0.408603585398
7.9229 32.1072 0.147269311128
7.8865 31.9645 0.931894012214
7.3578 32.7319 3.40825996808
10.6518 31.8568 0.31138416787
10.9629 31.8435 3.10986157409
14.0339 31.3534 2.42937379792
16.4223 30.9091 1.62032350165
17.9863 31.3326 0.655019518793
18.6399 31.2895 0.11073287678
18.7435 31.2504 2.66172013743
21.3735 31.6601 8.25530147542
21.5361 23.4064 0.434651354536
21.2493 23.0798 2.64709509652
23.5839 21.8321 1.9368347374
24.9331 20.4425 0.887225343416
25.7151 20.8616 0.99970735718
26.6993 20.6862 1.54650276754
28.0753 19.9803 8.636503161
30.782 11.7789 0.335529730426
30.8854 11.4597 0.0625259146275
30.8759 11.3979 1.47007919515
40.0682 3.2825 1.04120319823
39.5939 2.3556 1.54884199646
38.0467 2.2843 24.3919564252
16.7554 14.1859 1.91205974018
14.8448 14.2606 2.35168953095
12.5394 14.7249 4.294978745
11.4715 18.885 1.45082220137
10.68 20.1009 4.63185933508
8.3223 24.0878 6.24874063632
3.325 20.3363 3.67560754842
-0.3411 20.0721 1.95307573842
-2.2791 19.8299 3.34537601175
-3.4656 16.702 0.723268864255
-2.9632 16.1817 1.28869498331
-2.1358 17.1697 8.36583779427
-3.1296 8.8631 14.3947169284
-10.9597 -3.2157 1.37707862158
-12.309 -3.4909 1.96707337179
-14.2737 -3.3943 1.12950949089
-13.3882 -4.0955 0.850801204748
-14.1519 -4.4705 1.13538415085
-14.7878 -3.5299 6.7413033851
-16.3331 3.0319 1.53367016011
-17.8331 2.7123 1.79340070815
-19.5894 2.3494 3.79453595582
-23.2008 3.514 1.2873397376
-24.1706 2.6674 0.805300645722
-24.9674 2.7841 0.437077121341
-25.397 2.8646 1.38321747386
-26.7757 2.9763 1.32550264051
-28.1007 3.0128 2.17969149423
-30.2797 3.0677 4.35104300369
-34.3778 4.5296 3.85466969402
0.0 0.0 7.27910003366
-1.7911 -7.0553 12.2086193175
1.4447 -18.8273 0.799462281787
1.8672 -19.506 1.30721006728
1.0682 -18.4714 18.5648964977
-6.4207 -1.484 0.81616369069
-6.4661 -0.6691 1.35003342551
-6.7892 -1.9799 22.6139418945
-10.8852 -24.2198 0.544840132516
-10.3918 -24.4509 0.49674956467
-10.0116 -24.7706 0.471242994643
-9.6336 -25.052 2.33017940296
-7.5535 -26.1022 1.32348431423
-6.9607 -24.9189 0.389867721157
-6.9135 -25.3059 1.44391133038
-5.5898 -24.7291 1.21948084446
20.9581 -21.2436 0.587611793619
20.8042 -21.8107 2.58813465647
18.2744 -21.2643 5.27818933442
14.6528 -17.4246 11.2096379041
3.5603 -19.0409 2.92452688139
0.6365 -19.1061 1.9336533557
-1.2718 -18.794 1.29602517337
-2.5609 -18.9278 2.60607064563
-4.4695 -17.1533 4.03634226621
-8.3387 -18.3028 2.52994193214
-10.865 -18.1671 0.966910652542
-11.6464 -18.7366 1.66464664419
-12.549 -20.1353 1.69568436037
-14.2334 -19.94 2.82864702817
-16.9134 -19.0351 3.11532011196
-20.025 -18.8829 2.02534483237
-21.947 -18.2442 1.96397595963
-23.8984 -18.0223 1.04198077238
-24.8472 -17.5916 1.40962216924
-25.7501 -16.5091 1.85440919163
-27.603 -16.4343 17.5660970082
-36.2997 -26.2604 0.402562044907
-36.6703 -26.4176 1.94499032902
-35.524 -27.9889 1.09993907104
-34.84 -27.1275 0.544950731718
-34.5433 -27.5846 5.74019439479
-34.1818 -21.8558 0.656262447501
-34.0696 -21.2092 1.66090372087
-32.5935 -20.4478 4.35688509029
-31.6798 -16.1878 2.12579086695
-30.5457 -14.3898 0.195487416475
-30.3819 -14.2831 15.7452584005
-22.4856 -0.661 0.456495837878
-22.3523 -1.0976 1.67921263692
-20.7455 -1.5854 0.732166647697
-20.0351 -1.4082 0.542893672831
-19.5474 -1.1697 2.3218626359
-17.8325 0.3956 1.09693920524
-16.7666 0.6547 0.585528001038
-16.4706 1.1599 2.11173112162
-14.6758 2.2726 2.66564449618
-12.6575 4.0139 0.672062199502
-12.2637 4.5585 2.29511204084
-10.3735 5.8603 1.86874290634
-8.9449 7.065 2.59694905995
-6.832 8.5749 1.7210320305
-7.1065 10.2739 0.663926148001
-6.4968 10.0111 11.4890997384
3.5084 4.3635 1.50045550417
10.7014 24.7558 1.2191345988
10.7375 23.5372 1.25958997297
11.8712 24.0861 5.92502381852
15.7962 28.5246 0.508175097776
16.2539 28.3038 2.22848297503
18.1265 27.0957 4.67920316828
19.2792 22.5607 5.65472957532
24.7316 21.0616 10.3774578183
25.3765 10.7042 0.637668785499
25.7453 10.184 0.992738374397
26.3361 9.3862 1.99277118606
28.3271 9.4702 0.422728328835
28.7303 9.3432 0.816242421098
29.3968 8.872 0.488983363725
29.8605 8.7168 1.14773036903
30.8151 9.354 0.869123339924
30.2274 9.9943 1.15226660543
0.0 0.0 2.00578483891
2.0009 -0.1399 0.159891869712
2.0638 -0.2869 2.77977652519
-0.3765 -1.6181 1.61633127793
-1.6571 -2.6043 0.452753983969
-2.1095 -2.5864 3.57082097003
-1.3747 -6.0808 6.37287058475
-6.5622 -9.7826 1.35823342986
-7.7105 -9.0572 3.05225649315
-10.7098 -9.6233 0.301664217301
-10.9095 -9.3972 1.84350480336
-12.5931 -8.6462 3.1927358566
-15.7156 -7.9802 3.03087345991
-18.7204 -8.3769 1.0631196593
-18.1029 -9.2423 0.585644713115
-17.8291 -8.7246 0.717768556012
-18.0164 -9.4175 0.454295509553
-18.3593 -9.7155 1.3614022183
-19.0445 -8.5391 7.26297237225
-25.2553 -4.7739 0.267332190355
-25.5206 -4.8068 0.787898902144
-25.7614 -5.557 0.326844810269
-26.0682 -5.4443 0.242568856204
-26.2853 -5.3361 0.410264914415
-26.6916 -5.2792 0.207501036142
-26.7148 -5.073 1.68359010748
-28.3977 -5.1212 2.41938692441
-30.8055 -4.8847 1.09454953748
-31.313 -4.1565 5.62709537328
-47.0 -9.16 13.3833013793
-33.709 -7.5909 0.240846777018
-33.8719 -7.7683 1.4495072956
-32.6701 -8.5787 0.118217595983
-32.6403 -8.6931 0.982319255639
-32.4037 -7.7397 19.9567856861
-39.0871 11.0647 1.14995882535
-38.1632 11.7494 23.2266057378
-19.2573 25.2417 2.31006194939
-16.9503 25.1228 2.57071475275
-14.5406 26.0183 0.567887075042
-14.0208 26.247 2.20626871663
-11.8167 26.3448 0.574445262841
-11.2607 26.2004 0.381292184551
-10.8905 26.1091 0.827700259756
-10.2511 25.5835 0.973092354301
-9.3303 25.8982 3.6681992435
-5.6938 25.417 0.745996762728
-4.9592 25.2871 0.363507193877
-4.638 25.4573 0.452977935445
-4.2131 25.6143 1.96188535088
-2.5209 26.607 2.03899613781
-0.8779 27.8145 1.00468901656
0.008 28.2884 0.629782899101
0.4487 28.7383 1.75774473687
2.1607 29.1367 2.08846730882
4.2474 29.0508 1.59446829382
5.7809 29.4875 2.02706215988
7.2261 30.9089 2.19188505401
8.9733 29.5854 2.23441733792
9.7255 31.6894 0.110228217803
9.734 31.5795 1.79689772942
11.4893 31.1951 1.98358950643
11.0935 33.1388 0.624679894026
11.7166 33.1832 2.58423899243
14.298 33.3043 3.65231688795
17.9412 33.0464 1.46663222384
19.4064 33.1112 3.08911009192
22.4718 32.7292 2.04775433341
24.5143 32.5826 2.94479842774
27.389 31.9439 0.749425173049
28.003 32.3736 0.946138219289
28.9297 32.5644 2.10329074785
31.0323 32.5105 0.914061803162
31.844 32.0902 2.56654903908
34.2591 31.2216 2.19734043334
36.4154 30.7989 0.670182131961
37.0509 30.5861 1.64575636411
38.6274 30.1137 0.728530493528
39.1636 29.6205 0.538484252323
39.4884 29.191 0.236889109078
39.6847 29.0584 0.169948374514
39.8248 28.9622 1.81504225846
40.3164 27.215 2.90977874245
40.6312 24.3223 0.392043275672
40.692 23.935 0.751201544194
40.6746 23.184 0.787316664373
40.4754 22.4223 5.21225529402
40.7791 17.2189 0.85012881965
40.4042 16.4559 8.09806782387
39.682 8.3901 0.584703352137
39.3369 8.8621 0.31546819174
39.3266 9.1774 0.306073193861
39.053 9.0402 0.322094039063
38.7661 8.8938 0.754189372771
25.1922 29.9768 3.14390860236
23.2493 32.4485 4.62875801053
18.6467 31.9571 3.72322831022
14.9375 31.6342 4.93113382905
10.5155 29.452 3.47837325484
7.0682 28.9881 4.0120871501
3.2713 30.2844 12.3869776524
1.1593 18.0788 7.76970659163
-2.9941 24.6452 1.35495715061
-3.3699 25.947 0.766031330952
-3.9723 25.4738 14.4778143271
-9.8098 12.225 0.595637045524
-10.1748 11.7543 1.05739701626
-11.1735 11.4069 1.30095246646
-12.4331 11.7323 2.93838507007
-12.7122 8.8072 4.34574262123
-15.2219 5.2594 0.418031781088
-15.6383 5.2963 0.653771894471
-15.8343 5.92 0.423640153904
-15.5076 6.1897 0.46735050016
-15.1019 6.4217 0.636269101874
-14.7485 5.8926 0.650483058965
-14.7924 5.2436 0.530947473862
-15.0485 4.7785 10.1754290352
-19.5659 -4.3392 2.58394397192
-22.1373 -4.5935 4.72892913565
-26.8662 -4.5769 8.08613861123
-34.952 -4.5029 3.37494231803
0.0 0.0 17.2324108197
-1.5171 -17.1655 1.335800947
-1.069 -18.4239 0.819059832979
-1.0789 -17.6049 15.2519295992
-5.6966 -3.0688 0.866440869304
-6.4023 -3.5715 1.28871123996
-5.3058 -2.8944 0.879463484177
-5.3729 -3.7713 7.63230029414
-10.0176 -9.8276 13.9917834935
-6.2889 -23.3134 5.0784522849
-2.0369 -26.0903 0.439644697455
-1.6074 -26.1842 1.10700551941
-0.5333 -25.9163 2.54760417844
1.6476 -27.2331 10.8785341462
11.6757 -23.0165 0.932531318509
12.6028 -22.916 5.20833320459
17.7554 -22.1561 7.3734635803
25.0068 -20.82 1.6242772485
26.6281 -20.9183 2.33954696469
28.9373 -20.5427 2.60521472436
31.5403 -20.4353 1.06982099905
32.6079 -20.5042 0.547409581575
33.1341 -20.6551 2.23201167112
35.35 -20.3874 0.747965674346
36.0312 -20.0785 0.532699727802
36.556 -19.9871 0.442086529992
36.9919 -19.9134 2.24296775947
38.9833 -18.8813 1.12107013162
40.0893 -19.0645 0.467505144357
40.4902 -18.824 5.5853234687
41.3818 -24.3377 2.17040831412
40.655 -22.2926 6.83938658434
41.4168 -10.9412 1.48713480559
42.6775 -10.1524 0.078901584268
42.6186 -10.2049 0.195168568166
42.323 -10.1723 0.593386964805
42.0638 -9.6078 0.521195136201
42.5844 -9.6327 1.00383325807
42.1408 -10.5332 0.748104197288
22.3567 10.769 0.40742661916
22.6693 10.5077 0.534715410289
22.9829 10.0746 0.982612807773
23.6072 9.3158 0.856632394905
24.4427 9.1267 0.437202195786
24.8787 9.1591 1.43621872986
26.3005 9.3621 2.49837349089
28.3988 8.006 0.790088729194
28.8582 7.3632 2.02079460856
30.4411 6.107 0.632610101089
29.9434 6.4975 1.10516428643
30.3743 5.4798 2.16720022379
32.3278 4.5414 1.03091086909
31.3427 4.2375 1.93888695906
32.9885 3.2125 0.974027828145
33.9599 3.284 1.01226342915
32.9693 3.0757 1.21631323679
33.9576 2.3667 0.84274367396
34.6085 1.8314 0.453049842733
35.0015 2.0568 0.474180809397
35.3577 2.3698 0.878108535433
35.0249 1.5572 0.652859617376
35.3211 2.139 0.884552790963
34.5571 1.6932 1.01240470663
35.5576 1.848 0.660830174856
34.911 1.9844 2.3197067444
32.8133 2.9747 8.67863918596
30.7697 11.4093 11.5739833506
40.0851 18.2781 1.27593434392
39.7584 17.0447 0.769569990319
40.4455 17.3913 0.839882735863
39.9929 16.6838 12.003587672
40.6005 4.6956 14.3731418489
43.534 -9.375 18.9987958137
24.5359 -9.5376 14.6803425522
13.7886 0.4628 4.52246277376
9.3951 1.5351 3.56449235236
5.9769 0.5244 4.35964725637
4.3403 4.5652 0.24170250309
4.3036 4.8041 1.30216802679
3.129 5.3662 3.65768245751
-0.5074 4.9722 3.81876632566
-4.3114 5.3077 4.27548926908
-7.4307 8.2317 6.07842644111
-7.5027 14.3097 2.57923809293
-10.0812 14.3714 1.99825600212
-11.3531 15.9126 1.30665426567
-12.5027 15.2915 1.09450322064
-13.573 15.0626 1.22261987551
-14.749 14.7282 1.54637202833
-16.2336 14.2955 1.20233235006
-15.2294 14.9567 0.537140018989
-15.7648 14.9999 1.18308965848
-16.6181 15.8194 2.34783785641
-17.1735 18.1006 3.19689370796
-19.6018 16.0213 0.68061393609
-19.9301 16.6175 1.36188854904
-18.643 17.0626 1.27632432007
-19.3214 18.1437 1.75145174641
-20.5895 19.3518 1.48432773335
-22.0246 18.9727 2.81134984305
-23.0601 16.359 0.968436063971
-23.4022 15.453 4.26212088167
-19.7962 13.1809 2.04409230711
-19.4212 11.1715 1.90862736017
-18.3376 9.6003 0.275894363842
-18.0623 9.6184 1.04131520684
-18.1317 8.5794 0.820370708887
-18.1736 7.7601 1.5350919321
-18.1568 6.2251 5.46051400236
-23.4577 4.9145 0.510724005702
-23.9228 5.1255 1.28230851982
-25.1953 5.2838 1.36794238548
-26.2644 4.4304 3.35759683405
-29.6219 4.4559 4.07462853522
-42.6262 9.9078 10.556343913
-32.4053 7.2678 0.317644581254
-32.7225 7.251 2.71113405792
-30.3413 8.5472 0.141354165131
-30.2323 8.6372 1.04588191494
-30.7656 7.7375 13.9403353335
-37.2317 -4.6125 0.468805993989
-37.4926 -4.223 0.659481690421
-37.9805 -4.6667 0.496240768176
-37.5808 -4.9608 1.20652329028
-36.6615 -5.7422 1.12117953067
-36.024 -4.8199 0.16968235029
-35.8607 -4.7738 0.472729774819
-35.4807 -5.055 1.30617858656
-35.2492 -6.3405 15.0953890659
-22.9029 -15.0261 5.90095809933
-19.0786 -19.5201 0.568137844189
-18.558 -19.2926 2.58712251353
-16.3817 -17.8937 12.9701536228
-7.3711 -8.5645 12.29298587
-12.1615 2.7567 0.560627906904
-12.2628 3.3081 0.258907724875
-12.0828 3.4942 0.438428021458
-11.67 3.3465 0.755062944396
-11.3261 4.0187 0.958436189843
-10.3944 4.2435 0.80895677264
-9.9279 4.9044 1.4351327186
-8.6575 5.572 1.18496002042
-7.9467 4.6239 0.949433794427
-8.357 5.4801 17.7351121871
-12.77 22.6574 0.448618523915
-12.3783 22.4387 0.536354929128
-11.9089 22.1792 1.13352481226
-10.878 21.7079 0.78442352081
-10.1945 21.323 2.27099193526
-7.9376 21.0704 8.41789632747
-2.1549 14.9531 10.1630649988
5.9695 8.8472 4.04275434945
9.4822 6.846 3.28540697783
12.5672 5.7161 3.05777039033
14.4902 3.3387 3.93085634054
18.2536 2.2036 0.923238002901
19.1661 2.344 2.23570515274
21.0618 1.1588 0.595487296254
21.6502 1.0672 1.57737785581
23.0083 0.2649 2.63976526608
25.6238 0.622 0.481310544244
26.0466 0.392 0.414486212075
26.3325 0.0919 0.32776493101
26.6592 0.1183 1.09283624116
27.752 0.1094 1.05291101238
27.7192 -0.943 1.09121962042
28.1067 0.0771 13.9637244763
31.1801 13.6984 1.42868448581
31.8345 14.9684 6.20711083919
31.8229 21.1755 1.00601650583
32.8018 20.9435 0.190048230721
32.7005 21.1043 0.742540409675
33.295 21.5492 1.1837155486
34.4733 21.6623 0.597357397209
0.0 0.0 2.02419025045
2.0131 0.2116 0.265033280929
2.1801 0.4174 1.5626510039
0.6791 0.852 0.866290926883
-0.0635 1.2981 0.71381399538
-0.7726 1.2162 2.22655660831
-12.1456 12.4887 1.0055488551
-12.2593 11.4896 0.112466617269
-12.2858 11.5989 0.17176649848
-12.118 11.5622 0.642586896847
-11.4764 11.5266 0.00524785670536
-11.4809 11.5239 1.00473587574
-12.3122 12.0882 0.896249747559
-11.5927 11.5538 7.98211891981
-4.2409 8.4449 1.05366628968
-3.4717 7.7248 0.250437557088
-3.4881 7.4749 6.71109944867
2.9089 5.4458 0.561541672541
3.4561 5.5719 1.29482621228
4.6845 5.9813 0.711411477276
5.3947 5.9398 2.49931973345
7.8859 5.7385 5.24091559272
12.9814 4.5125 10.0993237793
14.3858 -5.4887 14.6128595655
17.714 -19.7175 0.796770042108
18.2761 -20.2822 3.68932022465
20.1675 -23.4498 4.15988927737
23.5333 -25.8944 4.1839984381
26.514 -28.8306 1.30061696898
27.7775 -29.1391 1.50880615057
29.2439 -29.4943 2.37250008219
30.9479 -31.1451 2.94030260518
33.3133 -29.3986 1.55686577456
34.8685 -29.3266 3.68363246945
38.5396 -29.023 0.657711859403
38.8488 -28.4425 2.36372659163
40.6332 -26.8923 1.44300742895
40.4932 -25.4561 7.66805115919
40.8149 -17.7948 3.77735807808
40.4082 -21.5502 1.20322437642
41.2291 -20.6705 0.456071321177
41.5464 -20.3429 5.50199048073
41.2594 -14.8484 0.909957169322
41.2696 -15.7583 0.746311275541
40.5472 -15.5709 1.39141705107
0.0 0.0 2.06288456536
2.0432 0.2843 0.867240456852
1.1792 0.2094 0.58253948364
0.6004 0.1435 2.41718221489
-1.7541 0.6904 0.890641847209
-2.6274 0.5155 1.06717097506
-3.6732 0.728 0.786048370013
-4.403 1.02 0.863260823853
-3.5091 0.5845 0.185742025401
-2.6987 0.3276 1.19436574382
-3.2104 -0.7516 0.428144379853
-3.1248 -1.1711 0.145986848723
-2.9844 -1.1311 0.66549428247
-2.6986 -0.5301 0.0729183790275
-2.6383 -0.5711 0.0308457452495
-2.6578 -0.595 0.0685957724645
-2.6905 -0.5347 0.0787515714129
-2.6146 -0.5557 0.301962265855
-2.8226 -0.7746 0.282518123312
-2.5606 -0.8803 1.18342189011
-1.7142 -1.7074 1.11375437148
9.4498 -8.6375 0.714829049494
8.7494 -8.7804 10.7106332609
-1.8609 -10.243 0.242016879577
-1.8913 -10.4831 4.60840729537
-6.4677 -11.0253 0.951615789066
-7.3672 -10.7147 8.5118738266
-11.667 -3.3687 0.931272784956
-0.8864 -7.55 0.288005867996
-0.7167 -7.3173 0.686670495944
-0.0456 -7.1719 1.45561863824
-1.1737 -8.0918 16.7713057169
-11.4669 -21.3329 4.79955474289
-6.7767 -20.3142 1.3335252566
-5.4467 -20.2173 12.6402899658
3.1044 -10.9084 5.31735071065
4.4407 -5.7617 3.77253858827
8.1049 -4.8641 3.5807911542
11.6626 -5.2701 3.9843006237
15.6465 -5.2136 1.37525227504
17.0024 -4.9837 2.25160639544
19.238 -5.2517 0.725588430172
19.9629 -5.2201 0.602268793812
20.562 -5.1584 0.407099054285
20.961 -5.2392 0.613761232076
21.5644 -5.3515 0.473023730906
22.0256 -5.4566 1.57868847465
22.6543 -4.0085 0.3747898211
22.9633 -3.7964 1.80354001342
24.7426 -4.0911 2.44078439236
27.1143 -3.5145 2.4392027878
29.3575 -4.4725 2.9829939658
32.1001 -3.2993 0.489417173789
32.5895 -3.3034 1.42598825381
34.0144 -3.3591 0.54744192386
33.9823 -3.9056 1.12050942879
0.0 0.0 6.7650538771
4.093 -5.3864 1.10001783622
3.2198 -6.0554 2.48887674464
0.7614 -6.4437 5.63687170867
-4.8671 -6.7508 2.29328007012
-7.1399 -7.0566 2.34322250331
-9.3376 -7.8695 1.2959001389
-8.0417 -7.8689 0.334582157325
-8.3356 -7.709 1.8935842099
-9.3236 -9.3244 0.373820237547
-9.6097 -9.0838 0.954593211792
-10.5061 -9.412 2.44036009023
-12.629 -10.6156 1.34534951593
-13.9724 -10.688 1.78377347497
-15.0265 -12.127 3.06150833577
-17.296 -14.1818 1.3976073626
-18.2063 -15.2423 1.84027176797
-18.718 -13.4746 1.60149932875
-20.2917 -13.1775 1.15057206641
-19.7195 -14.1757 0.588336791302
-19.6598 -13.5904 2.36948294149
-24.8896 -12.5991 4.4900977829
-23.2269 -8.4282 12.4567120947
-16.1214 1.8032 1.04171161076
-15.0866 1.923 11.6401030416
-5.5885 -4.8059 0.591197242889
-5.0622 -5.0752 0.537586504667
-4.5317 -5.1622 2.89324660027
-1.6427 -5.3189 6.82781307594
5.0047 -3.7597 4.10709819215
9.1117 -3.7313 5.37004031363
14.4796 -3.8829 0.513246383329
14.9928 -3.8898 1.86758872614
16.6675 -4.7164 0.967049657463
17.6345 -4.7066 1.57685401036
19.1749 -5.0437 4.71378682696
23.7918 -4.0929 2.33220473587
25.8861 -5.1191 0.654620775717
26.5181 -5.2897 0.887559513498
27.3448 -5.6127 0.475276025063
27.7889 -5.4434 1.77884348946
29.1993 -4.3594 1.76070663371
30.6896 -3.4218 1.64435847977
32.3037 -3.1078 0.951714899537
33.2467 -3.2363 1.03714834522
33.998 -3.9513 0.981765430233
33.616 -3.0469 0.172589339184
33.5508 -2.8871 1.56314780171
32.8819 -4.2999 9.09298509457
30.5212 -13.0811 14.0468377598
42.2915 -20.7475 0.737026030748
43.0091 -20.5794 0.489882036821
43.4891 -20.4815 3.17017369398
46.5445 -19.6362 2.91532736069
49.1614 -18.3513 1.04030254253
50.2017 -18.3536 0.701103594343
50.6952 -17.8556 0.94888691107
50.0658 -18.5657 1.87526533856
51.1805 -17.0577 1.13810723572
51.0163 -18.1839 0.503732518307
51.3037 -17.7702 0.383883641225
51.5153 -17.4499 0.264871459391
51.6686 -17.2339 0.207869790975
51.7865 -17.0627 1.08878345414
51.2519 -18.0112 1.30614578819
50.497 -16.9453 16.0860001582
51.5 -33.0 9.04983902454
51.1381 -23.9574 6.00471159174
50.0598 -18.0503 0.60950131255
49.7039 -18.5451 0.285776136163
49.7275 -18.2603 2.38306631255
51.8359 -17.1496 0.760798238694
51.6723 -17.8926 1.17474131621
51.8553 -16.7322 11.046868234
0.0 0.0 2.07656172073
1.8263 -0.9883 1.10293660743
2.8943 -1.2637 7.25981504241
0.1765 5.4682 3.09882151148
-2.4995 3.9056 1.14923989663
-1.7792 4.8011 0.839717101172
-1.5983 3.9811 13.66315493
11.4075 8.1681 0.944104485743
11.9287 7.3809 20.486203436
18.7276 -11.9442 1.06097729476
18.1075 -12.8051 1.19782104256
18.4497 -11.6572 18.360829182
19.6246 6.666 7.20526497847
20.8575 13.765 3.41601309716
19.8363 17.0248 1.05386113886
19.9672 15.9791 1.96352413023
20.6646 14.1436 0.70522464506
20.718 13.4404 1.18427336371
20.8358 12.262 17.423668707
24.8133 -4.7016 3.86536415361
24.3981 -8.5446 3.97700382197
23.6573 -12.452 3.20258748046
22.2897 -15.3479 4.1076359381
20.0327 -18.7799 12.6724043926
7.4692 -17.1221 1.79300553262
5.907 -16.2421 8.38358799143
-2.093 -13.7352 5.25780046978
-7.3183 -13.1515 8.84519018902
-13.0695 -6.4313 12.4264308512
-14.8836 5.862 4.75858048266
-19.6411 5.9634 1.79777494698
-21.4287 6.1544 3.66162632856
-24.2483 8.4905 2.47837186879
-26.1337 10.0991 1.45202069544
-27.193 11.0922 3.80105987588
-30.8193 12.2315 1.40819042036
-32.1344 12.735 3.10341711183
-35.01 13.9021 3.49833535985
-40.6248 34.0 5.46401037517
-36.6685 30.2313 0.348048329977
-36.9245 29.9955 0.691084090397
-36.2356 30.0504 11.4293642912
-38.9633 18.9513 7.07491193585
-31.8906 19.1282 0.216185337153
-31.9767 19.3265 5.75110906174
-37.7057 18.8227 0.749857599815
-37.4826 18.1068 1.0525967604
-38.1189 18.9453 1.89180237869
-37.3059 20.6535 0.414611734036
-37.6767 20.839 3.17839508243
-39.1746 23.6423 5.45304352174
-34.4004 26.2772 19.4604449076
-14.9804 27.5312 2.97146961957
-12.4375 29.0685 1.63492363736
-10.9422 29.7296 3.05045554139
-7.8948 29.5931 4.37127645088
-3.8013 31.1265 4.92544971754
1.0713 31.8461 3.84574966554
4.7413 32.9954 1.23743497607
5.9777 33.046 0.503537962819
6.4755 32.9702 1.12690507142
7.5907 32.8082 1.75158423434
9.2814 32.3504 0.533098133555
9.7963 32.4885 0.720260071085
10.4642 32.7581 2.86519626204
13.2431 33.456 2.4439797401
15.6455 33.0071 1.64613683514
16.9197 31.9649 8.58267039679
21.578 24.7564 0.166152339737
21.5192 24.601 0.559159914515
21.0301 24.33 0.760635030747
21.7332 24.6202 0.441906981162
22.0669 24.3305 0.896204106217
22.9245 24.0703 4.70451701453
26.287 27.3606 2.5609580961
27.9196 29.3337 4.97807958253
32.4884 31.3104 3.3070270395
35.6824 32.1676 3.04906560277
38.2728 30.5593 0.632059593709
38.643 30.047 1.67561390541
39.7916 28.827 0.800164964242
40.1767 28.1256 0.722312840811
40.3095 27.4156 1.85490658525
40.4133 25.5636 0.1178753579
40.3329 25.4774 0.834018710821
40.9589 24.9263 0.485995411501
40.9024 24.4436 0.363790392946
40.7301 24.1232 0.24662465408
40.6605 23.8866 0.221332261544
40.4451 23.8357 0.198867292434
40.3499 23.6611 0.356660749172
40.3891 24.0156 0.251992698307
40.3327 23.77 1.36638826473
39.7935 22.5145 0.538637364096
39.9321 21.994 0.727445922389
39.819 21.2754 0.403627179461
39.8563 20.8735 0.317122594591
39.9968 20.5892 0.355404923995
39.8363 20.2721 1.29801128655
39.998 18.9842 2.91498217662
39.7935 16.0764 8.93976716699
43.277 -9.1103 14.7995688562
28.5978 -7.2266 2.66441810533
27.3858 -9.5994 1.35372192861
26.3449 -8.7339 15.6985456836
13.9186 0.8594 1.41922776537
12.929 1.8767 1.85881128682
11.0752 2.0131 2.68322228114
8.4062 2.289 1.86537089342
6.6866 1.5661 8.32214112954
1.9989 -5.3102 4.27474258055
-2.0728 -6.612 2.79884910812
-4.5361 -5.2832 4.43722675778
-8.8382 -6.3699 3.76370651619
-12.2275 -4.7334 1.56556936927
-13.7806 -4.9306 1.25156117709
-22.5386 -5.7899 33.9996209686
-41.5166 -34.0 5.24961853281
-37.0331 -31.2693 20.8118137367
-16.2582 -30.0303 3.33559373575
-13.8641 -32.3529 2.53053581085
-12.1023 -30.5364 2.84741579682
-9.2769 -30.183 4.71984131301
-5.1118 -32.4031 6.1582414446
0.2317 -29.3419 0.868042769684
0.5332 -30.1559 1.31647787676
1.6682 -29.4889 1.065170883
0.6556 -29.1584 0.436837647187
1.0284 -29.3861 10.6384225828
-9.5768 -30.2262 11.5274144542
1.9132 -31.1542 0.854304354431
2.764 -31.0769 1.05548317845
1.7115 -30.9976 14.1799288196
-12.4572 -30.4334 3.55199034346
-9.4518 -32.3266 3.46209134773
-5.9981 -32.5675 9.16032445386
-15.0092 -30.9208 3.77830720958
-11.2316 -30.9939 2.64594672093
-8.5954 -30.767 1.91138884846
-6.8391 -31.5212 4.10745660476
-2.8117 -32.3282 1.59090585517
-1.2505 -32.6342 1.29341085893
0.0429 -32.6289 1.36838929037
1.3683 -32.9692 1.29582246083
2.6627 -32.9085 0.325085419544
2.9569 -32.7702 0.723567197985
3.6176 -32.4752 3.57228189957
6.6585 -30.6006 0.36710659215
7.0135 -30.6941 0.642496412441
7.6527 -30.6291 0.506012845687
8.0759 -30.3517 0.264177553929
8.2232 -30.1324 0.0799372253709
8.2932 -30.0938 2.65081867543
9.6354 -32.3797 0.730231045629
10.1391 -32.9084 0.341800307197
10.4807 -32.9201 1.69401880155
12.1726 -33.0048 3.89493197116
16.0667 -33.0853 0.509290997368
16.5213 -33.3149 2.09675867233
17.6991 -31.5802 8.09230713826
20.758 -24.0883 0.500567218263
21.0625 -23.691 0.49151520831
21.3713 -23.3086 1.17512270423
20.2789 -23.7417 11.1103673697
11.1479 -30.0714 0.572156455875
11.7194 -30.0988 7.01229509077
18.2006 -32.7758 3.42082541209
23.6114 -32.1046 5.79185119284
20.6344 -27.1364 2.09799198521
20.105 -29.1665 1.20925298015
19.5036 -28.1174 0.589874198453
20.0645 -28.3 6.55890406242
26.2062 -30.6019 1.31144962923
26.7219 -31.8077 0.359423218504
27.0776 -31.8593 1.2598341875
26.0059 -32.5216 3.30913412391
22.8122 -31.6552 1.47028096635
21.3676 -31.3816 2.25377028554
20.6627 -29.2409 0.640200124961
20.5055 -28.6203 1.3295118277
20.9406 -27.364 1.7883766941
20.0998 -25.7856 1.87769430153
20.2143 -23.9114 7.411848086
26.7752 -20.4632 3.37918032961
24.7291 -23.1525 2.42821846011
23.9624 -20.8485 1.29557850013
22.7483 -21.3007 2.66654297734
21.7379 -23.7684 3.03504944441
20.5747 -26.5717 1.62116344642
20.2993 -24.9741 14.0745269494
6.2891 -23.63 0.704138693724
5.6588 -23.9439 5.72783248097
0.3826 -21.7146 1.97386221404
-1.3772 -20.8206 4.24418125909
-5.2356 -19.0526 2.6870397578
-7.7631 -18.1405 0.301879744269
-7.6198 -18.4062 9.20881534401
-12.6046 -10.6632 1.55143228341
-13.8653 -11.5674 5.75513184037
-16.1896 -16.8323 3.51418935176
-15.763 -13.3441 1.36734763685
-15.8946 -11.9831 1.42900482854
-17.3124 -11.8045 1.3540361332
-17.3316 -13.1584 0.599765987699
-17.8934 -12.9484 1.04277313448
-18.0329 -11.915 2.58499169244
-26.9107 -11.0019 0.337269536128
-26.5992 -10.8726 0.256916192561
-26.5225 -10.6274 9.80789506316
-29.0899 -1.1615 0.675109487417
-29.7458 -1.0016 1.10113124104
-28.6458 -0.9517 16.7297015066
-12.1049 -3.458 2.020482383
-10.1114 -3.1289 3.02364341813
-7.243 -4.0853 0.0476413685782
-7.2207 -4.1274 1.20174327125
-7.6107 -2.9907 0.629962102035
-7.3086 -3.5435 0.770808854386
-7.6063 -4.2545 0.81347369349
-8.3412 -4.6033 4.48708088293
-12.6778 -5.7556 6.54280938818
-18.4708 -8.7969 0.695327548714
8.4714 -5.6263 4.52780513825
8.4283 -1.0987 12.4967756677
18.5548 6.2241 8.87102096097
20.2681 14.9281 0.204597556193
20.1701 15.1077 1.06454988141
20.2862 14.0495 4.94521174875
23.5972 10.3763 2.11377937354
22.6672 12.2745 2.24185737727
20.4621 11.8702 1.33965634773
21.4018 12.825 0.527183241388
21.3477 13.3494 0.0
21.3477 13.3494 1.74377332529
19.9906 14.4444 3.24855780924
19.6834 17.6784 8.86087567738
11.4833 21.036 4.55809904456
9.6152 25.1937 5.39188778537
4.2235 25.2387 2.65178852852
1.8943 23.9711 11.8695507383
-0.3304 12.3119 15.2592976657
-5.5454 -2.0286 1.06311990857
-6.0299 -2.9749 2.13568024058
-8.1639 -2.8902 3.89997118579
-12.0384 -3.3352 3.83377121514
-15.8707 -3.229 3.94830696375
-19.7575 -2.5348 0.226865885492
-19.6098 -2.707 1.48610981088
-19.6152 -4.1931 0.457254086914
-16.9492 -9.5447 2.97519657166
-13.9742 -9.5105 9.73823531139
-4.4009 -11.2952 15.2203106598
-13.7536 -23.3029 0.9090566539
-14.0832 -24.1501 1.08156645658
-13.2946 -23.4099 13.1936819929
-4.6564 -13.4372 0.94731249332
-5.4524 -12.9236 1.07660927917
-4.4109 -12.6509 5.75293267299
-3.5262 -6.9664 0.1927252189
-3.6036 -6.7899 1.62215630874
-3.8389 -8.3949 17.0316326255
-8.4306 -24.7959 4.88663506413
-4.9627 -28.2387 0.697115800997
-4.3989 -28.6487 3.6358770345
-2.3023 -31.6192 3.64331161994
1.2811 -32.2772 0.493847527077
1.7358 -32.0845 0.758195865196
2.3982 -31.7156 0.441922357434
2.8213 -31.588 1.26381869744
4.0614 -31.3443 8.62383101064
10.3727 -25.4674 0.642589581304
9.8826 -25.883 9.24820141649
1.4138 -29.599 2.38828532006
1.8787 -31.9416 3.55136347478
5.3705 -32.5893 10.3805789482
11.1224 -23.948 1.27196006227
11.0036 -22.6816 0.945608528938
10.5318 -23.5011 9.8910195794
3.2782 -30.2255 0.718965270371
3.8187 -30.6996 18.5769691807
22.265 -32.8991 5.76714293216
28.0254 -32.6203 9.35443580875
37.3435 -33.444 0.368957070674
37.6669 -33.6216 0.0816541487005
37.6935 -33.6988 0.266647707659
37.7337 -33.9624 0.276320918499
37.7303 -33.6861 4.39822369258
40.0052 -29.9219 2.08670788564
40.8206 -28.0011 1.19061698291
40.8698 -26.8115 2.25070229928
40.5818 -24.5793 1.37965349635
40.4527 -23.2057 1.40742217192
40.4448 -21.7983 11.8104339878
43.355 -7.0171 6.62958539051
43.2407 -0.3885 1.03620607989
43.6187 -1.3533 0.908018221183
42.8622 -0.8511 22.1753333887
24.5071 11.5922 1.45339738888
5.2752 5.2927 0.907985600106
5.0579 6.1743 14.1141037902
4.6165 20.2815 6.05650262528
9.3871 24.0128 4.17568635436
13.2553 25.5855 3.11809450145
16.1809 26.6641 3.58560835145
19.5759 27.8176 3.48784971723
22.313 29.9794 1.28998451541
21.0576 30.2761 0.618358035445
21.6741 30.324 1.85925037045
23.5156 30.0677 2.11270717801
25.5805 30.5146 1.23017189856
26.8052 30.6305 2.42194659107
29.1475 31.2465 1.38391948465
30.5192 31.43 2.69878766857
32.708 29.8512 4.52932939959
35.952 33.0121 2.30567311213
38.2113 32.552 0.959984400915
38.9119 31.8957 3.2822601786
40.6777 29.1289 3.1895036871
40.7616 25.9405 0.752739430348
40.4732 25.2452 0.601508079746
40.3823 24.6506 0.285754055089
40.2896 24.3803 0.108632683848
40.2451 24.2812 0.170321607555
40.1843 24.1221 0.887656915706
40.9717 23.7123 1.11112022752
40.9317 22.6019 0.875437193635
40.5919 21.7951 0.248690269211
40.4637 21.582 4.33623878609
41.5728 17.39 1.29809722286
42.0382 16.1782 0.22633824246
41.8124 16.1626 0.207665355801
41.9713 16.2963 1.06136964814
42.0901 17.351 1.15876734507
40.9325 17.403 0.4703630619
41.0154 17.866 1.13543456438
40.8368 16.7447 8.86853486885
0.0 0.0 2.12306414646
2.1051 -0.2756 1.03262935267
3.0998 -0.5529 1.17208486467
1.9816 -0.2016 3.00999275913
-0.6605 1.2404 1.86305096549
-2.5136 1.4327 0.797730092199
-3.2759 1.6678 2.12093078624
-4.0531 3.6412 3.078882216
-6.4718 5.5463 3.38963408792
-9.5823 4.1993 1.24528130958
-10.605 4.9098 0.494424766774
-18.496 0.6238 1.65191857245
-18.1784 2.2449 3.06811009744
-17.4793 5.2323 1.58600005044
-26.3684 32.3227 0.496293985456
-25.8968 32.1681 0.814686909187
-26.6188 32.5455 1.05400989085
-26.2034 31.5768 12.9438017479
-19.9946 20.2193 3.21571812819
-17.7944 17.8741 0.373285748456
-17.5119 18.1181 0.296077017007
-17.2163 18.1349 0.262770850743
-16.9989 17.9873 0.392479145943
-16.8857 18.3631 0.471807185193
-16.8456 18.8332 0.73008523475
-16.6454 19.5353 0.42547902416
-16.9808 19.7971 0.670594639108
-17.5687 20.1197 1.03741093594
-16.7163 19.5284 0.495517204545
-16.5664 20.0007 10.4688041003
-11.0187 28.8787 5.00059111006
-7.4864 32.4183 4.02037382466
-3.5724 33.337 10.6143430225
4.4422 26.3778 0.930922950625
3.7695 25.7343 6.10856225637
3.8985 19.6271 6.30985514335
8.4533 15.2604 1.91964282094
8.1467 13.3654 0.0837210845606
8.0698 13.3985 0.489686563018
8.186 12.9228 1.55657075008
9.7079 12.5961 5.79153733045
14.0816 16.3925 2.63379691131
16.688 16.7714 0.593171964948
17.2213 16.5117 1.95724344168
18.6746 15.2007 1.30422099354
18.682 13.8965 2.42994533272
18.9286 11.4791 1.17763644645
18.8288 10.3057 0.834013728904
19.4057 9.7034 0.704876421793
19.7458 9.086 0.981563008675
20.5395 8.5085 1.69579493159
21.6166 7.1987 3.36072029928
24.4929 5.4605 2.31843396499
26.8027 5.2606 3.24352490047
29.1054 2.9763 0.642979758624
29.747 2.9342 0.446583318094
30.0555 2.6113 0.344858594209
30.2984 2.3665 0.151253429713
30.1656 2.4389 0.212509882123
29.9842 2.3282 0.425402456504
30.3723 2.154 0.403504671596
30.7652 2.0621 0.814306686697
30.3695 1.3504 0.744336301681
30.7598 0.7166 0.655415654375
30.2636 1.1448 0.576317421219
29.7725 0.8432 0.788220812971
30.5462 0.9938 0.569793445031
29.9891 1.1134 13.0871172062
33.5225 -11.4877 0.556904246707
34.0772 -11.4382 0.889708092579
34.8032 -10.9239 0.407060548322
35.1102 -10.6566 1.18282361322
35.1273 -11.8393 2.09939856626
33.9988 -13.6096 0.659024498786
34.0436 -14.2671 0.438707157452
33.861 -14.666 0.489388209911
33.5879 -15.0721 0.595958429758
33.7096 -15.6555 0.604192560365
33.6908 -16.2594 3.52960217163
33.0023 -19.7212 1.10925387536
33.5743 -20.6716 0.774837286145
34.2292 -21.0857 0.773235830779
34.8749 -21.5111 0.415646388171
35.2273 -21.7315 2.35890907201
37.0898 -23.1791 2.66582977701
39.7556 -23.1665 1.03575470552
38.8426 -23.6556 0.373363094052
39.0446 -23.3416 1.55102709519
40.3425 -22.4924 1.10840223746
39.9241 -21.466 12.9473939934
40.0372 -8.5191 0.0
47.0 -9.16 25.8625282416
41.5944 16.1313 7.60513875284
34.522 18.9276 19.3499538617
16.8683 26.8502 1.61889267093
15.6195 27.8804 3.91548817518
11.8093 28.7823 4.49350683765
7.3964 29.6296 2.74883834556
4.8615 28.5664 3.55374114139
1.4654 29.6131 3.36208115607
-1.8829 29.9172 4.94102269981
-4.3885 25.6586 10.0445936628
-1.7173 15.9757 5.18017668135
-5.807 19.1551 2.74552622461
-8.3549 20.1779 2.968483655
-10.1204 17.7915 5.93049324509
-9.4662 11.8972 0.484144461912
-9.3993 11.4177 1.21492372189
-10.6052 11.2699 0.828112703682
-10.65 12.0968 0.733110905662
-10.3602 11.4234 0.867271543405
-10.219 10.5677 1.25494529363
-10.3303 9.3177 1.07457887565
-10.4577 8.2507 2.44368647744
-10.9391 5.8549 10.1151924747
-16.0233 -2.8897 0.589900415324
-16.024 -2.2998 5.69178083292
-17.7172 3.1343 1.05824579848
-18.7603 3.3127 1.34377397653
-20.104 3.3268 2.62184323139
-22.0848 5.0445 1.71267689013
-23.199 6.3452 3.38016617343
-24.857 9.2908 0.400557236859
-25.2551 9.2465 1.5309651335
-26.7783 9.0925 0.292843661362
-27.0412 9.2215 1.32216855582
-26.01 8.394 11.6320662812
-24.9691 -3.1914 2.06723224627
-27.0301 -3.3518 1.52309174051
-28.2714 -2.4692 1.10417303898
-27.1673 -2.4819 0.660958833816
-27.6426 -2.0226 11.7146496499
-26.5427 9.6403 1.25070902291
-27.2168 8.5868 12.3089564241
-27.3228 -3.7217 0.95702167687
-28.0608 -3.1124 2.5682347712
-30.5038 -3.9046 2.55866547247
-32.956 -4.635 1.74979146472
-34.5251 -5.4094 2.72093806802
-35.1597 -2.7635 1.21309736213
-35.2761 -1.556 0.356551216517
-35.63 -1.5994 3.41073619179
-37.0844 1.4857 0.538326387984
-37.5677 1.2486 1.9251084385
-39.269 0.3477 1.63050255136
-40.8154 0.8646 1.67499909552
-45.0973 -0.9963 0.635486286241
-45.6022 -1.3822 1.38485511878
-44.6141 -2.3525 0.395141050765
-44.84 -2.0283 0.299861367969
-45.029 -2.2611 1.32965794474
-45.9362 -1.289 0.665048336589
-45.6542 -1.8913 4.70874351075
-49.7246 -4.2586 49.9066280079
0.0 0.0 7.42946597946
-7.3457 -1.1125 1.01088342552
-6.8274 -0.2446 10.9055077186
-1.7106 9.386 14.1912539351
6.0954 21.2375 8.91781735236
-2.8214 21.1028 1.10141965209
-3.74 21.7105 0.957715166425
-2.7825 21.7308 8.9027232783
4.4379 16.5227 0.680322820432
5.1112 16.6202 2.65977188872
6.7485 14.5241 0.692757749866
7.2036 14.0018 0.408656188011
7.5958 14.1166 1.86229078825
9.2001 13.1709 5.81615933929
13.2062 8.9544 2.86440788297
15.9896 8.278 2.86531290612
18.5973 7.0906 1.47008213716
20.0363 7.3913 0.484948698318
20.5143 7.3095 1.98526585121
22.1054 6.1222 1.28624952867
23.121 5.3329 2.63902015528
25.6353 4.5312 1.83809776943
27.4063 5.0233 0.966024476916
27.2068 4.0781 12.916083178
20.6797 -7.0674 0.932507372625
19.9031 -6.5512 1.12155504992
