0.0 0.0 7.26059042916
-2.1327 6.9403 0.639540061294
-2.5162 6.4285 6.1839331966
-5.8485 1.2192 0.690618628477
-5.8613 0.5287 13.3015749913
2.5606 -9.7671 0.603130574586
2.2281 -9.2639 1.26241274154
3.0048 -10.2591 15.9917093827
8.9655 -25.0984 4.49469018732
11.7057 -28.6612 6.85718972904
16.7004 -33.3595 4.10662085053
20.7904 -32.9904 7.04071570226
27.8 -32.3292 3.87885484776
31.5167 -31.2194 5.69683914114
36.9579 -29.532 1.587426981
35.371 -29.5729 4.55915245852
34.8415 -25.0446 4.465331383
39.3065 -25.099 11.5110035184
37.2148 -29.3523 1.37435372448
37.1344 -27.9803 7.70254756882
30.6743 -23.7855 3.80327245671
27.1816 -22.2802 3.55475974153
24.0345 -20.6273 2.92765908534
21.4111 -19.3277 13.5255425754
12.2875 -9.3427 0.787207475828
12.5219 -8.5912 0.32745506562
11.104 -7.9785 0.377047742335
11.481 -7.9725 1.36222221388
12.2804 -9.0755 15.621355824
-3.2059 -11.1252 0.390330078267
-3.5753 -10.9991 1.13669958212
-2.4388 -11.0204 12.072886181
7.8687 -17.3061 0.837320088138
7.8745 -18.1434 3.46178244406
7.811 -21.6046 2.86532437431
10.0706 -23.3665 8.11911795825
15.1735 -29.6816 3.71188218024
18.1099 -31.9522 13.813623386
30.9303 -26.8089 10.7139466948
39.629 -33.0636 6.94194181768
42.1922 -26.6122 9.12075864388
35.109 -20.8662 2.91112961237
37.9401 -20.1883 11.5810751228
30.1647 -11.6055 0.644932283267
30.8093 -11.6262 1.87664665028
32.685 -11.6858 1.38577027317
32.1372 -10.4129 0.765157761511
32.0417 -10.8324 14.4915290046
17.6309 -9.3049 0.343050214983
17.9737 -9.2918 3.68457352349
14.431 -10.3044 18.3981634032
7.8804 -27.4969 0.156805739691
8.0352 -27.5219 4.27990367765
4.2445 -29.5089 3.43257667941
0.855 -30.051 2.84970950274
-1.9914 -30.1883 2.80858011814
-4.7916 -30.4051 1.43421708259
-6.2258 -30.4121 3.22396821945
-7.4236 -27.4189 3.12876477384
-8.0006 -24.3438 1.57437370722
-9.1147 -23.2314 0.798280708774
-9.62 -22.6134 2.74931753168
-10.0833 -19.9034 2.65996962389
-11.1077 -17.4486 3.25761869009
-12.5454 -14.5254 1.39281525336
-18.3509 -12.0065 0.233169895141
-18.5553 -11.8943 8.90623615508
-17.4186 -3.0609 0.396355017629
-17.4817 -2.6696 0.555908499665
-16.9966 -2.3981 2.87353693208
-14.1917 -1.7738 0.233582747651
-14.302 -1.5679 0.939861181239
-14.834 -0.7931 8.69375276506
-17.5473 7.4664 0.370212655105
-17.1819 7.5259 0.981508211886
-16.864 8.4545 10.3119093731
9.4917 10.0172 0.805442946459
8.872 10.5317 1.3292105928
8.0284 9.5045 7.04275246335
5.5533 16.098 0.231711717442
5.3619 16.2286 1.02460584617
5.5994 15.2319 2.18630929422
3.7457 14.0727 4.93787874497
8.6082 13.2132 4.6245986215
4.1322 14.3761 0.533509306386
4.0335 13.8518 0.875133932607
3.4451 14.4996 0.827954358645
4.144 14.0557 0.965521563716
3.6457 14.8827 13.0616498655
-3.5723 25.7688 1.38663621761
-4.6559 26.634 2.92221197896
-7.313 27.8502 2.21021440815
-8.3408 29.8069 3.30458895023
-10.1051 32.6011 2.93364482683
-13.0385 32.639 2.57829377884
-15.479 33.4706 3.21793327774
-18.6427 32.8823 2.04619164547
-20.5539 33.6132 3.07114993773
-23.4102 32.4847 2.2672133777
-25.6161 33.0084 1.05122654552
-26.667 33.0346 8.69311120831
-35.3368 33.6708 11.4389445864
-46.7349 32.705 3.08349630452
-48.5314 30.1989 1.6944826054
-43.8818 18.9678 0.715744228059
-43.2702 19.3396 0.390192580657
-43.1746 19.7179 0.402210119216
-42.7809 19.8002 0.109048246203
-42.8253 19.8998 1.20233407171
-41.6362 19.7219 10.2904799849
-35.5676 11.4113 16.1895181117
-26.1563 -1.7617 20.9468851348
-14.0981 -18.8898 0.809165619635
-13.4049 -18.4724 1.3762424532
-12.0601 -18.1799 0.524433141592
-11.5427 -18.2655 1.42297228715
-10.1769 -17.8662 0.664928582631
-9.514 -17.8143 3.81896850079
-5.7511 -17.1623 4.10054074605
-1.7056 -16.4927 1.33434212255
-0.4253 -16.1168 3.75634829322
1.7442 -13.0503 4.46957002071
5.6651 -15.1959 2.74971679269
7.0213 -17.5879 3.35362492834
8.2409 -20.7119 0.745292298364
8.494 -21.4129 2.08851382567
8.3662 -23.4975 13.9198309476
-0.7694 -34.0 15.1528212462
-10.142 -22.0936 0.632197010433
-9.5575 -21.8527 1.7687303695
-7.8809 -22.4161 0.506026026999
-7.5012 -22.7506 0.942781549459
-6.5585 -22.7382 1.40927750284
-5.6577 -23.822 0.64206119646
-5.2014 -24.2737 0.736503374059
-5.0605 -24.9966 1.46743096601
-3.9197 -25.9196 2.12357035438
-1.9348 -26.6744 5.33343463445
-0.9774 -31.9212 2.27968050612
1.2971 -32.0748 3.43264927571
4.7264 -31.9232 0.858897956686
5.3681 -31.3523 0.666932058009
6.0332 -31.4017 1.03755008554
7.0669 -31.491 1.12137067021
8.0462 -30.9447 1.39955351809
6.7235 -31.4021 15.4086102923
6.319 -15.9988 9.40438006941
8.5558 -25.1333 1.15159320074
9.7069 -25.167 1.27132611473
8.4597 -25.4135 0.43614512493
8.3613 -24.9886 1.569786718
11.4348 -34.0 9.78861586232
16.5193 -25.6355 1.06438228565
15.5251 -25.2554 9.91867959811
6.0735 -22.2475 0.215826087394
5.9476 -22.0722 2.98971389936
5.2994 -19.1536 2.75573710285
4.6201 -16.4829 22.4035848098
0.8448 5.6003 27.6827679839
-14.5313 28.6201 7.63859922826
-22.0334 30.0577 13.9354911826
-35.9649 29.7242 9.10732981285
-44.5845 26.7838 4.17197283309
-48.2881 24.8632 3.55136448284
-50.8141 22.3669 1.80172446839
-50.8686 20.566 1.45052218528
-49.5221 20.0266 6.12366447481
0.0 0.0 7.07032836932
-1.2935 -6.951 0.678551530836
-1.7558 -6.4543 8.82588986392
-7.6791 0.0887 1.01430315981
-6.8414 0.6606 9.42670594269
-0.0296 7.1769 0.550514886266
0.4162 7.4999 9.0771585207
-5.9722 1.0514 0.376959732598
-6.3372 0.9572 1.13842586496
-5.4099 0.2968 0.77301941114
-5.7473 0.9923 10.0568130762
-10.6175 9.7912 1.10093544316
-9.5172 9.7538 9.88552937682
0.1219 11.9473 8.65749673058
-8.4773 10.9443 0.693755590968
-7.9744 11.4222 7.65156988075
-0.4594 12.8614 16.668385321
5.5017 28.4274 6.84902904432
10.3655 33.2495 4.93686913337
15.2255 32.3817 4.85023497163
20.0717 32.5795 4.9340776747
25.0052 32.655 8.96116465254
33.9009 31.5738 4.87560636332
38.5599 30.1367 3.49252546591
39.9632 26.9385 10.7844139039
48.1142 34.0 8.0380956955
47.8738 25.9655 2.11861285279
46.3421 19.7752 9.12784667926
37.3283 18.3368 3.5766964772
33.9928 19.628 1.92436256979
32.2157 20.3663 20.0668435983
14.6169 30.0079 0.469383638403
14.2833 30.3381 0.914050201028
13.3709 30.393 4.78130332964
8.6181 30.9143 4.98206502567
3.6367 30.8329 2.13328038476
1.5333 30.4771 4.51421124007
-2.9793 30.3565 2.09359421331
-5.059 30.1157 3.72713028079
-8.3443 28.3555 3.23804491167
-10.5769 30.7008 2.61202129011
-11.996 32.8937 3.83005420327
-15.7856 32.3385 2.97623147789
-18.5321 33.4851 4.00167916005
-22.412 32.5054 1.56104757134
-32.206 27.5653 0.942758251091
-33.0836 27.9097 0.454600098988
-32.8551 28.3027 3.94165106776
-29.2886 26.6244 12.5150303236
-23.4182 15.5716 1.229421917
-22.7445 14.5432 16.355951798
-12.7394 1.6043 0.108275297275
-12.6399 1.647 12.016694992
-2.2386 7.6648 0.586568120511
-2.2016 7.0794 10.888689547
-7.3462 -2.5173 16.7285367997
-1.7073 -18.2668 1.05370903479
-0.9936 -19.042 0.982370729409
-1.4043 -18.1496 9.22060438475
-2.9084 -9.0525 0.0380269641176
-2.9338 -9.0808 10.0755807103
-2.161 -19.1267 0.358514295391
-1.9911 -18.811 6.43459045006
1.4924 -13.4009 11.3661775914
-3.8974 -3.3939 1.29705401584
-2.665 -2.9895 2.84762333359
-0.0557 -1.8491 1.40654095568
1.1948 -1.2052 2.11520278224
3.0528 -0.1943 1.63022599967
4.1519 1.0097 9.25288616865
6.6053 9.9314 27.5363070363
23.9235 31.34 12.7190417752
36.5907 32.4872 8.54083260227
41.8972 25.7949 4.87211434698
40.6362 21.0888 1.15832066372
39.7088 21.7828 0.806109483879
40.0995 21.0777 15.7298846811
31.1993 8.1079 16.0060016369
35.3747 -7.3439 1.31980971735
36.6887 -7.4676 0.366864825242
36.7633 -7.1084 1.24712508595
35.9616 -8.0637 0.530460903366
36.487 -8.1368 0.571251477022
15.8235 -20.3005 6.63333111642
9.8808 -17.3534 5.55638027226
4.325 -17.2731 4.79103099134
-0.452 -16.9067 4.90598220339
-4.4677 -19.725 2.29641112391
-6.6995 -20.2659 3.38088705076
-7.2918 -16.9373 3.21059862642
-8.9295 -14.1758 1.46129559296
-9.619 -12.8874 16.5577217288
-8.7692 3.6485 15.8490153969
-11.0756 19.3288 12.7448441097
-16.4769 30.8725 2.76988440373
-18.9225 32.173 2.70307200422
-21.617 31.9579 1.72862470768
-23.3253 31.6936 2.41561819831
-25.5455 32.6454 4.58092027872
-30.1067 32.2208 13.7794363139
-43.8859 32.1401 3.17986551445
-45.9324 29.7063 2.06739861662
-47.0122 27.9433 3.64319273166
-49.547 25.3265 2.07244850599
-50.9361 23.7885 0.872116351183
-50.5714 22.9963 2.3588500461
-50.6569 20.639 1.23262736056
-51.1908 21.75 0.426552622779
-50.7775 21.8555 20.9734987878
-29.9377 19.4911 0.710640063605
-30.6184 19.6952 10.0941970468
-39.5695 24.3611 0.461049682789
-39.4786 24.8131 11.2953614595
-28.3441 22.9136 0.384271375463
-28.2186 23.2768 0.108243106016
-28.1127 23.2544 10.6562144817
-38.0005 27.2276 0.315276339106
-37.9464 27.5382 1.51509545574
-38.9194 12.419 0.855707660361
-39.6476 12.8684 0.0666244699791
-39.5995 12.9145 1.32460109089
-38.8677 11.8104 9.38325774185
-42.5753 3.1907 0.598063316046
-42.969 2.7405 1.04670925285
-42.0785 2.1904 14.6661730267
-27.4175 2.5799 1.7034732754
-26.4081 3.9521 11.3438977503
-18.0565 11.629 3.11297815604
-15.0493 12.4336 1.33356631631
-14.4647 11.235 1.00007700703
-13.9268 12.0781 15.0475610389
-6.8637 25.365 0.94217022878
-6.5672 26.2593 1.15709906663
-6.9137 25.1553 12.8401103625
-8.9871 12.4837 0.558310352761
-9.3248 12.0391 1.28779142721
-9.0048 13.2865 11.9935846072
-5.0326 24.6032 1.02734551637
-4.131 25.0957 1.29794088078
-4.4068 23.8274 9.44853754028
-6.5051 14.6148 0.604328470287
-6.0732 15.0375 8.61061278772
-4.0465 23.4062 0.784160621302
-3.4633 22.882 2.80149964305
-1.1046 21.3704 3.84174080984
2.7087 21.837 3.49157984299
6.1931 22.0608 2.07011768989
8.2618 21.9842 0.752652409815
8.1952 22.7339 0.214111933343
8.1698 22.9465 0.153669938505
8.1459 23.0983 0.349820639757
8.1497 23.4481 1.80961949868
9.8714 24.0053 1.32030006059
11.1917 24.0057 3.79632070563
14.8656 23.0494 5.47563610917
19.8978 20.8908 1.76401630661
21.6335 20.576 0.648136937691
22.1653 20.2055 0.416378253515
22.5311 20.0066 0.437485371184
22.9579 20.1027 0.466949515472
23.3915 20.276 0.875503289543
24.267 20.2736 1.20964836626
25.4196 19.9065 3.9312145973
27.0635 23.4775 2.12542619961
27.1893 25.5992 0.437053463549
27.6255 25.6265 0.453185668352
27.2061 25.7982 10.1053101625
21.3029 34.0 7.38960056904
23.753 27.0284 0.700603489857
24.4439 26.9122 0.91349225503
24.205 27.7939 2.49450577069
26.663 28.2191 0.672569357018
26.9615 27.6164 1.43134411306
26.4494 28.953 0.25837105101
26.5968 29.1652 0.382387146751
26.2645 28.976 1.47069570612
25.84 27.5679 3.07123863286
28.3807 25.8424 0.246591037956
28.1342 25.8491 4.0460418547
31.5305 28.0481 3.05281858125
33.9528 29.9061 1.04913279426
34.8887 30.3802 2.21078504156
37.0992 30.3447 1.30401083201
35.8029 30.2031 5.75229091059
36.6085 24.5075 0.640805969073
36.4762 25.1345 1.93109840505
36.138 22.6455 0.799003911129
35.6566 22.0078 2.96492449314
32.7339 21.5092 17.8100986864
17.6608 30.9961 0.25770007761
17.9071 30.9203 0.57596805467
17.3355 30.8495 3.28592411964
14.1949 31.8159 2.14005817678
12.0557 31.7553 2.53526162752
9.5273 31.5689 2.72429177035
7.3759 33.2402 2.54021664627
4.9378 32.5272 3.50458479424
1.6351 33.6995 2.11139520223
-0.4686 33.5194 1.1303920205
-1.54 33.8798 0.308552264617
-1.8311 33.7775 0.914945353559
-3.3858 34.0 10.0488365575
-10.1738 26.5904 0.48370342153
-9.7108 26.4504 3.27352588656
-6.4926 25.8511 10.6540090501
-3.1686 15.7289 15.3416929956
0.498 0.8318 12.62707218
-5.222 -10.4254 7.06984019197
1.6277 -8.6749 0.897222112969
1.5893 -7.7785 1.04280554275
1.5859 -8.8213 18.7670164731
5.5448 -27.166 0.637920747429
5.1736 -27.6848 1.12878287106
6.291 -27.5249 1.30431807854
5.2992 -26.6778 11.8063842141
-5.3058 -21.4889 0.352061315682
-4.9724 -21.602 0.432409551236
-4.6543 -21.8949 3.23229038918
-5.7233 -18.8445 3.75572333512
-4.0857 -22.2244 1.14670587772
-3.1406 -22.8738 2.05710353896
-1.991 -24.5797 1.23393354764
-0.8622 -25.0781 4.01042282185
0.3542 -28.8996 4.29466720713
2.3911 -32.6805 0.293839207731
2.5879 -32.8987 0.345505325574
2.8432 -33.1315 0.29143687138
2.7069 -32.8739 14.3815619976
14.6051 -24.7954 2.01619485665
16.577 -25.2157 0.475119574423
17.0464 -25.1422 0.814015392975
17.8509 -25.2663 1.09258867832
16.9158 -24.7012 0.591721708238
17.0315 -25.2815 0.601957016738
17.2262 -25.8511 16.3003969038
15.2643 -9.6692 2.60899186085
12.7061 -10.1815 1.03553546535
12.4852 -9.1698 18.3299201812
8.4881 8.719 18.5944894324
-1.5394 24.378 2.58961350398
-3.2403 26.3307 3.77042411408
-6.2973 28.5377 2.13258309334
-7.9576 29.8761 2.74703730226
-10.6791 30.2498 2.45173311149
-12.8822 31.3256 0.481825943677
-12.8232 31.8038 4.26379654885
-16.9881 30.8908 2.99937224265
-19.5269 32.4879 1.97711568958
-21.4398 31.9881 3.94862011341
-25.3774 32.2829 2.699802002
-28.0601 31.9795 3.74960320167
-31.8097 31.9844 3.37121553894
-35.1236 31.3654 5.70837792109
-40.7593 30.4574 7.73387698376
-48.2279 28.4492 2.13745802532
-49.9788 27.2232 2.86969716172
-50.0936 24.3558 11.6164943223
-38.9781 20.9811 0.504805160433
-39.1146 21.4671 5.12054510477
-43.8197 23.4875 4.90846378616
-48.6902 22.8782 2.00092149021
-50.6057 22.2998 0.644079513725
-51.0958 22.7177 1.35532240076
-49.9298 22.0268 12.9961151907
-40.5087 13.0746 0.67530091811
-41.0725 12.7029 2.82383937928
-42.8997 14.8559 0.397403887751
-42.9216 15.2527 2.91719719251
-43.3611 18.1366 0.854238403492
-44.214 18.1844 2.66200760705
-46.7383 19.0295 2.67604273695
-49.4111 19.1612 1.80779065436
-50.3607 17.6229 0.65917342938
-50.9888 17.4229 0.963080474311
-50.7492 18.3557 0.847769149002
-49.9019 18.3839 13.3635627574
-36.6513 20.1178 0.643107782568
-36.7314 20.7559 10.2702626743
-46.6386 18.0493 1.42064509995
-47.8751 18.7488 0.980114916732
-46.9012 18.859 0.67784393484
-46.5378 18.2868 1.27532446852
-47.5533 19.0583 2.13469160536
-31.5983 33.1705 0.327246161169
-31.8802 33.0043 0.76396591547
-31.1208 32.9209 2.739651038
-32.1874 30.3974 0.880797212757
-31.7817 29.6156 1.06309789766
-31.35 30.5871 0.240452905992
-31.2812 30.8175 1.01583751161
-31.1585 29.8091 9.79740373619
-25.7691 21.6272 7.79198679221
-21.7607 14.9453 2.70139820278
-19.3467 13.7328 15.3169462351
-11.8458 0.3782 1.11931930208
-11.0141 -0.3709 11.7609557371
-0.1604 4.1587 0.294853268593
-0.1202 3.8666 1.28753439177
-0.1718 5.1531 0.918568211947
-0.4284 4.2711 8.72669078002
-4.8585 -3.2475 18.3258907478
1.4738 -20.4446 13.5795485175
-2.9647 -7.6109 0.245751093589
-3.0943 -7.8197 0.225813750688
-3.2014 -7.6209 0.421327010765
-3.2308 -7.2006 9.22854258754
-5.6058 1.7171 0.805904194058
-5.6084 0.9112 1.43686070306
-4.1726 0.9664 11.1136740172
1.9228 -8.3266 0.263286459963
1.9038 -8.064 14.8713373309
1.3883 6.7984 9.2724451279
-7.5834 9.1408 0.695342829114
-7.468 9.8265 18.8691846196
2.5231 25.8335 0.703573201593
1.8713 25.5686 4.42442072593
4.8543 28.8362 2.8062209072
7.4796 29.8275 0.314364183711
7.7896 29.7753 0.866038480669
8.6533 29.8389 1.25598410818
9.8411 29.4307 1.55650971728
11.3338 28.9896 0.700019578298
11.9809 29.2566 4.65612921749
14.4332 25.2986 0.45760158435
14.6827 24.915 0.874369927433
15.5341 24.7159 1.79241723937
17.3001 25.0225 6.88358059225
22.248 20.2369 0.675710144959
22.7542 20.6845 1.44265967227
23.8309 21.6447 3.9448957857
24.3835 25.5507 7.91094844693
31.3873 29.229 5.11478602094
36.4925 29.542 3.68367838444
39.2163 27.062 0.700322304371
39.4 26.3862 1.87653250705
40.1241 24.655 0.989646260034
41.1097 24.5656 3.37155971325
43.0084 21.7795 1.45451218627
44.1942 21.8105 15.1980801959
35.0734 9.6535 0.472400042337
34.6028 9.6123 1.19839201015
35.7938 9.4794 7.8128344978
37.7718 17.0377 1.1463838973
37.2466 16.0187 11.1143115491
30.6602 7.0662 1.27215361494
31.7711 6.4463 0.989033963016
31.4584 7.3846 3.45132178882
33.2156 10.3551 1.59192083346
32.5781 11.8138 0.257443683162
32.8296 11.7588 4.62291354235
35.3085 15.6609 1.46835301273
35.8049 17.0428 0.448511460277
36.2182 16.8686 1.42596774858
37.6441 16.8547 5.19947548605
42.7339 15.7924 3.3212264858
40.4768 13.356 1.18117206621
40.4341 12.1756 7.67201188737
41.0797 4.5308 1.3264025671
0.0 0.0 4.29662832579
3.3664 2.6699 8.53278989428
0.1361 -5.2278 5.27549925315
-2.652 -0.4935 13.7172648593
-11.6461 9.8636 0.656822814768
-10.9911 9.9125 2.0414685327
-8.9987 9.4676 0.239947494257
-8.8169 9.6242 1.41959459706
-7.621 10.3891 0.743679453797
-7.9943 9.7459 9.66276785605
-12.3901 1.1409 0.603993584403
-12.0577 0.6366 0.477424517594
-11.6661 0.3635 2.36736547664
-9.302 0.2392 12.2634732307
0.2292 -7.4776 17.6036493867
5.0179 -24.4174 0.805785436701
5.6643 -24.8985 2.97198112544
7.3453 -27.3494 4.71451288682
11.3279 -29.8724 2.36147711613
12.4188 -31.9668 0.900175371803
12.9525 -31.2419 9.354821761
14.1818 -21.9682 13.6127537218
17.0563 -8.6624 17.7154230446
16.7457 9.0503 1.09653693508
17.3964 9.9329 2.9647186848
19.9802 8.4791 1.36179082828
21.2851 8.8686 0.414018417465
21.6129 8.6157 0.873130837847
22.419 8.2802 0.914967371003
23.3338 8.2627 0.510675797351
23.8282 8.1348 1.5153802856
23.0061 6.8618 0.474170359681
23.4449 6.6821 2.5388709341
25.9128 6.086 0.883663674709
25.851 5.2045 7.13802620127
24.9793 -1.8801 0.746024429895
25.6355 -2.235 0.659213053572
26.0927 -1.7601 1.55815809532
27.6134 -1.4205 9.23101919942
25.7399 -10.4594 0.693831679876
25.7103 -9.7662 14.1255596494
26.9853 4.3017 0.266756668145
27.1159 4.0691 0.426270864592
27.3625 4.4168 9.28706983822
25.8758 -4.7505 0.441449668705
25.7924 -4.317 6.5421239976
29.7836 0.8666 1.16049152517
30.9273 1.0633 1.24041348348
0.0 0.0 2.00807442591
1.7627 0.9619 5.56708199509
-2.231 4.8404 6.14396526195
0.2365 10.4671 0.32078729713
0.4158 10.2011 3.93840699903
0.8083 6.2823 0.611208376906
0.6131 6.8615 0.43329321481
0.4241 7.2514 1.79901915776
-0.2107 8.9347 2.74804566374
-2.3888 10.6103 7.76485705986
-9.6184 7.7773 1.93417275857
-11.3949 7.0124 3.30623731756
-14.5495 6.0226 4.06878467481
-18.2807 4.3999 3.29038977174
-21.5701 4.4806 2.36311327278
-23.7016 3.4603 1.73419068156
-25.432 3.3457 1.26000311111
-26.692 3.3429 1.18991321112
-27.8816 3.3156 2.77645209755
-30.6551 3.4436 1.64992521043
-32.4542 2.6408 12.501759577
-42.6258 9.9094 14.6944684667
-28.3362 13.335 0.465096226603
-27.8727 13.2965 9.14757514372
-30.5812 22.0339 0.646846666529
-29.9443 22.1469 0.160563569965
-30.0898 22.079 0.975980102256
-30.9968 22.4394 0.422209663556
-30.8028 22.0644 13.3984673191
-25.2991 9.8485 15.9374021704
-14.0616 -1.4528 10.377118296
-4.2214 1.8419 7.55844768454
-10.4228 -2.4793 4.07847925703
-9.1976 -6.3694 0.603807063556
-9.4552 -5.8233 0.644243261509
-8.9605 -6.236 0.614091491555
-8.3465 -6.2254 2.08682253438
-6.9638 -7.7884 0.156807047036
-6.9824 -7.6327 0.830248788015
-7.7805 -7.8615 6.11326807035
-12.8258 -11.3136 0.457039713811
-12.5607 -11.6859 10.1927327842
-7.2151 -3.0074 11.2071160898
-1.3398 6.5362 1.11313560719
-2.447 6.4214 8.5177470378
-10.5114 9.1632 1.78264382589
-26.4878 17.0172 7.82668233481
-34.0837 15.1306 2.15565886448
-36.227 14.9001 8.27882928741
-44.4179 13.6967 1.30079768219
-43.7348 12.5897 1.50287073629
-45.169 13.0388 2.61580905458
-47.672 13.7987 0.723700504352
-47.5999 14.5188 2.100674237
-45.7308 15.4776 0.142278916217
-45.846 15.3941 0.0
-42.6285 -9.899 12.1666330799
-30.7096 -12.3417 0.62586715044
-30.5883 -12.9557 6.6686478637
-32.0755 -19.4564 0.523349796981
-31.5704 -19.5934 10.9168728361
-21.0708 -16.604 1.27014365329
-20.1527 -17.4817 14.389390132
-10.3646 -28.0291 0.329067834952
-10.0988 -28.2231 2.15818227682
-9.3245 -30.2376 3.05648500896
-6.6295 -31.6795 0.216002314802
-6.4991 -31.8517 3.50722902731
-5.6695 -28.444 1.43125366375
-4.2686 -28.7372 0.927914893727
-4.5729 -27.8606 16.1684480504
-8.2729 -12.1212 13.4318890183
-0.0385 -1.5094 0.985944095778
0.9391 -1.6374 1.13776757293
-0.1893 -1.7831 11.2542062972
-11.299 0.0146 0.536100457004
-10.8263 -0.2383 8.83649722911
-3.7201 -5.4905 9.21052354647
-11.1513 -10.9321 0.736106955544
-11.7746 -10.5405 0.887377715519
1.7509 -9.9652 1.08922510529
1.2811 -8.9825 13.1616196895
8.3412 -20.0903 6.97874721852
5.9347 -26.641 11.0538222878
-4.7704 -29.3956 3.6907251591
-5.399 -25.7588 6.16030054543
0.749 -25.3697 4.03500327757
-1.3238 -28.8316 2.662322041
-3.9194 -29.4239 3.36650261547
-17.6284 -21.6167 1.25976839141
-18.881 -21.4825 6.25866485762
-14.8024 -26.2297 1.17730083241
-15.2565 -27.3159 35.8398062747
-50.4675 -34.0 5.97975787553
-44.787 -32.132 4.49012751823
-40.3018 -32.3423 1.4329445244
-39.9738 -33.7372 0.326196290598
-40.2887 -33.6521 0.627175868477
-39.9733 -33.11 7.39573569701
-43.9658 -26.8845 10.0649392373
-36.6311 -19.9921 11.6383613091
-29.6525 -10.6781 2.54880561244
-27.4416 -9.4099 0.30044675069
-27.4363 -9.7103 1.00620089942
-27.2247 -8.7266 10.3054479544
-21.1132 -0.4289 1.12375478197
-20.5741 0.5571 1.44390975133
-13.0633 0.0558 0.477279142641
-13.1986 0.5135 9.96100413111
-17.9045 9.2928 1.14721060839
-18.9802 9.6915 10.3126294814
-26.2513 2.3784 4.1515944142
-30.3946 2.1161 22.9661844791
-43.1814 21.1934 5.84796484429
-48.7695 19.4695 4.08134278026
-50.4878 15.7675 0.611965399349
-49.8764 15.7412 5.30557482748
-49.3401 10.4628 0.18066214324
-49.3686 10.6412 0.945060611813
-49.3126 11.5846 0.264301891783
-49.1219 11.4016 1.52223820081
-41.2126 4.7647 1.04708251824
-41.8102 3.9049 0.984574761001
-41.5063 4.8414 17.2763074368
-33.2631 20.0243 13.9076972878
-23.5822 30.0095 1.09764173572
-22.5115 30.2512 7.05460762339
-15.5829 31.5786 2.37663689275
-13.2463 32.013 1.68303123263
-11.5825 31.7593 0.963024568742
-10.6289 31.8937 0.985754315233
-9.6603 32.0768 2.35868660275
-7.3135 32.3133 3.76392806121
-3.5613 32.6102 5.33303313697
1.7717 32.5914 3.15744454266
4.8269 31.7944 2.47009976317
7.2969 31.7722 0.54080497409
7.7468 31.4721 0.410820666471
8.0837 31.237 0.657577158971
8.4261 30.6756 11.8651059131
-1.5616 24.2704 1.14466320374
-1.264 23.1651 6.08072942417
-0.4552 17.1384 0.203480834478
-0.4291 17.3402 0.481849146518
-0.4083 17.8216 1.68591393612
-1.4861 16.5252 20.9640103058
-11.809 -1.7211 0.452381973558
-12.1947 -1.9575 0.563270316988
-11.6419 -2.0656 2.71563155086
-8.9995 -1.4392 0.860165053929
-8.1609 -1.6306 2.77415223987
-5.5242 -2.493 1.7596405542
-4.927 -0.8378 6.52293367205
-2.4125 5.181 0.87989355038
-2.562 4.3139 0.97826610388
-1.7916 4.9168 1.44009158737
-0.6589 5.8061 10.4682404863
4.6659 14.8189 1.04841591461
3.8686 15.4997 12.0016750852
6.96 27.0964 5.65922864885
11.5853 30.3573 3.10167161544
14.4637 31.5128 2.91331513057
16.8098 33.24 1.11678386897
17.8784 33.5645 1.80039742835
19.6521 33.2556 0.198960523723
15.5327 34.0 10.0942575779
19.0646 24.5438 4.47208009096
18.2143 28.9343 0.482174760849
17.9458 29.3348 0.813659763046
17.7572 28.5433 0.25617706767
17.9959 28.6363 0.173965628789
18.0319 28.4661 1.59490085585
16.5664 27.8368 12.5474661079
15.0566 15.3805 9.15490128674
16.3912 24.4376 3.05184317585
16.4783 27.4882 12.515698265
4.0068 28.5391 1.42394540626
2.5924 28.3745 2.97320151352
-0.2394 29.2805 4.4660764212
-4.4416 30.7929 3.63367992124
-7.2777 28.5213 3.18483873689
-8.608 25.6276 1.34624361094
-9.7205 24.8695 5.29421529785
-10.5304 30.1014 4.96670772343
-14.9148 32.4349 0.460181616321
-15.1482 32.8315 2.06395133664
-17.1876 33.1489 1.17627714421
-18.323 32.8415 2.81611078262
-21.1017 33.299 2.34592931053
-23.4474 33.3318 1.47327385438
-24.9195 33.3906 1.79931276881
-26.7165 33.4818 3.96813260111
-30.659 33.0315 6.65237917891
-37.3085 32.8358 2.66568208345
-39.9694 32.6762 2.58374617948
-42.537 32.9646 8.65065593409
-48.7917 26.9886 2.50327028105
-50.807 25.5037 4.48989560346
-50.8363 21.0139 12.0044612915
-52.064 23.2393 0.662217260421
-51.9261 22.5916 2.24032097031
-49.9203 23.5895 9.10473257378
-42.0985 18.9295 1.00296889284
-41.2801 18.3497 9.56834626098
-35.0637 11.0758 18.3004450779
-25.3379 -4.4263 18.4544642198
-13.4187 -18.5153 0.784681368455
-14.0641 -18.9616 1.28971535619
-13.4684 -17.8177 12.9625976664
-7.7835 -6.1682 0.16703008711
-7.9498 -6.1526 12.9053468783
-9.422 -18.9737 0.471903348155
-9.2126 -18.5508 10.8926789272
-5.1121 -8.4594 0.388693503933
-5.3479 -8.7684 1.09397367427
-4.3255 -9.1576 11.4691172642
-4.3454 -20.6267 0.529711138263
-4.0137 -20.2137 4.70173149489
0.6704 -20.6205 1.02459671091
1.2765 -19.7944 7.8821240107
6.8439 -14.2148 0.353150194676
6.6764 -14.5257 6.26263847591
4.6426 -20.4489 0.451613562684
4.6391 -19.9973 1.97061150154
6.4211 -20.8386 1.54910338261
5.0359 -20.1451 6.10578919141
3.0558 -14.3693 0.27464322311
3.0959 -14.641 5.25596586842
5.5954 -19.2646 1.81856473627
5.9861 -21.0407 10.0050400504
0.8157 -29.6062 4.66967040057
5.4731 -29.2679 1.12724248057
5.8075 -30.3444 7.41307889207
8.421 -23.4073 2.06134394267
10.4263 -22.9299 10.1022809073
16.295 -31.1527 0.904768180254
17.1411 -30.8322 9.52150807435
15.2435 -21.5017 0.240045537347
15.4566 -21.3912 0.115829184578
15.5088 -21.2878 0.798666851697
16.2795 -21.4973 9.4685373823
21.2999 -29.5253 4.93537632709
24.5794 -33.2135 0.889472523465
25.4663 -33.2811 3.48903437788
28.9355 -33.6526 0.16690074895
29.0136 -33.8001 0.14298041824
29.155 -33.7789 0.223732541218
29.3394 -33.6522 0.140707675697
29.3487 -33.7926 0.105323549124
29.4539 -33.7977 1.48061373761
27.9737 -33.7627 0.429997325573
28.2466 -33.4304 0.882657725282
29.1081 -33.6225 0.200611913903
28.9256 -33.7058 0.0858676306882
34.1992 -21.8346 17.498897161
29.6203 -4.9454 1.23426490268
50.4753 -5.1382 0.210421909506
50.497 -5.3475 9.5020819324
44.8006 2.2578 5.63465383231
39.1665 2.3368 4.82061699371
34.8409 4.4646 14.4283738436
20.6828 1.685 3.06401425747
17.9472 3.0651 5.13259701321
14.1255 6.4912 5.3572549538
9.9147 9.8032 4.05459589232
6.8394 12.4456 15.5782594727
1.7876 27.182 4.68015023797
-1.9789 29.96 4.0983305406
-6.0048 29.1929 2.44923255939
-6.2965 31.6247 6.30477554319
-17.4226 20.6851 0.536594595575
-6.3004 27.9358 1.92210266375
-7.84 26.7851 11.1988582958
-18.1507 31.1559 1.3447390825
-19.1563 32.0487 3.6773973677
-22.8105 32.4611 5.03402179574
-27.6067 30.9321 3.04265581524
-30.6467 31.0592 2.18169446073
-32.8243 30.9256 2.19773252467
-34.8246 31.836 1.37141906797
-36.1897 31.7045 14.7418695209
-50.9258 31.2921 2.56921121164
-50.8078 28.7256 3.84140183917
-48.3658 25.7603 10.0151641669
-44.8498 16.3826 1.66686635637
-43.9775 17.803 2.72285387048
-45.0381 20.3108 0.676431652128
-45.5924 20.6985 3.83052954172
-49.3305 19.8621 2.26651101917
-50.2917 17.8095 3.3575391137
-51.5374 14.6916 18.3084381999
-51.7881 21.7526 1.13671441004
-50.6532 21.6884 13.9050257623
-44.1899 34.0 19.2664067965
-25.0577 31.7299 1.01310712662
-24.0446 31.7337 5.73238713016
-18.3136 31.8598 9.62210023903
-8.7785 33.1508 5.71538527485
-3.0763 33.5388 1.80258608116
-1.2776 33.6571 2.92067154264
1.4725 32.6736 2.9555710142
4.4184 32.9125 2.63479279261
7.0459 33.1084 0.174879529963
7.0232 32.935 1.29221876244
8.3055 33.0948 1.63782784504
6.9088 32.2394 8.02762378914
-1.1185 32.3115 0.282591896558
-0.8512 32.2198 0.434386026479
-0.4183 32.1839 0.907279769421
0.4384 31.8852 1.52243934855
1.909 32.2791 0.341014735752
1.9211 32.6199 0.356319210821
2.2774 32.6236 1.13605536837
3.4038 32.7714 0.530868213401
3.9279 32.8559 0.887159793949
4.7824 33.0944 0.469512225613
5.1986 33.3117 0.604239191049
5.4616 32.7677 6.69459142368
9.6428 27.5394 0.79002983488
10.3395 27.1669 1.00059394362
11.3277 27.0099 2.29041243448
13.5861 26.6283 0.647300092693
14.1482 26.3073 2.49102167795
16.1838 24.8715 6.5080181292
22.0224 21.9966 1.11272383816
22.9289 22.6419 1.51983453047
24.4441 22.5233 29.0134963026
51.3766 25.9099 0.946790584026
50.7137 25.2339 1.24886999323
50.6142 26.4788 0.991681339947
50.5724 27.4696 9.69284637297
41.654 23.6731 23.3331052363
24.6386 7.7072 3.83381786865
20.9534 8.7643 3.39084745307
17.6052 9.3004 5.20705037809
15.4262 14.0296 4.38075457998
11.4512 15.8709 0.735024421363
11.3835 16.6028 19.6415960706
-3.0223 29.9544 2.74622433534
-5.62 30.8453 1.99040720708
-7.5681 30.4371 1.52454632268
-7.9311 31.9178 3.47601735467
-11.3919 31.5929 3.62788573414
-8.6776 34.0 15.5810741944
3.2707 23.9996 0.582252050233
2.6994 23.8872 7.3065566425
-3.1597 28.2526 3.65625932614
-6.7972 28.6225 0.957484062531
-7.147 27.7312 3.1181215002
-8.5758 30.5027 7.10039179201
-15.6712 30.7689 1.75864439839
-17.2256 31.5915 2.26352353865
-19.244 32.616 0.334484020545
-19.042 32.8826 0.477518104369
-18.9447 33.3501 10.2045067519
-29.1445 33.66 1.44469117115
-28.1332 32.6283 13.9239222872
-17.9363 23.1468 11.6133071164
-26.4766 31.0165 3.87243276765
-30.3039 31.606 2.18853226615
-32.4601 31.2312 3.6974907843
-36.1348 31.6411 7.32001145354
-43.366 30.5043 5.70447221748
-48.5958 28.2261 2.72932632164
-50.2699 26.0705 4.5808940754
-45.7728 21.8217 11.0981583612
-39.6443 12.5691 0.992546673966
-40.2966 11.821 0.856547284159
-39.4401 11.812 1.1750511691
-39.8651 12.9075 1.2322597494
-39.3679 11.78 0.898992324773
-38.9147 12.5564 0.936171832518
-39.6534 13.1315 1.08595228717
-39.7168 12.0474 2.05690423939
-41.483 -0.1603 0.460476622642
-41.1594 0.1673 2.9269673606
-38.9146 2.0456 0.726747198137
-38.1889 2.0846 0.683855101611
-37.6591 1.6522 0.638302874817
-38.1851 1.2906 0.649984630588
-37.536 1.3245 0.516888788812
-37.1021 1.6054 18.5873022671
-36.0 20.16 9.66448093226
-29.5913 12.926 3.23845114214
-27.7935 10.2324 15.5149061386
-12.2975 9.4667 0.316383375037
-12.0163 9.3217 1.35456847741
-10.6637 9.2487 1.91999851042
-9.0155 10.2335 2.5271953486
-6.5103 10.5662 4.36022729683
-2.1631 10.2294 5.44072537903
3.2706 10.5058 0.832083577533
4.0254 10.1556 2.81818361538
6.8071 10.6076 0.658725413203
7.4442 10.4402 1.4826936366
8.8823 10.8011 0.616555755792
9.4617 10.5903 0.489288636696
9.9281 10.4424 1.91188034144
11.8393 10.4934 1.16159263514
12.0474 9.3506 0.947367521081
12.1865 10.2877 15.4188987392
14.6717 25.505 5.55225010694
18.3992 29.62 5.3496640717
23.4174 31.4738 10.878796746
27.9364 21.578 15.8397005998
41.7099 29.4002 0.960660798617
41.0233 28.7283 12.2089877242
31.0611 21.6704 1.29749623892
36.7838 23.7709 0.593241198839
36.1944 23.7035 0.875796015063
35.5165 24.258 4.78144269128
32.3251 27.8185 0.847682169212
33.1686 27.9026 0.945991379453
32.2349 28.0546 17.8326389522
14.4077 28.495 0.279305567435
14.1355 28.4324 4.40536568857
9.8424 29.4206 3.83745789032
6.0083 29.5811 2.08540218183
3.9232 29.5456 4.61405958024
-0.6518 30.1447 2.7445304316
-3.3953 30.2199 3.85269392763
-7.2412 30.4486 2.87026234689
-10.0857 30.8323 3.25128343428
-9.5606 27.6237 3.8895575481
-9.855 23.7453 1.25478859574
-10.5631 22.7094 3.60402317556
-12.1499 25.9453 3.81803234271
-14.3568 29.0609 2.79290500555
-15.9714 31.3398 2.22361775717
-16.1647 33.555 3.04063597459
-19.205 33.6002 2.46562065412
-21.3589 32.4002 2.87329615947
-24.231 32.4831 1.12839357052
-25.3592 32.4622 2.40681787637
-27.729 32.8827 0.476261650776
-28.19 33.0023 1.82451150997
-29.9728 33.3902 1.14044758319
-31.0858 33.6389 0.94259726819
-31.9889 33.3689 0.263127440606
-32.249 33.4087 1.15372433883
-33.4011 33.3475 1.95650251469
-35.3466 33.1403 0.355438799233
-35.0573 33.3468 4.03557056685
-39.0621 32.8494 3.74091580766
-42.8009 32.7236 0.640277564811
-42.2065 32.9616 13.3165146251
-33.2341 23.1216 0.686930404044
-33.2814 22.4363 10.2231086397
-37.0329 12.9264 0.598611936065
-36.4609 12.7499 1.36323430488
-36.4053 14.112 8.13088539459
-32.5104 21.2493 7.25412793932
-39.15 24.1713 5.70878895126
-33.662 22.599 3.13463911798
-36.7148 23.3106 4.30524318709
-32.5411 22.2545 1.44908037389
-33.9898 22.2213 6.93590729249
-39.8232 25.9734 0.731510122965
-40.5027 25.7025 0.159161207585
-40.5977 25.5748 1.37846538223
-39.2262 25.4364 7.60229992831
-31.7686 23.9602 0.977674189083
-31.8747 24.9321 9.95872971518
-41.5672 27.2194 1.38859366267
-42.2562 26.0138 1.29508478873
-43.1956 25.1223 1.69267519034
-44.7209 24.3884 1.33339860882
-46.0528 24.3252 1.63488117305
-47.4411 23.4618 9.92320043988
-40.4375 16.4319 0.662272489237
-39.8037 16.624 0.88970710349
-40.6609 16.8623 0.731977103467
-40.0107 16.5261 2.11616456118
-37.9656 15.9823 0.609816603578
-37.9611 16.5921 0.298574831491
-38.1468 16.8259 1.71533783261
-39.508 17.8697 3.00472223175
-42.1335 19.3309 3.90002844733
-42.6277 -9.902 11.6596991531
-31.048 -11.2655 2.8984947007
-28.1953 -11.7787 13.9563353632
-15.2622 -6.5333 2.61239820089
-12.7022 -6.0127 5.30653546959
-7.4592 -5.194 1.56574650566
-7.3206 -3.6344 11.2556939853
-5.6903 7.5026 15.0849853616
0.2977 21.3482 0.626919173419
0.7556 21.7764 10.5668302305
-5.1768 13.032 11.1980647136
1.727 21.8487 8.54844487495
-2.0257 14.168 3.96744228061
0.824 16.9284 1.92306216228
1.1582 18.8222 0.486812181442
1.5889 19.0491 1.43384106511
1.9295 17.6563 0.0
1.9295 17.6563 0.24298748939
1.8879 17.4169 1.01557819984
2.6967 18.0311 1.6424944353
3.7033 19.329 0.870111280239
3.1023 18.6998 1.00291553483
4.1017 18.7837 10.3994297983
2.0139 28.9714 9.75859387514
5.584 19.8893 12.2017186531
16.2825 14.0221 0.811239360485
17.0116 13.6664 0.593140556698
17.4972 13.3258 1.21748874738
18.7146 13.3111 3.40710275894
19.8382 10.0946 12.2020948365
17.713 -1.921 0.711989360876
18.2336 -2.4067 1.30801498462
18.3852 -1.1075 19.6130058739
19.2347 18.4871 2.78179542203
21.5476 20.0327 0.488459466077
22.0288 20.1166 1.9953679385
23.6949 21.2146 2.65633727151
25.4756 23.1857 0.636703235424
26.1007 23.3067 1.61390891007
27.3976 24.2673 0.866958897526
29.0036 25.0449 18.5784980246
45.2814 34.0 16.5291621784
41.3328 17.9494 0.63023110047
41.5746 18.5314 8.45200443978
44.5323 26.449 3.57199574608
42.6479 29.4835 2.05438944701
40.9807 30.6839 3.71698228137
37.4219 31.7567 4.32099019323
