0.0 0.0 6.48233685101
-2.3089 6.0572 1.25088794462
-2.0626 7.2836 16.6174192199
4.2571 22.6524 0.117957831448
4.1592 22.5866 1.45748202047
3.5582 21.2588 8.50582185153
-4.0862 17.5289 0.5618440086
-4.5207 17.1727 13.0719426609
-7.6925 4.4914 9.19251585258
-8.4298 13.6543 0.148199932524
-8.2849 13.6232 1.27769277215
-8.4258 12.3533 8.1844559807
-9.7737 4.2806 13.9346394575
1.4163 -4.0235 1.65909479235
3.7786 -23.4946 0.317098880477
3.9559 -23.2317 0.971504915067
3.7175 -24.1735 0.308581690967
4.005 -24.2856 1.84272856656
5.8279 -24.5552 0.165124104842
5.9928 -24.5466 0.442531806766
6.426 -24.4562 2.06656748499
8.2451 -25.4368 3.27430518584
11.2517 -26.7335 0.619869615322
11.7702 -27.0732 1.57303159854
13.1307 -27.8628 2.04356560942
14.9441 -28.805 2.63469422324
17.2219 -30.1291 2.78769463177
19.6329 -31.5285 2.85077095713
22.1797 -32.8094 1.07232231162
23.178 -33.2009 0.550962294536
23.7247 -33.2693 0.712538623515
24.4367 -33.297 1.66171692535
26.0984 -33.3045 0.353121919456
26.4506 -33.279 0.466236871129
26.8847 -33.4491 1.39833269646
28.2779 -33.5688 1.92103102526
30.1815 -33.3106 1.59115324529
31.6319 -32.6563 0.458432983107
32.0891 -32.6227 1.03697870759
33.1219 -32.5297 5.13032862982
38.2207 -33.0976 0.511938287296
38.5147 -32.6785 0.402296321137
38.731 -32.3393 2.52728806431
40.2146 -30.2933 0.701346683175
40.2332 -29.5922 1.8641256315
40.0218 -27.7401 0.94862266998
39.9569 -26.7937 0.359613848454
39.9693 -26.4343 9.8779012776
39.274 -16.5809 8.61023292426
40.0466 -8.0054 0.801145180351
39.8538 -7.2278 0.30821164806
39.9097 -6.9247 0.298042480194
40.0741 -6.6761 1.18070896075
40.0695 -7.8568 0.789159616301
40.8508 -7.7457 2.35676945203
42.4036 -9.5186 3.11620231692
41.8454 -12.5844 1.10867077169
42.4082 -13.5396 1.22038329225
42.1479 -12.3473 7.72989651936
40.7951 -4.7367 0.790439833257
40.0084 -4.8135 0.963031178104
40.694 -4.1372 4.86983581345
43.1398 0.0739 4.45027251413
39.2022 2.1476 0.339948657888
44.4503 -0.7551 1.02154371908
44.7152 -1.7417 0.625182373392
44.9132 -1.1487 1.22226325315
40.3276 -2.3208 0.0792417188102
40.3006 -2.2463 0.540940967204
40.5618 -1.7726 0.321647835373
40.618 -1.4559 0.0391310618307
40.657 -1.4591 1.24274586702
39.819 -2.3768 8.14732137392
34.8241 -8.8134 0.406019703955
34.4969 -9.0538 1.22957734608
35.3435 -8.1621 0.6107160142
34.8704 -8.5483 18.2865749237
20.8594 -20.2995 4.33205123815
16.5462 -19.8958 4.53315177002
12.3413 -18.2022 6.38591336067
6.5845 -15.4383 4.44696442194
2.1624 -14.9687 6.18830515489
-3.2466 -17.975 3.19981712134
-6.1806 -19.2519 2.7883040903
-8.9599 -19.4758 0.876802948216
-9.312 -18.6728 0.910612475206
-9.9782 -18.052 0.88241183129
-10.1424 -17.185 2.95939403595
-12.1933 -19.3185 2.90739907305
-15.0984 -19.2029 1.35541166071
-16.453 -19.156 1.76605313906
-18.219 -19.1697 1.85300816242
-20.072 -19.1752 1.03001663093
-21.1019 -19.1907 1.82409133543
-22.9257 -19.1581 1.16720034698
-21.7585 -19.159 0.0477670388448
-21.7198 -19.131 1.8090981676
-23.2941 -20.0223 13.2632126794
-31.4254 -30.5006 6.71958036264
-38.1098 -31.1873 12.1958200237
-50.3047 -31.3371 0.388476022426
-50.2618 -31.7232 1.02884932327
-49.648 -30.8975 2.56272394534
-50.2251 -28.4006 0.637589938754
-50.7373 -28.0209 0.855723348986
-49.9671 -28.3938 1.26186662528
-51.2074 -28.6261 1.02927576966
-50.9968 -27.6186 14.1998257458
-46.0328 -14.3147 1.44954686023
-47.2179 -13.48 0.73160654043
-47.0112 -14.1818 1.09569608925
-45.2513 -2.5848 1.00417122046
-46.1553 -2.1476 0.970396722995
-45.2367 -2.4604 0.546159802622
-45.4765 -2.9511 1.05521307801
-44.4255 -3.0453 0.544778202574
-44.709 -3.5105 0.932559515527
-43.7953 -3.6971 1.19684226195
-43.2169 -2.6493 4.42619920587
-38.9064 -1.6439 11.1113164891
-31.714 6.8255 0.654878385656
-31.4791 6.2142 0.432980022634
-31.8522 5.9945 1.32621746708
-31.5448 7.2846 0.449865335406
-31.7429 7.6885 0.685739928836
-31.486 7.0527 3.28354114334
-30.459 10.1715 2.75400352215
-27.7814 9.5273 26.940921853
-39.0464 34.0 13.6828888284
-37.9702 20.3595 0.627526517368
-37.7139 19.7867 14.0282288707
-37.5709 5.7592 14.7210208695
-24.7971 -1.5578 0.492271672961
-24.3049 -1.5662 2.84007865032
-21.4656 -1.4997 1.0071830221
-20.4586 -1.5189 0.513210921552
-20.143 -1.9236 1.68323988189
-18.7835 -2.9161 4.19461228244
-14.5891 -2.8739 0.46006269138
-14.3209 -3.2477 0.713088171266
-13.6884 -3.577 1.98993942873
-11.7061 -3.7512 1.35248203315
-10.4099 -4.1373 1.61697140358
-8.9003 -4.7167 0.180200998887
-8.7565 -4.6081 0.918147074275
-9.5063 -4.0782 7.23725880496
-13.6553 1.8517 0.772702180662
-13.6858 2.6238 1.47810032812
-12.8141 1.4301 0.0
-12.8141 1.4301 8.28756506822
-8.0231 -5.3323 0.438059813268
-7.6089 -5.1897 0.213730344125
-7.3964 -5.2126 0.320801262466
-7.1403 -5.4058 0.632474710957
-6.5202 -5.5303 0.370637572299
-6.1667 -5.6417 0.635015787205
-5.7096 -6.0825 1.56181756297
-4.3787 -6.8998 1.26310300451
-3.1269 -7.0684 1.47408133086
-2.393 -5.79 0.872548434186
-2.2636 -6.6529 18.0330811247
-5.9794 -24.299 12.3481563587
-2.2405 -12.5305 7.16964508257
-4.2899 -5.66 13.5890050327
3.9828 5.1207 10.7029101935
15.8829 3.9184 1.06629397916
14.8608 4.2222 12.9963431172
3.4069 10.3633 19.0751832896
-4.2904 27.8165 4.11657980003
-7.3621 30.5571 3.84082758921
-11.2017 30.46 0.430659320113
-11.2521 30.0323 0.467096617414
-11.2616 29.5653 1.1164827361
-12.0617 30.344 2.63071546162
-14.2317 31.8312 3.63334857397
-17.6822 32.9693 2.19962762758
-19.7475 32.2124 3.03073617624
-22.7419 31.7445 3.38471974911
-26.0232 32.5748 15.3468744665
-41.3674 32.2883 10.077366014
-48.9297 25.6276 1.9614785877
-50.4066 24.3368 3.06514532445
-51.2335 21.3853 0.222410184119
-51.2985 21.1726 0.134323378457
-51.3239 21.0407 1.10914924604
-51.6653 22.096 0.855735011554
-52.2124 21.438 11.5839266987
-51.6073 21.7573 0.139087095016
-51.7124 21.6662 0.209776357104
-51.721 21.8758 0.510361303392
-51.2615 22.0979 0.338344794551
-51.3117 21.7633 1.23881076037
-51.5046 22.987 0.970103757337
-51.9635 23.8417 0.565022141159
-51.6114 23.3998 2.64580006803
-51.6108 20.754 2.06351040947
-50.8347 18.842 2.123362628
-48.9685 17.8291 0.8774622499
-49.7501 17.4303 0.47025263423
-49.3478 17.1868 0.855637505022
-50.1055 17.5843 0.462159279903
-49.7307 17.3139 0.377618709812
-49.3749 17.4404 0.214189168727
-49.2585 17.2606 0.048488349116
-49.2119 17.2472 2.6521400604
-46.5968 17.6889 15.4016055751
-34.7145 7.8899 15.983534692
-27.0663 -6.145 0.822315474742
-26.6356 -6.8455 0.842312115549
-27.2693 -7.4004 1.14095329002
-26.3372 -6.7424 15.416926144
-11.9765 -1.1342 0.721286905468
-11.2647 -1.2508 0.483205349722
-10.7893 -1.1643 0.512909680158
-10.3108 -0.9796 0.264497277869
-10.0553 -0.9112 1.75823631233
-8.428 -0.2454 6.93709178979
-1.4919 -0.1281 3.76009038322
2.2669 -0.0296 4.1919102519
6.4585 -0.0806 0.492028332518
6.8977 0.1412 0.385900634879
7.2428 0.3139 0.585330077819
7.7925 0.515 0.761566714084
8.4944 0.8105 0.784049902749
9.2751 0.8829 0.252676433408
9.5178 0.8126 0.853733828544
9.8915 0.045 2.69657034027
11.8869 -1.7688 0.378201269168
12.0445 -2.1126 0.463014319433
11.861 -2.5377 0.816812861064
12.21 -3.2762 2.93532856083
13.4724 -5.9262 5.22241227212
14.7937 -10.9787 10.8191455046
17.8689 -21.3516 0.511696599559
18.2139 -21.7295 1.93582477771
18.864 -23.5529 3.45367343274
20.7267 -26.4612 3.92437154714
22.9407 -29.7014 0.748694523821
23.6589 -29.9129 2.71822829247
24.7121 -32.4188 0.751544682637
25.4616 -32.4742 3.30597576821
28.7673 -32.5169 0.742803910867
29.4787 -32.7306 0.558960499499
30.0365 -32.6946 1.16989917942
31.205 -32.7518 2.07057437683
33.2222 -32.2847 4.44374312601
37.5983 -33.0571 3.12430427455
39.7989 -30.8393 2.97298823577
40.3276 -27.9137 0.543080049348
40.2271 -27.38 0.33027991159
40.238 -27.0499 0.491553995
40.2538 -26.5586 0.459108712616
40.2922 -26.1011 1.42429131852
40.0198 -24.7031 2.11285431822
40.8787 -22.7727 0.456822109798
40.5837 -22.4239 0.747278268117
41.2262 -22.8055 1.3765529267
41.5022 -21.4569 4.57681342967
40.8916 -16.921 7.29984841555
40.1299 -9.661 0.814432084339
39.503 -10.1809 1.30335944773
45.6403 -2.6631 0.429814215679
45.7518 -2.248 5.69633863547
44.7129 3.3528 1.42671836043
44.2537 4.7036 10.6723530681
34.7117 9.4837 16.4152663143
22.3388 20.2713 2.7495623088
20.1863 21.9821 4.71387679198
15.4728 22.0417 4.43086338539
11.0443 21.897 3.79185358367
7.2531 21.9674 5.18659700092
3.6777 18.2101 2.97787686112
0.7051 18.0329 10.0715263337
-6.7459 11.2566 3.248420764
-8.2464 8.3755 3.02517380823
-10.5005 6.3579 2.08614225066
-12.0462 4.9569 3.36706560079
-14.5352 2.6893 2.51902238577
-17.0539 2.7296 2.15495134516
-18.525 1.1549 0.921146644134
-18.8083 2.0314 35.7243932916
-41.1724 29.8896 7.9062471502
-48.472 26.8524 3.76204770039
-50.8647 23.9493 1.81822877823
-51.2552 22.1735 0.0676026626695
-51.2558 22.1059 1.02011448867
-50.9817 23.0885 0.629771426789
-51.5875 22.9164 1.44486193458
-50.952 21.6188 0.957557982579
-50.758 22.5565 0.354066730999
-50.5102 22.3036 0.209155253341
-50.3406 22.426 10.6373720608
-51.5 33.0 11.2330647875
-46.3746 23.0044 7.22639571017
-40.9932 18.1814 6.50742396959
-35.4816 14.7218 0.627518541559
-35.6532 15.3254 1.19797002467
-35.5595 14.1311 5.58814964456
-32.5848 9.4005 1.3733268402
-31.3913 8.7211 1.48779682753
-31.5949 10.1949 1.77854752537
-30.0678 9.2832 0.504235550115
-29.6668 8.9775 0.479464743229
-29.2006 8.8655 0.741504801063
-29.9202 8.6866 2.33115592143
-30.1749 6.3694 13.7954160307
-21.326 -4.2141 3.27225405493
-18.1536 -5.0163 2.79600481044
-15.5759 -6.0994 1.38938239877
-15.1271 -7.4143 20.1813180028
-7.0608 -25.9135 4.15840480233
-3.4997 -28.0608 3.58425945629
-0.1524 -29.3424 1.12008035426
0.884 -29.7672 3.93804941183
4.8166 -29.5601 2.78311211416
7.1564 -31.0671 0.778248758431
7.6407 -31.6763 0.647425316156
7.963 -32.2378 1.17911086841
9.0792 -32.6178 1.009070171
10.0882 -32.6297 1.86216352934
11.9208 -32.9602 1.9046427329
13.8153 -33.1565 1.28992663745
15.0936 -33.3293 0.511006614439
15.6046 -33.3319 2.2226800602
17.8258 -33.413 1.16615760513
18.9874 -33.31 1.99198524342
20.9679 -33.5236 0.631359968639
21.5709 -33.3365 0.859399104026
22.419 -33.1976 0.557363579722
22.9244 -33.4326 0.222771362612
23.1422 -33.4794 0.058581311013
23.1786 -33.5253 0.156718760842
23.0317 -33.4707 0.479921097682
23.4918 -33.3342 0.364967861599
23.8553 -33.3015 0.278149060757
24.1312 -33.2662 1.64130667762
25.6692 -32.6931 0.249246103279
25.8933 -32.584 0.206827488502
25.9702 -32.392 0.110474114615
26.0615 -32.3298 1.02128439232
27.055 -32.0932 0.965394686126
27.9241 -31.6729 1.41852439528
29.2002 -31.0534 2.4861024999
31.3144 -32.3614 0.209575594953
31.2836 -32.5687 3.71506572216
34.9362 -33.2471 3.31789910938
38.1743 -32.5238 0.684748048555
38.5878 -31.978 2.63129489985
40.2191 -29.9134 1.28622304831
40.2114 -28.6272 0.506046717211
40.2272 -28.1214 1.93837696282
40.5979 -26.2188 2.2381082838
40.3929 -23.9901 1.33610637675
39.9925 -22.7154 5.90914582829
39.9386 -16.8065 0.920905603197
40.1869 -17.6933 0.346916142605
39.8928 -17.8773 1.49372361901
39.9012 -19.371 1.3977
39.9012 -20.7687 1.06165053572
40.8231 -20.2422 4.90152352233
40.7009 -15.3422 5.34710708047
41.4106 -10.0424 4.49821889752
43.3543 -5.9858 1.21352225361
42.2508 -6.4907 0.466916063121
42.1227 -6.0417 0.142623034605
42.1065 -6.1834 0.0
46.2839 -4.8511 0.797424886745
46.391 -4.0609 3.41066644074
45.3459 -0.8143 4.76723556162
44.2472 3.8246 9.04819238578
35.856 7.2095 20.6917779963
20.3924 20.9582 3.68190116652
16.7436 21.4508 4.70932215929
12.038 21.2636 3.80671024902
8.2316 21.3122 5.22084715348
3.6826 18.7502 8.93674510994
-0.6244 10.9198 0.466278082264
-1.0075 11.1856 11.0891205034
-2.8048 22.1281 1.53020140504
-4.2401 21.5976 3.13599901148
-6.9333 19.991 2.79385802252
-9.0825 21.7761 1.30338750186
-10.3652 22.0074 0.65000561536
-11.0143 22.0417 3.61996894047
-12.0795 18.582 1.33975298096
-12.8446 17.4822 1.91295320382
-14.1656 18.8658 1.22406837227
-15.3833 18.9905 2.5848440185
-17.9391 19.3769 1.90051757424
-19.5287 18.3352 1.96818622086
-21.4697 18.6612 3.46813582202
-24.9289 18.91 7.49166715825
-31.728 22.056 21.3713739614
-51.308 30.621 2.64923558975
-51.6869 27.999 3.05294444758
-50.5501 25.1656 15.4260558232
-40.6302 13.3521 27.0716853574
-34.513 -13.0194 1.56022986127
-35.9761 -13.5613 1.13034186864
-37.0504 -13.2098 0.979560192127
-36.36 -13.9047 0.81583852569
-36.7645 -13.1962 16.3470322126
-36.9955 3.1492 1.11845723208
-37.6282 4.0715 9.96950981995
-42.4021 12.8237 5.19764829995
-47.598 12.9585 1.22391848176
-47.7866 14.1678 0.221127225823
-47.9679 14.2944 0.179398690073
-48.1384 14.2386 2.43568658493
0.0 0.0 7.71864185074
-2.4211 -7.3291 0.191648010686
-2.3675 -7.5131 1.13655270005
-1.8723 -8.5361 11.9874611695
3.5277 -19.2384 0.884323000945
3.2311 -20.0715 1.26308392437
2.9405 -18.8423 15.767802508
-4.2998 -4.8351 0.345313784839
-4.5333 -5.0895 1.33983439648
-3.5443 -4.1856 1.07475769362
-4.1674 -5.0613 21.6123586933
-13.2684 -24.664 0.208432555039
-13.3121 -24.4602 7.60998016883
-12.4732 -16.8966 2.34263469837
-10.7275 -15.3344 0.125944908591
-10.6101 -15.2888 0.940057131243
-10.8572 -16.1958 0.369523165715
-10.5683 -16.4262 0.279380690099
-10.3072 -16.3268 0.354146029203
-9.9562 -16.3739 0.373253801052
-9.5906 -16.2987 0.218585932759
-9.3896 -16.2128 0.10409543698
-9.3665 -16.3143 0.973019054284
-9.8697 -17.1471 0.858985127927
-9.838 -18.0055 0.540076337197
-9.3058 -17.9136 0.33264234547
-9.1425 -17.6238 0.260462300535
-8.8844 -17.5888 0.603671640878
-8.4071 -17.2192 0.589715397459
-7.8991 -16.9197 1.58741783094
-6.5727 -16.0476 0.814119917457
-5.8195 -16.3566 0.544545112915
-5.4408 -16.7479 0.886415844849
-4.5544 -16.7532 1.54223461574
-4.5275 -15.2112 8.85869015431
-7.253 -6.7822 13.2098510529
0.043 4.23 0.153448688492
-0.1091 4.2503 6.32535353004
4.0437 9.0215 3.55704692828
5.996 11.9949 16.6677045534
9.8298 28.2157 1.01642096102
10.7984 27.9076 1.00146644976
9.9817 27.328 0.567800959844
10.5474 27.3768 3.65424873401
12.8764 30.1927 1.86067147288
13.9817 31.6895 0.404421364421
14.1857 32.0387 0.128130012097
14.158 32.1638 0.136046646412
14.0245 32.19 1.30588850979
14.7737 33.2596 2.91305635545
17.6835 33.1219 1.26569337914
18.9468 33.1997 1.19486998874
20.0763 32.8099 1.81709653293
21.8793 33.0358 0.662344094863
22.5256 33.1807 0.440378950451
22.9597 33.2548 0.81458488201
23.7715 33.1875 1.19458080514
24.9658 33.2134 1.99914498224
26.9479 32.9529 2.63632225837
29.5406 33.4305 1.45313366557
30.9927 33.4853 3.33111370265
34.3024 33.1082 4.64700406929
38.9493 33.0771 1.07738428149
39.5248 32.1663 0.569186436943
39.8214 31.6805 0.281768220351
40.0096 31.4708 0.208062490613
40.1506 31.3178 1.85129927618
40.3257 29.4748 1.23243841631
40.1843 28.2505 0.406128366406
40.1795 27.8444 1.62713160193
40.8038 26.3418 1.32501721121
40.7007 25.0208 0.603324423507
40.5047 24.4502 1.51880928691
40.1893 22.9645 5.47329550819
40.4977 17.4999 1.07073442552
40.6591 16.4414 6.46738192239
40.8773 9.9777 0.0
40.8773 9.9777 0.555128894942
41.4226 10.0817 0.0
43.9525 2.8311 0.825909268625
44.7059 2.4927 1.32735280917
43.5007 1.9365 17.7096092791
26.0566 -1.1186 1.59512538692
24.7686 -2.0596 19.5583310627
15.3596 -19.206 4.90006348632
10.464 -18.9969 1.8366366026
8.8541 -18.1129 4.5592916928
4.7076 -16.2172 3.03429049532
1.6735 -16.1832 2.68486648644
-0.0559 -14.1295 3.07171961774
-3.1124 -13.8241 2.84939823121
-5.9552 -13.6303 2.13905880471
-7.7013 -14.8659 2.39824386583
-9.7753 -13.6617 1.29903302883
-10.6908 -12.7401 1.03717404518
-11.509 -12.1027 3.43355844569
-14.4592 -10.3461 3.19930837057
-16.6998 -8.0624 1.87177972262
-18.3921 -7.2626 2.62309714841
-19.8505 -5.0823 3.3906347739
-23.1761 -4.4214 1.66513472428
-24.8363 -4.2933 1.23511690135
-25.5063 -5.3309 1.51335607509
-26.2673 -6.639 2.69007462536
-28.8866 -7.252 3.09916795447
-31.8642 -8.1115 2.63298284461
-33.9363 -9.736 1.01939600254
-34.9149 -10.0215 1.0312078452
-33.9628 -10.4176 0.747884783907
-34.7007 -10.2958 1.70442314582
-36.2742 -9.6407 1.03824228868
-35.2781 -9.3479 0.346388972111
-35.1997 -9.0105 0.717517226274
-41.2068 -5.2032 0.768113337991
-40.5537 -4.7989 8.48797410929
-32.0969 -5.5257 21.1537997885
-13.2362 4.0533 10.6831033604
-3.8583 -1.0637 1.19540001673
-3.5957 -2.2299 20.2008768216
-2.4613 -22.3989 0.368044630446
-2.4379 -22.0316 1.20063882996
-2.6347 -23.216 0.676596970138
-2.2358 -22.6695 14.8430526146
1.4208 -8.2839 1.08985248543
1.777 -7.2539 1.37922532604
1.5505 -8.6144 14.6066418375
0.4901 -23.1825 0.689548758247
1.1796 -23.1907 2.9065374675
4.0563 -22.7753 10.5509136401
9.2021 -13.5643 12.1851687493
9.8924 -1.3987 0.94341912743
10.1361 -0.4873 17.6599633309
10.673 17.1645 0.771116242858
10.1885 17.7644 11.911711456
8.1495 6.0285 0.433359550489
7.7168 6.0524 0.911591004782
8.5614 6.3954 3.499217051
10.874 3.7693 5.28284407114
16.1518 4.0001 1.01054097393
16.7223 3.166 1.21915917336
16.7026 4.385 16.8406921488
15.6963 21.1956 2.82703262096
17.0751 23.6636 3.24210091916
19.1477 21.1705 1.84375461491
20.9619 21.4993 0.511061689036
21.402 21.2395 1.71769340978
22.8712 20.3496 1.85228007601
24.7114 20.1384 1.47268165263
26.0819 20.6774 0.4173828099
26.4974 20.717 1.62989836493
27.9032 21.5418 1.43332000963
29.3136 21.2865 0.626198538804
29.8605 21.5915 0.732889691563
30.4634 21.1748 0.406984090598
30.8128 20.9661 0.389612782131
31.1462 20.7645 0.289938510723
31.3665 20.576 0.879408647899
32.0424 20.0134 0.224402428686
32.261 19.9627 0.115098436132
32.1533 19.9221 0.531700338537
32.5783 20.2416 2.28505460766
32.2303 22.5 0.925291699952
32.6155 23.3413 0.460633390019
33.0641 23.4459 0.477861318794
33.3711 23.8121 2.24215031833
33.5185 26.0494 4.12135696343
37.5556 26.8785 2.98319530202
40.3586 25.8574 0.479023934684
40.5639 25.4246 0.77010210362
40.4268 24.6668 0.351882508801
40.3321 24.3279 0.209808341112
40.3744 24.1224 0.416021273495
40.2523 23.7247 6.81493800412
39.8391 16.9223 0.807424132659
39.7474 17.7245 1.19603971924
39.8909 16.5371 8.9357865966
41.2166 7.7002 0.0
43.4868 6.5511 0.625937097479
43.8994 6.0804 7.97172407262
42.4224 -1.7533 1.0488372419
42.2994 -2.7949 10.0065687326
34.8646 -9.4923 19.6868457123
19.4985 -21.799 5.8527103371
13.6458 -21.788 0.947286957579
12.7145 -21.9613 3.00261170483
9.7609 -22.5016 2.84238419993
6.9196 -22.5801 2.88772664392
4.0365 -22.4167 3.63337436689
0.4038 -22.3467 2.10323440444
-1.6992 -22.3781 4.35651375873
-6.0549 -22.2939 1.39299293609
-7.3963 -21.9183 11.0524725636
-10.0692 -11.1939 0.60818558023
-10.5163 -11.6062 13.2851918533
-10.259 -24.8889 1.250670812
-10.8368 -23.7797 8.64192827151
-12.6573 -15.3317 0.2675940956
-12.4031 -15.4153 9.78728579587
-13.8689 -25.0922 5.58101686792
-17.9441 -28.9054 4.08550583037
-21.3683 -31.1339 0.336599539512
-21.4146 -31.4673 1.26928304566
-21.631 -30.2166 13.7259018986
-22.3357 -16.5088 0.831905439338
-23.0172 -16.0317 2.6008158047
-25.5758 -15.565 2.46554543256
-27.995 -16.0408 3.0543859743
-30.9972 -16.603 3.23068692386
-30.4884 3.1462 11.6669362255
-20.3124 -2.5605 0.851478267485
-20.4944 -1.7287 10.1201115394
-10.4538 -2.9948 9.35940355792
-1.1352 -2.1218 11.48228307
-6.6539 -12.1909 0.8851317755
-5.8694 -11.781 9.82213465037
1.6391 -5.4488 1.22072981859
2.8486 -5.2836 1.12624249609
2.1132 -6.1366 8.50628971056
-3.9568 -12.0958 0.953482176026
-4.6353 -12.7657 0.0735044216357
-4.6496 -12.8378 1.14109733152
-3.577 -13.2272 1.24710019646
-4.0057 -12.0561 4.21681369401
-6.003 -8.3423 14.8950363467
2.9919 3.5301 0.592183290882
3.2307 4.072 0.183617128831
3.0962 3.947 0.659872540723
2.8878 3.3209 0.726906280066
3.1593 3.9952 0.937892488508
2.4119 3.4286 10.8399460377
-2.5218 -6.2235 0.906583592395
-3.0468 -5.4844 12.0930012768
-8.716 5.1974 0.36819105095
-8.5161 4.8882 8.54263487807
-0.8132 8.5817 8.32233276191
-9.1334 8.3933 0.815757378146
-9.7365 8.9426 1.2225892401
-9.1738 7.8572 10.9426137723
-1.9777 -0.3864 8.81824844853
1.8992 -8.3067 0.515441955995
2.3317 -8.0263 2.44123055241
3.9486 -6.1973 7.24072938108
11.1807 -5.8439 0.876005844729
12.0567 -5.8407 0.276714762888
12.3322 -5.8666 0.297645997789
12.2355 -5.5851 0.842580969403
11.4225 -5.3638 0.612570428604
11.9078 -5.7376 1.18038733473
12.0633 -4.5675 2.16383436751
12.8919 -6.5664 0.774004353993
13.3612 -5.9509 0.410426229669
13.77 -5.9874 0.257155517149
13.988 -6.1238 1.11831051591
13.6484 -7.1893 0.77600878861
13.9976 -6.4963 0.806137264987
13.2841 -6.8715 1.67558007269
13.3384 -8.5462 0.802666805094
13.9918 -9.0124 0.930328721474
14.9031 -8.8252 1.154996658
13.7503 -8.8964 19.8969283883
-6.0545 -10.8089 10.8965979062
-6.7682 0.0643 0.426357830935
-6.979 0.4349 9.26269331944
-9.5773 -8.4559 0.760720921232
-8.8549 -8.6943 1.70586167083
-7.5097 -9.7433 0.711604672554
-8.1036 -10.1353 0.852511002862
-17.781 -19.1117 6.01353038156
-23.5728 -20.7296 14.9556068095
-37.6228 -25.8548 10.5438749846
-47.4141 -21.9428 2.56352446838
-49.1494 -20.0559 2.79413879398
-50.5416 -17.6333 13.6928977726
-40.5595 -8.2603 0.854669673032
-39.7831 -8.6176 1.0254287396
-46.0799 -2.0915 0.491773769126
-46.0259 -1.6027 2.54176320101
-43.6698 -0.6491 12.6450816672
-31.4039 -3.7225 0.841885978028
-31.4963 -4.5593 1.8229712916
-32.2106 -6.2365 0.773235410467
-32.5798 -5.5571 1.21800205254
-31.5014 -6.1233 15.2136730903
-18.5673 -14.1336 12.7786663756
-9.977 -23.5941 2.79213458487
-7.2843 -24.3326 1.46563960782
-6.8708 -22.9265 13.3437287386
-3.7581 -9.9509 14.253169002
-0.1895 3.8483 0.362901777345
-0.4168 3.5654 8.38852161766
2.0559 -4.4504 7.95678040981
2.1227 3.5061 5.30296998011
4.5557 -1.2058 5.32861107982
2.9477 3.8744 1.01840389826
3.8756 3.4547 2.2664349737
4.7386 1.359 1.06786183563
5.7643 1.0619 5.75118622373
11.504 1.4252 1.23562431588
12.5781 0.8144 0.977302829219
11.614 0.9745 15.0422543802
-2.0938 -5.2195 0.368660887538
-2.1005 -5.5881 11.3157704718
-4.7761 -16.583 4.86774426711
-2.4618 -12.3006 19.1340927316
4.3211 5.5909 1.28136006259
5.5336 5.1765 6.62911288937
10.9753 1.3906 0.575351197096
11.0335 0.8182 1.02119743439
11.2113 1.8238 20.2620542584
9.6799 22.0279 0.136508241509
9.7606 22.138 1.22623406004
10.5765 21.2226 0.974676489919
9.604 21.2877 0.797392155718
10.372 21.0732 1.41629908212
8.977 21.3179 13.5597380967
-4.4113 19.1685 0.285911682168
-4.6163 19.3678 4.29911550205
-7.241 15.9629 4.6341089424
-3.4722 18.6594 1.13493411703
-4.3854 17.9855 1.10390500497
-4.4153 19.089 2.14046642113
-6.3462 18.1653 2.14898676822
-5.0704 19.8946 2.31439592983
-3.1738 21.221 3.67635633202
-0.017 23.1052 15.9036532045
13.7432 31.0791 2.54211085714
16.2251 30.5291 0.621266231176
16.7429 30.1858 0.589083898948
16.4609 29.6686 9.36625627239
16.6143 20.3036 1.80899255112
18.3325 20.8695 0.759261568894
18.9998 20.5073 0.517547524388
19.5168 20.4835 0.309916924352
19.8247 20.5188 0.630303553853
0.0 0.0 3.78649144724
3.6432 1.0318 2.64696847733
1.2068 -0.0028 3.69228914632
-1.6299 2.3607 1.82850749246
-2.9225 3.654 1.1387886415
-3.7824 4.4006 2.46100504876
-5.6141 6.0442 17.8615373652
-10.7554 23.1498 7.38100341824
-14.9779 29.2037 2.53643191905
-17.1707 30.4785 3.80738554523
-20.9369 31.037 1.52756721947
-22.4625 31.1145 3.22861667282
-25.6496 31.6306 2.79260854758
-28.4401 31.7391 3.75738839355
-32.1946 31.5918 10.9252952715
-43.0965 30.8772 7.2767567336
-49.5599 27.5342 3.14603363777
-50.6948 24.6 0.563989264082
-50.889 24.0705 1.27567489981
-51.3656 22.8872 1.51502431994
-51.0218 21.4117 7.78571190065
-47.5082 14.4639 2.69027550448
-50.1905 14.6709 1.14087526049
-50.6149 13.6119 0.583877495713
-50.9616 13.1421 1.29870585584
-52.2603 13.146 0.644593864383
-52.2713 12.5015 1.42344524306
-51.2163 11.5459 0.640474300812
-51.0545 10.9262 2.06559791102
0.0 0.0 7.62446960319
-7.5963 -0.6548 0.971240866109
-7.1004 0.1803 8.60593885698
-2.7785 7.6223 1.32061695052
-2.0573 8.7286 0.464353852143
-2.4682 8.9449 0.703528961735
-2.9304 8.4145 0.868183995476
-2.1968 8.8788 14.5676259222
1.6057 22.9414 0.584323822893
2.139 23.1802 1.49895025935
0.6508 23.001 8.83687882683
-7.7016 20.1152 1.14877691916
-7.972 18.9987 4.44721794496
-8.9829 14.6679 11.9937769068
-9.9086 2.7099 0.899171396342
-9.0192 2.8421 8.44822033922
-12.8213 10.3864 0.61893796135
-12.2029 10.4122 0.294591411959
-12.4966 10.4351 8.62830877982
-11.6452 1.8489 1.83870162071
-13.9756 -8.1288 29.3833826223
-34.9273 -28.73 13.7392140317
-47.7012 -23.671 4.2876370567
-49.4724 -19.7663 2.98728251761
-50.4224 -16.9341 1.18805382454
-47.0 -9.16 14.7315492359
-44.4292 -23.6655 0.792102720611
-45.2116 -23.7891 1.06472099632
-44.159 -23.6289 26.2796327952
-18.3103 -28.3685 0.830657787539
-17.5663 -28.7379 2.51174515626
-15.1406 -29.3897 1.71614016327
-13.5331 -29.9906 0.510499921645
-13.0955 -29.7277 0.415411338314
-12.6842 -29.6694 1.14271179656
-11.5611 -29.4586 0.415118392751
-11.2029 -29.2488 0.332123606508
-10.8724 -29.216 1.02646310211
-10.0945 -28.5463 0.520962225118
-9.5737 -28.5593 0.663065192873
-8.9141 -28.4916 2.25997017901
-6.8146 -29.328 3.01183083356
-3.805 -29.2121 1.35495849752
-2.4523 -29.2903 3.43686983315
0.5861 -30.8966 4.31239872925
4.3715 -32.9624 3.75160360379
8.1231 -32.9676 0.96057933561
9.061 -33.1751 3.01204994647
11.9832 -32.4449 8.27247659773
10.5037 -24.3058 8.77022163973
6.5197 -16.4927 8.48493171746
12.5252 -22.4867 0.298886265994
12.7224 -22.2621 1.02596929779
13.3986 -23.0337 1.05779362827
12.7906 -22.1681 9.11916910963
8.8143 -13.9615 0.503418603152
8.3158 -13.8913 1.80011093547
8.6681 -15.6566 13.4165298289
14.6274 -27.677 0.544411113039
15.1163 -27.9165 1.84463722721
16.0438 -29.511 0.715148467103
16.4416 -30.1053 2.82321512641
18.7954 -31.6642 1.15024492174
19.7897 -32.2425 1.4412248853
21.0983 -32.8464 1.36460931039
22.4352 -33.12 1.65756453871
24.082 -33.3086 1.82988642817
25.9065 -33.4489 2.46873378071
28.3163 -32.9127 2.76182523162
31.0644 -32.6377 0.789498834705
31.8444 -32.5156 4.09970264897
35.9434 -32.5915 2.03496876143
37.7603 -31.675 3.41654508678
39.8815 -28.9967 1.40899090842
39.9418 -27.589 0.41348902041
39.9689 -27.1764 0.329140000608
39.9924 -26.8481 0.959903521194
39.995 -25.8882 1.04649053985
40.1919 -24.8604 0.873633544457
40.4485 -24.0253 7.70009833963
39.6755 -16.3641 8.54680600283
40.1901 -7.8328 0.0274641584615
40.1783 -7.808 0.640221407015
39.886 -8.3776 1.08956228367
0.0 0.0 1.99928241627
1.9937 -0.1493 9.21003537995
11.1734 0.5976 1.44012251215
12.1396 1.6655 1.01809744131
11.136 1.8367 2.28442947144
8.8685 1.5591 0.128153696786
8.9961 1.5472 0.210272584994
8.8645 1.3832 1.61632484359
7.2595 1.1922 1.15433635046
6.1355 0.9293 1.56688721994
4.7255 1.6127 2.74171936018
2.2207 2.7276 1.06764404649
2.1597 1.6617 1.11127971276
3.0599 2.3133 1.35129378745
2.179 3.338 2.35116157037
0.8238 5.2593 2.2962980142
-1.3378 6.0342 0.948478919112
-0.9877 5.1527 1.39089432021
-1.2951 6.5092 20.7880942926
-7.9075 26.2176 2.30715157933
-9.423 27.9572 2.56893056543
-11.9833 28.1676 3.07208988313
-13.9724 30.5088 2.98946115044
-16.9603 30.6054 1.89253560336
-18.1273 32.0953 2.8480002809
-20.9469 31.6941 0.528382863083
-20.9608 31.1659 0.433685969337
-21.0332 31.5935 1.91155255225
-22.3528 32.9765 14.4881908646
-36.751 31.3642 13.0065673215
-49.2317 27.7032 3.13555134705
-50.9605 25.0873 12.5894623181
-46.583 13.2834 23.6742814231
-26.4567 0.8173 0.401363899722
-26.2194 0.4936 0.170587514197
-26.0891 0.3835 2.56023640315
-23.5529 0.0335 2.3960583048
-21.2385 0.6537 1.38541799108
-20.7335 -0.6364 20.0164416983
-11.8386 -18.5679 1.44136203988
-10.4369 -18.9037 0.46962617048
-9.9676 -18.8862 0.862518567916
-9.1058 -18.9214 3.6545404759
-5.4555 -19.0974 0.825152210201
-4.7019 -18.7613 0.680181916843
-4.1757 -18.3303 2.38573440684
-2.6036 -16.5358 2.07618661252
-0.9458 -15.2859 4.60075969814
3.6038 -15.9701 0.587441792861
4.1857 -15.8896 0.390794293715
4.545 -15.7359 0.268544595924
4.8132 -15.7223 0.198384802845
5.0115 -15.7165 1.91645223264
5.6611 -17.5195 4.22009998934
6.2737 -21.6949 3.98600627822
7.9635 -25.305 2.93621399254
8.6129 -28.1685 4.32119246505
12.8645 -28.9409 1.79308651213
12.2913 -30.6399 0.198254508145
12.4175 -30.7928 0.57401827497
12.5808 -31.3431 1.1744637968
13.7147 -31.6491 2.06669642667
15.6783 -32.2937 1.41625563017
17.0923 -32.2138 2.47052064553
19.2674 -33.3853 1.95861930962
21.2206 -33.5309 3.08392007841
24.2758 -33.111 2.73744117014
26.9838 -33.5114 0.526707176712
27.498 -33.3973 0.995431690273
28.4919 -33.3421 0.32168587162
28.7865 -33.2129 1.01722203083
29.779 -32.99 2.93225308082
32.7027 -33.2138 3.47445188915
36.1635 -32.9061 4.03598196478
39.7556 -31.066 1.76488685756
40.1677 -29.3499 0.396029544352
40.2115 -28.9563 1.46726445469
41.3392 -28.0176 6.93441186042
40.2688 -21.1663 10.2803684059
40.7304 -10.8963 0.917604468167
39.814 -10.8493 0.816250702909
40.4695 -10.3629 0.91685305802
39.7552 -10.9377 0.579070643359
39.9643 -10.3977 2.72094296155
41.5621 -8.1953 0.848040388189
42.2234 -7.6644 1.54269732936
40.6966 -7.4435 1.34291690361
0.0 0.0 1.95074192296
1.9053 0.4186 0.604483994825
2.3586 0.8185 2.96066683367
-0.6001 0.9264 1.5257449492
-2.1232 0.8366 1.14376123382
-3.2356 0.5706 3.20539842297
-3.6019 3.755 2.07937058987
-5.4856 4.6356 1.10079464479
-5.707 3.5573 2.00938543092
-10.2533 5.25 6.4029669693
-15.5568 1.6624 0.528116824197
-15.1111 1.3791 6.17139312959
-9.2807 3.4021 0.668739179352
-9.8967 3.1418 5.6455959092
-14.5168 -0.1028 0.742501946125
-14.5185 -0.8453 0.875252220791
-14.1864 -0.0355 1.5866609121
-15.5017 0.8519 6.92092193353
-12.3713 7.0244 0.791684987858
-12.3829 6.2328 0.955497278908
-11.5428 5.7776 0.860204237376
-10.8666 6.3093 3.3535140286
-7.5131 6.319 0.94022912633
-8.364 6.719 8.48320048684
-14.4827 12.5949 0.870564925781
-14.7979 13.4064 1.20836489936
-13.5917 13.4787 7.74482660103
-6.5665 10.2185 0.704154166358
-5.8635 10.2588 1.2146192531
-4.6627 10.4415 10.1982111515
4.9911 7.154 0.798944165759
4.5138 6.5133 0.836020986579
3.8043 6.0711 1.09187480967
3.1729 6.9619 1.26454125279
4.4372 6.9866 6.29254494303
10.6953 7.6441 4.55346959801
6.142 7.6048 2.38171132802
4.8122 5.6289 1.70218054272
3.122 5.8305 2.06860047375
1.0534 5.8319 1.15920602569
2.0765 5.2869 0.846471511629
1.2306 5.2558 1.62897538655
-0.3903 5.4178 7.31199923961
-7.6901 5.84 1.60390822992
-7.802 7.44 0.866085336442
-7.9086 6.5805 0.376073184367
-8.2806 6.5253 1.42785196011
-8.5557 7.9264 19.9181514175
-13.6374 27.1854 8.25598860949
-21.0548 30.8108 3.35632308487
-24.1195 32.1792 5.20768062001
-29.3183 31.8752 15.7588067343
-45.077 31.9332 3.72409165972
-48.2895 30.0494 3.17198130669
-50.662 27.944 2.05835231435
-51.2315 25.966 2.7287470678
-50.9425 23.2526 10.3453313127
-45.1819 14.6595 0.69154113399
-32.3665 7.5086 1.19389984923
-31.1826 7.3544 2.96378805079
-28.8357 5.5444 2.21215786281
-26.6453 5.2349 0.638005705304
-26.0075 5.2187 1.76115256012
-24.363 4.5884 0.59583655477
-23.7672 4.595 2.65566302267
-21.3169 5.619 2.92478201068
-6.461 -10.8943 0.631017979142
-5.9622 -10.5078 1.11170157866
-6.72 -11.3212 14.8129226829
-15.7665 -23.0508 1.05321407605
-15.629 -24.095 5.28351603575
-18.5223 -28.5159 1.98472301594
-19.6631 -30.14 3.46606937755
-22.3898 -32.2798 3.13764342461
-25.5147 -31.9973 2.50026103637
-27.9334 -31.3639 2.91656304578
-30.8394 -31.1159 2.91837716034
-33.7116 -30.5988 4.58218814105
-38.292 -30.4708 12.2770048224
-50.5641 -30.1238 2.68616324895
-51.5219 -27.6142 2.66272868314
-51.0479 -24.994 2.66286252931
-50.4305 -22.4037 1.24736818943
-50.6539 -21.1765 9.85940232519
-45.2574 -12.9251 0.81368451503
-45.6794 -12.2294 0.843708818254
-46.4733 -12.515 2.42365044097
-48.7508 -13.3439 3.16446805166
-51.8322 -12.6236 0.71736536019
-51.9913 -13.3231 0.657898259612
-52.2647 -12.7247 0.666802047087
-51.8563 -12.1976 0.944003580502
-52.2723 -13.045 0.812148416239
-48.0988 -6.3349 0.277749545454
-48.1472 -6.0614 0.307533152684
-47.8464 -5.9974 0.979742057891
-46.8683 -5.9407 0.961586215583
-46.6186 -6.8693 0.402459898623
-46.654 -6.4684 0.817238239438
-47.1487 -5.8179 1.00153484712
-46.411 -6.4953 10.5945446061
-38.2655 -13.2699 0.433418931289
-37.8444 -13.3725 0.249310108098
-38.0787 -13.4577 0.835266047436
-38.8726 -13.1981 1.11554261685
-37.8228 -13.5754 16.4391640301
-23.1903 -21.0678 9.6864929154
-13.5783 -22.2668 2.68000024627
-10.9909 -21.5684 2.97264368871
-8.3698 -20.1661 13.6424669195
2.7379 -12.2455 2.66595582859
5.3747 -11.8523 1.66554877743
7.0135 -12.1496 0.527048859215
7.363 -12.5441 1.8480497423
9.1327 -13.0765 10.7983408026
5.2199 -23.141 12.6656101839
-7.1594 -20.4632 0.478290476593
-6.8331 -20.1135 9.89587638615
-3.6967 -10.7278 14.8475635015
4.721 1.503 0.661371726036
5.3676 1.642 2.39298653778
7.7017 2.1696 6.85558264847
14.0385 -0.4465 0.477172096837
13.5974 -0.2645 0.752514033092
13.5843 -1.0169 1.4152318008
13.3616 0.3807 18.9245240902
12.5066 19.2859 0.426817021685
12.8767 19.4985 0.490241103948
13.2642 19.7988 3.26688099722
14.0446 22.9711 4.73843463182
13.3972 27.6651 0.724208768243
13.7275 28.3096 0.64795235936
14.026 28.8847 3.62770248229
15.1709 32.327 0.52057323212
14.8369 32.7263 1.4798985945
16.3133 32.828 2.63464405945
18.8859 33.3964 2.42836130961
21.3046 33.18 1.60657015097
22.8852 33.4677 1.03442374779
23.9195 33.4517 1.80916215968
25.7241 33.3233 0.449425021555
26.1734 33.3339 0.660916711848
26.8343 33.3386 2.2566896663
29.0508 32.9146 2.99249664327
32.0412 32.8026 2.77592305369
34.8088 32.5878 3.3512395453
38.1581 32.7018 4.21409123418
39.9968 28.91 1.69884316227
40.2621 27.232 1.2618798992
40.2479 25.9702 0.276816419311
40.2242 25.6944 0.196899415946
40.2025 25.4987 0.488680038471
40.2392 25.0114 0.316933557706
40.2484 24.6946 0.519451297043
39.9426 25.1145 7.38526620035
40.2369 17.7351 9.60438865571
40.0858 8.1319 0.831150557962
0.0 0.0 1.87268398295
1.8319 0.3887 0.36640185589
1.6253 0.6913 0.780717522539
0.8477 0.6216 0.6465846039
0.2091 0.5203 3.02315786058
-2.1561 2.4032 0.628240081498
-2.6585 2.7804 2.17409900649
-4.3085 4.1961 1.17676490855
-4.5608 3.0467 0.759169915105
-5.1658 3.5053 3.05021675623
-6.8357 6.0578 3.27139476371
-9.1874 8.3319 13.9121408234
-11.4251 22.0629 1.27013612263
-12.5627 22.6278 1.71819633628
-14.0566 23.4766 0.713124203768
-14.6508 23.8709 0.847204963394
-15.3636 24.3288 1.76329762094
-16.9577 25.0825 0.569039515324
-17.4656 25.3391 0.734144863089
-18.0984 25.7113 0.891489652211
-18.898 26.1055 1.77525712222
-20.6588 26.3316 1.67946088076
-21.6651 27.6762 2.51022991975
-23.8755 28.8659 3.7670485914
-27.5545 29.6756 2.85081795981
-30.3897 29.9736 2.81459293149
-33.1661 30.4357 3.7298641061
-36.5905 28.9574 6.56431452095
-42.9813 30.4567 4.8029326916
-47.7825 30.3277 4.97347541464
-52.0762 27.8178 1.06344554162
-52.4383 28.8177 0.131862352474
-52.3771 28.7009 2.36303669248
-50.7975 26.9434 12.8000700908
-49.6534 17.4472 0.556810461468
-49.3459 17.9114 0.849083694343
-49.7413 17.16 1.07650583835
-48.7562 17.5941 28.018222762
-23.3169 29.3356 7.53282981356
-15.8919 30.6056 8.12619888017
-8.0449 32.7174 3.94184224063
-4.1649 33.4129 0.707749878135
-3.5379 33.0846 0.55470831975
-3.0565 32.809 2.60916931225
-0.798 31.5025 4.3006756318
3.1075 33.3033 0.4963408607
3.5995 33.3688 0.368535005122
3.9646 33.419 3.52800513747
7.4851 33.189 0.285169212925
7.3039 32.9688 2.63705367598
9.9092 33.3768 12.4006005637
17.5457 23.6065 1.13172677356
17.6975 22.485 7.94530652964
23.3663 28.0521 3.31492463263
20.9297 25.8045 3.15985259466
18.7408 23.5256 0.474408199761
18.8925 23.9751 1.86233725463
19.5439 25.7198 4.17796999989
23.5513 26.9014 0.502420391704
24.0493 26.8349 2.31470013825
23.6546 29.1157 2.06451359889
25.6712 29.5579 1.34749663079
26.9746 29.8998 2.37991379886
29.1333 30.9018 2.96503247368
32.0799 31.2319 0.872695364947
32.9521 31.2025 3.13805010317
36.0114 31.9011 0.826121159395
36.697 31.4402 0.597248775637
37.2783 31.3031 1.36144324156
38.6096 31.0182 0.812687818292
39.3626 30.7125 1.62445550878
40.3939 29.4574 0.535208529454
40.3363 28.9253 0.668331721528
40.2111 28.2688 1.1150568147
40.2298 27.1539 0.368701776508
40.152 26.7935 0.102680329178
40.1335 26.6925 1.13980886994
40.5734 25.641 1.71504404608
42.1716 25.0188 1.83190937822
43.3297 23.5994 0.496988299661
43.0956 23.161 1.26974456093
42.1242 23.9787 5.24995888079
38.9855 19.7703 2.8093545967
41.0964 21.6241 1.69457330617
39.9674 20.3604 1.26116210695
40.1819 7.8005 0.813696208668
40.0365 8.6011 1.29149296552
39.4433 7.4539 0.717637234263
38.7797 7.7271 0.486991170351
38.8279 8.2117 1.51401907518
40.3419 8.2041 2.84834024828
42.627 9.9045 12.001671172
30.7474 8.1971 11.8715684996
19.5024 12.0029 16.3512237352
9.7466 25.1249 4.363060152
6.1824 27.6414 4.80199576114
1.8747 29.7634 2.7314540322
-0.8366 30.0946 2.78094293721
-3.6135 30.2445 1.18191833897
-4.7949 30.2795 2.45688073174
-7.2516 30.3093 0.604533836936
-7.8556 30.2839 3.86839917537
-7.3978 2.8115 5.63578272292
-12.0225 6.0324 0.125739293779
-11.9391 6.1265 0.973182310772
-11.1325 5.582 0.946293025442
-7.9719 -2.3356 19.02444337
-0.8664 -19.9833 2.4249649915
1.5472 -20.2178 11.6064466453
7.429 -10.2121 0.824321448223
7.6447 -11.0077 3.36071222362
6.5788 -14.1949 9.035960478
9.9148 -22.5925 2.96445721507
11.5575 -25.0602 3.3040984262
13.0496 -28.0082 0.466046735854
34.2328 -10.9685 0.81112463284
33.8659 -10.2451 8.75735378525
31.2343 -1.8925 9.97624494988
24.353 5.3306 26.3982391203
11.6171 28.4534 2.77104803459
9.1826 27.1298 4.82428136514
5.0964 29.6943 4.10857079287
0.9894 29.8079 2.01912467421
-1.0288 29.7468 2.86119410387
-3.8817 29.5291 2.57875881966
-6.4593 29.6064 3.83646979657
-10.0816 30.8703 1.25576893177
-11.1931 31.4547 1.64779595824
-12.6595 32.2063 2.23091262267
-14.8902 32.2371 0.998915982453
-15.8869 32.3036 0.973933817053
-16.8601 32.2658 1.75131409233
-18.6102 32.331 0.973949901176
-19.5823 32.271 0.893775749279
-20.4758 32.2488 0.449862779078
-20.9252 32.2692 2.27969872132
-23.2027 32.3693 2.84639494449
-26.046 32.2366 2.76464444911
-28.8062 32.0799 15.0173576218
-43.8175 31.6534 5.86864052401
-48.7571 28.4846 3.13946747395
-50.681 26.0037 3.42075636373
-51.1409 22.614 0.45938787533
-51.5918 22.5261 1.85398978422
-51.1104 20.7357 13.452342861
-50.0611 24.3019 0.94931065516
-50.5175 25.1343 0.547116020603
-50.6388 24.6008 3.05027150431
-48.7063 22.2408 1.87078172163
-47.3308 20.9728 0.740960052904
-48.0084 21.2726 0.307859464691
-48.1032 20.9797 19.927347129
-30.7138 11.2479 0.619106170216
-31.1776 10.8378 28.5449938007
-47.8608 34.0 6.20188832212
-42.8932 30.287 2.5379615462
-41.1227 28.4686 0.26951055638
-40.9652 28.6873 0.391960316869
-40.9012 29.074 0.752062829822
-41.0591 29.8093 0.76441271575
-41.0897 29.0455 0.72435059191
-41.18 29.7642 0.815265852345
-40.66 30.3921 1.22790027282
-40.5482 31.6149 1.97120797482
-39.1064 32.9591 2.61439336749
-36.5572 33.5393 16.3446081446
-27.8154 19.7289 1.13485080077
-27.1109 18.8392 1.71930503693
-26.7975 20.5297 2.40156010335
-24.5297 19.7394 0.81046801911
-24.1576 19.0194 0.971861234951
-23.2527 18.6649 1.12055272522
-23.2342 19.7853 0.644939787887
-23.0185 19.1775 21.7446675072
-12.2975 0.2595 0.908209254522
-11.3893 0.2554 11.4827831165
-0.3682 3.4787 0.560795328083
-0.02 3.0391 0.851637505045
0.824 2.9253 2.59655318644
3.2662 3.8072 3.04343322582
6.3044 3.6288 0.832730070311
6.9028 3.0497 0.420502330552
7.2663 3.2611 1.31612805608
8.5822 3.2856 0.744646661176
9.1401 2.7924 0.489908154658
9.4691 2.4294 0.430795728855
9.8255 2.1874 1.17346496326
18.3261 -4.0871 1.16890246813
19.4524 -3.7744 0.091906093378
19.4192 -3.6887 0.439863171907
19.3132 -3.2618 1.52475128792
18.4575 -4.5238 21.3371318804
8.0877 -23.1716 2.8201777249
5.3301 -23.7624 5.0137472533
0.3187 -23.609 4.6085840179
-3.0162 -26.7898 3.76555191838
-5.7637 -29.3648 3.50053233095
-9.1153 -30.375 3.00611061007
-11.2653 -32.476 3.06513289271
-14.3304 -32.4618 1.36876386934
-15.6477 -32.8336 0.362130501339
-15.5418 -32.4873 1.15667131027
-14.6592 -33.2349 0.866095381583
-15.4781 -33.5169 0.938189373208
-15.618 -32.5892 0.190455585374
-15.5922 -32.4005 0.0905271782395
-15.5421 -32.4759 0.0438912291922
-15.5701 -32.4421 0.0949014752256
-15.5091 -32.5148 0.938755005313
-16.1727 -31.8508 0.806743205735
-16.7999 -31.3434 8.67030190593
-18.1816 -22.7839 13.0638984541
-25.2878 -32.6597 1.06666535052
-25.3282 -31.5938 0.485018071828
-24.9309 -31.872 0.889086997993
-25.1309 -32.7383 1.19959053431
-24.1873 -33.479 0.495391259511
-23.7018 -33.3805 0.555604220646
-23.2139 -33.1147 18.5136611109
-20.5036 -14.8005 2.68229564552
-18.6669 -12.8457 16.1727150998
-8.9456 0.0792 1.04471410922
-8.255 0.8631 0.478909187634
-8.553 0.4882 11.2529868324
2.5574 -1.2975 1.08818853146
1.6916 -0.6383 8.63416611492
-6.3449 2.5182 0.938790929867
-6.5169 1.5953 6.77434129639
-8.8377 -4.7691 6.00465564708
-13.5757 -8.4579 1.06112271204
-14.2527 -9.275 1.1959870108
-13.21 -8.6892 1.45321603693
-12.0042 -7.8781 12.9902205944
-3.7732 2.1716 10.9336550494
6.5933 -1.3041 0.859654081593
6.1516 -2.0416 8.21837139098
-2.058 -2.4212 1.02044845534
6.33 -20.4728 12.4432845137
-4.0243 -27.3738 3.45697186567
-7.3305 -26.364 10.7475482348
-10.9646 -16.2495 0.1037586141
-10.9222 -16.3442 10.8043674253
-12.3583 -27.0527 0.106744039646
-12.4608 -27.0825 0.27444585987
-12.6745 -27.2547 0.073866162754
-12.6434 -27.3217 0.0312860991496
-12.6743 -27.3168 0.0514801903648
-12.7154 -27.2858 0.11525588922
-12.6908 -27.3984 0.0571283642335
-12.675 -27.4533 3.01718699785
-13.4487 -30.3696 1.3516387979
-14.5725 -29.6186 1.05260581891
-14.576 -30.6712 0.652404146216
-14.3346 -30.0651 0.0849028856989
-14.2921 -30.1386 0.0468734466409
-14.2705 -30.1802 2.28015242473
-14.4207 -27.905 0.104160261136
-14.5213 -27.878 3.02770991015
-14.9604 -24.8823 0.337902352759
-15.2842 -24.9789 0.15565140539
-15.2882 -24.8233 0.0680685683704
-15.342 -24.7816 0.0729746531338
-15.3933 -24.7297 2.01146037744
-15.4187 -26.741 1.3250165282
-15.9831 -27.9398 0.404333439132
-15.9779 -28.3441 2.16256057719
-16.5819 -30.4206 0.344064427106
-16.2396 -30.4554 0.167884245836
-16.2672 -30.621 0.157840837555
-16.423 -30.5957 0.0545117418544
-16.4773 -30.6005 0.822636554014
-16.9442 -29.9232 0.0283571860381
-16.9424 -29.8949 0.0406695217577
-16.9675 -29.8629 0.0624443752471
-17.0138 -29.821 0.10715582112
-17.0029 -29.9276 0.0562665975513
-16.9861 -29.9813 0.101948271197
-16.9117 -29.9116 0.0305476676687
-16.9407 -29.902 0.0496009072498
-16.9707 -29.8625 0.0679535135221
-17.0209 -29.8167 0.106595028027
-17.0164 -29.9232 0.0860103482146
-17.0091 -30.0089 0.132555384651
-16.9229 -29.9082 0.025938388539
-16.9473 -29.8994 0.0482299699357
-16.9666 -29.8552 0.0667215857126
-17.0197 -29.8148 0.133727259749
-17.017 -29.9485 0.131951506244
-16.8874 -29.9237 0.0321840022371
-16.9183 -29.9147 0.0252210229769
-16.9372 -29.898 0.04660514993
-16.972 -29.867 0.11367647074
-16.9445 -29.9773 0.0899035594401
-16.9453 -30.0672 0.160931911068
-16.8891 -29.9164 0.0312313944613
-16.9149 -29.8988 0.0531971803764
-16.9536 -29.8623 0.110640724871
-16.9352 -29.9714 0.0547220248163
-16.9167 -30.0229 0.111173063284
-16.8796 -29.9181 0.0273212371609
-16.9013 -29.9015 0.0496840014492
-16.9432 -29.8748 0.122079400392
-16.9249 -29.9955 0.0610747083497
-16.9173 -30.0561 0.145102722235
-16.8631 -29.9215 0.0318454078322
-16.8934 -29.9117 0.0509824479601
-16.9295 -29.8757 0.115902200152
-16.9109 -29.9901 0.0550280837391
-16.8954 -30.0429 0.114569978616
-16.8566 -29.9351 0.0318847926134
-16.8866 -29.9243 0.0540370243444
-16.9206 -29.8823 0.111809301939
-16.9042 -29.9929 0.0568960455568
-16.8882 -30.0475 0.114990434385
-16.8504 -29.9389 0.0280446073248
-16.8691 -29.918 0.0491516022119
-16.9113 -29.8928 0.1160029741
-16.8883 -30.0065 0.0949025816298
-16.8876 -30.1014 0.178528009007
-16.8209 -29.9358 0.0255550386421
-16.845 -29.9273 0.0457475682414
-16.885 -29.9051 0.11586587073
-16.8581 -30.0178 0.0957188591658
-16.86 -30.1135 0.164014907859
-16.7955 -29.9627 0.0188520555908
-16.8097 -29.9503 0.0420097607706
-16.8418 -29.9232 0.0628589691293
-16.8891 -29.8818 0.117475103745
-16.8849 -29.9992 0.0589356428658
-16.8739 -30.0571 0.118535100287
-16.7935 -29.97 0.0253938969046
-16.8133 -29.9541 0.0479015657364
-16.8493 -29.9225 0.117512382326
-16.8233 -30.0371 0.101712732733
-16.8335 -30.1383 0.187293913409
-16.7665 -29.9634 0.0259493737882
-16.7886 -29.9498 0.0468412211626
-16.8205 -29.9155 0.126345953635
-16.8028 -30.0406 0.0589414115881
-16.7956 -30.0991 0.13874826125
-16.7358 -29.9739 0.030010831378
-16.7642 -29.9642 0.0505664908808
-16.8006 -29.9291 0.11941059417
-16.7823 -30.0471 0.0920005434767
-16.7866 -30.139 0.175612556499
-16.721 -29.9761 0.0288404230205
-16.7479 -29.9657 0.0458519356189
-16.7791 -29.9321 0.127322307551
-16.7615 -30.0582 0.0624923995379
-16.7566 -30.1205 0.141781310475
-16.7031 -29.9892 0.023903347046
-16.724 -29.9776 0.0482926495442
-16.7663 -29.9543 0.116156532317
-16.7416 -30.0678 0.0978400735895
-16.7444 -30.1656 0.182292621902
-16.6746 -29.9972 0.0290077575831
-16.7027 -29.99 0.0454674608924
-16.7347 -29.9577 0.121144748132
-16.71 -30.0763 0.093794082969
-16.7142 -30.17 0.176609682634
-16.6455 -30.0073 0.0263736611035
-16.7026 -29.9685 0.345097928131
-16.4373 -29.7478 1.47922215032
-15.5809 -28.5417 1.39698989617
-16.2943 -27.3406 13.9166846142
-2.7007 -30.3219 0.547659501881
-2.283 -30.6761 3.87917555803
