0.0 0.0 9.34442214853
-3.3377 -8.728 10.1513572556
-8.1275 0.2223 1.0135196594
-8.4522 -0.7378 6.57708014928
-9.9477 -7.1426 9.20777782367
-1.9168 -11.6468 0.308638299632
-2.0656 -11.3764 0.152534127329
-2.0771 -11.2243 1.13060692551
-1.225 -11.9674 1.13479730789
-1.9437 -11.0892 5.12499723707
-6.8775 -9.7024 0.357212611759
-7.1813 -9.5145 10.2643934473
-9.0503 0.5783 0.0609893433314
-9.101 0.6122 9.6671851296
-9.4523 -9.0486 9.52264270043
-0.8423 -13.1166 7.48453748805
-8.3244 -12.9256 7.88427108235
-0.4899 -13.8101 0.56804339623
0.043 -14.0068 1.9136152722
1.8375 -14.6714 1.40473160782
1.9875 -13.2747 0.391944485865
2.0803 -13.6555 1.06747606062
2.712 -14.516 1.36366353988
4.0751 -14.5552 2.31298146339
6.3837 -14.4129 0.50828363145
6.8888 -14.3561 1.18521983193
8.0411 -14.6335 2.31485065177
10.3288 -14.28 8.12405524969
6.8377 -6.9443 0.557652382762
7.3314 -6.685 1.07639630248
8.2264 -6.087 0.456723373608
8.6794 -6.1452 0.572106983002
9.2486 -6.2028 1.50629114052
10.7212 -5.886 0.518201698183
11.239 -5.8656 1.33766705125
12.4373 -5.2711 0.737390669862
13.0125 -5.7325 0.228596806627
13.238 -5.695 0.98221807151
13.7715 -6.5197 1.48740786605
15.2565 -6.4351 1.16461131714
15.4301 -5.2835 0.52222678024
15.8217 -4.938 1.00994865711
16.6694 -4.389 3.04519047844
16.4435 -1.3522 2.82577228382
17.8817 1.0802 1.46829403731
19.335 0.8709 1.18253907335
20.3179 1.5284 0.76175831469
21.0036 1.8602 1.40838260782
22.2775 2.4608 0.513682625753
22.7305 2.703 1.30084801956
23.8844 3.3036 0.900288625942
24.75 3.5511 1.36017000776
26.0349 3.9973 1.83932336472
27.6111 4.9453 0.598447399526
28.0663 5.3338 1.16831523999
29.0154 4.6525 12.1347604393
33.1258 16.0699 0.258443127206
33.0976 15.813 4.23624343611
31.7839 11.7856 1.65923750259
38.6492 -4.6495 0.320712659557
38.3286 -4.641 1.36125117814
38.8097 -3.3676 3.62773425846
35.8285 -1.3005 1.20450481942
34.9816 -0.444 11.8606461312
23.8253 3.5824 0.518600617046
23.5627 4.0296 1.72311073353
21.9511 4.6394 1.89956733232
20.1517 5.2481 3.06207935887
17.4727 6.7311 5.9079951591
14.0481 11.5453 4.68915708523
9.4265 12.3384 1.276459592
9.3595 11.0637 1.15781207456
8.4631 11.7965 18.0487982824
-2.0179 26.4903 1.49109175103
-3.1889 27.4134 1.23305378634
-4.0619 28.2842 1.77971514575
-5.6401 29.1068 2.86543079658
-8.2378 30.3162 3.38708646627
-11.5066 31.2035 1.6738832516
-13.1591 31.4702 1.72061669468
-14.56 32.4692 3.09344235763
-17.6361 32.1421 3.83723205449
-21.4731 32.0999 1.45017048998
-22.9197 31.9982 3.99633284525
-26.9111 32.1967 11.7247912276
-38.6184 31.5565 3.70165441931
-42.1796 32.5665 4.78190871201
-42.7938 27.8242 5.59015878308
-47.9169 25.5873 2.56764299894
-49.8313 23.8762 1.30395339257
-50.6042 22.826 2.75178176642
-41.7613 11.2549 1.00219081018
-40.8684 11.71 0.773040387043
-41.1334 12.4362 4.49602406244
-35.4759 1.3003 1.00470804217
-41.4073 -1.3529 0.650063212311
-42.033 -1.5292 2.22708099987
-39.8853 -0.9399 0.951842933472
-39.5969 -0.0328 1.24827633559
-38.556 -0.7218 23.5093069275
-26.6321 -20.9828 0.980078471348
-25.8186 -21.5294 8.34627049466
-17.498 -22.1835 8.00334278286
-9.5087 -21.7096 6.33558534786
-3.1944 -22.2285 0.868815060873
-2.3544 -22.0066 4.19758422072
1.7304 -21.0401 0.99317044358
2.6676 -21.3688 1.963935447
4.5576 -21.9026 0.583322980861
5.1237 -21.7619 0.66366682153
5.718 -21.4665 2.24493774747
7.7062 -20.424 2.36700230038
10.0732 -20.4207 0.792754192673
10.6852 -20.9246 1.22076879465
10.6649 -19.704 15.8403869287
5.6518 -4.6778 0.512971587907
6.1087 -4.4446 0.732953320478
6.6498 -3.9502 9.58123196776
10.0697 -12.9003 0.570493751061
10.2823 -12.3709 0.445058490538
10.4864 -12.7664 0.505837454129
10.9631 -12.9356 1.49287425123
9.4714 -12.9948 15.1634728427
-5.3773 -9.9212 0.205549020917
-5.4417 -10.1164 9.30771553766
-6.4234 -0.8606 0.829400024114
-5.76 -0.3628 3.6460902087
-2.161 -0.9469 0.700364797802
-1.8311 -0.3291 3.52786340155
0.8052 2.0152 7.33163053761
7.3317 5.3555 0.597400033478
7.0459 5.8801 3.50947599792
9.5082 8.3808 12.8673312486
12.9893 20.7683 0.769561290607
13.756 20.8346 1.14353071231
12.6365 20.6014 29.4984722221
-16.8265 19.1552 0.196601246181
-16.6527 19.2471 3.00936990415
-13.7688 18.3872 3.05449273857
-10.7653 18.943 0.476055648008
-10.2916 18.8957 0.44060477755
-9.8817 18.7341 0.689861696284
-9.1921 18.7151 0.845831644005
-8.3975 18.4252 0.406773167748
-8.1371 18.1127 2.25600311392
-7.2325 16.046 11.7885385273
-9.6495 4.5079 2.83788415902
-6.844 4.0804 1.09638816575
-6.4866 5.1169 1.2172564931
-5.2837 4.9305 0.431006090444
-4.9822 5.2385 0.533732564118
-1.5959 -13.0299 1.34769495065
-2.7237 -13.7677 13.6159660858
-6.6243 -26.813 2.16714259106
-7.7408 -24.9556 8.09949352059
-4.5928 -17.4929 0.91798935179
-4.8875 -18.3623 9.9497032408
-10.9652 -26.24 0.638087462657
-11.5996 -26.3085 3.0182927691
-11.2678 -29.3085 0.914946391872
-10.5379 -29.8602 3.79430239306
-12.7638 -32.933 3.11388822054
-15.8469 -32.4962 1.38743748328
-17.234 -32.5268 1.72518773761
-18.8228 -33.1991 1.6363084917
-20.4336 -33.4869 3.71301133314
-23.9816 -32.3923 1.69585891217
-25.42 -33.2906 16.0193817662
-41.4169 -32.4422 1.79042368729
-43.0912 -31.8079 7.5436307399
-46.2455 -24.9554 9.60860860947
-51.5 -33.0 10.5752884972
-31.2975 -6.6065 0.343732570467
-30.9893 -6.4543 3.27134165901
-31.7713 -9.6308 4.3340130249
-36.0222 -8.7861 0.720625075889
-35.7761 -8.1088 2.45626033229
-35.919 -10.5609 6.96065264253
-38.0451 -17.1889 3.015063598
-39.5544 -19.799 4.33254994201
-43.1994 -22.141 0.269112411457
-43.2776 -22.3985 3.11304284102
-46.1994 -23.4728 2.25200676065
-48.4428 -23.2761 0.526648915313
-48.95 -23.4179 2.6029403566
-48.6341 -20.8342 7.84989865731
-46.7154 -13.2224 2.14236281008
0.0 0.0 5.76360771219
-5.7631 0.0765 1.06693859242
-6.0641 -0.9471 15.9312924422
-11.6849 -15.8539 0.403414055283
-11.9992 -15.601 10.2352573011
-5.6373 -7.5831 0.273584447657
-5.7154 -7.8453 0.120816265461
-5.7325 -7.9649 1.28217436022
-6.295 -6.8127 10.1947800143
-12.4123 1.3428 0.192602596037
-12.4133 1.5354 0.981381215431
-12.7311 0.6069 1.19461834073
-11.6474 1.1096 12.0242429525
-1.5201 7.5919 0.379599170178
-1.8489 7.4022 10.6399047862
-12.3154 5.4891 0.515952807919
-12.4971 5.0062 1.19019732818
-11.3913 5.4464 9.05974312771
-2.9336 8.6939 0.681871542154
-2.2604 8.8023 0.537352863582
-1.8063 9.0896 2.95311059224
1.1273 9.4285 1.00488256528
0.8877 8.4526 1.12532172289
1.925 8.8889 5.68997287603
4.6768 3.9086 11.5833211006
10.1112 -6.3208 0.247628794772
9.9361 -6.1457 1.18412202496
10.4477 -7.2136 1.00648787871
10.089 -6.2732 7.82764190418
6.0643 0.4405 0.599401117783
5.4744 0.3342 19.1167727593
-7.3248 -13.8655 0.655734435576
-7.1507 -14.4977 0.569730638109
-6.8187 -14.9607 0.653158181454
-6.2406 -15.2647 2.42708261087
-4.2968 -13.8113 6.31677272664
-0.4966 -8.7655 0.889314932968
0.3565 -8.5143 1.28193686662
-0.7057 -9.232 9.34589952118
-8.2922 -14.6901 2.77707631332
-6.916 -17.1022 2.21326510387
-5.9599 -15.1061 1.13423512554
-6.6533 -14.2085 8.53325819602
-7.0003 -5.6823 2.69472268332
-4.9138 -3.977 13.1832148621
1.3433 7.6267 0.631917209767
1.9373 7.8423 3.82516490886
4.6416 10.5476 0.936746294361
4.8675 9.6385 1.04296231955
4.8859 10.6813 15.8773032603
8.71 26.0912 0.415201854524
8.8897 26.4655 0.720045255522
9.3783 26.9944 4.34071401615
11.6604 30.6868 0.0923084503174
11.6901 30.5994 1.05037328603
10.8281 29.9992 1.00786177624
11.6075 30.6382 0.336990712038
11.356 30.4139 10.4503910477
20.0128 24.5598 1.34632139551
21.0131 23.6587 0.725116383762
21.7187 23.8258 0.67554177517
21.27 23.3208 4.81593718917
26.0574 23.8443 1.03051261516
26.0249 22.8143 12.4153703271
36.8359 28.9187 2.65236745946
39.4334 28.382 0.684468560271
39.826 28.1143 7.66880063178
32.3772 26.2906 22.9305213635
13.9602 12.6296 6.71041122212
7.2516 12.7855 0.630338615349
7.6547 12.3009 1.40044450086
6.9235 13.4953 14.6525098618
-1.8816 25.2071 2.53015864522
-4.0322 26.54 2.21312075134
-5.2461 28.3905 1.21878700764
-6.4325 28.6696 2.65453657161
-8.616 30.1792 4.36069822162
-9.1433 25.8505 0.991661242562
-9.3194 24.8746 3.76604615081
-11.0509 28.219 1.84273527399
-12.4004 29.4738 2.72582345173
-14.1949 31.5256 1.8752421177
-15.8915 32.3244 2.60743525519
-18.486 32.065 0.939204652885
-19.4087 31.8897 2.94785070348
-22.2266 32.7553 2.97579798037
-25.2015 32.8284 2.03400360128
-27.1884 32.3932 1.51188566367
-28.6979 32.4781 0.307990551803
-28.9476 32.2978 2.12393177386
-31.0689 32.4035 11.3427240912
-28.9055 21.269 0.245859309362
-28.6597 21.2744 3.25766883676
-30.7828 18.8036 2.8011739057
-33.5834 18.7469 3.05270032103
-36.6004 18.2814 8.32116170375
-34.7495 10.1687 0.763147960752
-35.4554 9.8787 2.49894589777
-33.0528 10.5659 1.57951965483
-31.7213 11.4156 1.55922773513
-31.7306 12.9748 1.12693043264
-30.7842 12.363 19.9433947291
-16.6986 -1.7556 0.622804062286
-16.0849 -1.6495 0.50158788861
-15.5845 -1.615 9.17827666449
-6.7338 0.8152 0.829572251223
-7.1434 0.0938 1.35294842843
-6.9625 1.4346 12.2802633249
-3.2758 13.1484 23.4659023583
12.7092 30.3277 6.93518339195
19.354 32.3135 2.54612321972
21.8889 32.5523 2.96710161943
24.8068 33.0904 3.95506235223
28.7558 33.3093 0.641292172103
29.3892 33.209 0.536427450826
28.9852 32.8561 8.04439162212
26.5348 25.194 2.74691287266
28.304 23.0927 10.5631969616
38.0317 27.2101 5.91964985451
47.0614 14.6352 0.783142962683
47.7801 14.9463 5.68823105192
24.1082 -4.881 0.142303900157
24.2434 -4.8366 0.876965523838
24.1521 -3.9644 26.732210654
17.2019 21.8485 0.799588206516
17.967 21.6162 1.05661588101
16.9486 21.8978 12.9178458053
-3.6774 25.7904 14.3352522043
2.2 12.7154 0.370379373076
2.1058 13.0736 1.49467306459
1.4827 11.715 16.1776296029
-10.0694 0.3896 15.6112865946
-0.1039 -11.6271 0.594345194311
-0.6978 -11.6501 9.28425231992
-8.4613 -6.5584 1.00863024444
-8.1989 -5.5845 8.32024634792
-2.0912 0.0655 0.920799788228
-1.4261 0.7023 0.669932832454
-1.5875 1.3525 1.21126076879
-1.6866 0.1453 14.7768316042
-5.5365 -14.1212 0.788297133066
-4.8011 -14.4051 0.634301899729
-4.2054 -14.623 2.48980786608
-2.8854 -16.7341 8.2612596485
-10.5317 -13.6064 3.03351084389
-7.5019 -13.7564 0.43774980297
-7.0927 -13.6009 3.49595898288
-3.6147 -13.247 10.6609395946
-2.3445 -23.832 16.5643510305
12.8614 -30.4015 10.3072684087
22.9057 -32.7149 5.2533612145
28.1498 -33.0267 0.595459729957
27.8925 -33.5637 0.915106032108
28.4718 -32.8553 16.0852953035
31.9434 -17.1491 4.63042942717
36.1062 -19.1769 7.18427736798
37.0673 -26.2966 1.9555372561
38.9933 -26.6352 1.99811979621
40.7117 -25.6156 0.901499595119
40.7251 -24.7142 0.316558019958
40.6798 -24.4009 1.82230099051
39.2231 -25.4958 4.95487465936
38.7991 -20.5591 1.85701348407
40.6529 -20.4499 1.05618106876
39.6671 -20.0708 0.648226411063
39.8503 -19.449 1.37482817108
41.0998 -20.0225 5.47724804258
43.0174 -14.8919 8.72815228155
42.4365 -6.1831 0.554763985853
42.0833 -6.6109 1.14964861153
0.0 0.0 1.90564249533
1.4776 1.2034 0.928742203197
0.7548 1.7866 1.17934214289
-0.0477 0.9224 1.26633310389
-0.9025 -0.0119 1.05393039618
-0.9513 1.0409 7.65296865929
-0.201 8.657 7.48997045121
-4.534 2.5476 1.9007851141
-5.8827 1.2082 5.47775253914
-7.9165 6.2944 0.667106775561
-7.5786 5.7192 3.12830235911
-7.4535 2.5934 1.70583891678
-8.207 1.063 2.19433611145
-9.0326 -0.9701 0.778632808197
-9.4462 -0.3104 1.16728045045
-8.7699 -1.2618 17.5882976644
2.1829 -15.0235 0.872861460943
2.8992 -14.5247 1.18320602602
2.0787 -15.3772 21.9362884577
-14.439 -29.8121 9.54904767451
-23.806 -31.6678 4.08311114838
-27.8677 -31.2502 11.6408256687
-39.4601 -30.1895 10.048776535
-48.9228 -26.8079 2.95934924265
-47.3232 -21.4674 0.444156751609
-47.3383 -21.0235 0.796382985755
-47.6278 -20.2816 9.94404916168
-37.72 -19.4333 4.59998406302
-33.2233 -18.464 4.26254598098
-28.9733 -18.1372 0.576032794205
-28.476 -18.4279 0.456476352071
-28.1345 -18.125 0.976349532698
-28.397 -19.0654 1.5082451558
-29.7114 -19.8051 3.01171045919
-26.7564 -20.3868 8.08196263107
-26.315 -12.3169 2.48119382959
-24.7111 -10.4238 0.932652840021
-24.7865 -9.4942 12.5220995943
-16.9072 0.2382 19.4781688074
-9.7037 18.3354 2.90597833784
-6.8044 18.1385 0.773548944799
-7.2715 17.5219 10.1084548795
-11.2957 8.249 11.873243687
-4.104 17.6964 2.00282348948
-2.1012 17.6867 4.28304067807
1.8876 19.2468 0.661322530994
2.5294 19.4063 0.741516082091
2.9885 19.9886 0.414604643003
3.3311 20.2221 1.59908720525
4.1128 21.6171 11.1563302434
2.3545 32.634 0.692700317598
2.9687 32.3137 2.18511328082
4.724 31.0123 0.850480570031
5.5498 30.8089 1.06911863233
4.787 31.558 6.54447241877
-1.2848 34.0 6.05293646753
3.622 30.4558 2.41123704558
5.2792 32.2073 0.242481525069
5.4737 32.3521 0.304435822465
5.5946 32.6315 1.86116152174
4.3332 34.0 5.72681505289
6.8023 28.8328 0.442552245503
7.2355 28.9233 0.297932341313
7.5263 28.8585 1.52240106411
8.8615 28.1271 1.49146915825
10.3524 28.0859 0.597661819092
10.6842 27.5888 0.510251242037
11.1915 27.534 1.34926499251
9.9576 26.9881 9.54873069104
7.5526 17.7472 1.15574101338
7.7653 18.8832 5.87517440167
10.7073 23.9687 8.9624059281
17.5434 29.7646 0.52529501235
17.8308 30.2043 1.81904567562
19.4919 30.9457 2.5037773643
21.9841 31.1862 3.62026568224
25.0521 33.1081 4.23633846263
29.2747 32.7672 8.10959013083
32.86 25.4932 1.8999009711
34.7299 25.1569 0.526244904963
35.2312 24.9968 3.43438094858
38.6197 25.5563 0.428572817617
39.0368 25.6548 1.09773469017
40.1337 25.6976 1.19364303709
38.9946 25.3409 4.25500371915
41.0975 10.9957 0.18392011853
41.2281 10.8662 1.62970135301
39.663 11.3205 4.90153437303
34.813 12.0294 2.57949598953
32.691 10.5628 3.7932074093
29.1296 11.8685 14.1478278845
16.0125 6.5673 0.650276933314
16.2378 5.9573 1.09734762496
16.1973 7.0539 19.2615886121
7.6242 24.3024 4.25394673215
5.0176 27.6642 3.74535184596
1.7157 29.432 4.83063013798
-3.0715 30.0783 5.46844150741
-6.6049 25.9047 2.8592754834
-9.1814 24.6649 1.53313528757
-9.5939 23.1883 1.12338119087
-10.6662 23.5232 1.76934678342
-12.406 23.8452 3.99492552621
-13.232 27.7538 0.529862104703
-12.7027 27.7294 1.54712670457
-13.2417 26.2792 1.79193566012
-14.9172 26.9146 2.96119549169
-16.5867 29.3603 2.75842412439
-18.3209 31.5054 2.65604599734
-20.7914 32.4807 0.645355979286
-21.2211 32.9622 3.78277416984
-24.987 32.6053 3.96037827739
-28.9473 32.5804 3.53608518138
-32.4394 32.0244 16.5747631356
-49.0086 31.595 1.42160504009
-49.1778 30.1835 1.44819912995
-49.3372 28.7441 3.31286735322
-46.7303 26.6998 1.92611966658
-48.1104 25.3562 2.53269708611
-47.8218 12.6934 0.420533779856
-47.4439 12.8779 0.965816390418
-46.4796 12.932 2.83479187419
-43.654 12.7039 1.81635613799
-42.4861 11.3128 6.60863450949
-37.8033 6.6496 8.53914769166
-32.0796 0.3127 0.714683146576
-31.5936 -0.2113 0.916943237065
-32.1937 0.482 4.38769316726
-34.3739 4.2897 14.6797659944
-29.2425 18.0434 0.514870711927
-29.0658 18.527 15.2746263224
-15.401 25.3525 0.505806385883
-14.9021 25.2692 2.60869684709
-12.4253 26.0882 0.589575915383
-11.8663 25.9008 0.469171876821
-11.4088 26.0048 1.28413641409
-10.1411 25.8 0.505693424913
-9.6433 25.711 3.78488649764
-5.8735 25.3734 2.73773629848
-3.5137 26.7614 4.16806342682
0.1975 28.6587 5.40704475661
4.5099 31.9205 3.60014206525
7.5391 29.975 0.453840291292
7.9346 29.7524 0.367311652415
8.2554 29.5735 1.35888078947
9.1464 28.5475 1.59418021566
10.6144 27.9259 0.536320398642
11.135 27.797 1.33940023891
12.207 26.994 2.1000505732
14.179 26.2719 5.63252824937
18.6908 22.9001 0.588948732913
18.9577 23.4251 0.495892327023
19.1483 23.8829 1.56524546318
17.8093 23.0723 10.5647188642
10.3745 15.5665 9.20652298156
17.1099 21.843 11.1789540875
24.6206 30.123 13.1561417764
37.6746 31.7592 6.33531489115
41.5307 26.7326 3.22391830076
43.1862 23.9662 0.769439406321
43.6268 23.3354 0.329645946433
43.7621 23.0348 12.6166678426
40.5978 19.0194 0.751753217486
39.8465 19.0455 3.38209827474
36.8522 20.618 0.744934319252
36.1877 20.9547 2.40316292415
34.0925 22.1317 3.27180979429
31.1402 23.5419 19.7876571077
12.6872 30.686 0.864755231265
11.8316 30.5605 0.581871618143
11.2623 30.4402 3.85546798456
7.4526 29.8479 5.44522321397
2.0103 29.6695 4.44835954032
-2.4373 29.5873 4.37963578851
-5.8215 26.8073 1.06149947715
-6.876 26.6856 1.27504535606
-6.5915 27.9285 3.21754457467
-7.1368 31.0995 1.49006036455
-8.5233 31.6453 3.27602115073
-11.797 31.7686 2.70292804936
-14.294 32.8034 7.24936048559
-21.4844 33.7261 0.430778945632
-21.8195 33.9968 2.24431160938
-23.7809 32.906 4.16736856061
-42.119 34.0 14.3355075826
-39.4869 19.9082 5.29101996405
-37.1818 15.1457 0.646333304109
-36.6211 14.8242 5.28951482841
-31.4837 13.5648 18.8553094605
-13.397 8.2362 0.6849184623
-13.0097 8.8011 0.849022267081
-12.2788 9.2331 0.783294184837
-11.9075 8.5434 0.231752648313
-12.0402 8.3534 1.09026940249
-11.8393 7.2818 0.557243725851
-11.4044 6.9334 0.347893891869
-11.1394 6.708 1.78120429485
-9.6229 5.7737 1.19168520172
-10.7738 5.4646 0.857002642936
-10.0031 5.0898 2.04997447057
-9.4354 3.12 1.39888570298
-8.5343 2.05 2.22587613761
-7.163 0.2967 6.16770493782
-1.9156 -2.9445 7.8980304241
-5.6643 -9.8962 7.39116014236
-13.0502 -10.175 0.997464410393
-12.0623 -10.0372 7.37644975852
-4.6875 -10.1932 1.45642245588
-3.4406 -10.9458 0.377427211526
-3.7677 -10.7575 3.99465899546
0.2055 -11.171 4.40403277917
4.2489 -9.4256 0.917231846373
4.9904 -8.8857 3.59457561334
8.3882 -10.0587 0.368894632653
8.0201 -10.0829 1.08589847131
8.8791 -9.4186 0.0986243377671
8.9511 -9.3512 1.42995681403
7.6079 -9.8417 18.0068339705
-9.6763 -14.8917 0.132813327644
-9.5916 -14.994 1.04426285005
-9.8749 -13.9889 11.3046838368
-11.8393 -2.8562 0.500748419868
-11.3906 -3.0785 0.356730500518
-11.0798 -2.9034 2.45995639189
-9.729 -0.8475 5.66436489379
-4.1569 0.1707 10.0294661174
-11.3671 -6.8009 2.32180234516
-10.2774 -8.8511 11.417856999
0.0612 -13.6968 16.100476965
-11.1277 -2.1195 0.2580600124
-11.1913 -2.3696 7.15530105307
-4.1683 -1.0 0.605356795617
-3.9754 -1.5738 0.96927354756
-3.2418 -2.2073 10.5371018122
-11.757 -8.4139 1.00911536011
-11.204 -9.258 11.3788762297
-1.1036 -14.4983 15.3545788982
8.5359 -26.45 3.45517289437
11.0897 -28.7773 0.643083400501
11.7162 -28.9224 2.75041552679
14.4168 -29.4435 0.538856168193
14.8417 -29.7749 3.28701251899
17.3768 -31.8672 11.6008091933
28.3363 -28.0635 7.65219588484
35.8168 -29.6754 0.906714861464
36.6096 -29.2354 3.92862113215
40.1016 -27.4354 3.5468314437
40.5568 -23.9179 3.92940577823
43.7097 -7.7797 1.07279761372
0.0 0.0 1.96084112564
1.2936 1.4736 0.206836868087
-2.9694 10.8716 1.40401504622
-4.0159 11.8076 6.36835060671
-8.9783 15.7989 0.615860925859
-9.4261 15.3761 0.971335415807
-8.4929 15.6456 0.272430541606
0.0 0.0 1.89100681384
1.7529 0.7094 0.227823133154
1.9402 0.8391 1.43027181333
0.5463 1.1596 0.581049051286
0.3077 0.6298 1.76468995577
-0.2793 2.294 3.66348173463
-3.1112 4.6181 1.34675849357
-4.4562 4.6869 0.591130611625
-4.2316 4.1401 1.34158472338
-4.4142 5.4692 19.377187308
-8.3276 24.4471 2.63845407957
-10.5028 25.9404 5.42800738761
-14.471 29.644 3.76516200183
-16.1423 33.0179 4.66711177496
-20.6379 31.7643 3.71482651008
-23.9179 33.5083 0.897317747512
-24.8144 33.47 2.70093676342
-27.402 32.6958 3.58552733221
-30.9875 32.6818 8.43893994528
-39.3759 33.604 4.85567233244
-44.2281 33.4204 6.28154392248
-48.8395 29.1551 1.18056087094
-48.7769 27.9762 2.77902912003
-50.4927 25.7901 2.51597144062
-50.7429 23.2866 0.817992524416
-50.1178 22.759 3.6361469841
-46.7486 21.3915 2.38736944774
-45.9288 19.1493 8.96761581971
-40.3478 12.13 0.186416522873
-40.1644 12.0966 1.1495058982
-44.1405 12.6354 4.50057167591
-47.0 9.16 16.4811676504
-39.9886 24.0754 23.307319236
-17.5672 30.4403 0.96335977184
-16.6755 30.8049 6.22090110595
-11.0199 33.396 0.454657288515
-10.6009 33.2195 0.456452461928
-10.1891 33.0226 1.0584738164
-9.202 32.6405 2.97155080892
-6.2409 32.8895 2.94007476946
-3.3102 32.6549 6.18617155275
2.8756 32.5871 0.866775201537
3.7029 32.3285 0.60375577844
4.2831 32.1615 0.513412826096
4.6603 31.8132 0.65446168719
5.1762 31.4105 0.779623017875
5.9384 31.2466 1.25611217652
7.0486 30.659 0.801110635306
7.7477 30.2678 4.15961733817
9.5843 34.0 6.95023925991
14.0567 28.6799 0.373883029837
14.2721 28.9855 0.176375054926
14.4381 28.9259 3.26695793208
17.0779 27.0012 0.70215650677
17.5049 26.4438 0.662465614202
17.8786 25.8968 1.54190537972
18.4288 24.4564 7.97639915313
25.6437 21.0552 0.565753745016
26.1648 20.8349 0.22123349656
26.3547 20.7214 1.24982920833
25.4224 21.5538 1.00202539888
24.7325 20.8271 11.7643321145
15.9892 12.956 14.8720944003
3.2588 20.6447 0.962398431005
4.0631 21.1732 1.493059828
2.8842 20.257 8.39261690416
-2.5451 13.8571 0.533625945771
-2.018 13.7739 3.56119107743
1.5178 13.3494 1.22796362324
2.4699 14.1249 4.25565931202
6.7252 14.1802 0.947762338353
6.6956 13.2329 0.749535442791
6.8129 13.9732 16.0903389312
14.4995 28.1088 0.39599743686
14.7994 28.3674 0.307741352437
15.0369 28.5631 1.54783711029
16.5023 29.0615 2.22786252044
18.7273 28.9486 1.74616591709
20.3928 29.4732 2.65043905231
22.8797 30.3898 3.35584773194
26.1799 30.9984 1.37020421836
27.5345 31.2046 3.75223385199
31.2537 31.7014 2.48416802371
33.6551 32.3373 0.782262417607
34.4258 32.4713 2.73753296236
36.9982 33.4077 1.79182336462
38.7586 33.0736 1.00561145578
39.1498 34.0 5.01656824931
40.1152 29.0772 1.98152008569
40.6424 27.1671 0.234270271268
40.4608 27.0191 1.69794894211
41.9614 26.2246 3.9626816993
34.6123 2.0651 0.656245335222
34.326 1.4746 1.15467246438
35.4735 1.3461 8.21857814284
44.4395 2.6048 3.95928587753
44.071 -1.3373 1.25528800281
43.0276 -0.6394 1.61133482864
41.8009 -1.6842 0.165283060233
41.9652 -1.6662 1.03080943438
42.9324 -1.3097 0.862363409474
42.7823 -0.4605 0.718018175257
42.994 -1.1466 0.856194469732
42.5904 -1.9017 17.5846222001
25.006 -1.8133 0.963025440993
24.4226 -2.5795 2.98100547467
21.4418 -2.5445 4.06252505223
17.4392 -3.2397 0.997338508231
17.3695 -2.2448 0.820192233565
16.9078 -2.9227 21.0997480812
9.1763 -22.5549 3.860035483
5.3275 -22.8492 3.08683698954
3.1347 -25.0218 2.73197016455
1.3804 -27.1161 3.51460066722
-0.5844 -30.0302 3.03520272964
-3.31 -31.3657 2.30107283674
-4.9334 -29.7349 3.38086148193
-6.4128 -26.6949 0.772122561515
-7.105 -27.037 3.10133370826
-9.6824 -28.7619 0.940572867991
-8.927 -28.2015 0.882869123936
-9.0385 -29.0773 1.16702648642
-10.1666 -28.7784 10.8091380378
-7.2982 -18.3568 8.28134841496
-8.8503 -26.4914 3.90612262992
-11.5353 -29.3284 1.05501644063
-12.5893 -29.2821 1.59482955829
-13.0127 -30.8197 1.02020082827
-14.0274 -30.9255 0.933825090689
-14.9447 -31.1004 3.32577995965
-18.27 -31.0439 0.2197739293
-18.4897 -31.0382 0.834159966673
-18.922 -31.7516 0.698978719275
-19.573 -31.4971 0.9912441677
-20.1992 -30.7287 1.32471142895
-18.9418 -31.1456 0.687983466371
-19.1023 -30.4766 0.291479330313
-19.3709 -30.5898 1.4294375992
-19.4101 -29.1609 1.48952306797
-19.713 -27.7025 1.15528957842
-19.683 -26.5476 1.24689586574
-20.6671 -25.7819 0.876826556395
-21.203 -25.0879 1.10675412355
-20.9567 -26.1669 13.0461931386
-13.9713 -15.1484 0.758534191715
-13.5199 -14.5388 1.29293125881
-14.0769 -15.7056 14.8037682176
-21.7809 -28.3468 0.895366919201
-22.6225 -28.6524 2.72606888394
-25.0195 -29.9508 1.25086987733
-26.2134 -30.324 1.78173697554
-27.945 -30.7437 2.49871458954
-30.3094 -31.5519 3.70812937342
-34.0142 -31.709 1.83783922039
-35.8484 -31.5934 3.61725797394
-39.4054 -32.2509 6.8043136465
-46.18 -31.6157 4.20005180563
-49.7814 -29.4546 0.944702265267
-50.2225 -30.29 0.586407955267
-50.621 -29.8598 1.16858110544
-50.0736 -34.0 6.45667254242
-45.27 -29.6856 0.707672593789
-44.5647 -29.7435 1.0806100962
-44.051 -28.7928 16.4126594969
-35.53 -14.7654 2.18884857859
-33.3657 -15.0923 0.38323711981
-33.0019 -15.2128 0.792204803065
-32.7241 -14.4709 2.53670090669
-30.1959 -14.6784 15.6983031201
-21.8542 -1.3798 1.89024312193
-19.9897 -1.0689 2.08755869379
-17.937 -0.689 3.23912139322
-17.7022 2.5416 0.170123954809
-17.5992 2.677 0.628115952671
-18.1225 2.3296 0.189090798295
-18.2087 2.4979 0.769473690258
-17.4407 2.4503 0.325977729301
-17.1535 2.6045 0.822850958558
-17.7926 2.0862 1.51186154128
-16.79 0.9546 5.56198055372
-13.9208 -3.8102 0.466723526298
-13.715 -4.2291 3.27807777364
-10.4467 -3.9761 1.35645214438
-9.2076 -3.4242 1.07747405073
-9.9329 -4.221 8.59310287382
-13.4419 -12.065 1.58539742651
-11.8609 -11.947 2.4806722093
-9.6619 -10.7989 1.25838404313
-8.7675 -11.6841 1.00500639301
-9.1891 -10.7718 10.1856570883
-11.6197 -0.8804 8.42410875998
-5.0455 4.387 13.3612563799
7.8183 0.7751 0.585710525772
8.3484 1.0242 3.03550352331
11.3804 0.8784 0.692861753887
12.0594 0.7405 0.550994419209
12.5943 0.6083 0.443097878578
13.0325 0.5426 1.56419479925
14.3041 1.4535 1.28357635145
21.1197 3.4639 0.190047073116
21.1439 3.2754 6.99630392493
21.6124 -3.7052 0.992356568981
21.639 -2.7132 1.17356565219
21.0793 -3.7447 14.8657165108
14.5146 -17.0824 15.0865729246
2.3252 -25.9719 3.14759401766
1.4811 -29.0042 4.78646846015
-2.8325 -31.0786 3.82882351905
-6.055 -33.1463 1.55292878459
-7.5841 -32.8753 2.53044585992
-9.9689 -33.7214 1.63328201178
-11.5671 -33.3847 5.12510401846
-16.6807 -33.0415 3.28444621968
-19.8971 -33.7066 2.83593747815
-22.7328 -33.6699 1.39347684947
-24.0861 -33.3377 2.23482859522
-26.1763 -32.5468 3.3094558586
-29.3091 -33.6136 4.45928547864
-33.5448 -32.2193 5.92398900911
-39.3455 -33.4216 3.44549835147
-42.6247 -32.3641 8.98677839607
-48.9272 -25.9578 3.28499845966
-50.3164 -22.981 2.65948084595
-50.9143 -20.3896 1.88851472327
-51.5324 -18.6051 14.3949364629
-51.2848 -20.9483 1.00892132994
-50.4276 -20.4162 14.1237913755
-45.5917 -7.1461 1.10765352886
-44.492 -7.0136 0.969815332937
-45.3007 -7.5489 5.60661517941
-39.7831 -8.544 1.03898489402
-38.9662 -7.902 2.55131622893
-37.9347 -10.2355 1.64789092175
-36.5332 -9.3687 3.05981763019
-33.752 -8.093 0.682935787611
-33.0825 -8.2278 2.56215409568
-30.5256 -8.3918 1.38306243171
-29.8893 -7.1638 10.8378948888
-32.0024 3.4661 0.423711718035
-31.6843 3.1862 1.8598106409
-32.3822 1.4623 5.25674728516
-28.4833 -2.0636 11.6494375405
-19.8943 -9.9337 15.8618252525
-11.2428 -23.2284 0.534384178284
-10.7506 -23.0203 1.80650319679
-9.7538 -21.5137 7.03670284721
-2.9552 -19.6987 2.52440632427
-0.5947 -18.8039 2.43960870838
1.5296 -20.0035 2.33221997462
3.8595 -19.8995 5.04191291575
7.3952 -23.4939 0.835647593187
8.2305 -23.518 0.420524933862
8.6164 -23.6851 1.10602133795
8.9348 -22.6259 3.0333606083
10.0681 -19.8122 0.772030582296
10.491 -20.4581 0.670450333731
11.1321 -20.2619 2.72303799643
12.6588 -22.5167 0.489921218157
13.125 -22.3661 1.00961728392
14.0209 -22.8316 11.7423372886
10.3947 -34.0 8.16642414892
14.3894 -26.8773 1.65069953959
14.569 -28.5182 6.39963409345
11.2667 -34.0 6.5518895534
13.8973 -27.9994 1.31922059186
14.9682 -28.7698 3.55017439712
18.5022 -28.4313 8.96954096094
27.4451 -29.1221 8.78997405343
35.627 -32.3346 4.92092067097
40.0318 -30.1407 1.33454451406
40.0427 -28.8062 5.69158157721
39.6541 -23.1279 12.8268637854
40.8805 -10.3598 0.829415896882
40.3333 -10.9831 1.13337157632
0.0 0.0 2.01758296979
1.8002 0.911 4.63583569165
0.4892 5.3576 0.701850333048
0.185 5.9901 1.5541981373
-1.3238 5.6172 0.365948903537
-1.0176 5.8176 0.249473044636
-0.984 5.5704 3.96095176694
0.6937 9.1585 1.05531622275
0.5349 10.2018 15.0648782703
-2.21 25.0145 7.62929490648
-7.4959 30.5159 2.71332994676
-9.7927 31.9605 1.29302705695
-11.0203 31.5544 5.2098806781
-16.2091 31.0862 4.22040048574
-19.9826 32.9763 1.22396555507
-21.0958 32.4675 5.01545790233
-26.1112 32.4434 1.3360924257
-27.4413 32.317 3.15717839376
-30.5903 32.5441 1.56100368353
-32.1066 32.1732 14.1954996143
-46.2825 31.4275 4.18757550977
-48.4669 27.8548 2.02030080186
-50.3311 27.0761 1.54508667718
-49.1839 26.0411 2.28030158093
-51.1046 24.812 2.08830572953
-50.7507 22.7539 10.2734617194
-51.5 33.0 9.60247653577
-18.6308 22.751 0.333646834242
-18.9222 22.9135 3.03962599838
-21.6808 21.637 2.14075002978
-23.7621 22.138 1.0790694556
-22.7321 22.4597 0.93861082457
-23.5143 22.9785 4.26991201432
-26.6037 25.926 3.90069623657
-27.3749 29.7497 0.178616376629
-27.2215 29.6582 3.77433036445
-30.2658 31.8893 4.15914618281
-34.4249 31.9089 1.80650613616
-36.175 31.461 3.0166027415
-39.1353 32.0411 6.67588432269
-45.6671 30.6616 1.77872691552
-47.2711 29.8928 3.29226045446
-50.072 28.1625 1.07345890001
-49.1096 27.687 12.6747394971
-44.026 16.0764 1.82496067355
-45.6099 15.1699 2.69852404844
-42.627 -9.9046 12.0823491035
-31.0265 -13.2827 0.331917128211
-31.0648 -12.953 2.2450333806
-28.85 -13.3202 1.7497847439
-27.1327 -12.9846 1.56753513517
-25.9595 -11.945 17.567531277
-17.3441 3.3649 10.4869799986
-7.9648 -1.3261 0.935892151906
-7.3224 -2.0067 0.88603716062
-7.8181 -2.7411 0.415266866003
-7.4257 -2.6052 11.9666489181
-10.4785 -14.1759 0.610721966201
-10.2629 -14.7473 17.251691873
1.0979 -27.7301 6.63818646695
5.83 -32.3855 5.16374537811
10.9592 -31.7892 6.55766751826
17.3734 -33.1534 4.41651093059
21.7886 -33.261 4.63462525454
26.4232 -33.2457 9.87818937356
36.3003 -33.099 2.17304318411
38.0365 -31.7922 0.961326219345
38.8098 -31.2211 0.746971010147
39.4143 -30.7823 2.67930659873
40.0232 -28.1731 6.75518876272
38.7231 -21.5442 1.10866453898
38.8236 -20.4401 16.0210655008
36.8683 -4.5388 0.897018221666
35.9846 -4.6928 1.04161463603
43.2907 -2.0267 8.63527091468
36.9496 -7.8883 0.981991267782
37.4403 -7.0377 13.4511154619
24.4617 -3.5038 0.208370295388
24.4094 -3.3021 4.20485743516
20.4076 -4.593 0.767480481837
20.6978 -3.8825 3.6875532186
17.3685 -5.468 2.97226063797
14.4176 -5.8237 0.764621998114
14.4118 -5.0591 1.03128607573
13.7902 -5.882 19.6144170854
7.5366 -24.4728 0.137590879058
7.4791 -24.5978 4.31253778186
3.3845 -25.9514 3.69281218721
0.0301 -24.4071 2.13542992861
-2.0602 -23.9704 3.43904062203
-5.2616 -25.2266 3.51369188461
-6.0395 -28.6531 0.437675279174
-5.8614 -29.0529 2.46719201117
-7.3545 -31.017 5.12919474772
-12.2619 -32.509 3.98909987341
-16.1881 -33.2146 1.61688790273
-17.6388 -32.5006 1.76826469738
-19.1518 -33.4158 1.30739536866
-20.4507 -33.5646 0.353478995133
-20.5149 -33.9122 1.30827598388
-21.5072 -33.0596 1.6872972619
-23.0615 -33.7162 1.55588076985
-24.5614 -33.3026 2.79408810527
-27.3161 -32.8351 3.57086642847
-30.8837 -32.9878 1.54582769092
-32.366 -33.4264 1.43248048503
-33.6575 -32.8067 12.6924175731
-46.3479 -33.033 3.31805622767
-47.2856 -29.8502 2.43763027549
-48.7862 -27.9292 3.5262057413
-51.088 -25.2579 1.18870972066
-50.8598 -24.0913 0.862139669659
-50.8903 -23.2297 1.03936728831
-50.6693 -24.2453 1.12147292879
-50.336 -23.1745 11.3137347061
-45.2288 -13.0791 20.8846883206
-51.5 -33.0 10.1336020471
-43.0622 -27.3881 0.770157490388
-43.3606 -26.6781 3.2742719038
-45.5868 -29.7033 15.8717358628
-37.1097 -16.285 0.728644357694
-36.4095 -16.4866 1.35644641619
-37.3943 -17.4194 0.55890393629
-36.8383 -17.3625 0.590066919934
-36.9147 -17.9476 1.32624918096
-35.6102 -17.7084 2.00929765092
-33.9354 -16.5983 0.516956023275
-33.5617 -16.9555 0.407831889386
-33.2511 -16.6912 0.94990595324
-33.5847 -17.5806 0.76535108937
-33.4312 -16.8308 2.60106340753
-31.1098 -15.6575 0.600623184701
-30.5248 -15.7936 0.496481832497
-30.0387 -15.6926 1.06824543996
-29.7331 -16.7162 1.25974579182
-29.5892 -15.4647 0.773947905224
-29.2712 -16.1703 2.69397203029
-26.5773 -16.1506 0.572803491609
-26.0045 -16.1486 0.580644512589
-25.4971 -15.8663 1.46847866855
-26.0759 -14.5167 0.52963275012
-25.6618 -14.8469 4.71052343694
-27.403 -10.47 15.9342822468
-16.6594 1.2976 19.3933460408
-8.5915 18.9331 3.25343865011
-5.5879 20.1834 1.07389856132
-4.5323 20.3808 2.18075723087
-2.4476 21.0209 4.58289229308
2.1315 20.8345 3.6317978702
-0.654 34.0 12.4003795043
6.8332 24.1151 1.27989198372
5.8327 24.9133 5.35284907035
2.2981 28.9332 11.5238428664
-9.0364 31.0136 1.62246199339
-8.515 32.55 0.291397494842
-8.8025 32.5025 3.04499445812
-11.8304 32.8247 1.67145815682
-13.5015 32.8593 3.35608766423
-16.845 33.1497 3.20330180439
-20.0483 33.1463 1.70522625478
-21.48 32.22 3.08535550788
-24.4369 33.101 1.18759869064
-25.583 33.4122 3.41697470433
-28.9233 32.6924 3.69710599388
-32.6185 32.5737 2.46382142413
-34.913 33.4713 10.1434120748
-44.9784 32.2157 4.17184986547
-48.4945 29.9704 2.18199771311
-50.3394 28.8053 0.99996420936
-51.1103 28.1684 2.8759324401
-43.4752 16.4924 19.4501869464
-37.3904 -1.9815 0.496562302234
-36.9208 -1.8201 1.42201510892
-35.8924 -2.8022 0.500931232805
-35.3927 -2.8373 17.3333421065
-36.0 -20.16 7.91131465308
-30.0277 -14.9715 0.33204103662
-29.9748 -15.2993 1.3264370509
-29.7395 -13.9939 17.5595154404
-18.7842 -0.271 0.872054958131
-17.9131 -0.3118 9.41279904439
-9.2287 -3.9425 6.96351977666
-11.0139 2.7883 0.632100822654
-11.3363 2.2446 1.39962359583
-10.8398 3.5532 0.361053971035
-10.8217 3.1926 1.88726740024
-8.9437 3.3794 0.722317741718
-9.6081 3.6628 1.28471531866
-10.0517 2.4571 1.04749432934
-9.0206 2.6417 6.23728992191
-4.0192 -1.0852 0.415292306695
-4.2725 -1.4143 0.464443968633
-3.9587 -1.7567 7.13833458588
-9.8492 -5.7888 3.89852797091
-12.2707 -8.8441 0.287071855116
-12.5562 -8.8741 1.18044720763
-12.1818 -7.7546 13.0839808965
-5.4207 3.4471 20.1552356101
2.5748 21.9486 11.3358751268
-0.4252 11.0169 13.5401566494
-4.048 -2.0296 14.2159597664
1.3242 11.1322 8.52074772893
3.4037 2.8691 11.6854473273
0.7417 -8.5091 0.349956983071
0.5259 -8.2336 10.8056616734
-10.2795 -8.1584 0.591416350805
-10.3986 -7.5791 1.27186793733
-9.1697 -7.9069 8.15564582667
-1.0431 -8.5946 0.422187541266
-0.6277 -8.67 2.08146373978
1.4314 -8.9743 6.91311921639
5.5923 -3.4536 1.20008385124
6.7368 -3.0926 12.2466620113
10.8257 8.4513 32.8452295235
38.3099 26.4354 4.63028904713
39.8978 22.0859 0.529765023383
39.9061 21.5562 0.310358534602
40.159 21.3763 0.43620381704
40.5466 21.5764 1.13319723349
40.8672 22.6633 0.363022712788
40.9082 22.3026 1.58548685898
39.6239 21.3729 6.584837651
35.5039 16.2362 4.86668996855
38.2041 20.2851 2.27397053851
39.1561 18.22 11.0127910926
39.3707 7.2093 0.0240208242989
39.3947 7.2083 0.700014871271
38.8196 6.8092 0.0810808238735
38.7585 6.8625 0.486538241046
21.1328 16.4838 0.362512413581
20.7703 16.4868 4.41166923964
19.5985 20.74 0.162858005637
19.7413 20.8183 4.42732723548
19.8412 25.2445 0.607533480559
20.089 25.7992 2.85578681627
20.8537 28.5507 0.691615630246
21.484 28.8354 2.30137569727
23.5653 29.8175 7.13215800302
29.7156 26.2062 5.95751446242
35.1795 28.5806 3.54137585269
37.4577 25.8693 4.6910407001
37.522 21.1787 0.965527803846
37.8433 20.2682 0.0809587549311
37.9219 20.2876 0.326894371319
38.0991 20.5623 1.45752646631
38.1183 19.1049 0.219607763979
19.8488 22.0538 0.26437974582
20.1092 22.0081 0.851194184661
19.2737 22.1708 3.84572480165
16.2792 24.5838 3.79685026568
12.4917 24.8501 3.97107780332
8.5211 24.9117 3.55349310538
4.9696 24.7927 3.63199454845
