0.0 0.0 7.89855574963
-3.5858 7.0377 14.3565476421
3.232 19.6721 0.0633895890506
3.17 19.6853 10.0241073508
-2.3303 11.305 0.614203891228
-2.6742 11.8139 0.340656571931
-2.5191 11.5106 7.6757043781
1.156 4.7719 12.513214619
7.4369 -6.0508 0.36591332307
7.2719 -6.3774 0.143503763017
7.2526 -6.2352 1.5720653835
8.7835 -6.5926 0.52807757006
9.2219 -6.887 0.598144840319
9.5462 -7.3896 0.399210533428
9.7179 -7.75 0.326083976914
9.7855 -8.069 1.32869248511
10.8519 -8.8616 1.26005287587
11.6485 -7.8853 1.17556269505
11.9096 -9.0315 13.6521625987
15.3325 -22.2476 0.795908317584
15.9571 -22.7409 1.16189511145
15.4527 -23.7876 0.918568897797
16.3638 -23.9045 0.754796727603
16.6949 -24.5828 1.22450657818
17.3639 -25.6084 0.394753822021
17.5732 -25.9431 0.242302063549
17.8155 -25.9421 0.694536464126
18.5062 -26.015 0.463037298714
18.8477 -26.3277 1.3068414594
19.4189 -27.5031 1.2023708912
20.2719 -28.3505 1.37097109014
20.9497 -29.5422 0.0965522138534
20.918 -29.6334 1.91287236375
22.3718 -30.8766 1.52651891898
23.6719 -31.6766 1.80400856428
25.423 -32.1103 3.30056005096
28.5917 -33.0339 0.529301398071
28.5771 -33.563 2.21587729128
30.7915 -33.6439 2.56705821126
33.3584 -33.6724 1.42146157176
34.7314 -33.3044 3.40687044221
38.1253 -33.0074 2.32292245673
39.846 -31.4469 0.345738701912
39.8307 -31.1015 1.5223027327
40.8332 -29.9559 1.61568547063
41.2909 -28.4064 1.61498563461
41.6445 -26.8306 8.29503702041
40.2091 -18.6607 9.04386650056
40.7579 -9.6335 2.87747560372
43.3303 -4.6793 1.21469233965
42.1695 -4.3215 0.496110481647
41.6739 -4.299 41.8950515241
0.0 0.0 24.0593932534
7.2394 -22.9444 0.212244434556
7.1887 -23.1505 1.0875011954
8.2628 -22.9803 1.14622785257
7.1926 -23.3908 12.9855467906
-4.713 -28.5755 1.62566701695
-6.2608 -29.0726 1.92423674479
-8.1152 -29.5863 2.62167018711
-10.7233 -29.8527 2.06224567402
-12.7122 -30.3978 0.833637919003
-12.0569 -29.8825 1.0239743405
-12.411 -30.8433 1.53379081038
-13.453 -29.7178 7.6916339935
-21.098 -28.8721 1.87189416902
-21.7263 -27.1088 0.846704110064
-21.1455 -27.7249 1.45261212992
-22.5977 -27.6903 0.758810496765
-22.2493 -28.3644 1.01370923346
-22.4989 -29.3469 2.73561744767
-24.5358 -31.173 2.68898024165
-27.1751 -31.6875 2.57899751842
-29.7135 -31.2317 2.86167840262
-32.4893 -30.5359 2.36960852885
-34.803 -30.0242 2.79392449791
-37.5381 -29.4539 10.7748214635
-48.121 -31.4785 3.86387400675
-51.2313 -29.186 0.788019745945
-50.8667 -28.4874 1.4453010932
-51.4497 -27.1649 1.09612465076
-51.4867 -28.2604 1.17059412693
-50.8917 -27.2523 0.419049448156
-26.7314 -9.9388 1.15470545162
-25.9152 -9.122 1.11941850976
-26.6206 -9.9912 0.144821269156
-26.744 -10.067 1.17128381275
-26.1761 -9.0426 1.22699796251
-26.7941 -10.1026 2.3997259531
-29.1209 -10.6897 0.749136069082
-28.6163 -10.136 1.28628818699
-29.0236 -11.3561 20.2217549545
-40.9148 -27.7121 6.99611780633
-47.9108 -27.7527 2.94605412034
-49.5776 -25.3235 1.07522824554
-50.1679 -24.4248 9.58513498757
-49.3872 -24.7741 1.05757201646
-48.5988 -24.0692 2.68361474508
-49.9371 -26.3953 1.1277414819
-50.7229 -27.2042 0.901508164134
-51.6188 -27.1038 2.17164311064
-51.4344 -24.94 12.1419184337
-40.723 -19.2223 10.9489207477
-33.6495 -10.865 18.1430812744
-17.2633 -3.0763 1.18530816668
-17.978 -2.1307 1.97221227306
-16.0374 -1.779 0.610268285265
-15.4467 -1.9323 0.638140329395
-14.8219 -1.8025 1.74258546132
-13.3299 -0.9022 0.805067034476
-12.9222 -0.208 1.67378904884
-13.2679 1.4297 0.550684701077
-12.8637 1.8037 0.349681526535
-12.6398 2.0723 0.845569878839
-12.1037 1.4184 1.77686430545
-11.5947 3.1208 1.80987692675
-9.924 2.4248 1.3283540379
-11.1406 2.9581 0.16064071713
-11.2694 3.0541 1.15470074045
-10.319 2.3983 1.01152550635
-10.6653 1.4479 2.61585615239
-11.1982 -1.1131 8.23366119111
-10.9737 -9.3437 5.67551402165
-11.4887 -3.6916 11.825935894
-5.6036 6.566 0.272148433764
-5.391 6.3961 6.18347897304
-7.1399 0.4651 0.646106995783
-7.5048 0.9983 0.099939231536
-7.5911 1.0487 1.07096227758
-6.9813 0.1683 0.249068986427
-7.2257 0.1203 8.70461641774
-9.97 -8.1404 0.557927746218
-10.1491 -7.612 0.230100434593
-10.3461 -7.4931 1.26840445048
-10.2618 -8.7587 13.8954321077
-9.3057 -22.6212 1.23332573151
-10.2901 -23.3642 1.07956113769
-9.2189 -23.4983 12.6444412154
2.4268 -28.4237 0.605475821152
3.0317 -28.4501 1.2855876944
1.8781 -27.8827 9.36894083074
-7.0592 -25.0717 7.88169065937
0.1051 -28.3571 0.74596005255
0.8417 -28.4749 0.512779972308
1.272 -28.7538 2.94855636711
3.8692 -30.1497 4.2459267728
7.1746 -32.8147 0.486308050519
7.6402 -32.9551 0.482070793556
8.1191 -32.8999 0.415984675199
8.4776 -32.6889 0.234382785204
8.6699 -32.5549 0.107700046425
8.756 -32.4902 11.6489385096
14.7498 -22.5016 0.347503237395
14.4727 -22.2919 14.5789934306
5.7855 -34.0 13.9424716693
-2.9725 -23.1515 10.7788129796
3.0841 -14.2352 0.790230479038
3.5202 -14.8942 0.586877678908
3.4047 -14.3188 1.32662763804
3.1442 -13.018 16.8623770976
-4.4761 2.0243 0.51204887462
-4.6715 2.4976 1.9682840674
-2.7096 2.3392 0.336871251371
-2.5176 2.616 0.402244950248
-2.6938 2.9776 0.418573768887
-2.8458 3.3676 10.1247659909
6.5416 7.1607 0.574085019836
6.8791 7.6251 0.188662502899
7.0114 7.7596 0.224397504442
7.0814 7.9728 0.166686922102
7.1351 8.1306 1.23421557679
8.1379 8.8501 1.28221474021
9.2989 8.3059 1.63579995109
10.4347 9.4831 2.04902681778
12.202 10.52 14.7941878266
11.9253 25.3116 4.35425969368
14.2635 28.9848 0.52704250303
14.0059 29.4446 1.25719704104
15.1741 29.9092 3.83516548013
17.464 32.9857 0.617449471617
18.0801 33.0265 0.457834249483
18.5379 33.0321 1.40085487114
19.9345 33.1412 0.791807053517
20.7074 33.3132 2.89915027034
23.5479 32.733 3.25773188123
26.8053 32.6865 0.242155838253
27.036 32.6129 0.438880313981
27.4308 32.4212 0.394489708358
27.813 32.5189 1.62778755985
29.3685 32.9986 3.93835325612
33.2856 32.59 0.541080816515
33.8053 32.4394 2.56786339395
36.2493 31.6515 1.66162533984
37.7532 30.9449 0.573325527079
38.1986 30.5839 1.40702807364
39.2714 29.6735 1.79968462237
39.7649 27.9428 2.46724718664
40.3277 25.5406 1.96857584309
40.7851 23.6259 1.31110132713
40.7688 22.3149 5.14836257076
40.2584 17.1919 1.08038349673
40.3345 16.1142 0.0484855648621
40.3599 16.1555 1.07388999902
40.3397 17.2292 1.12525886799
40.6473 18.3116 1.0528744702
40.9149 19.3299 1.21272099017
41.1203 18.1347 2.84351975727
41.1309 15.2912 1.02909337283
40.6375 14.3881 0.951775372659
40.9131 15.2991 0.605829712048
40.9071 15.9049 0.534004119834
40.3765 15.9651 1.57680481037
39.9411 14.4496 7.50139377249
41.0418 7.0294 0.935701159559
40.7933 7.9315 0.0
40.7933 7.9315 1.23950161355
0.0 0.0 5.7818101681
0.2569 -5.7761 0.489886211278
0.1994 -5.2896 4.16267741364
-2.2183 -1.901 1.53915470632
-2.8868 -3.2874 2.95989970776
-4.9 -5.4572 0.897005975454
-5.1636 -4.5998 1.12279706537
-12.7478 -34.0 6.63357642302
-17.2298 -29.1096 0.468768695627
-16.7726 -29.0061 2.6481317792
-14.133 -28.7937 0.845031295278
-13.8735 -27.9895 0.322249096197
-13.6247 -28.1943 1.40114019641
-12.2258 -28.1151 4.92792682271
-9.2387 -32.0345 0.681501122523
-8.5774 -32.1992 1.90419549417
-6.8102 -32.9084 2.78729773257
-4.0911 -32.2956 0.631827357749
-3.4702 -32.4126 0.485958434437
-2.9868 -32.4624 2.2835399055
-0.7469 -32.0181 0.657967605586
-0.1505 -32.296 2.48259075161
2.0217 -31.094 0.764995790838
2.7833 -31.166 3.27910881338
6.0383 -30.7691 1.6541416203
7.1366 -29.5322 2.73704605917
8.8198 -31.6905 0.996317143283
9.7085 -31.2401 1.2327184999
9.9902 -32.4402 0.255889448786
10.2317 -32.5248 1.67295811065
11.4589 -31.3878 7.68066115188
14.8372 -24.49 0.231254189151
3.704 -23.0814 0.656826384976
4.2109 -23.4991 0.439461864102
4.4756 -23.8499 1.32177042258
4.8784 -25.1088 1.82890017497
6.3905 -26.1376 1.54380864423
7.9282 -26.2748 1.97255777355
9.8698 -26.6229 1.83596778294
11.6711 -26.978 0.544515527786
12.1665 -27.204 1.26299202294
13.4203 -27.3561 0.763549461397
13.8896 -27.9584 3.14475126679
15.1114 -30.8561 1.78949583123
16.2431 -29.4699 0.581722820594
16.5251 -29.9787 1.14270517633
16.9137 -31.0533 0.44318957569
17.3465 -31.1487 0.372734825312
17.529 -31.4737 1.29991104696
17.8378 -32.7364 2.47845726612
19.4377 -30.8435 8.17766486596
20.9162 -22.8006 0.800781324707
21.2734 -23.5173 0.973424984269
22.1828 -23.1701 0.973137569925
22.9695 -23.7429 0.894757732573
22.9527 -24.6375 0.592023546829
23.4815 -24.3713 0.296216981282
23.7694 -24.3016 0.69361056797
24.3605 -24.6645 3.13070115629
26.3848 -27.0527 2.7427337986
28.0143 -29.2589 1.78329542421
29.7952 -29.1665 1.03174295248
30.8266 -29.1931 0.224084448367
31.0488 -29.2221 0.0669242108657
31.1115 -29.1987 2.72304689089
33.5546 -30.4013 3.82226723556
37.3277 -31.0124 0.926949944711
38.1283 -30.5452 1.21053654633
39.1956 -29.974 1.80333802988
40.4733 -28.7014 1.40709210786
40.9671 -27.3838 9.36237992874
38.6254 -18.319 7.07732448034
42.9734 -7.4738 0.670803488363
42.4092 -2.6295 0.181752826663
42.4572 -2.8048 0.993681518395
43.3662 -2.4034 0.316719513134
43.6823 -2.4232 0.936702177856
43.7547 -3.3571 0.508527531211
43.8619 -2.86 43.9550437562
0.0 0.0 2.09974191033
2.096 -0.1253 1.15054773912
1.5799 -1.1536 0.678858254719
0.9936 -0.8114 5.12321673268
-3.2341 -1.6542 1.34803570057
-2.1333 -0.8761 10.1616968352
-11.1589 -5.545 0.300465538789
-10.9012 -5.6995 0.526215184121
-10.3983 -5.5446 2.97730525476
-7.455 -5.9933 1.3179414896
-7.9706 -4.7804 8.87440390618
-14.2496 1.4909 0.709146204954
-13.9771 2.1456 0.548440416089
-13.5191 2.4473 1.72357016683
-11.8007 2.5807 1.18641585458
-11.2834 3.6484 11.3119058456
-1.2969 8.9615 9.39179161236
5.0244 2.0155 0.511654737103
5.5285 2.1031 0.281335387038
5.8081 2.1343 2.59911591892
8.1231 3.3159 0.572456111855
8.6949 3.2885 9.76993370551
0.1619 -1.4696 8.3631036942
-3.8943 5.844 12.2283742407
-5.8162 17.9204 1.2814400103
-7.0837 18.1089 0.514538900376
-7.3065 17.6451 1.62380468345
-5.6827 17.6412 17.9974253861
10.8351 24.7875 0.861574889374
11.6828 24.9415 0.540560607148
12.1124 25.2696 3.55320182652
14.5105 27.8915 3.36948753522
17.04 30.1175 3.71225640952
19.7051 32.7017 0.644825596576
20.3457 32.7754 1.79926646442
22.1348 32.9664 1.42118323238
23.5455 33.1387 0.776495099791
24.3055 33.2979 0.656209242544
24.9551 33.3908 0.469034860112
25.422 33.3461 3.10189103129
28.5134 33.601 3.21308986024
31.6581 32.9416 5.04539950846
36.6769 33.459 2.18030754711
38.4277 32.1596 3.33028317865
40.1639 29.3177 0.685006569312
40.0937 28.6363 0.507523319661
40.1723 28.1349 0.69534487846
40.2682 27.4462 0.742039520511
40.3175 26.7058 0.537730229762
40.2221 26.1766 0.73589214563
40.1839 25.4417 0.538670298049
40.3727 24.9372 1.28633092554
40.5206 23.6594 1.17119708418
41.1725 22.6864 5.52016018065
40.8934 17.1733 0.755186678908
40.4588 16.5557 6.77291854152
40.6862 9.7866 1.14145791425
0.0 0.0 5.3115008218
5.3097 0.1383 1.12794770269
4.1886 0.2624 3.70047054575
0.4987 0.5419 0.183057641195
0.6808 0.5232 3.54704630362
-2.866 0.565 1.99189701039
-4.7849 1.0993 0.754295863703
-4.528 0.3901 1.41274071223
-5.8464 -0.1175 5.35171855856
-8.2116 4.6832 17.1554386178
-11.6487 21.4908 0.387916653419
-11.2765 21.3815 1.07949333486
-11.969 20.5534 2.25413988253
-13.3384 18.7629 0.28384758234
-13.368 19.0452 0.0430512485301
-13.3701 19.0022 8.74991591731
-19.1067 12.3952 1.21352116586
-20.3088 12.2291 5.87737318536
-26.1698 11.7907 2.57257475887
-28.679 11.2232 7.02425855162
-35.5818 12.5238 4.2665358618
-39.7969 13.1843 4.96424208213
-44.6941 13.9974 3.41333634001
-47.6622 12.3118 1.37792976599
-48.7834 13.1128 2.45299789849
-50.8224 14.4765 0.873308490741
-49.9508 14.5311 0.35101499968
-50.21 14.7678 0.892797502237
-50.8433 15.3971 0.684470379198
-51.5064 15.2274 0.656596169651
-50.8762 15.4117 1.13358008539
-51.7828 14.7312 0.213363469226
-51.7934 14.5181 0.437699920037
-52.1035 14.2092 1.18157832157
-51.3893 15.1505 1.23966749171
-50.4408 14.3523 0.716514033359
-50.6648 15.0329 0.639609443332
-51.033 15.5559 0.851255073406
-50.3222 15.0875 10.1893518759
-49.3145 25.2269 1.21820569692
-49.1189 24.0245 11.1752107027
-45.1301 13.5854 1.59280351582
-46.6441 14.0802 0.727389338663
-47.0 9.16 14.4295849715
-45.3367 23.4934 0.930130469343
-45.9477 22.7921 0.598718715258
-45.979 23.39 2.24643801829
-45.4166 25.5649 0.720206414856
-45.9178 25.0477 0.348959395919
-45.8999 25.3962 14.4328857115
-31.4813 24.7542 17.4836437175
-14.5123 28.965 2.7446241801
-11.8013 28.5367 3.02478482045
-8.9452 29.5327 5.45432629479
-4.2655 32.3345 6.05567611502
1.75 33.0309 0.69055109152
2.4405 33.0225 1.11381729202
3.5541 33.0005 1.0259417771
4.5283 32.6788 0.468330022527
4.9957 32.7083 0.750987216935
5.7451 32.7571 11.7376045789
3.6166 21.2141 14.7781011449
5.5438 6.5622 0.743958795902
5.8651 7.2332 10.6545107692
4.2268 17.761 1.1251748753
4.2951 16.6379 0.730768362753
4.6895 17.2531 4.46187544985
5.6453 21.6114 14.7361527747
16.8049 31.2352 4.65768773749
21.3104 32.4161 6.36369105865
27.6614 32.8178 4.44972156095
32.11 32.9177 7.85743608119
39.7709 31.1713 2.57337479975
40.4878 28.6998 0.667792550123
40.5778 28.0381 0.472186456816
40.5587 27.5663 0.404171052897
40.5867 27.1631 1.61118099852
40.0277 25.652 12.1097101505
40.2125 13.5437 0.709583384811
40.0482 14.234 1.26870447702
41.1139 14.9224 0.999243979216
0.0 0.0 1.93427362077
1.8562 0.544 0.474225948257
1.779 0.0761 1.5879452289
0.2481 -0.3457 4.28608579592
-10.8588 -18.1692 2.6432926777
-8.2345 -17.8529 1.15082903161
-9.0384 -17.0294 14.5499406961
-16.5849 -4.5895 1.85387412733
-14.7401 -4.7727 0.657941980725
-14.3243 -4.2628 1.06692876988
-14.2261 -5.3252 6.78243220165
-14.2052 -12.1076 0.144188765166
-14.0636 -12.1348 0.157520919246
-14.1358 -11.9948 0.0883818985992
-14.2214 -12.0168 0.0608615642257
-14.2592 -11.9691 0.0923820870082
-14.287 -11.881 2.82683994064
-11.7748 -13.1771 1.48953192648
-10.3318 -12.8077 0.656878809218
-9.7319 -12.5401 2.11896315447
-8.196 -13.9999 10.4776321872
-15.3405 -21.6639 1.02762446935
-14.3567 -21.9608 8.62941946193
-7.5639 -16.6387 0.382118751176
-7.9374 -16.7194 1.56101075269
-6.4818 -16.1555 7.9404842302
-4.2603 -8.5321 11.9160115425
-1.2975 3.0097 11.0927507414
6.8295 -4.5402 0.752422607316
7.3938 -4.0425 1.19572279396
7.6308 -5.2145 0.632807119113
7.9205 -4.6519 0.867728632696
8.0338 -3.7916 9.08314031379
4.4124 4.5384 0.704891289491
5.0286 4.8807 1.07441511996
3.9542 4.8864 16.1764738618
-12.196 3.9648 0.766839253038
-11.538 3.571 1.5931288774
-11.9531 5.1091 11.1750533372
-12.8984 16.2441 0.487121555672
-12.4119 16.2195 0.393511740613
-12.0194 16.1913 1.26349838544
-11.5195 17.3517 1.8540423404
-10.5365 18.9237 0.561114551585
-10.0042 19.1012 0.431276918
-9.5735 19.1235 0.542575017855
-9.0369 19.2038 1.2829547303
-7.7547 19.1598 3.34802867969
-5.6995 21.8028 0.645364958764
-5.2758 22.2896 10.8922872442
3.0332 29.3325 0.578119927005
3.6113 29.3277 0.433233147393
4.0127 29.4907 0.679581636009
4.6451 29.7395 3.13029821742
6.8633 31.9482 0.431728085721
7.2518 32.1365 0.335978630273
7.5468 32.2973 2.29972537926
9.6447 31.3552 0.511175752555
9.6359 30.8441 1.25747102551
10.8532 31.1594 1.31277867518
11.0516 32.4571 1.26702061941
11.9921 33.3061 1.61136038489
12.5298 31.7871 1.64707727809
13.0182 30.2141 0.277702160597
13.2942 30.1834 0.132116047473
13.4179 30.137 2.9223579264
15.5747 32.1089 2.97268475456
18.3486 33.1777 1.6747697185
20.0205 33.0797 3.44698158974
23.4417 33.5005 0.64226419019
24.0694 33.3645 0.769637525073
24.839 33.3721 0.490062730678
24.5412 32.9829 0.078491082296
24.4714 32.947 0.141410926028
24.5878 32.8667 0.800113554441
25.3771 32.9978 2.09362466789
27.4416 32.6498 0.544025229194
27.982 32.7125 3.73476597393
31.6718 33.2903 4.9551991736
36.3984 31.8026 0.662940555404
36.9821 31.4883 1.46809707104
38.2147 30.6908 1.2570595849
39.3265 30.1042 0.754756841638
39.8407 29.5517 1.68173918608
40.1394 27.8967 2.13614766578
40.0581 25.7621 0.445041941844
40.1194 25.3213 0.308585757934
40.2625 25.0479 0.353421334953
40.1895 24.7021 0.290792365787
40.1403 24.4155 0.362482551304
40.3567 24.1247 5.60417289259
40.0833 18.5272 0.174503467014
40.0978 18.3533 1.19686665088
40.2131 17.162 5.39421669939
41.0757 11.8372 4.62181340709
0.0 0.0 7.46476138132
-0.1198 -7.4638 0.714587783271
-0.3811 -6.7987 6.52758306037
-1.6176 -0.3893 0.34581881094
-1.6053 -0.7349 7.62468011263
-2.2414 6.8632 1.01199641304
-3.2259 6.6289 0.740910628889
-2.9169 5.9555 0.57508000313
13.6476 6.119 3.91497787095
10.9173 8.9248 0.968533969461
10.4962 8.0526 1.0676107905
10.2786 9.0978 22.6309140366
-3.2477 27.2416 1.82265566962
-5.0362 27.5928 3.86502530005
-8.0623 29.9972 2.56724576151
-10.5785 30.5066 3.01148681219
-12.9756 32.3295 2.65266469234
-15.593 32.7606 2.13708293007
-17.7047 32.4322 2.43733071207
-20.0899 31.9308 1.12070981079
-21.1957 32.113 0.798894242062
-21.9781 32.2745 2.6760848062
-24.6231 32.6812 2.38771209529
-26.8842 31.914 1.87097902981
-28.7404 31.6793 2.47947846129
-31.1816 31.2453 3.41352300124
-34.5598 30.7555 3.64927133138
-38.1969 31.0533 6.8013825374
-44.968 30.4122 1.11117027498
-46.0117 30.0309 3.31991292808
-49.0905 28.7888 2.70521583058
-50.7275 26.6351 1.8824260012
-50.2769 24.8074 2.38550013624
-50.894 22.5031 1.12254020863
-50.3384 23.4785 0.847145495178
-51.1854 23.4942 9.51100451057
-51.6642 23.1587 1.1767951436
-51.4757 21.9971 0.603564056253
-51.4416 21.3945 9.22062977567
-42.3461 19.8806 10.6247778104
-37.3665 10.495 2.33097378793
-35.0447 10.7016 0.258086535875
-34.8852 10.9045 1.44524583376
-34.3548 9.5601 18.1169557735
-24.2773 -5.4954 16.6367916102
-15.0431 -19.3342 0.673409422269
-14.4583 -19.0003 3.19105637211
-12.0029 -16.9622 1.18948446816
-11.491 -18.0359 0.806296378511
-11.3873 -17.2363 12.1627605173
-3.6585 -7.8449 0.428760119414
-4.0017 -7.5879 11.952991777
-8.7806 -18.544 0.752655226515
-8.0364 -18.6565 1.11901117063
-7.8702 -19.7631 2.72635200405
-7.29 -22.427 3.26126429625
-5.4259 -25.103 3.73672028522
-2.4374 -27.3462 0.804694780647
-1.6337 -27.3862 1.60639941484
-0.2049 -28.1204 3.59243002576
3.3361 -28.7261 3.83604907424
5.8484 -31.625 1.29082616955
7.0496 -32.0976 0.480909159821
7.4817 -31.8865 0.37219463994
7.8186 -31.7283 0.440669036807
8.1304 -31.4169 0.511156815469
8.4184 -31.8392 0.817085509601
8.8612 -32.5259 2.99451016696
10.5517 -30.0542 0.503458796725
10.4477 -29.5616 0.523260699843
10.8053 -29.9436 0.283039308224
11.0252 -30.1218 0.881219070379
11.4885 -30.8714 0.0599055923934
11.5127 -30.9262 0.128433212216
11.5349 -31.0527 0.423834047712
11.8496 -30.7688 0.231738645892
12.0494 -30.6514 2.02894011001
13.6133 -29.3588 0.758607065614
12.9771 -28.9456 0.102085307464
12.8841 -28.9035 0.317777359168
13.1539 -28.7356 0.235931112827
13.3469 -28.5999 0.865528884556
13.6042 -29.4263 0.15122516325
13.6338 -29.5746 1.17323191655
14.3546 -28.6489 2.98778030819
16.0472 -31.111 0.412688381227
16.4595 -31.1289 1.82865126254
18.2875 -31.1777 0.606023308133
18.3171 -30.5724 0.365119596845
18.5847 -30.8208 0.57015896906
19.0457 -31.1563 1.36581696065
20.0271 -32.1062 2.34165299094
22.3678 -32.173 2.89396030553
25.2445 -31.8574 0.652450220323
25.8297 -32.1459 0.462456051966
26.2761 -32.2667 0.534706087491
26.7957 -32.3929 3.91726562924
30.6906 -31.9749 2.6314668913
33.1176 -30.9579 3.96031333356
37.0733 -30.7668 3.79182381711
39.8018 -28.1337 0.776241470162
40.0359 -27.3936 1.5621892363
40.0823 -25.8321 1.68241281795
40.8018 -24.3113 0.760692868377
40.471 -23.6263 9.92593931323
39.274 -13.7728 0.695930585619
39.1473 -14.4571 1.37775670566
39.1598 -13.0794 7.370907533
0.0 0.0 2.1052734383
2.0128 0.6171 0.170044964642
2.1283 0.4923 1.02877432414
1.4568 1.2717 1.11453157874
0.4368 0.8225 1.74314847618
-1.2926 1.041 3.38577969898
-4.5855 1.8286 1.28570480671
-5.6593 1.1215 8.45259975215
-13.8249 3.3054 0.90009308963
-12.9323 3.1895 0.169718148705
-14.7618 2.8503 1.36901449591
-15.418 1.6488 0.941825291654
-16.1332 1.036 3.9768896301
-18.0775 -2.4332 0.83374304195
-18.88 -2.6593 0.691844960956
-51.7167 32.873 3.55422969573
-50.705 29.4658 15.1298231665
-45.7094 15.1845 18.7329412696
-51.5986 21.2527 0.325755076706
-51.5595 20.9293 0.450504539378
-22.1185 16.4661 0.692128925851
-21.5487 16.859 1.62161166745
-22.9261 17.7148 1.56158299811
-23.8606 18.9659 0.188606601157
-23.8244 18.7808 8.49812096996
-30.4393 24.1157 16.606690982
-46.0164 29.8721 0.264520188265
-45.9822 29.6098 3.31950418737
-49.3013 29.558 0.638325575236
-49.179 30.1845 2.2051142374
-50.2002 28.2301 0.756123806
-49.6387 27.7237 11.0371855634
0.0 0.0 5.99954845384
0.4663 5.9814 1.37004514524
-0.8988 6.0977 14.0083587768
-4.2569 19.6976 2.42868780414
-6.5998 20.3374 3.44181534223
-9.9936 20.9103 1.97368845059
-11.9207 20.484 1.5950866967
-13.5076 20.3226 1.71149749927
-15.2189 20.3486 0.877677190088
-15.2874 19.4736 1.23934597672
-16.2332 20.2745 1.31537838282
-17.4559 20.7595 1.07527401624
-18.4364 21.2009 7.41123556838
-17.9805 13.8037 0.790564209916
-18.7704 13.8361 1.36058677048
-19.9734 13.2005 1.25909052891
-18.9594 13.9469 0.905846261791
-19.7787 14.3333 1.39144242425
-21.0036 14.9934 3.91039404792
-23.7592 17.7679 2.04460496918
-25.643 16.9731 21.2784211317
-41.8272 24.8158 4.8435701595
-37.7114 22.2623 0.405584072666
-37.3094 22.2085 10.4381132251
-32.7873 12.8008 14.5949058418
-24.2816 0.9406 13.6453240801
-11.0371 4.2236 0.544124838617
-11.5399 4.4316 2.44900226623
-9.406 3.2299 4.50807490288
-5.1342 4.6702 5.9110859383
0.6027 3.2458 2.65277667549
3.2024 2.7178 1.788761798
4.9165 2.2064 0.881077119213
5.7073 1.8179 0.712143054449
6.169 1.2757 0.25636202917
6.2785 1.0439 0.693497584711
11.8537 12.5396 5.23979650941
6.8472 10.9935 1.71704188068
6.7021 9.2826 6.84840631461
3.1717 15.1509 0.805044849682
2.3762 15.0273 0.812973831067
1.566 14.9602 1.53307115621
0.0359 14.8648 2.79331855147
-2.5098 16.0146 4.90039070789
-0.2348 11.6743 3.57449641908
-2.8656 14.0942 2.69151245585
-5.4705 14.7715 1.09226935323
-4.612 14.0962 0.867882480524
-5.476 14.1782 0.57593230505
-5.4699 14.7541 17.704280283
-14.7446 29.8346 2.12670539803
-16.5445 30.9674 3.60528495545
-20.1289 31.3549 3.47578929885
-23.5984 31.1459 14.3754456366
-37.9709 31.4369 8.23513810752
-46.1887 30.9028 5.6629551093
-49.4058 26.2424 3.06071751882
-48.4929 19.1659 0.3363100504
-48.1566 19.1685 6.14340366654
-42.196 17.681 11.0608437156
-35.7063 8.7241 0.235295558819
-35.9387 8.6873 8.56571089052
-35.4352 17.2382 0.305222427092
-35.7404 17.2345 0.864345908766
-35.2476 17.9446 19.3219726715
-18.575 27.71 0.913818275151
-17.8378 27.17 0.662306613284
-17.3239 26.7522 2.08899011247
-15.7327 25.3987 0.958277162412
-14.7813 25.2841 2.43181944437
-13.0663 23.56 1.02125155079
-12.0471 23.4953 2.66049333207
-9.4037 23.7964 5.02722273228
-4.3775 23.695 9.12326967978
-7.2061 15.0213 0.363963322328
-6.9544 15.2842 9.70130257749
-3.1591 24.2123 0.874982794117
-2.8451 23.3956 2.60043341195
-2.5994 20.8068 8.34048892871
-3.3723 12.5022 0.535203905068
-3.5984 12.0171 0.766529692836
-3.0283 12.5295 6.7361042339
-1.5879 19.1098 2.49542134719
0.8934 18.8447 2.3451848925
3.2331 19.005 0.615064126738
3.8433 19.0822 1.62605292042
5.465 18.9633 0.568273640071
5.9608 19.241 0.458968604591
6.3601 19.4673 3.54433751356
9.643 20.8033 1.57552050129
9.3573 22.3527 0.198054638926
9.4165 22.5417 0.476894631968
8.9397 22.5322 0.133188175151
8.9772 22.66 0.432552713551
8.792 23.0509 0.597958259413
9.3668 22.8861 0.527934920232
9.8706 22.7283 1.18208163001
11.0093 22.411 0.177165036054
10.8705 22.5211 0.247601292404
10.9901 22.7379 1.758274751
12.5348 23.5778 1.38185897978
13.8716 23.2278 1.22255037115
14.9662 22.6833 0.628915741574
15.3988 23.1398 3.85675408861
18.1117 20.3985 0.253215659073
18.3618 20.4381 0.735416242682
19.0574 20.1994 0.195992372301
19.2423 20.1344 0.0
19.2423 20.1344 0.203441711554
19.436 20.0722 0.230930812149
19.627 20.202 0.0363258860869
19.6599 20.2174 0.11306657331
19.7397 20.2975 1.21496801604
20.9095 20.6257 0.450149630679
21.3257 20.4542 1.53268540803
22.7687 19.9376 0.235609443784
22.9978 19.9926 0.171820982421
23.1665 20.0252 0.474376063899
22.7061 20.1395 2.3583102192
25.0508 20.3925 0.792790312756
25.8156 20.1837 1.0605738541
26.8757 20.2154 0.132013219035
27.0039 20.2469 0.386131026984
27.3605 20.395 0.232206502924
27.591 20.4231 1.11152083201
26.7026 19.7551 1.68918781963
28.1181 20.6769 0.269627984453
28.1651 20.4114 0.751951926655
28.8804 20.6433 0.480679560622
29.3426 20.5113 0.704845947708
30.0392 20.6188 0.215109855655
30.2315 20.5224 0.127082217481
30.315 20.6182 1.00250827927
29.4988 20.0361 1.17033568689
30.0487 21.0692 0.565999266784
30.2121 21.6111 2.81240784027
30.844 24.3516 0.590052141764
31.3788 24.6009 2.58874221389
33.0003 26.6189 2.14003756275
35.0789 27.128 3.61677058161
38.6601 27.634 0.392427751312
39.0216 27.4813 0.919059872914
39.8833 27.1617 1.51616149865
39.7645 25.6502 0.459578611339
40.0334 25.2775 0.25095792476
40.1246 25.0437 0.652722552085
39.9354 24.419 1.19401287263
40.6447 23.4585 8.17796175645
37.9238 7.2464 0.349033007035
37.7638 6.9362 1.36459949436
36.9115 8.0019 21.5456060787
20.3274 21.7562 0.468326947762
20.6291 22.1144 1.57253994862
19.7149 20.8349 14.8472016084
10.6587 9.0695 2.20432177778
8.4572 8.958 5.0542223665
3.4915 8.0162 7.22944615652
-3.7188 8.542 2.57178444664
-5.3756 6.575 2.80924798834
-7.6305 4.8995 3.24408885822
-10.8701 5.0701 3.26396223783
-11.7083 1.9156 1.21708190357
-12.7177 1.2356 1.78574679616
-14.4708 1.5755 1.23760382191
-14.6317 0.3484 1.46223414336
-15.3587 -0.9203 3.47487457328
-16.5306 -4.1916 2.01312319544
-18.4746 -3.6686 0.790913522454
-17.9894 -4.2932 1.17675515295
-19.0709 -3.8294 1.13306491429
-18.0838 -3.2731 6.62691074106
-19.7447 -9.6885 4.33398235576
-22.4312 -6.2876 0.801745221376
-22.027 -5.5952 0.208287541634
-23.7523 -11.1066 1.18370726111
-23.2035 -12.1554 0.329963694973
-23.1783 -11.8264 0.806043330101
-23.7451 -11.2533 0.868269549161
-24.4211 -11.7982 0.440760263635
-24.0355 -11.5847 7.28473638507
-27.0521 -18.2155 2.9516475213
-24.1096 -17.9833 18.1764721893
-9.9954 -29.4364 0.247867908371
-10.1547 -29.6263 0.14084264269
-10.1308 -29.4875 0.528194670552
-9.6048 -29.4394 0.425135472526
-9.1812 -29.4033 0.6781916617
-8.5089 -29.3141 2.26101433211
-6.2504 -29.4207 1.04681524635
-6.8458 -28.5597 11.3679960142
-10.4085 -17.7644 8.1424940043
-6.457 -10.645 1.2981014136
-5.2928 -10.0708 1.37434787809
-5.2125 -11.4428 16.9947760544
-1.563 -28.0411 0.587760878249
-0.9761 -28.0093 2.99089829984
1.9759 -28.4901 1.44610661087
0.8712 -27.5569 11.7095170801
-4.6568 -17.2344 0.230849149879
-4.8501 -17.3606 0.8238706816
-4.0902 -17.6789 2.16294421796
-2.289 -18.8764 1.49404812841
-1.5295 -17.5898 1.07465988108
-1.171 -18.6029 10.2392361131
3.8983 -27.4992 0.510551946427
4.3658 -27.7044 1.02065463797
5.0643 -28.4486 3.45838010201
7.8305 -30.5243 1.00806103486
8.6709 -31.081 2.16473514546
10.8318 -31.2098 2.46530342352
12.4314 -33.0857 0.597720678913
13.0263 -33.1437 0.830676350933
13.8459 -33.2789 1.50645677004
15.3515 -33.2281 1.51424699769
16.8454 -33.4755 1.73509115611
18.5778 -33.5721 1.28246507945
19.8166 -33.2403 0.88347441955
20.691 -33.3666 1.20782515291
21.8942 -33.4722 2.24292640316
24.1355 -33.5576 0.959894207712
25.0947 -33.5211 2.62182287922
27.6083 -32.7756 2.1003493638
29.6891 -33.0615 3.34534824047
32.8977 -32.1148 5.03332660673
37.53 -30.146 0.905029640399
38.3336 -29.7297 1.74846609919
39.7467 -28.7 1.92198441461
40.1039 -26.8115 1.70871018315
40.0771 -25.103 0.453102747729
40.058 -24.6503 0.918325922535
40.0241 -23.7326 12.0139582362
39.4556 -11.7321 12.543876803
26.9906 -10.3276 0.773312718116
26.2472 -10.1146 0.635136402673
26.6337 -9.6106 1.67346101538
27.5838 -8.233 0.400733989075
27.8375 -7.9228 2.43447539523
29.5062 -6.1502 0.865746960722
29.9164 -6.9126 1.53982956524
31.4074 -6.5279 9.71306909787
32.0865 -16.2172 0.428369233256
32.3881 -15.913 1.90187117597
32.0355 -14.0441 1.47788952902
33.5066 -14.1856 7.27971471213
26.5843 -16.4386 0.352372217974
26.768 -16.7393 0.190197581478
26.5794 -16.7147 0.702918046432
27.1487 -16.3024 1.10161939889
26.4454 -15.4545 0.424166311722
26.7913 -15.7 16.4303306698
38.9856 -19.8434 7.64987555454
32.9464 -24.539 1.19903982419
34.0539 -24.0795 0.963332990196
33.0961 -24.1826 20.8981404249
13.677 -31.9047 0.920999679696
12.757 -31.8618 3.4522662238
9.3258 -31.481 2.67643985361
6.6585 -31.26 1.67361575638
5.0002 -31.0341 2.46042422765
2.5639 -30.6904 4.09761653282
-1.0054 -28.6778 2.50379679088
-3.46 -28.1839 3.56319840172
-6.6342 -26.565 1.88374406436
-8.1163 -25.4023 1.7942690573
-9.9075 -25.2974 1.96770650505
-11.8355 -24.9041 1.37275233382
-13.1676 -24.5725 9.37233036603
-15.4044 -15.471 0.891566851111
-16.2887 -15.3574 1.19661329175
-15.3016 -16.0338 0.573763200284
-15.5666 -16.5427 0.367116548251
-20.0194 -24.4755 0.762580651472
-19.834 -23.7358 0.455550524091
-19.3848 -23.66 6.58512147192
-5.5475 -13.1114 0.762149132388
-5.6566 -13.8657 16.7036718374
-15.1424 -27.6146 3.58543863565
-17.5163 -30.3016 3.14215042606
-20.6576 -30.2285 2.12364574494
-21.0711 -32.3115 1.41832648569
-21.2492 -30.9044 4.92735228089
-24.6701 -27.3581 1.99132551834
-24.2495 -25.4117 1.8833460914
-26.0258 -26.0376 1.73823810222
-27.6075 -26.7585 2.69995767559
-29.9819 -28.0438 2.86476523471
-32.8378 -27.8186 9.41631415151
-32.9362 -18.4028 3.85906654128
-42.6269 9.9049 11.2944514488
-31.3712 8.9701 0.565032892848
-30.8168 8.861 0.637767206746
-30.9642 9.4815 1.43560231959
-30.9193 8.0466 0.650188195833
-30.5655 8.5921 0.875258596073
-31.1511 7.9416 1.65151787759
-31.593 9.5329 0.277692383763
-31.4315 9.307 1.181795638
-30.8182 8.2968 13.2363484972
-34.2805 -4.4787 1.38888778884
-33.2165 -5.3714 0.544512717941
-33.3418 -4.8415 2.6778172081
-33.3322 -7.5193 1.01363520558
-34.281 -7.1626 1.47198709233
-34.7728 -5.7752 5.53219788872
-30.012 -2.9574 0.65739327651
-30.3524 -2.395 1.89087076502
-29.0316 -1.0419 0.923503118565
-28.1081 -1.0395 0.891420108591
-28.8215 -0.505 2.43713758742
-26.9374 -2.0509 0.412503151503
-26.5323 -2.1287 14.4221689648
-34.2114 -14.3365 1.0063129235
-33.3543 -13.8092 2.25157217961
-32.9955 -16.032 2.28003478044
-30.7279 -15.7942 1.07533962077
-30.252 -16.7585 0.834639335282
-29.4419 -16.5576 0.38865543866
-29.064 -16.4668 10.1213344481
-23.679 -7.8969 4.03252443142
-20.1717 -9.8869 13.2909882119
-6.8935 -10.4698 0.0625479815821
-6.9522 -10.4482 1.42564120662
-7.2036 -9.0449 0.967090119896
-7.6727 -9.8906 8.859392767
-12.5131 -17.3108 0.665526145241
-12.4744 -17.9752 0.494642709438
-12.0119 -18.1506 0.292942673573
-11.7229 -18.1027 0.241032321484
-11.5152 -17.9804 0.994771375744
-10.528 -18.1029 0.47737495745
-10.0558 -18.0328 0.450740867905
-9.646 -18.2205 2.40689059161
-7.2394 -18.1831 2.45576391781
-4.7955 -17.942 1.82057175909
-4.8758 -16.1232 5.86933098061
-2.3604 -10.8202 1.63930829925
-1.9393 -9.2359 10.9459394206
0.3559 1.4667 0.673397393817
0.8917 1.8746 2.14775028576
2.9194 2.5826 2.09813770044
5.0064 2.7985 0.498567197076
5.4706 2.6166 0.332739192161
5.7995 2.5662 0.34344822026
6.1277 2.6674 1.50243067727
6.3642 1.1837 5.13403619193
8.9161 5.6386 16.7904657246
13.689 21.7364 2.2349322898
15.5385 22.9911 2.7151808135
16.9468 25.3125 1.94384440993
18.2638 26.7422 0.829224197669
19.0889 26.8248 0.62488073262
19.7102 26.758 3.00349636424
21.6502 29.0509 3.23226027727
22.9127 32.0264 0.646922715631
23.5427 32.1734 3.37494768108
26.7423 33.2471 0.633471025383
27.3746 33.2856 1.23719035318
28.6055 33.4102 1.90996945002
30.4484 32.9085 5.3021358055
35.7403 32.5792 1.62666970833
37.045 31.6077 0.63775152685
37.6285 31.3503 0.959697087627
38.5512 31.0864 2.39404389475
40.0208 29.1965 1.93876121789
40.3483 27.2856 0.599033154341
40.1817 26.7102 0.355449265015
40.1714 26.3549 0.156697543057
40.131 26.2035 0.411283418095
40.1547 25.7929 6.51630325338
38.7094 19.4389 8.09682412122
42.4399 6.8477 1.67883556372
40.8753 6.239 0.147766640349
40.9246 6.3783 0.293625101107
41.1435 6.574 41.6653941329
0.0 0.0 5.44823327327
5.2552 -1.4374 0.242877932303
5.014 -1.4659 5.76018465155
-0.4369 0.3962 0.801184647881
-1.2379 0.379 2.24396649262
-3.4628 0.6709 0.989621796445
-2.4791 0.779 0.370393007493
-2.7484 1.0333 1.44730636701
-3.5898 -0.1443 6.24705760579
-6.315 -5.7656 3.66306439201
-9.6407 -4.2301 0.163782416639
-9.6959 -4.0759 1.24632758535
-10.9412 -4.0253 0.658816582973
-10.886 -3.3688 1.27011127859
-11.1475 -4.6117 16.7910540289
-13.8619 -21.1819 1.06685099709
-14.6098 -21.9427 2.62421363841
-16.8387 -23.3278 0.869092998476
-16.0917 -23.772 1.15201027773
-16.1349 -22.6208 9.16804066527
-18.3589 -13.7266 0.856866068881
-19.0084 -13.1677 21.7658663087
-34.228 -28.7278 15.2394665012
-49.443 -29.591 5.13880112478
-50.0156 -24.4842 1.3630060198
-49.9986 -25.8471 0.523605500353
-50.393 -26.1915 1.39070822964
-50.0127 -24.8538 8.8068391106
-45.4333 -17.3312 0.473121231821
-45.8966 -17.2353 0.32317043491
-46.1843 -17.0881 2.36645687263
-48.522 -17.4559 15.8267978066
-50.5036 -21.4635 0.959498587805
-50.8063 -22.374 0.573868913603
-50.834 -21.8008 0.749669687262
-51.4148 -21.3268 0.80918987265
-50.8265 -21.8824 0.116279146884
-50.8093 -21.9974 0.574671184244
-50.3344 -21.6738 2.44087664989
-50.6813 -19.2577 1.2734778993
-49.4427 -19.5537 0.761759673388
-50.0123 -19.0479 0.436893636942
-49.5785 -18.996 0.671640156632
-50.2388 -18.8731 0.0856664461735
-50.1583 -18.9024 0.915448851657
-49.4619 -19.4966 0.44528603167
-49.0513 -19.3243 0.78388739625
-49.5285 -19.9462 0.953983212641
-50.4619 -19.7491 0.757099498085
-49.9681 -19.1752 8.86102765259
-41.9876 -15.3243 11.1968647152
-33.8217 -7.6635 0.582295637971
-33.2431 -7.598 0.985424908352
-34.2095 -7.7907 2.43945008762
-31.7807 -8.0184 0.979695855865
-31.4853 -7.0843 15.8761819088
-23.3597 6.5549 16.428699591
-14.7629 20.5548 0.777549181724
-14.7396 21.332 0.698590538155
-14.1353 20.9815 2.30681991061
-12.1126 19.8724 0.466309875512
-11.6899 19.6755 1.24780903988
-10.5647 19.1361 0.939162233057
-9.6384 18.9812 2.80332630994
-6.854 18.656 5.18817425498
-1.7003 18.0589 1.68702802585
-0.0137 18.0969 0.596135295046
0.5823 18.0842 2.44502409395
2.9942 17.6831 0.795947391478
3.7542 17.9196 0.583352003511
4.2772 18.178 2.91815725416
7.1296 18.794 2.00425357927
9.1292 18.6575 0.762063809664
9.691 18.1426 0.296721839439
9.9511 18.2854 2.69671281749
11.7742 20.2725 1.06279671151
12.8311 20.3843 1.7082356307
14.487 20.8039 0.565573425826
14.9707 20.5108 0.379886364588
15.3505 20.5027 0.211398793752
15.5613 20.4868 0.135379060419
15.6895 20.4433 0.499723933787
15.4896 20.9013 0.533755093653
14.9649 20.9992 1.47575914024
14.8747 19.5262 8.46802628539
9.2153 13.2271 7.96072100064
13.5187 19.9244 1.16486721132
12.4676 19.4223 16.7021502463
-3.0166 13.1612 0.421960863114
-3.4345 13.1028 1.19082428595
-2.6007 13.953 10.5660038335
5.5219 20.7105 0.894223685663
6.0743 21.4137 2.28782369294
8.2425 22.1438 0.984585562559
8.3918 23.117 7.70595635921
14.1589 28.228 0.422893189825
14.5073 28.4677 2.28457441332
15.9909 30.205 3.48875800393
18.253 32.861 0.451674506697
18.6999 32.9265 1.976708628
20.6589 33.1905 1.9874589631
22.6301 33.4442 1.34129710728
23.9453 33.1809 2.32571859433
26.271 33.1716 2.08490456856
28.3525 33.0525 0.571639554265
28.9208 33.1142 4.02928736627
32.7706 31.925 5.4217802556
38.1923 31.9545 0.646782219916
38.8383 31.9227 0.532668161241
39.3707 31.9058 0.826866718401
40.1968 31.8702 0.931833488344
40.9807 31.3664 3.11216776219
40.814 28.2587 1.69917459962
40.9386 26.5641 0.469218296745
40.822 26.1096 1.00642720551
40.8146 25.1032 1.06818128143
40.3651 24.1342 0.43155727314
40.2373 23.722 0.536649792695
40.4493 24.215 0.839500256105
40.6301 25.0348 0.896424419569
40.6708 24.1393 8.90987591945
40.8677 15.2316 6.9212961539
40.3499 22.1335 1.3144816659
41.6193 22.4748 0.814433748073
41.0926 21.8536 0.248788363876
40.9753 21.6342 0.342113329176
40.7865 21.3489 0.883626312419
41.286 20.62 1.04509498133
40.4564 19.9844 14.8781614889
30.8164 8.6517 2.75141872495
32.4286 10.8813 0.52051448587
32.8313 10.5515 0.250587828914
33.0758 10.4966 0.365706508009
33.4068 10.3411 0.863556280737
32.6604 10.7754 1.11300760554
33.7556 10.5771 6.95320896565
38.33 5.3405 0.33654891175
38.0061 5.4319 0.403106301117
37.6066 5.4857 0.348537802828
37.9524 5.5293 0.992001330644
37.3282 6.3003 0.307511381903
37.5217 6.0613 0.199636669978
37.3459 5.9667 7.87475190339
39.2044 13.619 0.811808702836
39.166 12.8081 1.2145174021
40.3164 13.1975 0.244429499038
40.1547 13.0142 1.00603024308
39.9269 13.9941 0.8490048822
44.8127 6.4561 5.45690302278
43.5275 1.1527 0.871264420254
42.7335 0.794 20.503218729
36.0 20.16 9.45589255279
27.5566 24.4171 13.5669378483
15.3549 30.3484 7.85910348386
9.6343 24.9595 4.55231394458
5.0878 25.1895 3.53670294201
1.5629 25.4782 1.96378735356
-0.3902 25.2736 4.26389272379
-4.3198 23.6186 2.94248215797
-7.2403 23.9776 1.89592434712
-9.1311 23.8383 1.70676591541
-10.8378 23.8533 1.91759379432
-12.7492 24.0073 2.10031733079
-14.8484 23.9388 7.85156950998
-15.3793 16.1052 13.7178000292
-16.4235 2.4272 0.327860534374
-16.6937 2.2415 1.52833455107
-18.2212 2.191 1.51783085355
-18.9607 3.5165 2.94277188039
-20.321 0.907 0.752780612131
-21.0223 1.1806 0.0532093976662
-20.9691 1.1816 0.0653391153904
-21.0293 1.1562 1.96999518781
-21.4291 -0.7728 4.077734214
-24.0575 2.3448 1.45177116999
-24.5183 3.7215 2.22743670168
-26.5258 2.7564 1.40995511985
-26.7846 4.1424 9.69818033448
-23.2222 -4.8778 0.988676741913
-22.9751 -3.9205 0.900400555309
-23.6461 -4.5209 22.6390852671
-33.0803 -25.1006 0.197405293749
-33.1386 -24.912 9.44527161759
-41.9229 -28.3832 6.19701529609
-48.1136 -28.6629 2.96211712294
-50.1397 -26.5021 1.7769786943
-51.9165 -26.4769 0.463700690101
-52.3733 -26.3972 1.08870200239
-51.3524 -26.019 0.909136227416
-52.1042 -26.5302 1.24658211924
-51.6335 -25.3759 13.012016771
-43.8741 -14.9306 0.806272968665
-43.8908 -14.1245 1.31198495418
-45.1144 -14.5979 1.50624927884
-45.8052 -13.2594 4.03023086311
-50.9679 -5.0712 0.331307606312
-51.2052 -4.84 1.03595446328
-50.1846 -4.6623 1.43175811505
-49.0315 -5.511 1.54551006467
-48.2809 -6.862 0.78466286391
-49.0599 -6.9561 0.332275804115
-48.8235 -7.1896 0.590879928581
-49.165 -6.7074 0.459328694945
-48.8204 -7.0111 0.820513625725
-48.1339 -7.4605 20.3470665957
-29.6327 -15.9286 3.95639448235
-25.7476 -16.6763 0.915760416266
-24.8871 -16.9896 3.68551721879
-21.4865 -18.4105 3.42547240538
-18.4419 -19.9803 1.11053818485
-17.3844 -20.3194 0.650073134347
-16.7642 -20.1246 0.90020922568
-15.9326 -20.4693 0.283391072548
-15.7669 -20.6992 0.351566608198
-15.8021 -21.049 1.42884293399
-14.3843 -21.2263 2.56644233911
-11.8781 -21.7791 0.869484272428
-11.0088 -21.797 3.15649148423
-7.8528 -21.7413 1.17600042942
-7.5377 -22.8743 0.767770095797
-7.2621 -22.1577 9.26683713141
0.1318 -16.5716 1.30860807349
-1.0027 -15.9194 18.4006913199
-8.5151 0.8779 0.924809131659
-8.1783 0.0166 1.02619975151
-8.68 0.9118 21.9043773963
-11.5344 22.6294 0.964513271034
-11.8685 21.7246 1.36056189863
-13.0253 22.4408 8.93266090087
-15.2414 31.0942 0.867575685459
-16.0965 31.2408 2.59013252557
-18.6538 31.6519 2.50793505697
-21.1203 32.1059 2.70470261766
-23.8038 32.4439 2.60664784925
-26.3743 32.8765 1.71689873027
-28.0908 32.8395 3.4269002743
-31.4426 32.126 2.09757128365
-38.5006 25.1954 5.29624643026
-33.5766 23.2449 1.78073090892
-32.5922 21.761 0.443154532866
-32.5517 21.3197 7.31470830929
-28.3991 15.298 17.1096731827
-17.216 2.3489 1.75697787123
-15.512 1.9207 13.6472307352
-3.7755 8.885 3.43871870615
-0.412 9.6003 5.03219241484
4.6087 9.2604 2.66184114477
7.2705 9.2752 0.818757754162
7.9356 8.7977 0.74873033864
8.546 8.3641 1.86322107384
15.1078 -8.8647 4.27649475155
10.9098 -8.0491 1.96790170994
8.9465 -8.1836 1.88221922209
7.0667 -8.279 0.802649736809
7.4781 -8.9682 1.03795692589
7.1268 -7.9915 19.5196142649
4.1012 11.2922 15.841528722
-4.5016 24.5943 3.12961582946
-7.6236 24.3761 3.30503107701
3.2442 23.2796 9.92423200958
-5.9115 19.4503 0.495988104696
-5.7777 19.9279 0.461043967535
-5.5282 19.5402 10.7632850566
-1.9367 9.3938 13.3694809118
4.9602 -2.0594 1.46274333018
6.3448 -2.5311 0.477314906534
6.5902 -2.9405 2.34623022315
7.3497 -5.1604 0.104878310436
7.4162 -5.2415 3.18883037021
9.0949 -7.9527 1.42299911455
10.4727 -8.3085 1.1576800292
9.3691 -8.6582 17.4519222887
-5.7935 -17.2991 0.324822489985
-6.1177 -17.279 1.33277833866
-5.004 -18.0111 22.8186993856
13.8169 -30.9133 0.918063205885
14.6746 -31.2407 5.25595523288
19.53 -33.2532 0.712935516018
20.2428 -33.2671 2.07064985451
22.3119 -33.187 1.68619545724
23.9813 -32.9496 0.878654294931
24.8592 -32.9132 1.43391969789
26.2929 -32.9383 1.67706887455
27.9429 -32.6382 1.652552332
29.5409 -33.0593 2.47768634415
32.018 -33.1132 1.97568971248
33.993 -33.1654 0.756861995347
34.7432 -33.0652 2.65775748517
36.9869 -31.6406 3.79897103042
40.4177 -30.0091 0.529726910776
40.6233 -29.5209 2.1314397505
41.8787 -27.7984 1.63801627587
41.3531 -26.247 1.879916554
40.3847 -24.6357 1.96689117645
39.9074 -22.7276 0.604464473729
39.8933 -22.1233 1.45102729127
40.3921 -20.7607 11.1516016343
40.2091 -9.6106 0.405958433833
40.2691 -9.2091 2.48631153519
0.0 0.0 14.9944888542
6.1492 13.6756 2.74893358414
3.9339 12.048 0.301198439571
3.6334 12.0685 0.208569460852
3.4983 11.9096 1.61810608119
2.5698 13.2348 14.4657036089
-4.1119 26.0649 2.80835782798
-6.9107 25.8334 2.78226682401
-9.0835 27.5712 3.40483548208
-12.289 28.7191 1.21655250606
-13.369 29.2791 3.19556530523
-16.3871 30.3292 0.630192002488
-16.5635 29.7242 4.96585554764
-19.7539 33.5296 3.78268070289
-23.514 33.1169 1.83683054199
-25.263 32.5557 2.62228088694
-27.8318 32.0288 11.3068812857
-30.0958 20.9509 10.0447334086
-29.1899 10.9471 0.631978235385
-28.5594 10.9039 13.2091829395
-33.2146 -1.4578 11.256861162
-21.9587 -1.3107 0.903624108797
-21.0869 -1.073 0.428378454173
-20.811 -1.4007 0.906476971577
-19.9073 -1.3298 1.62787555421
-18.2962 -1.5629 0.439578946266
-17.8681 -1.4631 0.330684396366
-17.5485 -1.548 1.5593830607
-16.0017 -1.3503 0.336446429614
-15.6755 -1.4327 0.27283474852
-15.4033 -1.4513 1.27317999513
-14.1364 -1.5776 0.36678938098
-13.8117 -1.7482 0.407813805553
-13.6094 -1.3941 0.399484693073
-13.2715 -1.6072 0.457180598888
-12.8426 -1.7655 0.205705736429
-12.6917 -1.6257 5.90052440466
-13.4152 -7.4817 0.700571338266
-13.017 -6.9053 5.31488751433
-8.0993 -8.9213 2.74823326885
-5.536 -7.9302 9.75236431077
4.2161 -7.8584 0.729408479523
4.5718 -8.4952 3.43602767451
7.0941 -10.8285 1.59702266108
7.5324 -12.3642 16.0065739557
12.5482 -27.5646 0.479633526768
12.6038 -28.041 2.17360356321
14.7385 -27.6316 1.17423466139
15.7985 -28.1368 1.24519130257
17.0278 -27.9385 0.810281981782
17.7186 -27.515 7.47936715237
22.9964 -22.2154 0.311270075658
22.8239 -22.4745 0.543409330063
23.2718 -22.1668 0.311651488044
23.5409 -22.324 0.799877721905
24.3143 -22.1199 0.321926031877
24.0529 -22.3078 1.33413199122
24.496 -21.0494 0.364029078509
24.8146 -20.8733 1.41409213986
26.2283 -20.9066 1.15448829357
25.6052 -19.9347 0.88250326345
25.7667 -20.8023 0.415051285988
25.3698 -20.9237 1.07164688214
