0.0 0.0 7.61316613506
-2.5674 7.1672 0.804109973822
-2.9361 7.8818 1.33841801019
-2.6927 6.5657 14.6265956395
1.5293 -7.4383 18.7786603529
13.3701 -22.0134 6.76815444638
18.3156 -26.634 4.825966756
21.7408 -30.0337 0.862410598265
22.511 -30.4217 3.20135147243
25.3015 -31.9907 3.88407270401
28.9789 -33.2408 4.79104550177
33.7363 -33.8076 1.20216740931
34.9105 -33.5498 3.03195015955
37.9081 -33.0947 3.86480701329
40.5196 -30.2457 0.917626340075
40.3697 -29.3404 0.349882337365
40.3959 -28.9915 0.248701367105
40.3888 -28.7429 0.514067116241
40.3154 -28.2341 0.577464154732
40.2632 -27.659 0.366132489681
40.1458 -27.3122 0.182219126329
40.1117 -27.1332 0.164914098851
40.0738 -26.9727 0.229566896568
40.1258 -26.7491 0.522286176344
40.0749 -26.2293 0.600621311643
39.9735 -25.6373 0.649513333196
40.1541 -25.0134 0.259246022149
40.1454 -24.7543 0.18437139149
40.1354 -24.5702 0.524473879235
40.1156 -24.0461 1.15464333021
41.0437 -24.733 0.779271518792
40.4444 -24.2349 0.858706492348
40.8494 -24.9921 1.1549810085
40.6821 -23.8493 7.65138658349
39.8212 -16.2465 0.990891164558
39.9883 -17.2232 1.30210574071
40.1183 -15.9276 0.610188503661
40.5007 -16.4031 1.02603491656
39.7986 -17.1513 0.252239965113
40.017 -17.0251 1.23029144515
42.6258 9.9094 11.3317089911
31.4243 8.1965 3.22288619874
28.2376 7.7149 13.5627385738
16.7885 0.444 3.60870738354
13.4602 -0.9507 3.2742742295
10.5964 -2.538 3.12115152628
8.0247 -4.3066 0.918082398263
8.0124 -3.3886 6.79626839082
4.8874 -9.4238 0.838698038629
4.5018 -8.679 1.0566147879
4.1653 -9.6806 17.6726464156
-2.4329 -26.0753 3.24606176774
-5.5971 -25.3509 3.94251921745
-9.4158 -26.3312 0.729928284149
-10.1371 -26.4431 1.19709792832
-11.3278 -26.5667 0.954293440195
-12.2817 -26.5941 1.47483531962
-13.7476 -26.7562 0.986025907368
-12.7621 -26.7884 1.38755973205
-13.8345 -27.6689 2.93502486702
-15.9741 -29.678 0.918659512551
-16.507 -30.4263 2.96087884419
-19.0847 -31.8831 1.35328143784
-18.3859 -30.7242 7.04666716682
-13.6205 -25.5332 0.184643331859
-13.4365 -25.5178 11.2607907546
-23.1504 -31.2139 1.37368632518
-24.524 -31.2293 15.8911838077
-40.388 -32.1584 11.6485467355
-49.2552 -24.6045 4.4888477497
-42.0674 -6.1346 0.668267880419
-41.546 -6.5526 23.1341754556
-20.4625 -16.075 14.2097226409
-11.4913 -27.0947 0.37256173985
-11.1497 -26.946 0.769709380221
-10.4595 -26.6053 1.84637531396
-8.6891 -26.0811 9.66554911891
-12.779 -17.3235 0.904401957097
-12.1101 -17.9322 10.2481781137
-6.0545 -26.1999 4.15029156084
-1.9595 -26.8751 3.34873064011
1.1984 -27.9894 3.39891206712
3.9816 -29.9404 4.25632974756
7.9532 -31.471 3.28086752552
10.9096 -32.8936 3.50926899795
14.4115 -33.1209 0.972889798487
15.3835 -33.1625 1.75266110814
17.1055 -32.8361 1.17117142212
18.2546 -33.0624 2.63574735701
20.8813 -32.8442 1.83545384578
22.6392 -33.3721 2.99500824206
25.6251 -33.1387 0.872399541495
26.4971 -33.1651 1.85172920536
28.3488 -33.1755 3.61639885107
31.9444 -32.7882 2.32697929729
34.2656 -32.6243 2.46541816534
36.6888 -33.0786 1.55005131851
38.2266 -32.8841 3.40351472599
40.3673 -30.2381 0.384592277614
40.0064 -30.1052 9.78440717979
36.3939 -21.0121 0.717982123733
36.4511 -20.2964 12.8437898321
0.0 0.0 2.04675024856
1.7507 1.0603 0.0986891078083
1.7672 0.963 1.09262118779
0.7207 0.6489 0.0
0.7207 0.6489 2.97850422192
-1.3947 2.7457 3.062187153
-2.2997 5.6711 0.153029833693
-2.4444 5.6213 1.26176118977
-3.7011 5.5084 0.924004615789
-3.1724 4.7506 0.690552858223
-3.489 5.3643 1.26201085574
-4.3154 6.3181 1.65276224848
-5.5921 7.3677 1.76371190958
-6.4672 8.899 1.36796900915
-7.8336 8.8335 0.7154071568
-7.2632 8.4017 1.3655669189
-7.6962 9.6968 0.718515420851
-7.8766 9.0013 14.0795620305
-10.817 -4.7678 1.38783505144
-11.8808 -3.8765 0.979298468292
-11.1026 -3.282 0.739148753635
-10.6204 -3.8422 1.16012635519
-11.59 -4.4792 37.6567269025
-41.8251 -26.9262 9.05099743675
-49.8227 -22.6884 2.3779295469
-51.0289 -20.6391 1.42610113596
-50.9132 -19.2177 1.00694947738
-50.9613 -18.2119 6.84622145274
-45.7486 -13.7736 0.715556042529
-45.1232 -13.4259 0.872053507533
-44.9546 -14.2815 1.01760048153
-45.9721 -14.2672 0.909316853467
-35.0888 -7.1296 1.14347977682
-34.149 -6.4782 1.15793192373
-34.9337 -7.3297 6.47240745318
-40.4705 -10.6817 0.0628233236943
-40.4186 -10.6463 0.549769633574
-40.2143 -10.1359 2.55605226864
-34.7056 -14.8839 0.427100386326
-34.9249 -15.2504 0.686197092678
-35.201 -14.6222 1.20092701693
-34.1303 -15.1661 17.9338235633
-19.9465 -26.1407 0.862741792195
-19.1701 -26.5169 2.6282229738
-16.5765 -26.9421 8.25025489182
-8.3458 -26.3744 5.87950305808
-2.4673 -26.483 3.91347515771
1.4418 -26.668 1.92297771178
3.1556 -27.5402 2.03535268934
5.038 -28.3143 2.22292718054
7.033 -29.2948 1.50539278927
8.3511 -30.022 1.83922718825
9.4998 -31.4584 0.365309526292
9.8502 -31.5617 1.41919615628
10.972 -32.431 0.977532168269
11.3495 -33.3327 1.4049622664
12.3674 -32.3643 0.306140376298
12.6126 -32.181 0.226040107061
12.7933 -32.0452 2.20047703919
14.7741 -33.0036 2.31858483778
16.3514 -31.3042 0.422470922076
16.7316 -31.12 1.65144545172
18.1958 -31.8838 1.43299753315
19.5861 -32.231 0.407025957403
19.9459 -32.4213 0.623188101619
20.4913 -32.7228 1.5245004854
22.0131 -32.6321 3.11025565669
25.1036 -32.2821 1.00078602109
26.0771 -32.5142 2.00035767302
28.065 -32.2913 3.65419182036
31.7081 -32.5758 3.63915606975
35.3132 -33.0725 0.70500641841
35.9209 -32.7151 1.90261767047
37.5559 -31.7421 0.867667954923
38.3411 -31.3729 1.26962423575
39.5124 -30.883 1.68999480768
40.0733 -29.2888 1.6510318622
39.9819 -27.6403 0.243380545648
40.0364 -27.4031 0.171933388264
40.0911 -27.2401 0.323449918844
40.0575 -26.9184 0.401999054725
40.1207 -26.5214 1.42452829035
40.5149 -25.1525 1.08905309788
40.3142 -24.0821 0.388945908836
40.2978 -23.6935 0.848874437122
40.1687 -24.5325 0.745985589673
40.1574 -23.7866 10.3276570843
43.9352 2.9345 1.05108443524
43.7292 3.9652 0.721596486965
43.0174 3.8467 9.6868914725
33.6506 6.3163 19.6571283592
18.4664 18.8 3.90365247557
15.1253 16.7812 3.19216297986
11.9996 17.4292 3.68624909088
8.319 17.6332 5.34083813834
2.9899 17.9871 6.36806076761
-3.1088 19.8196 3.24447981193
-6.3477 20.0098 1.8677556398
-8.1645 20.4431 2.97722529883
-11.0863 21.0149 1.48252139951
-12.5542 21.2226 1.19643149825
-11.3605 21.1418 0.225770901579
-11.581 21.1903 0.309049801812
-11.4487 20.911 14.4659144039
0.0268 29.7187 2.6261208388
-2.5987 29.7758 9.06304860519
-11.6616 29.8277 3.18044948081
-13.1053 32.6616 0.811803978803
-12.2944 32.6999 1.46072741126
-12.502 31.254 2.28300925973
-14.7322 30.7658 3.23730379328
-17.4198 32.5705 1.41699768525
-18.8258 32.3943 2.70180953067
-21.5223 32.5636 4.64180552048
-26.158 32.8016 2.94408665803
-29.034 32.1721 2.96466273293
-31.9456 31.6137 2.99076147661
-34.837 30.8492 10.8242154251
-45.3524 28.2821 5.78260130478
-49.0976 23.8762 10.0161159563
-48.4938 13.8783 0.771338849015
-49.1407 13.4582 2.1480503253
-50.9385 12.2826 0.963423198807
-51.4234 13.1151 1.03197807147
-52.0219 12.2744 0.942729282456
-51.477 13.0437 1.09671889288
-52.0562 12.1124 0.632328466859
-52.0622 12.7447 0.335226311616
-51.887 13.0305 0.210152825344
-51.9125 13.2391 6.38527313903
-47.0 9.16 12.7493502207
-35.1567 4.4396 0.595376024039
-35.7457 4.3527 1.18690698877
-35.2129 5.4133 23.7076405865
-19.8746 23.4906 7.7709541409
-13.5641 28.0255 7.39066006592
-7.1831 31.7544 3.51270776467
-3.7259 32.3764 3.85738981826
0.1166 32.715 5.12399888564
5.2213 32.2707 0.35073125039
4.8809 32.3552 14.9478600492
1.473 17.801 0.572901701865
1.5736 18.365 0.33050497727
1.5013 18.0425 12.7421505728
-5.3128 28.8096 5.91966413321
0.4069 30.3352 2.20156470039
2.4272 31.21 1.15288449552
3.5297 30.8729 14.6845134346
18.2113 31.1654 0.909910292282
19.097 31.3739 5.98240841551
25.0659 31.7757 3.87518044999
28.9195 32.1841 7.5700297549
36.4727 31.6796 0.547663418534
37.0086 31.5667 1.40284790694
38.3471 31.1467 1.21701926443
39.2838 30.3697 0.681546271357
39.6022 29.7671 0.289252899726
39.7204 29.5031 0.211024264008
39.7986 29.3071 0.270369598883
39.903 29.0577 0.285412210671
39.9457 28.7755 0.291918516028
40.0286 28.4956 0.223903305023
40.0951 28.2818 0.278939850147
40.1689 28.0128 0.385208527943
40.2145 27.6303 0.307264592819
40.2082 27.3231 0.486075158797
40.1691 26.8386 0.27618090086
40.1546 26.5628 1.37206449557
39.8283 25.2301 0.695428393151
39.9084 25.9209 1.2163807011
40.5864 24.911 2.25803306442
41.7608 22.9824 0.828773823187
42.035 22.2003 7.7553063563
40.4702 14.6045 8.28259150327
0.0 0.0 2.0458900948
1.8672 0.8362 2.02008514672
-0.0708 1.4062 4.16929614443
-3.8455 3.1767 1.36095657903
-5.0171 3.8692 1.59817829106
-6.3872 4.692 0.87283238368
-7.1223 5.1626 1.84134380549
-8.6453 6.1975 0.850399823612
-8.3768 5.3906 1.28100278298
-7.663 6.4543 0.969985948352
-8.5623 6.8178 1.04069557989
-8.7275 7.8453 0.821471758492
-8.3727 7.1044 1.09716996404
-9.0599 7.9597 20.4468384991
-15.6005 27.3322 5.16887368776
-19.6461 30.5494 3.48242453759
-23.1232 30.3569 3.24872027728
-26.357 30.6679 16.3773922872
-42.6793 32.0101 6.69513027879
-48.8744 29.4713 3.82407241694
-50.2736 25.9124 2.19212921608
-50.9791 23.8369 1.94594812367
-50.86 21.8946 1.81722507137
-50.8886 20.0776 0.574736287353
-51.4432 20.2284 1.43369356907
-50.0438 20.5401 0.579191272379
-42.3309 12.5957 1.06105325974
-42.6338 11.5788 1.08513868238
-41.8628 12.3424 0.964565083341
-41.5112 11.4442 2.81198902558
0.0 0.0 6.96542453552
-2.4214 6.531 1.01752738047
-2.4375 7.5484 1.05892882669
-2.136 6.5333 15.4199015409
2.5857 -8.1459 24.3837558167
17.809 -27.1937 8.52094789328
24.6514 -32.2719 4.11176837018
28.7066 -32.9516 0.652838846883
29.3446 -32.8132 3.60937563853
32.9531 -32.8927 4.84898321816
37.7383 -32.1088 4.16969065999
40.4811 -28.9682 2.92653132565
40.8859 -26.0698 8.67720761075
40.3493 -17.4092 0.87006531364
40.4919 -18.2675 1.20628582019
40.3927 -17.0653 10.3552644872
0.0 0.0 2.04512722832
1.7427 1.0703 1.84816415126
3.513 1.6011 1.2528704522
2.7924 2.626 4.20050777883
0.4388 6.1052 1.12007676969
0.7719 5.0358 0.98259514552
-0.1342 5.4159 2.72425943331
-2.7477 6.1848 0.784360134122
-2.4688 5.4517 1.21129620242
-3.1763 6.4349 1.33691340782
-4.1378 7.3638 0.642641494147
-4.2831 6.7378 1.2943651919
-3.9826 7.9968 1.08580912227
-3.8714 6.9167 5.71728176322
-6.644 11.9167 14.9374670801
-11.7199 25.9653 4.88846170999
-14.8282 29.7383 2.44213931216
-17.1893 30.3622 4.01098597853
-20.6817 32.3348 2.09829268216
-22.7714 32.1451 3.11505408781
-25.8708 32.457 2.088648982
-27.9572 32.3601 1.81423228943
-29.7358 32.0023 3.06899778592
-32.6773 31.1269 1.13592264701
-33.6598 30.5568 2.63338287569
-36.0534 29.4589 1.55680830548
-37.5055 30.0202 3.61973170967
-40.8544 28.6464 8.48847747597
-49.2999 27.7933 0.570999658494
-49.7164 28.1839 1.7180185098
-50.9386 26.9765 7.02355422916
-50.9217 23.8555 0.854267504942
-50.1578 23.4731 0.704324108632
-50.8316 23.6782 0.254905825747
-51.0833 23.6379 1.37892440692
-49.7069 23.5545 0.946172801342
-50.2448 24.3329 0.113125814914
-50.26 24.445 0.248323820847
-50.0234 24.5204 0.602127204169
-49.8713 23.9378 0.413197930779
-50.2215 23.7185 9.90799697214
-43.9631 16.0373 9.26060358346
-37.2864 9.6201 0.386362032296
-36.9033 9.57 0.438926747875
-36.5896 9.263 1.32321530372
-35.6641 10.2087 1.29538124504
-35.6065 8.9146 0.386249103559
-35.2634 8.7372 1.21256394883
-34.8031 9.859 10.1135407469
-26.9869 16.277 6.98882836676
-20.9514 19.8007 3.25877680273
-18.2659 21.6467 0.97234142666
-17.5172 22.2671 1.03866969244
-16.782 23.0008 0.899579729652
-15.938 23.3121 2.00889832993
-13.9501 23.6018 0.811319382241
-13.1436 23.6901 1.77609166993
-11.6025 22.8072 3.26051036649
-8.6749 24.2425 0.539894674914
-8.2748 24.605 0.956802889837
-7.3824 24.9501 3.09243627744
-4.3386 25.4964 1.58274347258
-4.8897 24.0127 11.4086543028
-8.1179 13.0703 16.1708252903
0.1977 -0.7986 7.38232512153
-3.6189 5.5206 8.2062692242
2.1938 11.3133 0.719893915796
1.6011 11.7219 1.16175371745
2.7614 11.78 0.248314739796
2.5304 11.8711 1.04808656608
1.7185 11.2083 0.961368009661
2.4223 11.8632 16.6506827611
9.5794 26.8972 3.06028073385
12.6335 27.0916 1.50186644546
13.5984 28.2425 0.692967712091
14.0955 28.7253 2.74473440063
15.5377 31.0606 3.19864767832
18.3913 32.5057 0.666986783977
19.0514 32.6013 2.8486133223
21.7649 33.4682 2.50666665115
24.2692 33.3593 1.77900200393
26.0465 33.2815 0.824243101275
26.8315 33.0302 0.670727142734
27.5014 32.9969 1.22505285192
28.7259 32.9601 1.65047838217
30.3676 32.7901 2.11130191351
32.4767 32.6937 2.02624504935
34.4969 32.8501 2.79166531303
37.279 32.6192 3.08820421928
40.1541 31.4919 0.850537835725
40.251 30.6469 0.877040392456
40.4733 29.7985 1.57870434534
42.3207 17.1176 1.12515126539
42.1466 16.006 0.56761311648
42.5802 16.3723 1.34545015887
42.1919 17.6605 0.544324434506
43.6381 8.6939 0.919655136451
40.9036 7.3227 0.760352872027
40.4981 6.6795 1.10873715551
0.0 0.0 1.97280228102
1.656 1.0722 0.276275550855
1.6093 0.7999 1.72475220829
0.115 -0.0614 2.80219270037
-2.3062 -1.4721 2.00002288987
-4.0392 -2.4705 1.14535877785
-4.1424 -3.6112 1.92768737351
-4.453 -5.5137 1.95426819296
-4.5041 -7.4673 15.1279638924
-8.6904 -22.0045 2.15186906897
-10.6729 -21.1677 0.799676497091
-11.4712 -21.2146 2.64520443444
-13.8953 -20.1559 0.244939523148
-13.8997 -19.911 16.5387997572
-10.6718 -23.5197 0.386922640847
-10.4711 -23.1889 1.51587783809
-11.496 -22.072 14.2138871379
-14.1569 -8.1094 0.655864505824
-13.5677 -8.3975 7.46134841768
-6.1091 -8.195 0.245651501115
-5.9362 -8.0205 0.837416676452
-6.3375 -8.7555 0.355605919523
-6.3254 -9.1109 0.510884771744
-5.8469 -9.2899 8.84078938783
2.6679 -6.9113 3.11588172112
5.4876 -8.2372 0.772417743193
6.255 -8.1493 0.576526989828
6.8314 -8.1614 1.75377221155
7.9243 -6.7898 12.7773245165
12.2739 5.2244 1.09322199941
12.5586 6.2799 16.9982485009
16.3453 22.851 5.27973302829
19.9022 26.7528 4.59514326763
23.2423 29.9086 3.77990292203
26.0894 32.3949 2.31080394885
28.3614 32.8166 3.82455550881
32.0964 33.6394 3.87262083995
35.75 32.3555 0.845070393518
36.4334 31.8584 0.665436668662
36.9898 31.4934 3.97947481208
40.5185 29.6537 2.62329422864
40.6835 27.0356 2.08487770385
40.6655 24.9508 1.93391365112
40.589 23.0184 1.10662776036
40.529 21.9134 0.462239007441
40.5467 21.4515 0.587964369669
40.274 21.9724 1.48192346631
40.0944 20.5014 5.3291247696
40.5628 15.1929 0.95157406438
40.3362 16.1171 0.453164263816
40.0943 16.5003 0.366702167978
39.8981 16.8101 1.48270809669
45.0899 8.5212 0.463492481061
45.4807 8.272 0.212354067538
45.5495 8.4729 1.43529842542
44.2309 9.0398 8.44467249158
37.7734 14.4816 1.39957242399
36.3755 14.4132 0.137056630631
36.2391 14.4266 3.06386513084
33.1756 14.3793 3.48445409928
29.7102 14.7432 3.52159967202
26.1897 14.6552 2.08779726267
24.1051 14.7707 3.5178785539
20.5937 14.9841 3.33025826776
17.2635 15.0038 0.784711029615
17.7237 14.3682 1.31095725712
16.8179 15.3159 20.6889276747
2.0431 29.7982 3.11539222089
-1.0506 29.4312 3.61478313181
-4.6056 30.0859 3.15873688205
-7.7531 30.3521 2.13754130954
-9.8713 30.639 2.95779798668
-12.819 30.8832 5.48776140607
-18.3052 31.0141 5.01099684294
-23.2758 31.6491 11.9304354095
-35.2049 31.4706 15.1376992852
-49.7431 27.2527 1.26494905036
-50.654 28.1304 1.10329512371
-45.2255 13.3549 7.26048065695
-40.7584 7.6313 1.82757345133
-38.947 7.3887 1.04769738474
-37.904 7.4878 2.73726131928
-35.4568 8.7141 1.18491833474
-34.2843 8.8852 0.665664337335
-34.1869 9.5437 0.356314944957
-33.8434 9.449 0.743800026889
-34.4996 9.7992 1.32089397758
-33.6475 8.7899 17.1794849527
-20.2607 -1.9771 1.19597987023
-19.8263 -3.0914 2.19706654656
-17.6684 -3.5044 0.671638243402
-17.0307 -3.2936 0.427032703666
-16.624 -3.4238 0.364084935146
-16.3362 -3.6468 0.204647257494
-16.1407 -3.7073 2.02697479511
-14.1826 -4.2312 0.71102990795
-13.4754 -4.3049 0.453173984249
-13.1339 -4.6028 3.00958666265
-10.1651 -4.109 1.88421526636
-8.387 -4.7324 0.865913558041
-7.6535 -5.1926 3.73183248954
-4.6897 -7.4603 3.6278874321
-1.2818 -8.7044 1.34013532526
-0.5156 -7.6049 1.33017202647
0.5863 -8.35 19.2373415848
4.7493 -27.1315 0.550362616826
4.2994 -27.4485 10.6763839843
0.9467 -17.3122 1.21249516288
0.6191 -18.4796 10.8767216867
-2.3388 -28.9464 0.418691772071
-2.3806 -28.5298 10.162915287
3.2166 -20.0471 0.394326831448
3.5999 -20.1397 0.495306490973
4.0373 -19.9073 0.686272810186
3.4099 -20.1854 10.5310629369
2.0182 -30.6241 5.76198898385
7.4606 -28.7318 3.52026909483
9.8745 -31.2941 2.20270493939
11.7838 -30.1957 3.41625030699
14.9328 -31.5203 5.15006728208
13.3154 -26.6308 0.24651338706
13.0843 -26.545 1.51186571494
14.3438 -27.3813 7.18978838353
19.8728 -31.9773 2.03891730337
21.9117 -31.9857 0.737186007735
22.6478 -32.0257 2.32839560642
24.9761 -32.0468 2.81630773354
27.7758 -31.7414 1.42276397551
29.1711 -31.4632 0.552310419963
29.6657 -31.709 2.57297324121
31.9284 -32.9339 5.76008302197
37.5805 -31.8238 4.19910160153
39.945 -28.3537 2.73475077475
40.9764 -25.8209 2.1510969132
40.6256 -23.6986 0.693452002665
40.7444 -24.3818 0.804424844221
40.6486 -23.5831 6.41752907044
39.5205 -17.2655 1.21898912218
39.8347 -16.0877 7.11092754147
40.724 -9.0326 0.937399647962
39.7869 -9.0089 1.06480628285
0.0 0.0 1.97516795488
1.7022 1.0019 3.40527375845
-1.3294 2.5528 1.13540634576
-2.4575 2.4242 1.33743755742
-3.7696 2.6833 1.74502465599
-5.4873 2.9909 2.80444299639
-7.2827 5.1453 3.20860205385
-9.5832 7.382 3.99497337288
-12.6053 9.9948 1.56700031908
-13.3627 11.3666 0.882687039669
-13.6427 10.5295 0.897303098178
-13.4793 11.4118 17.8549798547
-18.3928 28.5774 4.42523108097
-22.3304 30.5968 4.80502125906
-26.8907 32.1107 8.46582416838
-35.3409 31.5966 2.95115745429
-37.0535 34.0 10.6388341091
-47.4503 31.7436 0.314185438873
-47.7446 31.8536 3.24672334054
-50.9288 31.2195 4.11903414164
-50.2487 27.157 1.21297117855
-45.9368 17.5523 10.2732708292
-36.0 20.16 7.67459271232
-31.6827 13.8149 0.938655943357
-32.2554 14.5586 0.231048155154
-32.0512 14.6667 0.704424197483
-31.5409 14.1811 0.336432831335
-31.3353 14.4474 0.285174262513
-33.4096 21.0641 27.1360983268
-19.2658 -2.0945 0.842948088556
-18.423 -2.1103 1.37426848177
-17.0615 -1.9234 3.13594502662
-13.952 -1.517 1.55030759851
-12.4818 -2.0089 11.6438275739
-0.8989 -0.8193 0.906485532152
0.0062 -0.8694 3.56424973592
3.5429 -1.3117 0.809584399553
4.3256 -1.1048 0.599016393766
4.9148 -0.9968 0.568061405132
5.4772 -1.0768 1.97215283637
7.4356 -1.3093 1.52327377054
8.9339 -1.0346 0.678129670491
9.6027 -0.9225 0.395237662679
9.9943 -0.976 2.16486940484
11.6366 -2.3865 8.81685591353
8.8902 -10.7647 20.0899568661
18.4774 -28.4195 0.731535897957
19.2088 -28.4054 0.474066925655
19.654 -28.5683 0.962725905957
20.5386 -28.9482 1.86745928202
22.3555 -29.3798 2.1491006049
24.4576 -28.9328 2.98017282888
27.3071 -29.8056 1.98589526914
29.174 -30.4827 3.38211207679
32.5161 -31.0014 4.46118325559
36.9711 -31.2362 0.829896409198
36.6449 -30.4731 7.05844307549
34.0486 -23.9095 3.34880879418
36.3989 -26.295 4.22660514598
40.4714 -27.4259 3.18760669625
39.7487 -24.3213 0.84024949271
39.6432 -25.1549 1.2137551071
40.1367 -24.046 5.08493693668
39.5425 -18.9959 6.9900393275
40.3589 -12.0537 5.10748148112
41.7221 -7.1315 1.76079996025
0.0 0.0 2.03534974144
0.3581 2.0036 0.782740883051
-0.3467 1.6631 2.49039889375
-0.7063 -0.8012 1.29307214029
6.3767 -0.2205 0.326259314043
5.2338 22.0764 9.3111211108
-4.0287 23.0267 3.69486723577
-2.0345 19.9162 8.62703384484
2.0915 12.3398 0.990174388681
2.9289 12.8682 1.32281675602
2.0088 11.9178 10.3118999074
-4.8379 4.2069 1.2398290608
-5.0582 2.9868 16.2081180638
-4.6353 -13.2158 0.516317586375
-4.8634 -12.7526 9.22198309693
-9.7804 -4.9508 0.848139905912
-9.5071 -4.1479 8.19281845155
-14.1754 2.5848 10.4152997787
0.0 0.0 1.91167585641
1.6463 0.9717 0.312056036634
1.8652 1.1941 3.37223104932
-1.4973 1.4501 0.778403545727
-2.2755 1.4323 1.10479951122
-3.3775 1.5109 1.63251100149
-4.7366 2.4153 3.19084402157
-7.1065 4.5519 2.06064149235
-8.7565 5.7863 2.02962784027
-10.3159 7.0854 0.832019290642
-9.9202 6.3535 0.350443504719
-10.2698 6.3778 1.66198678996
-10.517 8.0213 0.585317213142
-10.7088 7.4683 1.80970804828
-11.9329 8.8012 0.910371726274
-12.2321 7.9414 1.07362839474
-12.7144 8.9006 1.42625229535
-11.3124 9.1625 2.65295584961
-11.8109 6.5568 1.70276550646
-12.84 5.2002 14.8341619396
-16.4659 -9.184 0.249202006412
-16.4649 -8.9348 14.9325331575
-39.6995 -31.2197 23.2363436095
-47.0 -9.16 17.3671356331
-40.7613 -25.3679 0.961332975613
-39.9143 -25.8226 23.9615981556
-16.1074 -28.541 0.786581063845
-15.3745 -28.8266 0.489228627535
-14.8981 -28.9379 1.84724635065
-13.1149 -29.4201 3.07333846167
-10.4546 -30.959 0.873375205739
-9.6178 -30.7089 0.999195836661
-8.6242 -30.6033 2.09607230791
-6.6056 -31.1679 5.17612388279
-1.6383 -32.6233 8.89369389624
-8.5777 -27.0607 0.822771049564
-7.7845 -27.2793 2.08001204804
-5.7559 -27.7389 3.07857045558
-2.691 -27.4491 2.92782500331
0.236 -27.5186 12.0274993253
10.9121 -33.0577 3.19620090107
14.1083 -33.0553 1.60457390294
15.7128 -33.0707 2.42273893146
18.0176 -32.324 0.731089631988
18.721 -32.1247 0.268
18.989 -32.1247 1.94702977892
20.9054 -31.7807 3.08626753539
23.5935 -33.297 0.640293003241
24.2323 -33.3407 0.878144094098
25.1104 -33.3319 0.776302956326
25.6372 -32.7617 0.371036453735
26.0074 -32.7368 2.29939418543
28.2685 -33.1547 4.3987574666
32.6236 -32.5365 3.22681443532
35.8502 -32.5737 0.665636807876
36.4732 -32.3393 2.11024143879
38.439 -31.572 3.12639358527
40.5248 -29.2431 3.07193096928
40.0956 -26.2013 0.777437122859
40.6848 -25.6941 1.50319160455
40.5624 -24.1959 1.71013690972
40.3693 -22.4967 0.608434458262
40.1453 -23.0624 1.29486242126
40.5515 -21.8329 9.73822033947
39.7442 -12.1282 10.6992562667
29.1467 -10.6561 1.02757334531
30.174 -10.6324 2.49800840071
31.7941 -8.731 0.410867983664
21.794 -32.0095 0.963310318641
22.7109 -32.3049 1.04778617093
22.4528 -31.2894 24.0818508001
7.1992 -12.6544 4.50218190326
3.2234 -10.5419 3.16033412316
0.531 -8.887 5.0527433697
-3.468 -5.7986 3.92673678772
-7.3408 -6.4472 0.900341457448
-6.8701 -5.6797 1.01661238434
-7.8308 -6.0122 1.31985821208
-7.5077 -7.2919 0.672085031823
-8.1127 -6.9992 1.97941973821
-8.993 -8.7721 19.0486737084
-12.9863 -27.3975 0.841539648501
-13.7956 -27.6282 6.99687059906
-17.2919 -33.6889 2.82677853749
-19.896 -32.5892 1.24165556013
-21.1242 -32.7715 2.10385370451
-23.2246 -32.651 3.7951796611
-27.0181 -32.5381 2.32269263141
-29.3386 -32.4372 3.86467215298
-33.1695 -31.9274 1.36899543096
-34.5363 -32.0049 2.66966976422
-37.2059 -32.0242 1.08845388051
-38.2911 -32.1083 2.51516490513
-40.247 -30.527 1.92916092901
-41.9395 -29.6012 0.752715251606
-42.472 -29.0692 2.97415125708
-45.4447 -29.1621 0.730208223728
-45.8488 -28.5539 0.69943191234
-46.4562 -28.2071 1.58984914064
-47.3039 -26.8621 0.811600320355
-48.0111 -26.4639 1.34961658629
-49.1609 -25.7572 7.61114581716
-51.4025 -23.3317 1.28577839848
-50.7197 -22.2422 0.917029492437
-51.0087 -23.1125 2.06591638263
-49.7932 -24.783 13.0904807295
-36.7674 -26.0827 6.36869594501
-33.2226 -31.3737 6.23669882069
-26.9933 -31.6774 1.22785546788
-26.0424 -30.9006 0.900547389092
-26.1152 -31.7982 1.62316566314
-25.6026 -33.3383 1.97352424105
-23.6329 -33.2155 0.500101689659
-23.3698 -32.7902 10.1106192352
-20.5992 -23.0666 0.983961716735
-20.6597 -22.0845 0.539390860138
-20.1698 -22.3102 0.467542479353
-19.8117 -22.6108 0.84966318621
-19.0509 -22.2325 1.61842533964
-17.6112 -22.9718 2.6473902338
-15.0596 -22.2661 1.35940454979
-13.7073 -22.1273 1.2707610515
-12.4816 -21.7919 0.657477125077
-11.9732 -21.375 10.5939608745
-4.7882 -29.1601 1.43110427992
-3.9447 -30.3162 0.924347164219
-3.9129 -29.3924 15.7452628978
-5.3945 -13.717 1.19100514273
-4.4396 -13.0052 13.3616083332
3.2729 -2.0942 0.55502926049
3.8037 -1.932 0.494280426479
4.2672 -1.7603 1.11543760919
5.3681 -1.9398 0.604662848206
5.9511 -1.7794 0.642123765329
6.4049 -1.3251 1.52787830013
6.6918 -2.8258 9.48582822636
-1.5515 1.8677 11.106930919
-9.1895 -6.1961 10.6183969233
-6.2206 -16.391 0.499272921357
-6.613 -16.6997 1.08153525139
-6.1679 -17.6854 0.895032803868
-6.0993 -16.793 14.5563143776
-9.7538 -2.7029 1.11529158968
-8.954 -1.9256 0.702601487331
-9.2173 -2.577 8.31956899485
-12.7474 -10.1105 0.640561082177
-12.1261 -10.2664 1.77739288004
-10.3932 -10.6616 1.49322819756
-8.9078 -10.5089 2.29157594026
-6.678 -9.9804 9.57674496058
2.8968 -10.1734 1.14824565751
3.9896 -10.5259 0.739617989235
3.7377 -9.8305 17.0720730203
-7.8023 2.7506 1.10927698976
-8.8261 2.3236 9.71797562716
-12.4363 -6.6989 2.30449953352
-10.154 -7.018 0.671409778004
-9.4962 -7.1525 0.738504224768
-8.7617 -7.0757 11.401406251
0.9168 -13.1022 1.70292567072
2.2496 -12.0422 0.568727148991
2.8137 -11.9698 0.339112739366
3.0981 -12.1545 0.561651155078
3.6402 -12.3014 0.281700869718
3.9069 -12.3921 0.945762634068
4.5099 -13.1207 1.24461536227
5.7525 -13.0499 2.02011394976
7.7691 -13.169 0.613318065933
8.3724 -13.0586 2.04167109986
10.3862 -12.7224 1.21770049684
11.6039 -12.7235 1.4260557703
12.398 -11.539 0.794421632384
12.5962 -12.3083 0.792068109445
11.8537 -12.5841 0.767783159492
11.603 -11.8584 0.91576606729
12.4915 -11.6366 14.4153608939
18.3646 -24.8013 0.229245392538
18.5925 -24.8261 0.749933290367
19.0862 -25.3906 1.06520120165
20.1514 -25.3922 0.747522742129
20.6915 -24.8754 1.92854307704
22.0183 -23.4758 1.81645162336
23.7108 -22.8163 2.59616071344
26.2539 -22.2941 2.12369408343
28.3329 -21.8607 0.605817827404
28.9261 -21.9837 1.43099488818
30.3562 -21.9331 1.47989411783
31.6968 -21.3063 0.704062752885
32.3978 -21.3719 0.80853113731
33.109 -20.9873 0.511977206524
33.6205 -21.0094 1.1875785153
34.7437 -20.6237 1.31450465956
36.035 -20.3778 0.661563058219
36.6848 -20.2536 0.788694135898
36.9168 -21.0074 2.54689910479
37.9332 -23.3427 0.564957670981
38.4123 -23.6421 2.44041014995
40.45 -24.985 0.284165532745
40.1679 -25.0192 1.37003314558
40.187 -23.6493 8.4212549332
38.2489 -15.4541 0.4075057791
38.1125 -15.0701 1.37894656894
38.5455 -16.3793 1.02639412508
39.3096 -15.694 9.81193490653
40.2265 -5.925 0.223651872337
40.1885 -5.7046 0.398428023613
42.6261 -9.9081 10.1566475453
32.5651 -8.5175 19.3372747286
13.5404 -5.0547 1.17172683677
12.6241 -5.785 0.813859994102
12.7913 -4.9885 1.13043833091
11.8134 -5.5556 2.03384136304
10.0939 -6.6418 3.90322216252
6.8658 -8.836 2.98548773235
4.2268 -10.232 1.35451388328
2.9553 -10.6989 0.969975303809
3.1606 -9.7509 1.10364351128
2.6712 -10.7401 3.48757575545
-0.3369 -12.5049 14.9019393922
-7.3151 -25.672 10.2123012828
-7.1233 -15.4615 1.37521940431
-47.7582 -33.491 0.626831564298
-47.2616 -33.1085 0.325840344341
-47.5533 -33.2537 10.0275329653
-43.0869 -24.2758 0.786800768937
-43.8253 -24.0041 3.52076466978
-45.9088 -26.8422 3.43094489172
-44.0525 -29.7276 0.758032380575
-43.476 -30.2198 1.49532086858
-44.3795 -29.0283 1.02765485451
-43.4438 -29.4532 4.03120899607
-42.3932 -33.3451 2.87542212727
-39.5207 -33.4747 2.24705272079
-37.3134 -33.0539 12.6464718024
-33.1297 -21.1195 5.75717075133
-28.8172 -17.3054 0.0787610309734
-28.7561 -17.3551 2.13187574919
-27.2422 -18.8561 15.8758970039
-13.716 -27.1679 0.378928647637
-13.4866 -26.8663 0.530826544174
-13.0325 -26.5914 1.25897942795
-11.8627 -26.126 1.89367465263
-9.9882 -25.8572 0.899055732422
-9.1162 -26.0761 2.50293770598
-6.7308 -26.8341 1.30563745734
-6.7557 -25.5287 14.2108135112
-11.6081 -12.172 2.79769026341
-9.1022 -10.928 13.2979631779
-1.376 -0.1048 1.4570219113
0.0663 -0.3114 8.8907506421
8.6926 -2.4637 0.49933896303
9.1764 -2.3401 1.13083767624
10.1903 -2.8409 1.20644676633
11.1699 -3.5451 8.26158390443
11.0424 -11.8057 1.17998275411
10.6957 -12.9336 15.7171310798
-3.1796 -20.3163 0.50562611681
-2.9512 -19.8652 7.52891120548
-7.8657 -14.1615 0.395019113462
-7.489 -14.0426 7.72652073057
-2.4618 -19.91 0.194667537099
-2.3237 -20.0472 3.31772179967
0.7008 -21.4109 1.03545894173
0.5547 -20.3858 0.894585742118
11.4335 -21.2051 0.811201041666
11.7443 -20.4558 12.7131631257
8.3064 -8.2163 0.633599700126
7.8757 -8.681 1.31681143677
9.0317 -9.3116 2.01822371902
10.302 -10.8799 12.4273539332
0.5187 -18.5432 5.25370709595
-4.3157 -16.4865 3.48792542495
-0.8888 -17.1361 1.22368490225
-0.7853 -18.3554 2.32425475368
-0.6149 -20.6734 1.25958323266
0.0567 -21.739 18.4970083732
16.3693 -30.459 0.940250440042
17.2701 -30.7285 5.97222159334
22.6925 -33.2315 4.49259222387
27.1665 -32.8232 7.89192496923
34.6761 -30.3966 4.2526952924
38.7967 -29.3449 0.893560367295
39.2385 -28.5682 2.18698969362
40.0971 -26.5568 0.644943137028
40.2624 -25.9334 0.280428850156
40.2709 -25.6531 1.37800096154
40.1217 -24.2832 0.609584383002
40.4113 -24.8196 1.22562392274
40.9963 -23.7426 6.25908615854
39.989 -17.5651 0.191077209525
39.8133 -17.6402 0.456361282319
39.3604 -17.6963 1.46299625768
40.4758 -18.643 1.39092807147
41.5519 -19.5243 0.78580740643
42.0507 -20.1315 0.391108028555
41.6602 -20.1533 1.51134851375
42.1399 -18.7201 10.7980114211
42.3991 -7.9252 0.617087781438
42.6255 9.9105 20.5422498342
22.089 10.3965 0.9502523086
22.5642 9.5736 0.429753278056
22.952 9.7588 1.66631450213
21.8139 10.9759 23.3682221669
9.5749 30.8827 4.68806510727
4.9068 30.4505 3.00591355997
2.4245 32.1457 5.55809799212
-3.1315 31.993 2.93711881952
-6.0105 32.5744 3.42956381192
-9.435 32.3881 2.65870765787
-12.0346 31.8306 2.28879085327
-14.3195 31.6972 2.55900098085
-16.8674 31.4591 2.28540029317
-18.8095 32.6638 1.33395093238
-17.477 32.6016 1.78483959223
-17.8224 30.8505 1.30575820886
-18.7413 29.9228 1.12640025746
-19.2886 30.9073 2.2551484297
-21.3436 31.8361 11.1197850717
-23.5534 20.9381 1.06750483371
-24.121 20.034 12.2990371774
-32.3375 29.1858 7.96878676399
-40.2535 30.1015 1.71007287856
-39.5706 28.5337 7.20444111503
-33.2683 25.043 0.700828566769
-33.9515 24.8868 0.197224947712
-34.1137 24.999 2.93470633965
-36.825 26.1221 4.66155001797
-41.1719 24.4385 8.39956096115
-48.7344 28.0938 0.433030726392
-48.6213 28.5118 2.85437352146
-27.6914 -0.4031 0.802426283219
-28.2577 -0.9716 0.230660356368
-28.1835 -1.19 2.6054954999
-25.6353 -0.6466 2.14115244903
-23.5283 -0.2657 0.864861751958
-22.7302 -0.5989 1.09738890554
-23.3006 -1.5364 0.506100484094
-22.7945 -1.5371 1.96342786218
-20.9744 -2.2735 0.586488959828
-20.4263 -2.4822 1.62089259977
-18.8272 -2.7471 1.10036932891
-18.0847 -1.935 1.68931492032
-16.3954 -1.9279 9.83359405152
-17.0063 7.8867 0.285114433167
-17.2095 7.6867 6.31649853954
-14.6211 1.9249 0.612180251233
-14.3682 2.4824 6.23793107368
-15.1384 8.6726 0.658828672722
-14.5313 8.9285 0.783195869499
-14.9857 8.2906 1.91211812397
-13.0743 8.343 5.90913956511
-13.6231 14.2266 1.10994493557
-13.4607 15.3246 0.548603909939
-13.0523 14.9583 1.15181222862
-11.9388 15.2529 0.970882495465
-11.0177 14.946 0.457235223927
-10.6096 14.7398 1.19545690847
-9.7415 13.9179 0.850724162111
-9.3441 14.6701 0.359155732239
-9.0701 14.4379 0.193183979667
-8.9115 14.5482 0.183006147438
-8.8425 14.7177 9.44689488721
-8.323 5.2851 12.9924354676
0.5307 -4.2236 2.84016032294
0.6536 -7.0611 0.894929326819
0.1851 -6.2986 0.972167953596
0.6989 -7.1239 19.0800049334
6.9264 -25.159 0.474678175188
6.5503 -24.8694 12.394559381
-5.724 -23.147 2.29977050159
-3.5246 -22.475 1.32063432107
-2.4516 -23.2449 2.50142455613
-0.4056 -24.684 1.65987527845
1.2469 -24.8403 15.9518062918
15.245 -32.4897 2.70374208274
17.9008 -32.9966 3.95486819629
21.851 -32.8045 3.52815304798
25.3422 -32.2952 2.7821205168
28.0111 -31.5096 4.6709419018
32.4326 -30.0036 4.69309717777
37.079 -29.3432 3.57300891966
40.5697 -28.5807 3.17763464546
41.3462 -25.4994 0.523034396574
41.1735 -25.0057 1.36986919814
40.8574 -23.6728 1.24280708479
41.863 -22.9425 5.36947053721
41.8091 -17.5733 0.835638989038
41.3325 -16.8869 0.310110206217
41.142 -16.6422 1.1440029458
40.5363 -17.6127 0.836735179134
25.4615 -29.5135 4.59196991279
21.3907 -27.3887 3.99517120785
17.402 -27.1614 4.83257313344
12.5755 -27.4036 5.22609493312
7.3495 -27.4351 4.07759576834
3.2757 -27.2592 2.98325299296
0.2968 -27.0981 14.1792350305
-11.073 -17.4394 11.0558870978
-8.2966 -6.7378 5.04713941258
-3.5846 -8.5463 0.651452661365
-2.9405 -8.6439 0.644003920796
-2.3698 -8.9423 2.32652815371
-0.1647 -9.6841 1.1677348372
1.0005 -9.761 1.4757282304
2.0539 -8.7275 0.832832768327
1.2688 -8.4496 1.1297860771
1.0465 -9.5573 10.2383835375
-8.077 -14.2034 1.29525167439
-7.4283 -13.0823 3.76512540296
-6.874 -16.8064 1.03409973407
-7.7925 -16.3313 0.643324132922
-7.608 -15.715 11.8823099657
-12.4826 -4.8786 3.19899070646
-9.7953 -3.1431 2.77850730609
-7.594 -1.4477 0.655243618817
-6.9538 -1.3081 0.429039916558
-6.5544 -1.1514 0.417376017519
-6.1449 -1.2321 0.336088753159
-5.8287 -1.346 3.30882696586
-2.5654 -0.799 0.647380483178
-2.3472 -0.1895 10.3478597604
2.0479 9.1786 39.0226082118
36.2068 28.0448 4.69052260734
39.564 24.7691 4.34405412144
41.4454 20.8536 12.5354712652
35.0782 10.0556 0.512212163073
35.3901 9.6493 1.39265185886
36.0209 10.8909 4.44253682483
36.7021 15.2809 1.26606771541
37.7176 16.037 1.10064465201
38.0709 14.9946 7.18395305664
42.6263 -9.9074 12.6755015163
29.9508 -9.9012 17.6522362847
15.5344 0.2855 1.0372110923
15.1773 1.2593 10.3227858643
13.5393 11.4513 13.036267353
6.6294 22.5056 3.97396523009
2.6596 22.6875 3.37150388551
-0.7078 22.8538 3.20639902851
-3.9141 22.8286 3.00374840824
-6.9174 22.8805 2.67939916026
-9.5743 22.534 2.0601855863
-11.6336 22.4736 6.58177175691
-13.5091 16.1647 0.52779541491
-13.8511 16.5667 1.67969027204
-14.2481 18.1988 0.0949376637589
-14.2561 18.2934 0.421327343048
-14.6369 18.1131 0.810687146808
-14.7723 17.3138 1.18357215665
-14.289 18.3942 8.95506495454
-10.1955 26.3589 0.184145703181
-10.0185 26.4097 1.12286489392
-9.1614 27.1351 0.316337288349
-9.1882 26.8199 0.76616155607
-9.2555 27.5831 0.283176923495
-9.1281 27.836 0.570044463178
-8.6396 27.5422 13.9786794598
4.9742 30.7152 7.45902415065
-1.7226 34.0 11.1699779915
-7.4249 24.3952 6.74318170673
-3.2857 29.7185 4.67042144565
0.9295 31.7297 1.32480547251
2.229 31.472 48.818680465
50.9765 28.8367 0.0146167711893
50.9911 28.8374 0.134826184401
50.8782 28.9111 0.717448262943
50.1958 28.6896 0.529419682294
49.6744 28.5978 0.970421733062
48.7691 28.2483 0.878572444366
48.1614 27.6138 1.81749509215
47.1694 26.0909 0.652694392499
47.1583 25.4383 0.45658703442
47.0177 25.0039 0.418018588103
46.95 24.5914 0.336196267082
46.8952 24.2597 1.06056837592
46.7704 23.2065 0.361991298238
46.6663 22.8598 0.203700024546
46.5034 22.7375 0.146372299292
46.3836 22.6534 0.0928297366149
46.2942 22.6284 0.0348528334573
46.2646 22.61 0.534745032703
46.0742 22.1103 0.299716032271
45.9185 21.8542 1.46304988979
44.8922 20.8115 1.4571815261
45.7848 19.6597 0.58461406928
46.2904 19.3662 0.809596300634
46.7088 18.6731 0.390108613081
47.064 18.5118 1.06105044649
48.0233 18.0584 1.64953017553
48.1371 16.4128 0.388172706408
48.479 16.5966 2.88352413723
51.0193 15.2322 7.85248240049
48.8265 7.6921 1.03046755407
48.2292 8.5318 0.802395239268
0.0 0.0 2.05717558074
1.8216 0.9559 3.25692639923
-1.3418 1.7308 1.10940957721
-2.4298 1.9477 3.79054120146
-5.157 4.5803 0.672878659195
-5.1095 3.9091 1.21687345275
-5.3307 5.1057 1.18170638062
-4.4093 4.3658 0.85150428067
-41.3594 27.4778 0.172841256649
-41.5283 27.5145 1.2862932947
-40.7333 26.5033 18.9287860702
-38.2905 7.7328 9.70106207845
-15.7961 5.9101 0.229196967694
-15.681 5.7119 1.01885173112
-28.135 -1.905 4.56853958394
-32.0487 -4.2618 1.18103284459
-32.7864 -3.3395 12.8074973121
-25.586 7.2523 31.7943059602
-49.0255 28.7341 0.374760857081
-49.1286 29.0944 0.984930099043
-48.9473 28.1263 13.6269280005
-40.1034 6.8986 0.566930912899
-39.9763 7.4511 1.11386276085
-39.6668 6.3811 2.2384238763
-38.6357 8.3679 1.18443764293
-37.4564 8.2577 1.28116833008
-37.2062 9.5142 8.14971094273
-31.2163 15.0404 0.936637053506
-31.3967 14.1213 1.16849312364
-30.591 14.9676 15.7687012147
-16.9552 22.887 1.77333634148
-15.2539 22.3867 3.62393616528
-11.6781 21.798 1.92800494813
-9.7923 21.3968 0.905162084933
-8.8875 21.3712 4.17210087366
-4.7154 21.3685 4.80151839526
0.0847 21.4852 4.46771359534
4.2881 19.9713 0.935735566279
4.9542 20.6285 0.853169490781
5.7199 21.0048 1.2318531893
6.7267 21.7146 3.33425545062
9.1421 24.0131 0.407456746171
9.5495 24.0063 0.390279143691
9.852 23.7597 2.06727738342
11.1843 25.3404 1.01749429974
12.1451 25.0055 1.02367741501
11.4659 24.2396 16.4907766767
2.6203 9.8425 0.486192718991
2.302 9.6032 1.52276490963
2.6979 11.0736 0.731955770522
3.3772 10.801 1.13237376338
2.3075 11.1725 12.096922738
-9.7588 10.3123 1.29772220833
-10.3605 11.4621 13.1587981647
-13.1372 24.3246 0.463413702862
-12.7423 24.5671 0.274493315037
-12.5336 24.7454 2.42962550612
-10.1097 24.5787 8.79222734522
-14.8597 17.18 1.26168521034
-14.4523 15.9859 10.4722527166
-13.8763 5.5295 6.65930005031
-7.2233 5.2399 1.37146137022
-5.9831 5.8254 0.894417005652
-6.8658 5.6811 8.29470584711
-12.988 11.2776 0.598851609332
-13.3846 11.7263 2.49142737
-12.3349 13.9858 1.48593622003
-11.6371 15.2977 3.56417486945
-8.4616 16.9162 10.9288493155
-7.1056 27.7606 0.780882897751
-7.5789 27.1395 0.505732824721
-7.2954 27.5583 4.14018060596
-3.1598 27.753 11.1253271705
7.805 29.6361 0.497592855656
7.8767 30.1285 0.244919986935
8.0923 30.0123 1.41492946114
9.2326 29.1746 11.4804608762
7.0693 17.8998 16.1327492592
16.0864 31.2773 2.88247923323
18.7971 32.2575 0.466738309977
19.0443 31.8616 0.484910589697
19.1185 31.3824 0.161340013636
19.2509 31.2902 0.100470542947
19.3281 31.2259 0.564734318065
19.8195 31.5042 0.489676730099
20.2982 31.4011 1.46803226804
21.6639 31.9396 2.12307320882
23.1888 33.4168 2.31714683609
25.4073 32.7479 3.32538049101
28.6803 33.3358 3.68624859308
32.3628 33.1696 5.08460004818
37.4474 33.1703 0.733596789797
38.1797 33.2139 1.5546452843
39.7307 33.3203 0.888472531933
39.8217 32.4365 0.41634468893
39.8156 32.0202 0.319800140713
39.8153 31.7004 0.891440031634
39.7995 30.8091 1.18223182583
40.156 29.6819 0.509061351902
40.1799 29.1734 0.389799756285
40.2078 28.7846 2.05270234082
40.5445 26.7597 1.81347904592
40.859 24.9737 1.23984770839
40.9843 23.7402 1.11927555588
40.7947 22.6371 0.403453404992
40.7336 22.2383 0.270278560008
40.5831 22.0138 11.5765348615
42.6247 -9.9143 11.1804285557
31.5385 -8.4658 8.89554793872
22.6802 -9.279 17.5196246892
11.4343 -22.7128 0.760478231115
10.8778 -23.2311 3.66823402198
8.005 -25.5121 7.6660008779
1.4239 -29.4436 4.03956111601
-2.611 -29.6376 3.76430199904
-6.3745 -29.7153 2.27671737816
-8.6426 -29.9132 1.70325689196
-10.3428 -30.0152 1.24637248044
