0.0 0.0 7.67315254182
-4.3408 -6.3273 0.427542021327
-4.5261 -5.942 0.10364000193
-4.4971 -6.0415 5.65544941892
-7.9209 -1.5402 4.86129043156
-9.588 -6.1067 16.9873169197
1.7563 6.5375 2.51901823733
4.1305 7.3793 2.07110090773
6.1574 7.8049 1.63208111624
7.7865 7.9035 1.13056528339
8.912 7.7966 1.60427131434
10.4878 8.0975 1.46676248929
11.624 7.1699 1.2605088893
12.3311 8.2134 1.38407260648
11.7568 6.9541 6.94120765069
8.4674 0.8418 13.4246788639
17.8746 -8.7356 0.559502252006
18.408 -8.5667 0.682668037922
17.7694 -8.3254 10.0310216872
7.8947 -6.5614 0.875355836217
8.5347 -5.9642 0.509932711247
8.9103 -6.3091 0.776939566504
9.1048 -7.0613 1.07978333475
8.6687 -6.0735 2.45385264635
9.2896 -3.6995 0.844018915665
10.0269 -4.1103 1.23912269772
8.886 -3.6268 18.9928921234
-7.0995 6.6296 8.62661929263
-8.8454 -1.8185 1.09401632986
-9.2216 -0.7912 8.62226635752
-8.9601 7.8271 2.66899050954
-6.5354 8.9426 2.15233983376
-4.3904 9.1202 1.02325489004
-5.0928 9.8643 1.12487547755
-4.2756 9.0913 14.9280026263
0.1709 -5.1591 0.396884680984
0.4741 -5.4152 10.7255994634
-10.07 -3.4504 0.177861181824
-10.0572 -3.6278 0.989512708357
-11.026 -3.8292 1.051913062
-10.0882 -4.3057 10.5666020579
-0.6899 -9.1353 10.1989087578
8.4982 -4.7085 2.01674284429
10.5141 -4.7668 0.469271882814
10.952 -4.5981 0.487483333048
11.386 -4.3761 2.44189029442
20.1785 -5.3514 0.858459160357
21.0203 -5.5197 3.88387901073
20.6124 -9.3821 4.42785338624
22.428 -13.4206 0.787207120141
23.1881 -13.6254 1.71713407747
22.1069 -14.9594 4.439153907
18.9619 -18.0923 2.54296160018
18.9796 -20.6352 14.1217297896
7.5444 -28.9213 3.81254138994
4.4668 -31.1716 4.29483933343
0.2167 -30.5533 1.91571931138
-1.6941 -30.4161 3.07528176433
-3.9149 -32.5434 2.46046644562
-6.2146 -31.6686 1.1255350772
-7.3341 -31.5522 1.48754045659
-8.796 -31.2772 0.95713725766
-9.7463 -31.163 1.80263395064
-11.5409 -31.333 1.18316781988
-12.7237 -31.3035 2.21326544725
-14.9212 -31.5672 2.10474882587
-17.0203 -31.7213 4.48900685787
-21.4434 -32.4877 3.61521666432
-25.0522 -32.703 1.64506828126
-26.6828 -32.4853 2.72432021062
-29.3959 -32.7323 1.52640020964
-30.9223 -32.7315 3.52134200696
-34.4436 -32.7487 0.852772918191
-35.2907 -32.6505 1.70161897321
-36.8384 -31.9433 3.21578860624
-39.8694 -30.8689 4.43498223784
-44.1718 -29.7926 2.78535013239
-46.2974 -27.9926 1.60345020814
-47.809 -27.4577 3.28318282464
-50.0955 -25.1016 1.86216859602
-50.9417 -23.4428 0.917107414647
-51.3718 -24.2528 8.74813940675
-51.5 -33.0 14.144212567
-37.9505 -28.9417 19.8503936296
-25.0467 -13.8576 11.7068875014
-28.8783 -2.7955 0.345249503982
-28.5632 -2.6544 1.14247038474
-40.0754 2.6405 12.1536907337
-45.1336 -8.4106 0.44218227011
-45.5256 -8.6152 0.828676686048
-44.74 -8.8789 22.1539211141
-26.4243 -21.3421 1.00621184648
-25.6615 -21.9983 5.92181913267
-20.8685 -25.4761 6.8532459645
-15.401 -29.6081 2.46952727663
-13.2179 -28.4537 0.467366793857
-12.7643 -28.3411 2.22795289448
-10.9774 -29.6718 0.365901106858
-10.6195 -29.7479 1.76685226604
-8.9322 -29.2237 10.5358482435
-11.7252 -19.0648 8.50310933777
-7.7648 -11.5403 10.2913060211
-3.6869 -2.0914 13.365783677
-6.6372 10.9447 0.128897556222
-6.5105 10.921 7.45318280602
-2.961 4.3673 1.22878091212
-3.6183 3.3291 10.2116266701
-9.3841 -5.099 12.6903804533
1.3558 -11.8592 1.19960915302
2.5534 -11.9286 8.31454902986
-0.178 -4.0755 12.5644707222
-8.1922 5.6012 0.441809517779
-7.7504 5.5983 6.71704954053
-1.1557 6.8745 0.404265568655
-0.7528 6.8413 3.67120035138
2.8891 6.3784 1.00761008332
3.7403 6.9176 0.526954001788
4.0037 7.374 2.41050732005
5.0982 9.5217 0.642456442103
5.525 10.0019 2.20352564088
6.6495 11.8969 1.39881908051
7.8866 12.5498 15.8367952377
13.9022 27.1996 6.36635874735
18.7113 31.3713 5.12401318207
23.7735 32.1648 6.49198281113
30.2534 32.5607 10.0253516552
40.1649 31.0541 6.12781729574
41.7265 25.1286 2.87326717519
42.5166 22.3661 1.53629295709
42.4997 23.9023 4.51327045279
40.28 19.9726 9.8348024698
49.8038 6.513 1.34718020324
51.0645 6.9879 0.936074024851
50.1298 7.0386 1.61625791259
48.529 7.2616 15.2566922526
34.0415 2.4784 7.50765985511
26.819 0.4289 0.826534312657
26.8041 1.2553 1.75608979554
25.468 0.1157 3.12218759206
23.1236 -1.9463 4.66433474142
18.5053 -2.6 0.731808752339
18.5375 -1.8689 1.48116173999
17.9876 -3.2442 23.7877208597
9.6159 -25.5101 0.473779326269
9.8493 -25.9224 6.80089890309
3.9735 -29.3469 3.56148372031
0.4137 -29.2374 1.96451633997
-1.4946 -29.704 2.25423282737
-3.6854 -30.235 2.56095389455
-5.7621 -31.7336 4.02261768007
-9.7625 -31.3114 2.49248635904
-12.1917 -31.8695 3.95952058967
-16.0764 -31.1034 0.991319751644
-16.2238 -32.0837 1.77647511944
-17.9997 -32.0385 1.92723878126
-19.8701 -32.5031 2.1271000094
-21.9972 -32.5029 2.76969729212
-24.7269 -32.9719 4.34176034
-29.0672 -33.0845 2.20984640643
-31.2139 -32.56 5.56394072219
-36.7533 -32.038 11.3460922938
-48.0936 -32.4005 3.91387367195
-50.005 -28.9851 2.51086942114
-31.6158 -18.559 1.38245715304
-30.2725 -18.8857 7.09667271332
-26.3291 -12.9855 0.0506110659836
-26.2959 -13.0237 1.13822388835
-25.5928 -12.1286 13.8738664059
-16.6997 -1.4798 1.6504452884
-15.1051 -1.0541 0.652584285744
-14.6343 -0.6022 0.372941134765
-14.2621 -0.6257 1.33735120668
-13.2761 0.2778 1.21715366327
-12.0881 0.5426 0.523509178525
-11.5646 0.5395 0.455408223465
-11.1285 0.4083 0.392875043748
-10.8523 0.1289 0.118366253637
-10.8019 0.0218 0.344815138879
-10.5061 -0.1554 0.760473536686
-9.7613 -0.309 0.991000731584
-10.6182 -0.8068 0.614860968024
-10.0162 -0.6817 0.998907453171
-9.1305 -0.2198 2.26118137265
-6.8819 0.0184 0.701080002567
-6.7868 0.713 0.543127544873
-6.3195 0.4362 5.54127549306
-9.7067 -3.9493 6.42370025764
-6.3639 1.5361 0.733872632001
-6.5049 0.8159 9.12431166609
-10.8592 -7.2024 0.632040900575
-10.4841 -7.7111 10.4402225158
-2.0248 -13.8298 0.92819063236
-1.3259 -14.4406 1.18214266483
-1.2787 -13.2594 8.3193941426
-3.5934 -5.2685 0.446472899514
-3.4736 -5.6986 7.45347426708
-7.7589 -11.797 0.330942366584
-7.4362 -11.7236 7.96717314108
-2.1193 -5.7901 1.2041602302
-1.4024 -4.8226 10.7507252765
2.4847 5.2008 0.420088383558
2.0695 5.1369 0.787869284844
2.5075 5.7918 0.125347875929
2.4395 5.8971 1.05951203863
3.2619 5.2291 2.4174647257
5.6666 5.4772 1.4133797968
6.1824 4.1613 1.1599263468
7.0177 4.9661 18.0775142321
11.7082 22.4245 7.56839842569
15.8945 28.7297 5.17876658771
20.4961 31.1056 7.63782253394
27.8552 33.1501 1.96963070904
29.7439 32.5913 5.49001574588
35.1556 31.6673 5.84193514942
40.5454 29.4138 3.65245684437
41.4102 25.8652 2.2224532616
41.2777 23.6467 0.712673003558
41.4636 22.9587 0.559236694075
41.6238 22.4229 1.67485557586
42.302 20.8915 2.98188013508
49.6281 9.6519 0.543680246101
50.0567 9.9864 1.30020678355
49.3265 8.9106 2.22409473269
48.1402 10.7919 13.6983859151
37.905 19.8961 0.637981081224
37.4105 19.493 1.52324309616
37.9638 20.9122 0.180349105903
37.7916 20.9658 1.47540748609
36.9675 19.742 19.4485536989
23.6062 5.6097 0.239343706832
23.4291 5.7707 4.23052935813
19.2022 5.9459 0.912001584428
19.0597 5.0451 1.45864271499
17.8236 5.8195 19.7853322221
10.6769 24.269 6.261060629
5.9317 28.3536 4.70168457045
1.4485 29.7702 3.50477084272
-2.0544 29.6557 3.71698320685
-5.7584 29.9661 3.46786193641
-7.2884 33.0782 4.28713253003
-11.4846 32.1999 4.58071621038
-16.0646 32.2809 3.3116664355
-19.3713 32.4622 2.27212116754
-21.3517 31.3484 4.42227563704
-25.6182 32.5118 2.36202559258
-27.5109 31.0987 3.19862675691
-30.6446 31.7399 2.92362138623
-33.4497 30.9159 16.415090782
-49.842 31.7806 0.486646997319
-50.1833 32.1275 2.27808539348
-49.7378 29.8934 13.6139167799
-44.2363 17.4406 3.02878461598
-47.1695 18.1955 0.716522616531
-47.838 17.9376 3.48797832849
-50.9211 16.3065 1.92279665592
-49.1084 15.6652 1.03994434466
-49.8802 16.3622 2.39175270461
-49.8202 18.7532 0.708549857103
-49.8202 17.0888 7.28670009332
-43.5217 13.4248 6.64092431594
-43.3116 6.7872 0.398523537573
-42.9826 6.5623 2.35437602986
-42.4958 4.2588 0.414757037312
-42.3076 3.8892 0.231334390007
-42.211 3.679 0.540037406112
-42.4232 4.1756 0.256424823291
-42.1669 4.1676 0.95743166858
-41.9025 5.0878 16.1867451666
-36.0 20.16 8.33276407262
-30.1147 26.059 1.05874350529
-29.0756 25.856 12.4411058576
-27.9646 13.4646 1.30395202749
-27.0031 12.5838 16.2529179057
-15.2468 1.3612 2.310391034
-13.0421 0.6704 0.0123664869708
-13.0314 0.6642 0.962028242829
-13.4167 1.5457 1.22171878925
-13.2315 0.3381 21.4637248457
-7.3659 -20.3086 0.439246286268
-7.7466 -20.5277 15.1995821844
-20.5883 -12.3964 0.547006288812
-20.1825 -12.7632 0.456468585995
-19.8419 -13.0671 9.73850020537
-10.4935 -10.3384 2.37619490783
-8.3055 -9.4116 1.77515108653
-9.0812 -7.8149 8.46392919689
-14.5371 -1.3441 0.682620985614
-15.0825 -0.9336 0.594541251723
-14.5114 -0.7683 5.72979095605
-8.8248 -0.0661 8.55411807552
-3.5449 6.6641 0.144789675046
-3.4011 6.681 0.111680123567
-3.4917 6.6157 1.03906364098
-3.8807 5.6522 1.02842831544
-3.6911 6.663 19.185592939
4.1478 24.1741 7.03475518053
8.9996 29.268 6.12109004181
14.3079 32.3159 12.8182262993
25.8314 26.702 4.90952130049
30.3442 28.6354 16.29090964
46.1159 32.7155 7.11318311658
50.6396 27.2261 13.0245118576
38.3984 22.7774 1.15420799685
38.4933 21.6271 20.5794714228
33.0081 1.7921 0.510413734141
32.5154 1.6588 1.05114536578
33.0251 0.7395 0.981581158132
32.7785 1.6896 1.31324001234
34.0868 1.5758 12.4240757729
36.0 20.16 3.57356137348
32.4308 19.9835 0.903679152133
33.0957 19.3715 1.15800477115
32.1174 19.9911 20.5386349218
13.5048 28.6748 4.31433318139
9.9046 26.2974 3.08368310304
7.5844 28.3286 4.90023699121
2.7148 28.8757 4.18245230457
-1.461 29.1115 4.78076573887
-6.2334 28.8288 4.2771324319
-8.9024 25.4866 3.62534810467
-9.5346 21.9168 1.47622628685
-8.0825 21.651 7.4512447289
-4.8749 14.9255 0.441788693835
-4.7471 15.3484 5.06332104947
-5.8728 20.285 1.22330343742
-6.8497 21.0213 10.5713767022
-14.6804 28.123 3.68155298346
-17.7253 30.1924 2.98285665093
-20.6535 30.7608 0.573380606578
-20.5971 31.3314 0.559412128935
-20.0644 31.1606 0.647810813432
-19.9423 30.5244 0.672737816686
-20.0072 31.194 0.629285952489
-19.7927 30.6024 0.91566068497
-20.4195 31.2699 0.840745680929
-19.8854 30.6206 0.821668552398
-20.3519 31.297 0.772500990291
-21.1016 31.1107 3.45675872025
-24.4738 30.3508 3.31973949731
-27.7026 29.5791 6.068
-33.745 30.1359 9.79504661194
-43.2228 27.6632 6.31932272083
-49.131 25.4211 0.636085379489
-48.5979 25.0741 11.3515842419
-43.1763 15.1009 0.98315282637
-42.2341 15.3817 0.777640128851
-43.0012 15.2541 1.26324631407
-43.9173 16.1239 1.1595007417
-42.9839 16.8118 0.48451641871
-39.1944 34.0 15.7450002315
-39.1971 18.255 0.452354949127
-38.7571 18.36 0.51459813447
-38.5801 18.8432 0.541412412122
-38.3343 18.3608 5.47887709663
-32.8875 17.7688 1.48309908637
-31.5894 17.0515 0.211206060519
-23.6792 21.1427 0.232385412623
-23.4615 21.0614 0.361644521595
-23.7139 21.3204 11.7248923633
-34.3817 26.1857 6.27298865454
-40.5692 27.2178 7.75184141543
-47.9939 24.9896 2.40310225542
-50.1433 23.9149 2.01659136664
-50.4476 21.9214 0.431174605004
-50.0303 21.8129 13.4560189098
-36.9332 30.2729 1.00344931611
-36.0689 29.7631 0.876040295877
-36.5951 29.0627 8.15251463353
-35.4284 20.9941 20.1836872627
-23.8688 4.4485 1.78982171179
-22.3264 3.5405 0.963474462557
-22.2004 4.4957 7.9239966084
-26.8589 10.9057 0.470825169251
-26.4086 10.7682 2.55553738576
-23.8729 11.086 0.993355127837
-22.9989 10.6139 0.560436731487
-22.4411 10.6682 0.856081777636
-21.5906 10.7658 1.01796815766
-20.9287 9.9924 1.10837236523
-19.892 10.3845 7.50429485695
-16.2783 3.8076 0.348354374165
-15.9877 3.6155 0.561564573313
-15.6188 4.0389 0.121960813379
-15.5376 3.9479 0.307772399672
-15.2369 4.0135 1.02595883446
-14.5072 4.7347 12.4564627246
-2.0837 5.6403 0.512299453445
-1.7365 5.2636 0.359483198495
-1.8326 4.9172 0.866641684896
-1.0416 4.5631 1.09661587167
0.055 4.5572 8.54175988248
-3.6925 -3.1186 1.45410385117
-4.9149 -3.9061 6.03317669226
-10.0049 -7.1451 2.36958630356
-7.6975 -7.6844 1.16427672398
-7.0885 -6.6921 0.599209646117
-6.7317 -6.2107 0.872098216946
-6.0164 -5.7118 14.165055852
-0.2912 7.2447 0.486363835004
-0.4189 6.7754 1.1319039977
0.699 6.9529 0.90778045804
0.1296 6.2459 12.4950323985
-6.6834 -4.2283 13.6153850555
0.7281 7.1931 6.84485148488
3.2594 0.8335 1.18655609644
3.8738 -0.1816 8.26965552487
7.3989 -7.6623 7.14970939969
6.5666 -0.5612 1.06423962057
6.0937 0.3922 1.20714813093
6.3618 -0.7848 6.67879896089
8.4818 -7.1182 0.336669719458
8.1723 -6.9857 7.27733903017
6.8403 0.1687 0.701842753044
7.3313 0.6702 1.36844555975
7.4079 -0.6961 6.30440330721
9.2688 -6.7196 0.2361841866
9.4284 -6.8937 7.39413575748
7.243 0.1701 0.902916103522
7.3623 -0.7249 8.7776425907
11.1131 -8.6608 8.80907090788
9.3582 -0.0283 9.95467222815
11.2048 -9.8102 0.15409321854
11.2194 -9.9636 0.513176275757
11.3636 -9.4711 17.5712122843
-6.1947 -10.1446 10.1157367403
-6.7623 -0.0448 0.426943052409
-7.1752 -0.1534 7.72374235717
-9.1188 -7.6286 0.658149800577
-9.2592 -8.2716 1.28374189384
-9.3221 -6.9894 8.82012002469
-11.7911 1.4781 0.874983634133
-10.9305 1.6361 0.867227594118
-10.0642 1.596 0.849588941783
-9.2166 1.5379 11.5941406314
-0.2513 8.8896 0.411414547628
-0.449 8.5288 1.49213786226
0.8466 9.269 34.6605291353
30.7029 26.8745 9.17804745303
39.8717 26.4626 1.69325307028
41.3581 27.2736 0.887587950572
41.1587 26.4087 16.4768261634
42.8569 -9.0063 12.3597934744
30.5021 -8.655 1.11460428853
29.9297 -9.6114 2.22323762338
27.7084 -9.7042 14.2054409537
16.6346 -0.8067 1.38213864717
16.3466 0.5451 2.94733405809
13.5565 1.4949 2.67368743312
7.8923 34.0 8.06452696505
11.8509 26.9739 2.11130961491
12.4739 28.9912 1.54022030892
12.2551 27.4666 14.2222820366
25.4223 32.8423 7.70284479527
33.1178 33.1786 4.42256498652
37.5319 32.9051 0.71426203875
38.2204 32.715 2.54709356326
40.7633 32.8611 1.94515283204
41.791 31.2096 1.41950664669
40.5304 31.8622 4.88871448338
41.3513 27.0429 0.359932715935
41.0773 26.8095 0.328697824757
40.7522 26.761 2.40458829948
40.4037 24.3818 1.65942592784
39.9841 22.7763 12.5126805046
38.1471 10.3992 9.11209346967
0.0 0.0 1.93745253877
1.8897 0.4275 0.3532380642
1.8065 0.7708 2.76366678889
-0.7599 1.7962 0.702062589802
-1.4151 1.544 0.678634894476
-1.0537 0.9696 0.891489164264
-1.2259 1.8443 6.69718084271
1.6273 7.9033 2.83560632846
-0.8141 6.461 1.72803919226
-1.9649 7.7501 2.59307395382
-3.9946 9.3639 2.54971246222
-6.3786 10.2681 0.912145887454
-6.239 9.3667 1.23617012583
-6.7187 10.506 16.9851834329
-12.5094 26.4736 3.89440350503
-16.3049 27.3457 8.62527252323
-24.0906 31.0576 3.42230862723
-27.4909 31.4451 1.79037029689
-29.2257 31.8877 12.266857567
-41.4888 31.5841 7.06818955957
-47.7757 28.3539 3.08525158293
-49.1639 25.5986 2.06650644809
-50.3226 23.8875 2.39565782406
-51.0871 21.6171 9.21783615932
-43.7232 16.0726 0.739510953266
-43.4853 15.3724 0.800776679231
-43.4401 16.1719 0.926876156776
-43.2247 15.2704 13.7752591065
-40.9919 1.6773 0.560376703656
-40.4533 1.5226 0.944602022018
-41.235 2.0529 1.05249465557
-44.2661 -0.6249 2.0289212035
-42.3851 -1.3854 0.443065886748
-42.5804 -1.7831 0.23812307742
-42.3976 -1.9357 19.31461613
-36.0 -20.16 5.96127159002
-36.6059 -14.2296 1.30987331449
-35.6522 -13.3317 0.720566062204
-35.9094 -14.0048 0.298642696211
-35.8833 -13.7073 0.983835133546
-36.2002 -14.6387 0.410046058389
-35.8678 -14.8788 1.32952641944
-34.9807 -13.8885 8.5187691112
-29.4861 -7.3786 0.904953241886
-14.2696 9.982 0.584277536792
-14.8506 10.0438 20.8559375644
-34.7593 16.2578 2.08823772833
-36.8298 15.9862 9.02454985581
-45.5665 18.2473 3.91375172692
-48.9438 16.2696 2.82130338142
-51.7044 16.8517 0.550709260863
-51.2339 16.5655 1.65479347956
-50.2678 15.222 2.45101737652
-43.782 34.0 6.67072471775
-40.4371 28.2285 0.287051162687
-40.1737 28.1144 1.15547040637
-40.6292 29.1763 0.64994181278
-39.9836 29.1013 0.411595456729
-40.1717 29.4674 0.957896471441
-39.2254 29.3188 0.231200194637
-39.0066 29.3935 0.389958626011
-39.0208 29.0038 0.863929267938
-39.6211 29.6251 0.485748618114
-40.0987 29.7137 1.18467146501
-38.9949 29.2835 23.4572809584
-15.5849 27.7949 0.481267462021
-15.294 27.4115 0.153830101086
-15.3363 27.2636 8.80446922023
-6.5828 28.2096 5.84896420403
-0.7429 27.8841 2.3885579792
1.356 29.0242 4.60637396007
5.9569 28.7997 0.878217609707
6.8053 29.0266 2.78276850097
9.4615 29.8563 0.68084601049
9.549 29.1811 8.73987090523
13.504 21.3873 0.239970039797
13.2659 21.4172 0.175821187574
13.4006 21.5302 0.377485589129
0.0 0.0 1.9068414748
1.6355 0.9804 3.23343632224
0.5602 4.0298 0.0
0.5602 4.0298 0.641397614589
-0.0401 3.8039 2.52726294042
-0.7975 6.215 0.602851333249
-0.6338 5.6348 1.36175214338
-0.0331 6.8569 0.928874937761
-0.0034 5.9285 0.821577926919
-0.7784 5.6558 1.22902278254
-0.1328 6.7016 17.5790251416
11.789 19.6203 0.466141309047
11.5346 20.0109 17.4392438196
-3.2048 29.3317 2.23943463624
-5.4293 29.0735 3.41177862852
-8.7247 29.957 2.65924400159
-10.6932 31.7449 2.12300575835
-12.8104 31.588 1.59919124873
-14.2136 30.8209 1.99057726803
-15.9151 31.854 1.69979989705
-17.5766 31.4952 2.42891057884
-20.005 31.545 2.27245154184
-22.2674 31.7585 3.33176841032
-25.5181 31.028 1.76309131074
-27.2592 31.3056 1.87758905514
-29.1271 31.4961 3.3514753602
-32.4718 31.2831 4.61645867089
-37.0773 30.9652 2.4767108289
-39.534 30.651 3.6546424832
-42.7792 28.9702 7.78639265514
-49.9895 26.0309 1.10494499863
-50.9803 25.5418 1.83292927578
-50.3696 23.8136 1.14897182298
-50.4816 22.6701 0.944949485422
-50.5453 21.7273 1.48957700372
-51.2615 20.4212 1.11611455505
-51.2558 21.5373 3.06607350532
-48.2253 21.0716 12.9800003317
-38.9347 30.1361 1.38747065194
-38.8687 28.7502 12.0930649953
-49.5046 14.7955 0.80968025788
-49.4932 15.6051 0.367991372181
-49.8563 15.5453 1.2316330054
-49.3398 14.4272 0.487701271272
-49.7045 14.1034 0.38653327153
-49.8384 14.466 0.64055423658
-49.2726 14.1657 0.821136103213
-48.6489 14.6998 0.261694784052
-48.5493 14.9418 50.7965738779
0.0 0.0 7.0902236763
-2.3073 -6.7043 0.697878212871
-3.0043 -6.7393 6.52411016768
-7.1395 -1.6931 0.955765792441
-6.2955 -1.2446 1.04462687118
-6.8898 -0.3855 10.2219671419
-11.1886 8.8886 0.29675056866
-10.9067 8.7959 1.87911211214
-9.328 9.8151 2.03052558959
-7.2981 9.8655 0.937576903512
-7.499 8.9497 9.63214619127
-14.3742 2.2036 0.798047930891
-15.1647 2.0941 3.25145329968
-12.8013 -0.1389 10.6028969645
-5.1213 -7.4491 0.462865563636
-4.7995 -7.1164 0.450370447521
-4.4068 -6.8959 1.59780619914
-2.9557 -6.2271 8.36118065407
5.3895 -5.7104 0.400883137585
5.7695 -5.5827 0.33330496546
6.0569 -5.4139 0.356393041458
6.4101 -5.3663 0.127791901152
6.531 -5.4077 0.799021026006
7.3072 -5.2181 0.676802511816
7.9612 -5.0439 2.7262941294
10.09 -3.3407 11.8348430361
11.2687 8.4353 1.174803175
11.6462 9.5478 21.5577842491
22.086 28.4091 6.65965458939
28.649 29.5396 8.89594623691
37.4207 28.058 3.89805221232
40.435 25.5864 12.6366580475
39.2556 13.0049 0.188518062795
39.3881 12.8708 0.196308456262
39.5651 12.9557 1.07494634285
0.0 0.0 1.87033584417
1.6889 0.8036 1.87186748463
-0.0653 1.4568 1.41110349018
-1.4158 1.8659 7.28963364374
0.3621 8.9354 14.0832705878
-3.5306 22.47 2.6730749129
-6.2001 22.6082 2.61043040896
-8.0095 24.4898 4.4061390491
-11.4779 27.2072 5.36798571626
-15.5766 30.6736 4.07604595779
-19.379 32.1419 2.18544147028
-21.4861 31.562 1.85757294608
-23.3195 31.8607 3.51353572915
-26.7849 31.2811 2.50481395916
-29.285 31.4347 1.47197125651
-30.6907 31.8714 0.881395648957
-31.558 31.7144 6.69756847371
-38.1765 30.6883 10.3348036962
-48.4995 30.1945 2.65507005746
-48.385 27.5419 6.28443160596
-42.6273 -9.9034 18.3710565088
-27.2083 -19.8909 12.3725681429
-15.2569 -16.6902 0.406934515616
-14.9282 -16.4503 0.322391020346
-14.6653 -16.2637 0.554496681685
-14.1134 -16.3173 0.589946175511
-13.6327 -15.9753 2.82113176225
-10.8418 -15.5634 0.618056971484
-10.2417 -15.7113 0.508016239898
-9.7362 -15.7618 0.476827274807
-9.2594 -15.7669 0.424597715491
-8.8735 -15.944 3.01776887783
-6.0127 -16.9046 3.67795214352
-2.3388 -17.0772 1.00253820376
-2.209 -16.0831 10.8159357824
-9.5941 -8.1809 1.91486127435
-10.3662 -9.9332 1.04705142185
-9.3864 -9.564 11.5721917596
0.968 -14.7314 0.761439800641
1.6004 -15.1555 0.89511680802
0.8963 -14.6028 8.12958047626
-4.7773 -8.7804 0.263428035714
-4.924 -8.9992 7.92601738201
0.8145 -14.4665 1.02444016419
1.6344 -15.0807 0.33019052076
1.9081 -15.2654 0.114151916322
1.9476 -15.3725 0.164267251758
1.9429 -15.2083 2.98481882197
2.2965 -12.2445 12.0348002875
-3.1021 -1.4885 10.0117901961
4.8076 4.6493 3.81610507455
5.8041 0.9656 0.867107859496
6.5261 0.4854 0.576024999457
6.6005 -0.0858 1.38331451594
6.0757 1.1941 4.20949536405
4.1016 4.912 1.05561330515
5.1253 4.6544 0.39374471425
4.9954 4.2827 4.15766548438
6.5272 0.4175 0.974281730302
7.0092 1.2642 0.968454340689
6.1002 0.9301 17.1253531748
-4.6992 -12.3609 0.866182255648
-4.6703 -13.2266 1.27406956247
-5.2185 -12.0765 11.4601545334
-9.7973 -1.5708 0.403008994937
-10.0157 -1.9095 0.442501446325
-10.3189 -1.5872 0.613097855159
-9.8112 -1.2435 1.38353265592
-9.2142 -2.4916 8.80009590914
-13.6422 -10.0965 0.49541462433
-13.2624 -10.4146 8.61555520904
-4.8658 -8.4846 0.0751304199376
-4.7975 -8.5159 6.56106984721
-11.039 -10.5386 1.17768522535
-9.8705 -10.6854 4.00259932544
-11.2715 -14.4348 0.537594428915
-10.8614 -14.7824 1.05469266139
-10.4459 -15.7518 0.0
-10.4459 -15.7518 1.13935562929
-9.4329 -15.2303 10.1327939878
10.4604 -13.5624 9.16442447838
3.1343 -8.0565 0.851217345923
-4.3265 -5.1508 14.2998195824
-7.5662 8.7772 0.498206473262
-7.7662 8.3209 6.27518348815
-8.9396 2.1564 7.62314986407
-6.9948 9.5273 1.08877933944
-7.5866 8.6134 1.18991030334
-7.8504 9.7737 15.3154575002
-10.8442 24.7937 4.03791600334
-14.424 26.6618 3.00610067197
-16.9419 28.304 1.26889099611
-16.5169 29.4996 0.212143583452
-16.375 29.6573 2.42587108066
-18.5245 30.7818 2.18875321816
-20.3357 32.0107 0.388230923549
-20.6942 32.1597 1.95901513266
-22.6532 32.152 2.31504619392
-24.79 31.2612 1.92503138935
-26.4648 32.2103 1.53010000327
-27.9949 32.2104 1.95469562081
-29.78 31.414 3.33543560723
-32.9275 32.5178 2.56778050853
-35.228 31.3771 13.821913704
-48.867 29.1359 3.34212971173
-50.37 26.1508 3.14887033712
-47.2506 25.721 11.9403084215
-43.6352 14.3412 0.994383286263
-44.4818 13.8196 4.54460005391
-48.1179 11.0934 0.169008461327
-48.2684 11.1703 22.0676016062
-51.5 33.0 11.7055805824
-50.9931 21.3054 9.85850233707
-42.1874 16.8726 5.84348685718
-42.1295 11.0294 0.425313402093
-41.7065 11.0737 1.02553347093
-41.2618 11.9978 2.21717837352
-39.8643 13.7191 0.921912848376
-40.7312 13.4054 1.03276340466
-39.8619 13.963 2.22129168278
-38.7994 12.0123 1.01264843356
-39.466 11.25 1.01459351959
-39.0125 12.1576 1.28856176026
-38.115 13.0822 0.716474179577
-38.7813 12.8188 0.757581467566
-38.2735 12.2566 1.19145454382
-37.3787 13.0433 18.3740627617
-23.0048 24.4887 7.53380634872
-17.3567 29.4744 1.01062270903
-16.4118 29.8329 0.894312026085
-15.5748 30.1479 4.76179464068
-10.9602 31.3227 3.46622399738
-7.5526 31.9575 5.99112562796
-1.5656 32.1798 3.95695704551
2.3549 32.7157 0.833969232046
3.1851 32.6365 3.07851058955
6.1795 33.3512 1.01898597635
7.1874 33.5011 1.02815244492
8.215 33.5348 0.214528436344
8.4023 33.4302 1.18123197552
9.5796 33.5265 0.626856442896
10.1976 33.6315 6.85397732488
11.4802 26.8986 1.30348350584
12.7832 26.8631 0.510252976473
13.2481 27.0734 1.55798411096
14.7661 26.7227 7.80214257752
21.8113 23.3703 0.20751089128
21.8524 23.1669 1.08478014823
13.4935 2.1614 7.64302447006
5.8899 2.9367 5.00255727903
2.5201 -0.7606 4.27182707983
-1.0853 -3.0518 4.0572785719
-5.1299 -3.3723 2.60123467031
-6.4789 -5.5964 1.03172322354
-6.6589 -4.5805 0.945011116337
-7.084 -5.4245 18.2397663705
-9.519 -23.501 3.29128591435
-12.3689 -21.8546 3.14069316712
-14.7198 -19.772 3.81279420504
-14.13 -23.5389 0.480135449639
-13.7367 -23.8143 1.03753925227
-14.7726 -23.756 1.83747509643
-15.5818 -22.1063 1.36522045839
-16.8625 -22.5792 3.01359755276
-19.839 -23.0506 2.76208465113
-21.9401 -21.2577 2.0393512694
-23.9097 -20.7289 1.89181751763
-25.7163 -20.1675 1.70170446905
-27.3666 -19.7524 2.63576771738
-29.8831 -18.9685 3.37541062539
-32.3239 -16.637 2.40547851788
-34.1078 -15.0233 3.35708716747
-37.3223 -14.0553 2.81044572977
-40.0985 -13.6179 2.46397792604
-42.4624 -12.9228 2.70430360722
-45.1238 -13.4026 0.86837802828
-44.372 -13.8372 1.22201612101
-44.4606 -12.6184 3.13790759584
0.0 0.0 8.59340464135
-2.9853 8.0582 0.356498821877
-3.1307 7.7327 6.85151799312
-7.9307 2.8436 10.9586532065
-9.217 13.7265 1.08110551289
-10.0482 14.4178 1.25931439283
-10.2067 13.1685 11.0613257958
-13.1411 2.5035 2.74464097652
-12.2783 -0.102 0.756400799841
-11.5324 0.0236 10.2461788219
-2.9127 -5.5158 1.44528552542
-1.4774 -5.3462 7.73612350276
5.7053 -2.4728 1.32990466576
6.7164 -3.3367 1.14130648382
7.1432 -2.2782 13.4327314456
-2.684 25.5133 2.82443187208
-5.4834 25.8885 1.61315990528
-6.3872 27.2247 2.71830312511
-8.365 29.0895 2.49647739826
-10.3026 30.6637 3.54549418276
-13.1928 32.7173 3.48190020678
-16.6747 32.7185 2.70967710623
-19.3148 33.3286 5.06322447458
-24.1516 31.8314 3.11777570232
-26.9989 33.1016 1.85123090402
-28.822 32.7801 0.707293920517
-29.517 32.6488 3.02211108333
-32.5246 32.353 2.11067182669
-34.4506 33.2164 0.979271040111
-35.409 33.0153 4.93751108353
-40.3031 32.362 2.80322654454
-42.414 30.5175 2.6244611123
-43.6593 28.2073 1.96078117596
-45.5622 27.7344 1.38750624143
-46.2963 26.557 1.25759332457
-47.0874 25.5794 0.81912758469
-47.7764 25.1364 0.911167608072
-17.4661 -7.6771 2.72148901155
-15.0099 -8.8491 4.80583573793
-11.4804 -12.1108 0.628418053528
-10.8638 -12.2321 0.617960621723
-10.276 -12.4228 3.05054404328
-7.4174 -13.4878 3.33119125989
-4.8413 -15.5998 3.81159238377
-2.1422 -18.2911 3.57631081563
1.1366 -16.863 1.42868061161
2.5296 -17.1803 1.6650939463
4.1648 -16.8662 0.384343765398
4.541 -16.7875 0.0
4.541 -16.7875 1.000854405
5.4815 -17.1298 0.589620844272
5.8408 -17.5973 2.41600720405
4.8324 -15.4018 0.711318950964
5.5376 -15.4949 0.547613951612
5.9586 -15.1447 0.809153940854
6.5629 -14.6066 1.14537055139
7.6558 -14.9493 1.18213006476
8.2676 -15.9608 1.61742625489
9.7701 -16.5596 0.255923367436
32.0623 -8.3169 6.34680120376
30.3757 -14.4355 0.563594251213
29.8735 -14.6913 14.2545958277
16.7065 -9.2302 0.76374180192
17.2338 -9.7827 0.884726652701
16.4997 -10.2765 0.892693592449
15.6105 -10.1976 1.78574284823
14.8979 -8.5602 6.95747856986
16.1082 -15.4116 0.698143574059
16.2021 -14.7198 0.925338451595
15.519 -14.0956 0.615410635267
16.0015 -13.7136 1.33674761268
-1.3053 -34.0 7.15110131448
3.6767 -28.8699 0.870900711907
4.3161 -29.4612 3.12556376035
7.0302 -31.0113 0.275583199778
7.3019 -31.0574 0.809782668375
7.6008 -31.81 0.871133571848
8.4651 -31.9189 0.66170519871
9.122 -31.8393 1.085208685
8.0578 -32.0518 1.54810528066
8.4164 -30.5458 14.0888384936
6.9925 -16.5291 24.4070775983
1.4417 7.2384 10.4113921668
-5.9049 -0.1389 0.736910320188
-5.358 0.355 2.09519952749
-4.2021 2.1025 0.558371928019
-3.6961 2.3386 3.75302771106
-0.0217 3.1028 0.436362532764
-0.0716 3.5363 10.8942602365
6.5273 12.2046 0.283649660673
6.5605 11.9229 8.61246544608
13.179 6.412 1.23000658941
13.7704 7.4905 26.8600599809
30.5521 28.4628 6.14616469841
36.3932 26.5505 2.07667060941
37.6961 24.9334 2.21242453883
39.0708 23.1999 3.43493867485
39.8089 19.8452 11.7710468116
30.9889 12.05 2.50459487542
33.2246 13.179 0.254506679677
32.992 13.0757 1.17196043022
14.2602 28.6659 5.69279532831
9.6189 25.3695 4.38234368004
5.6227 27.1682 4.28569113446
1.3374 27.1103 1.15569476939
0.1858 27.0131 3.13962945584
-2.9538 27.0267 4.22058471068
-5.9031 24.0076 2.05281430724
-7.9314 24.3239 2.47942285623
-9.8487 22.7518 2.96867143686
-9.1626 19.8635 1.87767190158
-9.6607 18.0531 3.40815073757
-11.3626 15.1003 19.0264221358
-12.4591 -3.8945 36.8379400245
-42.5157 -25.1932 5.35111501745
-45.285 -20.6144 2.62019744485
-46.5119 -18.2992 2.64576393883
-48.298 -16.3473 1.36631484293
-48.5567 -15.0057 1.8863063643
-50.2108 -14.099 9.25656907499
-42.6748 -8.7238 1.09105191444
-41.675 -9.1606 0.438303205555
-41.5441 -9.5789 0.224192997214
-45.6025 -34.0 6.33415450396
-40.5733 -30.1492 1.42021551182
-39.3102 -30.7985 2.62785932082
-39.2392 -33.4254 0.290024636885
-39.309 -33.1439 1.09104757916
-38.2881 -32.759 16.7669670021
-29.2839 -18.6149 18.6474216132
-18.5768 -3.3478 12.6599815513
-5.917 -3.28 1.28260474036
-4.9346 -4.1046 0.832407838743
-4.7466 -3.2937 4.483240346
-2.1266 0.3443 0.853663587135
-1.838 -0.4591 0.707933965847
-1.9985 0.2304 21.2972882201
2.7363 20.9947 2.63465168286
5.362 20.7777 2.53649406071
7.8186 21.4093 1.38522849018
8.966 22.1854 3.97206381117
12.8426 21.3198 0.705847667702
13.5479 21.292 0.385488391524
13.8456 21.0471 0.862614560508
14.6554 21.3443 0.600634481195
15.2531 21.285 0.892127799141
16.1451 21.3001 3.46916517047
19.5808 20.8194 3.46773348601
22.3665 22.8846 4.14698622375
25.6958 25.3571 0.510816013845
26.1928 25.4751 1.8111577568
27.6369 26.5682 1.28656871173
28.5901 27.4323 2.90565862069
30.6942 29.4362 1.60589100502
29.6646 28.2038 3.41310447687
27.703 25.4107 2.47582363063
30.0786 26.108 4.6707046235
31.9664 21.8358 8.74252628249
35.9182 14.0374 1.31236534547
34.972 14.9468 10.7724678756
24.4538 12.6201 1.61455834828
26.0409 12.3236 5.08102929828
30.5962 14.5744 0.702135834437
31.2489 14.8332 1.16497414993
24.6585 9.4698 3.01703467829
27.6733 9.5859 6.27565305367
33.8163 8.3024 0.604900471152
34.239 8.7351 2.19439515357
47.0 -9.16 17.6066431565
40.364 -25.4682 0.988248157094
41.1501 -24.8693 1.06565683032
40.0849 -24.9005 23.7490056586
16.6385 -28.6796 0.251762467417
16.769 -28.4643 3.47490068923
13.3716 -29.1941 3.36121860342
10.0111 -29.2636 3.23357741364
6.8278 -29.8316 2.64587147269
4.1989 -29.5324 2.75976321629
1.4399 -29.5973 4.1176735434
-2.6616 -29.2327 1.96904263539
-4.6197 -29.0254 2.34140532373
-6.7505 -28.0549 1.3255131082
-8.0323 -27.7173 1.90702568939
-9.5286 -26.535 1.2492471693
-10.3929 -27.437 3.55789594002
-10.7025 -30.9814 2.71763594508
-13.2242 -31.9946 2.17364999252
-15.3952 -31.8873 1.60262046973
-16.9138 -31.3752 2.78171829091
-19.5859 -32.1484 1.26616855908
-20.676 -31.5043 2.37392401732
-22.749 -32.6611 2.73461984561
-25.2847 -31.6372 4.2478425065
-29.4587 -32.4258 2.69454269404
-32.11 -31.945 2.9185
-34.8363 -32.9866 12.8428750975
-47.5617 -31.2535 2.48916206182
-49.7501 -30.0674 3.48205264751
-51.0651 -26.8432 0.571944201824
-51.1595 -26.2791 1.29282747882
-50.734 -25.0583 3.00041239332
-47.7338 -25.094 11.4818826701
-43.8867 -14.2758 0.424969234181
-43.4704 -14.3612 1.16887859506
-45.8999 -14.1814 11.565106051
-36.0 -20.16 8.03875590499
-30.2123 -14.5811 0.480288715254
-30.6648 -14.7421 0.172850282036
-30.7197 -14.906 1.4172872186
-29.7488 -13.8735 18.2621747867
-16.6601 -1.138 0.845641105907
-17.4499 -1.4402 0.505923047508
-16.9461 -1.4865 1.57479639319
-15.4873 -0.8933 0.313620056757
-15.21 -0.7468 0.932079315295
-14.3101 -0.9896 0.422881567345
-14.093 -1.3525 1.08675304462
-14.5463 -2.3402 0.506459879951
-14.0407 -2.3697 0.279943601463
-13.7658 -2.4226 0.180340816234
-13.6199 -2.3166 1.27190025159
-12.3991 -2.6735 1.44537733828
-10.978 -2.4097 8.249023521
-9.5337 -10.5313 0.724221409515
-9.608 -9.8109 11.1442972704
-8.7841 1.3029 1.17624081293
-8.8658 2.4763 0.32812317809
-8.7179 2.1834 3.22981476868
-5.6117 3.0684 0.437939402201
-5.4441 3.473 0.302001059601
-5.7461 3.4738 4.30024812424
-4.9869 -0.7589 12.8845071171
2.2249 -11.436 0.262821707627
2.2379 -11.6985 1.0023459732
2.6711 -12.6024 1.19856416182
2.2078 -11.497 9.65687639768
-0.8198 -2.327 10.1300817415
-8.9203 3.7558 9.28282862602
-0.6686 8.0079 6.69864154587
2.9274 2.3563 1.25915007843
2.432 1.1987 1.11047132786
3.5376 1.0948 0.856886561921
3.7243 1.9311 1.30349169541
2.4249 1.8279 0.656626606223
2.9028 2.2782 1.50643422691
3.233 0.8084 11.3181807765
4.5845 -10.4288 0.67944225656
3.9542 -10.6825 14.5275344598
-10.282 -7.7877 0.549755918568
-10.0926 -8.3038 13.5687015506
-10.5895 -21.8634 0.320285497642
-10.8593 -22.036 0.639131825213
-10.3075 -21.7135 1.31242158242
-9.3071 -22.563 0.747479424466
-9.8078 -22.008 7.94204134968
-12.7554 -14.6332 10.6494278349
-17.2165 -4.9632 1.21262215879
8.4111 9.2459 0.974520230678
8.5069 8.2761 1.11911212128
7.8644 9.1924 18.2812182255
-3.0615 23.8494 2.35375803769
-5.4066 24.0511 3.11181373479
-6.806 21.2717 1.98120958003
-8.4022 22.4453 2.81328623855
-8.9527 25.2042 2.38682083324
-9.6964 27.4722 0.580469499629
-9.1544 27.68 2.93681769438
-10.6293 30.2196 2.89117100843
-13.2807 31.3724 1.47071861687
-14.7514 31.365 2.01301656724
-16.5871 30.5389 3.14092430504
-19.4046 31.9271 0.355853467034
-19.2933 31.5891 0.482906243488
-19.7573 31.7229 6.51362866995
-26.2567 31.2926 0.317263691588
-26.5231 31.4649 0.920937609179
-27.4399 31.3777 0.739993999976
-28.1785 31.3323 0.782010287656
-28.931 31.1195 0.408957821786
-29.3385 31.085 0.762219194195
-30.0656 31.3137 0.797754448436
-30.8296 31.5433 0.788848052542
-31.5946 31.3508 0.775976558924
-32.3705 31.3399 0.359303562465
-32.7298 31.3415 0.759065702031
-33.4883 31.3122 0.911973689313
-34.3283 31.6673 0.677173072412
-34.9842 31.8357 0.786411101142
-35.7593 31.9686 1.3142129698
-36.4375 30.8429 1.1441
-37.5816 30.8429 1.38799864913
-38.9221 31.2029 0.393022912818
-39.2795 31.0394 0.787365867942
-39.1921 30.2569 1.31322751266
-40.2316 29.4544 0.827657133117
-40.8984 28.9641 11.7638342478
-37.3298 17.7546 0.561812851402
-37.144 18.2848 9.68005339861
-39.9554 27.5476 1.00653373515
-40.0608 26.5466 1.74973265386
-41.5902 25.6966 1.81718446504
-43.1949 24.8439 11.5854660748
-38.975 14.0543 0.934792383366
-39.7502 14.5767 10.5247411488
-45.4982 23.3932 0.473413825316
-45.4741 22.9204 12.4289660893
0.0 0.0 10.4253431143
-4.9824 9.1577 0.371996801062
-4.7963 8.8356 9.60273385708
-9.8371 0.6623 6.62406779328
-11.4753 -5.756 2.85217470713
-8.6703 -5.2394 8.90593685414
-10.4293 3.4911 12.0860950704
-0.8251 10.8282 1.28383099355
-0.2752 11.9883 13.529371937
4.4174 24.6778 0.549552326899
4.83 25.0408 1.03166898277
5.186 26.0091 0.575719462933
5.7533 26.1072 1.69877741037
7.4468 25.9734 1.09523068803
8.5343 26.1033 1.70663552641
10.1324 26.7022 1.50714801197
11.5127 27.3074 2.62390304699
13.6639 28.8098 3.43114885716
17.0937 28.906 8.15546006366
25.2491 28.8747 5.54152153294
30.7842 29.1414 1.07185512547
31.7957 28.7868 0.833032160244
32.588 28.5295 5.41326200825
37.9854 28.1154 1.48785491564
39.0306 29.1743 1.23515632209
38.6839 27.9888 14.0547945901
34.9915 14.4277 16.0899135871
