0.0 0.0 6.81485064547
-2.0614 6.4956 14.4528627202
2.9441 20.054 14.7281875008
-6.2268 8.5295 0.414079509273
-5.9738 8.8573 14.5006932486
-6.3801 23.3523 4.1276359384
-2.3471 22.4735 1.7605859252
-0.6137 22.7817 0.347377849035
-0.5786 23.1273 0.372300577491
-0.2432 22.9657 1.27796920933
0.8781 22.3526 0.965670803121
1.098 23.2929 0.436943531821
1.2831 22.8971 0.394041723679
1.2693 22.5033 0.655396566973
1.7964 22.1138 1.37397057101
3.1457 22.373 10.223985601
13.2571 20.8599 3.65732625015
16.8544 21.5198 0.86936393415
17.6865 21.268 2.41096883638
19.8282 20.1608 2.2329881885
21.9222 20.9363 0.814302707843
22.7365 20.9384 1.8007103043
24.5289 20.7656 1.5065587277
26.0297 20.8972 1.03483707896
26.541 21.7969 1.02293179147
26.1902 22.7578 0.898169031976
26.6022 21.9597 0.876903101831
26.0526 22.643 0.487991034754
26.5351 22.716 0.480794394726
26.9894 22.5586 1.89363227687
28.7622 21.893 0.296198885886
28.6619 21.6143 0.159718784118
28.8147 21.6608 1.23033174388
29.6363 22.5766 3.62411055571
32.4699 24.836 1.21634518949
33.1708 25.8301 0.519966162361
33.1067 25.3141 3.66547544665
36.2879 27.135 3.67285275637
39.944 26.7846 0.929391295419
39.7537 27.6943 0.699910258533
39.8511 27.0012 1.4899531402
40.0817 25.5292 1.51636375913
39.9778 24.0164 0.403663139263
40.1935 23.6752 0.894875868487
39.9964 22.8023 0.269853293476
40.0312 22.5347 4.79137463574
39.9799 17.7436 0.529113862982
40.0547 18.2674 1.52540442178
41.5252 8.9796 0.991518149103
42.3422 8.4178 1.15503605571
41.3249 8.9648 23.2286696584
22.1688 22.1031 4.01882439029
18.704 24.1393 0.866015669604
19.2173 24.8368 2.86006735061
16.5491 25.8667 0.799430722452
16.1509 25.1735 17.9756714225
4.6654 11.3457 0.207922990552
4.4585 11.3663 4.09983354418
0.421 12.0785 10.0563588684
-9.283 9.4398 0.830423656937
-9.8378 10.0577 1.14586513168
-10.1265 8.9488 2.12378833691
-11.9724 9.9991 2.63683287487
-18.3806 -9.8171 1.10987893484
-19.4901 -9.8461 4.90438759582
-18.6901 -5.0074 0.573904216747
-18.5155 -4.4607 1.0680836016
-17.7008 -5.1514 10.7625773814
-8.2898 -10.3731 0.443175473148
-8.6199 -10.6688 1.16420283886
-7.9532 -11.6232 0.644328961013
-8.5791 -11.7762 1.21479483865
-8.0634 -10.6763 7.15124705908
-15.1637 -9.8242 0.110044763619
-15.204 -9.7218 0.416240363252
-14.8 -9.822 2.38799518634
-12.4449 -9.427 0.67509937787
-11.7903 -9.5921 1.58283677301
-10.2578 -9.1961 0.823950829844
-9.4822 -9.4742 0.591106166437
-8.9559 -9.7433 0.74096101112
-9.396 -9.1472 1.63500899692
-8.1229 -10.1731 11.4985624254
2.0535 -4.8198 4.12028488457
5.3583 -2.3591 3.45413845988
8.8124 -2.3754 3.52002967743
12.2641 -1.6852 1.69700066293
13.6208 -0.6658 0.998011563059
14.571 -0.3606 0.525010114188
15.0429 -0.1305 3.00840081439
18.0468 0.034 1.39129811327
19.4378 0.0052 2.14193446445
21.5752 0.1445 0.866517195444
22.3106 0.6028 0.379837978617
22.6486 0.7761 0.832552172539
23.468 0.6287 1.50301409508
24.9671 0.7371 2.23169403369
27.082 1.4496 0.698532662085
27.7372 1.6918 2.03909686136
29.7667 1.8894 0.321859379233
29.9806 1.6489 0.147926907627
29.9632 1.7958 0.0965062692264
29.9643 1.6993 0.290862201051
29.8224 1.4454 1.32530534218
30.2748 0.1997 0.276429846435
29.9987 0.2132 0.204248329247
29.8094 0.1365 1.47293614254
30.1292 1.5743 1.10423948942
30.653 0.6022 11.3411246329
33.6517 -10.3353 1.20986125238
34.3968 -11.2885 3.06563669733
35.8262 -14.0005 0.543216503799
35.3213 -14.2009 1.13895931885
34.8865 -15.2536 0.517150442328
34.9542 -15.7663 0.0845312959797
34.8697 -15.764 0.0559093909822
34.8982 -15.8121 0.0952976914726
34.9509 -15.7327 0.0538625101532
34.967 -15.7841 1.32829832869
34.4851 -14.5463 0.491283095577
34.0089 -14.4255 1.16153803209
33.9675 -15.5863 1.10799065881
34.1386 -14.4916 10.3561808115
37.8762 -4.8334 0.419760741375
38.2744 -4.7006 1.10537746042
37.4082 -5.3873 1.09055793519
0.0 0.0 2.2150154943
2.111 -0.6708 1.86026295453
0.2559 -0.8093 0.537287427733
-0.2368 -0.595 2.16790294294
-2.1419 0.4396 1.68877005243
-3.3094 1.6598 1.33486345744
-4.2817 0.7452 0.55353952885
-4.2462 1.2976 11.4121786391
-7.1567 12.3324 3.29017590563
-10.3385 13.1699 2.60001514034
-11.8392 15.2931 1.1242972027
-12.8438 14.7883 1.9549270191
-14.692 14.1512 0.812822649783
-14.7149 14.9637 1.01306123211
-15.439 14.2552 1.25108618808
-16.0554 13.1665 0.792926289134
-16.8253 12.9768 1.67626132211
-18.3862 12.3657 0.0444397344727
-18.3429 12.3757 0.0232355331335
-18.3659 12.379 1.14727730737
-17.3118 12.8319 0.804367105245
-17.9348 13.3407 1.39846006736
-18.5168 12.0691 0.694937479202
-15.8965 15.6418 2.019352364
-13.9471 15.1149 9.73428227452
-5.5747 10.1491 1.68711645715
-6.126 8.5546 14.7650927616
-9.4611 -5.8289 0.186702570952
-9.279 -5.8701 0.19832985151
-9.3317 -5.6789 0.709669105992
-8.6385 -5.5269 0.589562295267
-8.1108 -5.264 10.824748349
-2.8509 4.1969 0.963831318229
-2.1589 4.8678 1.22449877501
-2.3299 3.6553 10.4789251834
-6.3101 -6.0383 8.93044507122
-11.6995 -13.1592 0.733918476399
-10.9868 -12.984 7.53296778966
-4.6754 -8.8716 0.215061409834
-4.8249 -8.717 2.3311267769
-2.4995 -8.5537 1.69360069084
-1.4616 -7.2154 8.24910706016
6.3979 -4.7102 0.762205707142
6.8502 -4.0967 0.488968966295
7.0785 -3.6643 2.02295046405
8.0272 -1.8776 2.46241852657
9.2662 0.2504 1.32983900529
9.0635 -1.0639 12.6459559421
-1.6202 5.7021 7.11064412905
3.8065 1.1073 0.436856875876
3.3877 1.2316 8.6189457737
-4.2643 5.1981 0.263032507497
-4.15 4.9612 10.5028276502
-12.3477 -1.6044 0.563146739314
-11.7974 -1.4848 1.88215866759
-10.3404 -0.2933 0.314326534037
-10.0645 -0.4439 0.859820591752
-9.7993 -1.2618 1.61550502939
-9.4592 0.3175 11.6737257686
-14.3248 -10.2939 0.513809273953
-13.8214 -10.3968 0.505900355801
-13.3705 -10.1674 0.174973940917
-13.1957 -10.1596 0.58161764932
-12.7467 -9.7899 3.08571301485
-9.8851 -8.6354 0.414581439527
-9.4762 -8.567 8.15742944928
-2.2781 -4.7289 7.40702925875
5.1229 -5.0277 0.0683860365864
5.0613 -4.998 2.44818196219
7.5029 -4.8186 3.76593524373
10.6554 -2.7585 1.55038088546
11.9039 -3.6777 28.7868989002
30.0834 -25.9979 6.89439255772
36.9259 -25.1536 0.759519071518
37.4548 -24.6085 3.33398081128
39.9306 -22.3756 0.538074381475
40.2406 -21.9358 0.0834870648664
40.1581 -21.923 5.18208055707
45.11 -20.3957 0.86943402855
44.6908 -19.634 13.1376741187
41.2258 -6.9615 0.0
43.4567 9.3923 14.3593653429
29.2364 7.3987 1.46666782197
28.2349 8.4702 18.0517838523
15.2017 20.9603 0.529346653905
15.0069 21.4525 4.33138796461
11.4658 23.9468 5.11691967692
8.6331 28.2081 4.99101452813
3.692 27.504 0.994106940927
3.0614 28.2725 4.62217579177
0.9762 24.1474 11.4751785712
1.6002 12.6892 0.420641854789
1.2728 12.9533 8.55256797225
-5.8216 17.7299 3.76519253824
-8.9155 15.5841 1.65608481063
-9.9964 14.3294 0.565308075301
-10.3043 13.8553 1.21540522461
-11.3508 13.2372 1.03260758277
-11.0349 14.2203 0.825115870651
-11.7915 13.8911 0.888498987056
-11.6826 13.0093 11.0474986893
-20.6878 6.6098 0.892279339669
-21.0947 7.4039 1.03519672044
-22.1222 7.5299 1.95756616491
-24.0474 7.8844 2.35132623215
-26.3602 7.4605 1.7308193811
-24.7809 8.1687 6.53985079035
-30.0199 4.2543 0.453710259968
-30.4331 4.4417 1.35095310059
-31.3493 3.4489 4.89737871213
-26.6252 2.1577 0.87564235279
-26.7304 1.2884 0.930115869126
-25.8991 0.8712 0.853098739889
-26.6766 0.5201 1.49565248972
-26.6205 2.0147 11.300822613
-24.4463 13.1044 0.70296793668
-24.5877 12.4158 6.60298591926
-28.3916 7.0186 0.271961559784
-28.5638 6.8081 18.0046989967
-16.6808 -6.7183 0.341767654994
-16.9855 -6.8731 6.79409769211
-23.4131 -9.0744 1.13874685949
-24.5352 -8.8804 2.18896012983
-26.3841 -7.7086 0.32159982898
-26.6922 -7.8008 1.93725288489
-28.4047 -6.8951 2.56166724029
-30.9571 -7.1128 5.78904189655
-30.6483 -1.332 2.03004327294
-32.3203 -0.1807 2.44424644625
-38.7351 9.1505 0.744616209869
-39.3748 9.5316 0.366691177969
-39.0429 9.3757 0.320221329708
-38.8402 9.1278 0.627462229939
-39.1636 9.6655 1.06275522111
-38.1915 9.236 0.945638773528
-38.8553 8.5625 11.4778387948
-40.2417 -2.8313 0.912536755424
-41.0334 -3.2851 1.06322264837
-39.9758 -3.1759 20.5370992621
-19.4997 -1.5942 5.18131081677
-14.513 -0.1875 6.33686112362
-8.1791 0.0062 1.37368625603
-6.9278 -0.5606 1.27366746445
-7.6687 -1.5966 9.40613540249
-11.1047 -10.3527 0.468918500381
-10.6497 -10.4661 9.66845685154
-2.8614 -4.7371 3.46848838113
0.3437 -6.0629 2.59770497555
2.5102 -4.6296 0.625505403654
3.1357 -4.6322 0.954600921852
4.0731 -4.8126 0.825129111109
4.8944 -4.892 1.02462149597
2.842 -5.1394 5.97376706945
-2.6566 -7.4742 2.13012432501
-4.7856 -7.405 0.773711658178
-5.5563 -7.4732 1.64589633938
-5.4587 -5.8302 7.97317127183
-3.9845 -13.6659 6.70423082016
-4.8662 -7.0199 3.28275126837
-7.1652 -4.6766 2.6881417857
-8.9387 -2.6565 6.49030751198
-13.9705 1.4429 0.963533133836
-14.8302 1.0078 0.946111727017
-13.89 0.9022 0.230328895278
-13.7814 -1.0198 0.323713978691
-14.0957 -1.0973 0.0838270839288
-14.031 -1.044 41.194193708
-50.1328 18.7959 0.731691827206
-49.4026 18.8426 31.0879475903
-22.0589 33.6339 0.310734098547
-22.3281 33.4787 0.099079160271
-22.2743 33.3955 8.42888652314
-13.8582 32.9314 0.462300010815
-13.3959 32.9313 1.485012138
-12.0511 32.3014 0.42826941287
-11.6356 32.1976 2.30647212209
-9.5654 31.1807 0.920717644015
-9.4031 32.087 0.912719151766
-9.3831 31.1745 8.05938844578
-6.4677 23.6609 19.4853841371
-0.4056 5.1425 0.840930960305
0.0122 4.4127 10.0244907432
10.0201 3.8362 0.606173217818
10.6087 3.9811 0.207858341185
10.8162 3.9689 1.93250122898
12.7276 3.6841 2.36168012229
15.0864 3.8007 0.409641172247
15.4147 4.0457 0.457080518071
15.8603 3.9439 0.147522913474
16.0078 3.9413 0.436025744653
16.4352 3.855 0.35288539216
16.7339 4.0429 0.343870397098
17.0718 3.9791 0.787117500758
17.6854 4.4721 1.13070740689
18.8134 4.5503 0.751332496302
19.543 4.7297 3.77327607789
23.237 3.9603 2.47200846479
25.2437 5.4039 0.36223953401
25.6025 5.4537 0.596419349116
25.9355 4.9589 0.171198160037
25.8196 4.8329 0.184307162096
25.7188 4.6786 0.342848362983
26.0148 4.5056 0.463501078747
26.4783 4.5046 0.355067951243
26.8093 4.3761 2.40390363576
26.5806 1.9831 0.641916038123
26.125 1.5309 0.82584447083
26.2745 0.7187 1.31285432931
27.419 1.3619 0.5142735945
27.8903 1.1561 0.294331411847
28.152 1.0214 1.40251679847
29.5456 1.1793 2.27538826577
31.8046 0.9067 0.770535631882
31.9796 0.1563 0.348620423957
31.6528 0.2777 0.0291508147399
31.6769 0.2613 0.640401069643
32.0036 -0.2895 1.40549152256
32.5105 1.0214 1.03494603724
33.5388 0.9043 0.833557592491
33.9439 0.1758 0.189542211657
33.887 -0.005 0.322271748684
34.0172 0.2898 10.7876566209
32.4043 10.9562 10.325749935
39.5369 18.4226 1.49342731326
39.5174 16.9293 1.20886156362
39.5052 18.1381 0.563399689386
40.0352 17.947 1.11415981798
39.7579 19.0261 1.12856785795
40.7864 19.4907 0.279245071577
40.9098 19.7412 0.93856388701
39.9727 19.7936 1.01558552569
39.8763 18.7826 0.112760720111
39.989 18.7789 0.707180952798
39.9997 18.0718 0.826454656953
39.9524 17.2467 0.142079027305
39.8443 17.1545 2.28109146244
40.2748 14.9144 0.984499146775
41.1379 15.388 0.138798739187
41.2257 15.2805 0.799020262572
40.4554 15.0682 0.581827921296
40.2721 15.6204 0.794909428803
40.4881 16.3854 0.368343331689
40.1866 16.597 1.37786597679
39.0576 12.5408 1.19106689149
38.0561 11.8961 0.355700168681
37.9955 11.5456 1.13187935753
37.5107 12.5684 18.6488903284
20.9589 21.1602 4.41374365477
18.0698 24.497 4.18958052793
14.8858 27.22 16.0701033208
4.1643 15.2493 1.04773016564
3.1476 15.5024 2.18088468288
0.969 15.4026 3.13635892398
-1.8901 14.1133 4.52319558719
-6.4127 14.0399 2.93215660052
-9.3295 14.3396 1.74178151615
-10.5348 15.597 1.4925189781
-11.6787 16.5557 1.61721894931
-13.0635 15.7204 2.1491809975
-14.8925 14.5918 3.51882863749
-15.1458 11.0821 0.422619131133
-14.724 11.0558 15.4312146512
-16.8896 -4.2227 0.968057890831
-17.8478 -4.3605 1.53538793144
-19.3099 -4.8292 0.793564376721
-18.987 -4.1043 7.62489701242
-18.9197 3.5203 1.27603197452
-20.1953 3.5535 2.99812390004
-19.5009 0.6369 0.841501812238
-19.9396 1.355 4.97024125169
-24.8515 2.1143 3.86864813598
-28.6579 1.4231 1.72489291262
-30.3559 1.7265 5.13058785326
-35.2795 3.1691 0.959611463041
0.0 0.0 7.55159869233
-2.4925 7.1284 15.6502222048
3.4734 21.5969 0.262869948834
3.3953 21.3459 0.987984640569
4.197 21.9233 1.07629503855
3.128 21.7982 17.5764431843
-7.4094 7.7307 0.100360599839
-7.3562 7.8158 1.08198621988
-7.4265 8.8955 14.7383705375
-7.3372 23.6336 4.1972517163
-3.2438 22.7057 0.593018591614
-2.7599 23.0485 0.343579539554
-2.5338 23.3072 1.0686174292
-3.2113 24.1336 0.424040717385
-2.9575 24.4733 0.373644336234
-2.8275 24.8236 0.13889852411
-2.7499 24.9388 1.05292570013
-3.5146 24.215 6.04390909594
-4.8716 18.3254 0.340732050151
-4.7804 18.6537 6.35727286893
-4.6031 25.0085 0.379803804615
-4.2233 25.0068 1.90131673321
-2.5487 24.1064 1.22733234293
-2.8799 25.2882 0.857582754024
-2.1236 24.8839 16.2943100894
4.1516 9.8464 0.944302541562
5.0656 10.0837 3.72649640413
8.7067 9.2905 0.679622321588
8.0942 9.585 2.21946818855
5.9262 10.0602 1.15999693965
4.8805 9.5581 1.02645068074
20.0114 4.045 38.7819851917
30.0903 26.5266 1.05714248803
30.7363 25.6898 7.50182092628
36.2438 20.5962 0.741471685231
36.8439 20.1607 0.620934038365
37.3511 19.8025 0.845419594048
38.0096 19.2723 2.28236439685
39.6786 17.7155 1.27842444047
40.6838 18.5054 0.945992008423
40.742 17.5612 8.96322361709
0.0 0.0 1.99089774976
1.8331 0.7768 0.154325435363
1.7956 0.6271 2.54036675502
-0.0154 2.4086 2.33418856351
-2.3373 2.1694 3.71442477108
-4.9316 4.8277 1.2193283438
-6.1496 4.7708 1.03392959625
-6.6367 3.8588 10.7979660367
-9.0194 -6.673 3.72576008353
-12.7308 -6.9998 1.48585270131
-13.6643 -8.1558 1.39012495122
-15.0106 -7.8095 1.41661012632
-15.6186 -6.53 1.51315341258
-14.1375 -6.2202 0.0745748617163
-14.1954 -6.1732 1.38546356502
-14.7609 -7.438 1.07137198955
-13.9424 -6.7467 13.2452671283
-6.1483 3.9626 1.2267553016
-5.3519 4.8957 1.52859029501
-6.8444 4.5655 6.45682103593
-17.6594 8.2179 0.798908680639
-18.4202 8.4617 0.677749806344
-17.8346 8.8029 6.72632023175
-18.4501 15.501 0.848892225197
-18.0077 16.2255 11.0240529979
-7.3292 18.964 45.2135689485
36.6413 29.4931 8.86469647309
41.6143 22.1547 2.99552925708
44.3496 20.9335 5.15335302594
48.5575 17.9585 1.3923886275
49.9115 18.2832 0.741825754473
47.9162 9.7517 0.331644885382
48.1099 9.4825 0.0873968534903
48.1249 9.3964 16.2132132833
36.0 20.16 5.22177951469
30.7807 19.9991 11.7589010069
19.889 24.4311 0.171660857507
20.0437 24.3567 0.051594282629
20.0158 24.3133 4.15788394379
19.0266 28.3518 6.29121071734
12.8989 29.7768 0.895248345433
12.0237 29.9652 4.04622184884
8.0982 30.9462 3.59780470009
4.5067 30.7333 4.1607193729
0.8466 28.7546 3.62186047495
-0.4827 25.3855 3.5046731431
-1.2349 21.9625 3.41611288162
-1.544 18.5604 8.61499790192
-3.0097 10.071 0.723076551964
-3.6784 9.7959 14.4824048535
-7.7287 -4.1086 0.486867579533
-7.9367 -3.6684 2.95926332894
-10.893 -3.8008 1.74285542717
-11.3532 -5.4818 1.44045668106
-12.2436 -6.6141 2.21202039095
-12.4601 -8.8155 1.76756196497
-14.1908 -8.4564 0.805551792252
-14.6848 -7.8201 13.6114058554
-17.0778 5.5793 5.22373997247
-19.7929 1.1166 1.36419726213
-20.1118 2.443 2.58632812497
-20.9677 4.8836 1.31585728709
-22.1791 5.3974 0.903617972375
-22.9391 5.8862 1.97702435999
-24.6145 6.9358 0.492254019791
-25.0294 7.2007 1.29364471939
-26.0565 7.9872 0.955404553056
-26.9734 7.7187 9.98707086688
-35.0368 -2.6568 0.348400918483
-35.3852 -2.6576 1.07671864477
-34.4204 -3.1356 1.43421126756
-34.899 -1.7836 0.32687737762
-34.7409 -2.0697 7.84186756392
-36.9954 5.4411 0.618683319639
-37.1838 4.8518 0.335710068363
-37.0632 5.1651 5.16691523639
-36.6567 10.316 20.4007028742
-20.2791 22.48 2.71738148224
-17.5957 22.9084 0.894512900969
-18.3044 23.4542 0.600806000303
-17.7987 23.1298 1.94043306764
-15.8762 22.8666 16.6874573893
-4.4358 10.718 0.137835300268
-4.5007 10.5964 0.243522175582
-4.2574 10.6068 1.10971218341
-4.2626 11.7165 13.7015852988
-11.0095 23.6418 3.30158397288
-8.4863 25.7711 3.06502405374
-6.4589 23.4724 0.376122227474
-6.7801 23.6681 9.89103093767
-13.4896 30.9355 1.97491111699
-12.2552 32.4771 0.512396145575
-11.8142 32.738 0.439427411525
-11.4251 32.9422 0.389936417894
-11.0522 32.8282 2.18194878492
-9.3917 31.4127 3.66148514404
-5.8528 32.3522 3.55811865176
-2.3613 33.0375 0.727109984803
-1.6991 32.7372 0.627647114229
-1.13 32.4725 0.829318177782
-0.3592 32.1665 10.3029560249
7.3611 25.3439 0.469258446914
6.8929 25.3754 9.43826857056
-1.439 29.8094 11.5972336564
10.0938 31.0302 2.69736396506
12.4998 32.2496 2.65767840417
14.8363 33.5161 0.699777707561
15.5141 33.3421 2.1513796341
17.6609 33.4824 1.24795851293
18.9086 33.5078 2.03818528353
20.906 33.1021 0.892567672504
21.7984 33.1194 1.72615596341
23.508 32.8809 0.299349377818
23.7227 33.0895 0.176345938428
23.8585 33.202 2.19637906109
25.5572 31.8097 1.60353191424
26.8258 32.7905 0.685507381434
27.5089 32.8479 2.8395891974
30.2924 33.4095 3.77986484414
34.0592 33.0955 5.47289675126
39.3478 31.6872 2.03638065204
40.3132 29.8942 1.51034932383
40.6344 28.4184 0.717749622083
40.6568 27.701 0.900488456339
40.3863 26.8421 0.737792721569
40.128 26.151 1.04443192693
40.1446 25.1067 0.668291051863
40.0664 24.443 0.598200409562
40.0657 23.8448 0.206164618691
40.1221 23.6465 0.149943355972
40.1672 23.5035 0.252867079708
40.2392 23.2611 0.350035712464
40.2442 22.9111 0.24545345791
40.1796 22.6743 5.28260722182
39.8281 17.4034 1.47584305399
0.0 0.0 1.93413702203
1.9301 0.1249 2.87179987116
1.9716 -2.7466 2.39610206794
-0.418 -2.923 6.24510363485
-3.8085 2.3216 4.42938728494
-8.2111 1.8352 0.422315912558
-19.6257 14.7326 0.345646365524
-19.2882 14.658 0.565668595558
-18.7362 14.5344 0.257090742735
-18.564 14.7253 0.330309551784
-18.7754 14.4715 1.6669063681
-17.1134 14.3437 0.783056805091
-16.372 14.0917 0.704762910488
-15.849 14.5641 0.371907864934
-15.4779 14.5396 0.46845158768
-15.7887 14.8901 0.12996264848
-15.6622 14.9199 0.844977739352
-16.1409 14.2236 2.79036713355
-15.1134 16.8179 1.46112201407
-14.9129 18.2652 0.873574736356
-14.4198 17.5441 0.245509592481
-14.5812 17.7291 0.331781886184
-14.4581 18.0372 0.91110400065
-13.7276 18.5817 1.6605885824
-12.0738 18.7317 2.16912331139
-10.2951 17.4902 9.66300814705
-3.7069 10.4213 6.74276930126
2.6519 8.1784 1.75166331525
4.3865 8.4223 4.41884750246
8.4071 6.589 3.47610506746
10.9811 4.2528 0.833742556189
11.7904 4.0524 2.96184683095
14.6668 3.3461 2.58504271918
17.2063 3.8292 0.501011307258
17.691 3.7024 1.19220905885
18.8322 3.3574 1.8176093007
20.5028 4.0735 0.749490493602
21.2056 4.3339 0.617741321266
21.7401 4.6436 1.94477884861
23.5587 5.3327 1.83620853935
25.2413 6.0679 1.293690817
26.42 6.6011 0.322561001983
26.7412 6.5715 0.225846961458
26.9658 6.5478 0.441898959039
26.8173 6.1316 3.39530024151
28.5255 3.1973 0.168527089811
28.5458 3.03 0.51935380041
28.7377 2.5474 1.2913554623
27.9064 1.5592 0.798214588942
28.6002 1.9539 1.61974481941
30.1654 2.3707 0.612098358109
30.634 1.9769 1.15600948526
31.6612 1.4466 0.349528711267
31.9846 1.314 0.347529135469
32.3287 1.3627 0.803901219056
32.7488 0.6773 0.305100016388
33.0539 0.6772 0.213672366019
33.0681 0.464 0.854836136344
33.2272 1.3039 0.173898619891
33.0824 1.4002 0.705756176027
33.4011 0.7705 0.323421165046
33.5621 0.49 0.294555835114
33.6586 0.2117 0.424040210357
33.4873 0.5996 1.43642300873
34.7988 1.1855 0.220881348239
34.9444 1.0194 1.24089629301
33.9975 0.2174 0.41380780563
33.5902 0.1443 1.29896335591
34.8528 -0.1609 1.41378911086
34.6842 1.2428 1.11513988809
33.5913 1.4644 3.94098660236
30.7387 -1.2548 0.941204318945
31.3296 -1.9874 13.9478322721
36.2786 -15.0277 0.533036255803
36.4684 -15.5258 0.524610302987
36.693 -15.9999 2.82570034682
36.5233 -18.8205 1.44607895358
37.7248 -19.6252 2.15516832289
39.6075 -20.6741 0.79380331317
39.7788 -19.899 6.61232032648
39.4967 -13.2927 8.3329446926
39.1493 -4.967 0.953701766801
46.9085 -0.6984 4.54411456832
0.0 0.0 16.8386176253
14.6112 -8.3697 0.146609174338
14.6607 -8.5077 1.2816126755
15.4251 -7.479 19.6454833081
19.3447 11.7715 1.17637071113
19.0105 10.6436 17.039437376
20.9777 -6.2819 1.67483179454
21.1822 -7.9442 5.26203300636
21.9878 -13.1442 0.286694558721
21.8399 -13.3898 2.67952430293
21.6931 -16.0653 2.74108418878
21.4934 -13.3315 1.23770636663
20.391 -13.8942 0.495368357891
20.4101 -14.3892 1.21421003125
20.5347 -13.1814 1.12680347887
20.6815 -12.0642 9.28979182113
13.1097 -6.682 10.0423586124
4.259 -11.4269 2.65407674719
1.6417 -11.8672 1.2273240159
0.4399 -11.6182 5.26799793945
-4.8251 -11.7959 3.89977215745
-8.7243 -11.7291 1.6903336712
-10.0997 -12.7117 1.017256477
-10.1772 -11.6974 0.921081766186
-10.4033 -12.5903 2.02588301735
-12.1671 -13.5869 1.72608884186
-13.8833 -13.7714 1.82958903036
-15.4494 -14.7173 1.68967559017
-16.6232 -13.5019 2.00312945663
-18.3121 -14.579 2.0030690078
-20.3137 -14.6557 1.30642636608
-21.5228 -15.1505 1.19841946329
-22.6448 -15.5716 0.453753236903
-23.0736 -15.72 1.48370340028
-24.2899 -14.8703 1.3523775989
-23.9953 -13.5504 0.684586210787
-23.9625 -12.8666 1.19842173295
-23.4094 -13.3435 0.984678881667
-23.8585 -14.2198 0.368497082756
-23.9672 -13.8677 6.01575694406
-19.0003 -17.2617 1.53683756136
-17.6783 -16.478 13.1227572263
-6.8404 -9.0789 0.884080567596
-6.9242 -8.1988 1.0622945825
-5.8949 -8.4615 1.2965879222
-6.9059 -9.2733 12.0939496811
-16.0364 -17.2041 1.11180826135
-15.0508 -16.6896 12.722839204
-3.9383 -10.4942 0.925855091253
-3.9282 -9.5684 0.600353404255
-3.8232 -10.1595 2.04246689324
-1.9506 -9.344 4.37890792778
2.4236 -9.141 0.815519920051
3.2391 -9.1467 0.666721268597
3.8585 -8.9 2.56303134003
6.4202 -8.9826 3.29642038733
9.6766 -8.4705 1.1711260436
10.8327 -8.2835 0.470269539732
11.1915 -7.9795 0.978368667732
12.164 -8.0865 3.94998989619
15.2317 -5.5982 0.641918881168
15.8604 -5.4686 1.26728997866
17.0837 -5.1376 0.883779440811
17.9154 -4.8387 2.58091284626
20.3748 -4.0561 4.00700958072
24.3605 -3.6434 1.02194096209
25.1522 -2.9972 0.747781050843
25.7977 -2.6197 0.744659734375
26.4031 -2.1861 1.9245349698
27.338 -0.5039 12.6401542348
26.5378 12.1109 12.348723517
36.7061 19.1178 0.55623290985
37.2609 19.1577 1.64807680039
38.7292 19.9062 2.74571298755
41.3351 20.7712 0.668866324463
41.0101 20.1866 12.7714475241
38.6586 7.6335 0.670006335791
38.1654 8.087 1.27878577174
0.0 0.0 11.0380598082
5.4633 -9.5912 0.377172878134
5.1586 -9.3689 3.77586084092
1.3831 -9.4211 5.14304433774
-3.7578 -9.5696 3.12124452262
-6.8577 -9.2052 1.2010887103
-6.7274 -8.0112 8.30124659795
-5.1356 -16.1584 0.802310712879
-5.5978 -15.5026 18.4987348638
-8.6308 2.7458 6.63828162253
-3.2345 6.6119 0.752616402957
-3.5414 7.2991 8.11821425931
-10.4194 11.6117 0.756153324399
-11.153 11.795 0.117335842776
-11.2257 11.8871 0.0508119080531
-11.267 11.8575 0.0711770328126
-11.3366 11.8426 0.000399999999999
-11.3366 11.8422 0.000412310562563
-11.3367 11.8418 6.27336181963
-15.3201 6.9954 3.29044054953
-18.1596 5.3328 0.324661254233
-18.1423 5.657 1.18856717522
-19.3306 5.6822 1.6881123452
-20.9866 6.0099 0.771062286719
-20.8917 5.2447 8.71646096303
-20.8591 -3.4717 1.03446767953
-20.6368 -4.482 2.5526189414
-21.9123 -6.6931 3.1144118289
-24.2525 -8.7481 6.97923113315
-26.9389 -2.3066 0.620842814245
-26.4573 -2.6984 0.546962201619
-27.0739 -2.1015 0.786863393481
-27.8481 -2.2421 4.60813321965
-32.4557 -2.3122 1.20353007856
-33.0405 -3.3641 0.787049382186
-33.5508 -2.7649 3.4878948737
-32.0116 0.365 1.28556898687
0.0 0.0 2.12550952244
2.1217 0.1272 0.277672648995
2.3986 0.1479 1.36734190677
1.3001 0.9621 1.50280865382
-0.0591 0.321 2.00577299314
-1.9852 0.8807 2.28918781449
-4.0733 1.8189 2.06875424592
-5.625 3.1871 0.452716522782
-5.7511 2.7523 9.16862766885
-10.5349 -5.0694 2.02192523106
-11.3019 -6.9402 2.29331692097
-13.4736 -6.2033 1.83457680406
-14.9009 -7.3559 1.25585230023
-15.8035 -8.2291 0.486547366656
-16.2138 -8.4906 1.87166027099
-17.6794 -9.6547 0.746935264933
-18.2671 -10.1157 0.546121131252
-18.7869 -9.9482 0.92179595356
-18.7736 -9.0265 6.16587019811
-19.6677 -2.9258 2.75791747701
-22.1961 -4.0273 5.48941852021
-27.1856 -1.7385 2.07655767558
-27.7323 -3.7418 7.42568169127
-30.3106 -10.7055 1.74904465924
-32.0417 -10.9554 6.91636701238
-38.657 -8.937 3.13323767531
0.0 0.0 7.0120489231
-1.7703 6.7849 0.251253915392
-1.608 6.5931 1.25146749458
-1.3815 7.8239 15.4337494657
3.3506 22.5143 0.543207547812
2.8086 22.5505 1.17463117616
3.9514 22.8221 1.02429656838
2.9953 22.4546 17.4340244172
-9.952 10.7793 0.23122000346
-10.1675 10.8631 9.97666696748
-9.0308 20.7748 0.512798927456
-8.7751 21.2193 3.04292087475
-8.8314 24.2617 4.61164143012
-7.1272 28.5469 1.05236973066
-7.7434 29.4 3.4189781295
-4.3358 29.1213 3.91725587752
-1.3639 31.6733 1.53962772124
0.0187 30.9959 11.5651950489
9.9181 25.0163 1.13958993502
10.6272 24.1242 2.80623914341
13.2375 23.094 1.95718723938
15.186 22.9098 10.3933126962
21.3832 31.2534 4.1547473088
25.4618 32.0452 1.12696216884
26.5331 32.395 1.99455619374
28.5271 32.3479 2.45042057615
30.9425 31.9351 0.377838126716
31.2651 32.1318 1.19603505383
32.4068 32.4882 3.19365883745
35.4567 31.5408 3.46210581583
38.3375 29.6206 0.780524419861
38.7929 28.9867 0.434385128659
39.1059 28.6855 0.609988270379
39.5494 28.2667 0.315568772219
39.7195 28.0009 0.228803081273
39.8357 27.8038 0.322507379761
40.0002 27.5264 0.289825913265
40.0961 27.2529 0.215091166718
40.1672 27.0499 0.520188907994
40.4885 26.6408 1.53814634544
40.0742 25.1595 2.78181975153
40.1949 22.3803 1.25819342313
40.6144 23.5665 0.900066142014
39.7185 23.653 1.79598560406
39.0862 21.972 1.51330421595
39.2916 20.4727 0.296874182104
39.5584 20.6029 2.37639846196
39.6695 18.2291 1.32186877185
39.7652 16.9107 8.4280017513
39.9746 8.4853 0.947934892279
39.0316 8.3887 1.37506397306
0.0 0.0 8.36790189355
5.8571 -5.9763 0.166324892905
5.9072 -6.1349 4.93205442488
4.0265 -1.5755 0.300600415835
3.7259 -1.576 1.56149792827
2.4946 -0.6157 8.16603719377
-3.8891 4.4767 1.09520745523
-4.9722 4.6391 3.42027351245
-2.9952 13.9272 9.07355675576
1.3622 21.886 4.18495106901
2.8425 25.8004 2.14157096077
4.8402 25.0287 0.190637089781
5.0303 25.043 1.4609149633
6.4905 24.9973 2.86779164166
8.8162 23.3194 1.24530736768
9.9012 22.7082 3.64259606599
13.5041 23.2445 1.30481576094
14.4957 22.3964 0.307352517478
14.5823 22.1015 13.1459518712
19.0397 9.7343 1.21416529764
20.2461 9.8714 0.837600292502
21.019 10.1942 0.487826301054
21.4941 10.3049 1.6598051241
23.1314 10.5773 2.79014590658
25.8181 11.33 2.34546682134
28.1262 11.747 2.67877314082
30.7285 12.3825 1.70351705891
32.4239 12.5486 1.71464340316
34.0665 13.0404 0.391083328717
34.4564 13.0708 1.35026830667
34.0847 14.3689 0.620369607573
33.9305 13.768 1.5265927191
35.4562 13.8202 0.770890686155
34.946 13.2423 1.39351620371
34.8339 14.6313 0.601500207814
35.3644 14.3478 1.11776624569
34.2621 14.5331 0.31262477509
34.5165 14.7148 0.024184705911
34.5404 14.7111 4.4415803415
38.1521 17.2963 0.731435096232
38.3828 17.9904 1.30947849543
38.184 16.6961 0.645076491588
37.7612 17.1833 0.621875630653
38.0343 17.742 0.35045354899
38.373 17.832 1.11862101268
39.4146 18.2399 0.867779845352
39.9561 18.918 1.39197020801
39.707 17.5485 4.94015569087
40.5806 12.6862 0.981496597039
40.8352 13.6341 0.553344052105
40.2844 13.5811 0.834852921178
39.4776 13.3665 0.116199182441
39.3999 13.2801 1.22163605873
40.0028 14.3426 0.726854132547
40.5641 14.8044 0.2895332278
27.9063 32.2199 0.154245550989
27.915 32.0659 1.15978764436
28.7033 32.9166 2.59352025055
26.1185 32.7041 4.26586696933
21.8535 32.7901 2.81247596434
19.0599 32.4648 3.81272040019
15.2473 32.4951 4.451048973
11.9537 29.5011 4.13696401241
7.8847 30.2479 5.09339818196
2.8349 29.5829 0.856979982263
1.9887 29.4474 3.2598401832
-1.2542 29.1155 3.58376358735
-3.3374 26.1994 1.73964025304
-4.866 25.3689 3.27409192907
-7.8074 23.9309 2.80569850305
-10.2709 22.5881 8.68701453032
-6.6196 14.7057 4.10439703367
-9.2622 17.8462 6.28824625631
-8.3269 11.6279 0.903476756757
-9.21 11.4371 1.55117288527
-9.9156 10.0557 0.550158686199
-10.2373 9.6094 12.4645510922
-13.4806 -2.4258 1.00713397818
-12.6083 -2.9292 3.41198675554
-15.9264 -2.1343 5.29644373613
-18.7124 2.3702 0.814944133055
-18.5639 3.1715 0.305150471079
-18.3723 2.934 0.663555099445
-34.2568 7.4404 0.486273719216
-33.9415 7.0702 0.27124389394
-33.7697 7.2801 8.7354685192
-29.0714 14.6445 6.24185927509
-29.4478 8.414 0.480236327239
-29.8845 8.2142 2.12917438459
-30.1575 10.3258 1.64067671709
-36.5478 25.8307 0.20868734988
-36.4023 25.6811 0.33924576637
-36.1038 25.8423 12.1111377025
-25.8712 19.3636 17.8748155196
-9.9643 11.2101 11.1448981494
-15.7303 20.7475 0.718682182888
-15.3885 21.3797 1.60755424481
-14.4664 20.0629 10.5244522199
-8.3866 11.4722 12.2172211329
-5.7305 -0.4528 1.24594745475
-6.7696 -1.1403 10.9919321186
-17.6165 0.6394 0.571333615325
-17.9374 1.1121 0.469671970635
-18.3164 1.3895 1.35366578224
-17.3755 0.4163 0.54536139394
-27.3346 -11.2938 3.97468399373
-30.6905 -9.164 2.18391486327
-32.8468 -8.8178 2.41299961044
-35.2094 -8.3272 4.1583667491
-39.3675 -8.2801 1.5445404009
0.0 0.0 9.03160743722
-3.5811 8.2913 4.52453117682
-6.8025 5.1142 0.853580886618
-7.4008 4.5054 1.0322261477
-6.8829 5.3983 19.7841082498
1.5501 23.2951 0.440119824593
1.1446 23.124 4.99966464875
-3.812 23.7788 0.409744859638
-3.7638 24.1857 7.53526976624
3.6881 23.0679 5.50915493792
-1.2602 25.4897 0.604456524491
-0.7082 25.736 10.7026549837
9.8745 24.1381 4.94011627394
14.4553 22.2885 1.20174102451
15.5578 21.8103 0.790278634407
16.3274 21.6307 1.55586105099
17.8469 21.2963 2.60487097761
20.4269 20.9372 1.86426626049
22.2899 20.8685 1.81309367105
24.0644 20.4964 1.44364843712
25.476 20.1939 2.29080524052
27.7569 19.9811 0.548758207228
28.3 19.9025 0.36991384132
28.6699 19.9057 0.423141985627
29.0924 19.8824 0.212680158924
29.3043 19.8642 0.143297801798
29.3648 19.9941 0.0870131599242
29.4488 19.9714 0.80570466053
29.854 20.6678 1.0256964707
30.8706 20.8041 1.13949716103
32.0069 20.7188 0.824922790326
32.8125 20.5413 1.77315177015
34.5549 20.2125 0.279222509838
34.8329 20.2386 1.66587715333
35.9439 21.4799 0.44914436432
36.2934 21.762 0.606353436537
36.8994 21.7413 0.855702407382
37.5313 21.1643 1.38497655215
38.1607 22.398 0.864329040354
38.1045 21.5355 4.76231656655
37.9497 16.7757 0.203609233582
37.8463 16.9511 5.41374304894
38.0999 22.3589 0.945914943322
37.9841 21.4201 5.58750251365
37.9894 15.8326 1.21702752639
38.679 14.8298 0.92967117305
39.405 15.4105 0.35192710893
39.2505 15.0943 1.22497992228
39.0796 16.3073 1.28755709776
38.7954 15.0515 0.48226308173
38.3132 15.0437 0.566528525319
38.8773 14.9913 1.35540561088
39.3132 16.2747 0.362026987944
38.9759 16.1432 0.506901933316
38.677 16.5526 0.390539793107
38.9992 16.7733 1.07929050769
39.9924 17.1957 0.313197094495
39.9055 16.8948 0.601046154634
39.8087 16.3016 1.1427526504
38.7926 16.8245 0.499709845811
38.4798 17.2142 1.96979618235
39.0958 19.0852 0.259464930193
39.026 19.3351 1.20035606801
39.8895 20.1689 1.06684042856
40.9522 20.075 0.470515472647
41.1006 20.5215 0.507680539316
41.1454 20.0158 0.93411372434
40.4632 19.3777 1.00296221265
39.7254 18.6983 0.741570799048
39.8239 17.9633 1.30547078481
38.6465 18.5272 0.85636558198
39.2414 17.9112 0.209501431976
39.4403 17.8454 0.22138653979
39.4939 18.0602 2.29738398184
40.7214 6.7076 0.716596155446
43.4043 -9.3222 11.3793525475
32.0869 -8.1364 1.19235399106
30.8971 -8.0584 2.62018241541
28.4141 -8.8951 1.03700979745
29.1235 -9.6515 1.00901427146
28.3001 -9.0683 5.75522064651
23.8351 -5.437 1.28378148063
22.5571 -5.3153 12.4666930599
11.1863 -10.4264 1.20654450809
9.9849 -10.3151 2.74449340498
7.2823 -9.8374 5.71451837428
1.6403 -10.7449 4.92942481229
-3.1584 -11.8726 3.29525870912
-6.4464 -12.0912 0.986492463225
-6.1711 -11.1439 5.82591206593
-5.6097 -16.9427 0.437796345348
-5.9497 -16.6669 1.44340016627
-7.3667 -16.9417 1.40527230457
-7.6447 -15.5642 7.11267091605
-5.3827 -8.8208 5.70368566543
-9.7563 -5.1597 0.35271009342
-10.0303 -5.3818 1.27836718121
-18.2261 0.7219 1.34154118088
-18.2736 2.0626 0.818601978986
-17.6198 1.57 1.00514457667
-16.7837 2.1279 1.30846273543
-15.4774 2.2031 13.1302171425
-2.6785 -0.7279 1.47941760501
-2.8118 -2.2013 10.3750126323
-6.2652 -11.9847 0.544477446732
-5.9964 -12.4582 1.00394232902
-5.3636 -11.6788 9.42907233719
-5.5751 -21.1055 7.75914853383
-1.7665 -14.3454 0.321397604223
-1.4524 -14.2773 1.72633631138
-2.3829 -15.7314 5.29723231226
-4.9048 -20.3898 4.87232048412
-1.6697 -16.7465 1.23315298726
-0.4872 -16.3967 1.21794818445
-1.5199 -17.0424 5.01665810874
-5.1982 -20.4537 0.46972008686
-4.7446 -20.5757 12.5962420459
3.6512 -11.1855 0.289671848822
3.5349 -10.9202 2.33663761846
5.8305 -10.4842 1.65340329321
7.0839 -9.4059 3.4764375789
10.5571 -9.2559 2.55596856397
11.9438 -7.1088 2.82077759492
13.9106 -5.0868 2.57801819233
15.599 -3.1386 0.540475503608
15.8821 -2.6782 1.05181128535
15.6774 -1.6465 9.17646511953
21.4009 5.5263 1.09399733089
20.8463 6.4693 20.7695322128
39.0388 16.4896 6.94411817656
45.8847 15.3258 1.02106450825
45.3179 14.4765 11.364526229
40.7 4.0925 1.49567871216
0.0 0.0 1.92337710551
1.765 0.7643 0.115689282131
1.8726 0.8068 0.300813098119
1.605 0.9442 4.70415245076
-3.0942 0.7284 1.15157247709
-3.5016 -0.3487 0.96351971957
-2.8695 0.3785 0.775331703208
-3.3381 0.9962 0.561059292767
-3.8969 1.0465 1.77353635993
-5.2778 -0.0664 4.89754549647
-3.6036 4.5361 3.43482146406
-6.7368 3.1286 1.83930402327
-7.9795 1.7726 0.869255526298
-8.7124 1.3052 8.32718714393
-13.2777 -5.659 1.84586413639
-14.8973 -6.5445 7.30564723553
-17.7426 0.1843 0.602096711501
-17.9199 0.7597 1.35970726261
-18.1039 -0.5875 6.45395887266
-18.2262 -7.0403 1.23897869635
-19.3173 -6.4533 1.03143558209
-20.3473 -6.5077 1.70950105586
-22.0568 -6.5096 0.259960093091
-21.9655 -6.753 0.796299497677
-21.7755 -7.5263 1.26535308906
-22.8917 -8.1223 1.56622394631
-19.5658 -12.1575 0.553149247491
-19.4905 -12.7055 21.0675791853
-6.3193 -29.1482 0.104981379301
-6.4223 -29.1685 13.3379931541
-18.8226 -24.2558 1.02130947807
-17.8013 -24.2514 0.700308853293
-17.1108 -24.1346 0.38243164095
-16.7994 -23.9126 0.198317422331
-16.6182 -23.832 0.894632220524
-17.3098 -24.3995 1.18048570512
-16.7605 -23.3546 14.4301318282
-9.3322 -10.9833 2.00404936067
-7.4552 -11.6855 11.0759110596
3.5384 -10.3377 0.533439715432
3.6767 -9.8225 0.442161610726
3.9875 -9.508 0.986071118125
4.9295 -9.2165 0.706943873303
5.6303 -9.1235 0.572790686028
5.9649 -8.6586 0.872246163649
6.77 -8.323 2.60829762489
9.2177 -7.4219 3.58147559115
12.4423 -5.8634 4.18122886841
16.5202 -4.9396 0.708500705716
17.2287 -4.9386 0.454377695315
17.6797 -4.8833 1.57452179725
19.223 -4.5713 0.732422678513
19.9467 -4.684 0.590003152534
20.4931 -4.4614 0.268723835936
20.7556 -4.4039 0.315706509277
20.9384 -4.1465 0.580501688197
21.5189 -4.1451 1.42501370169
22.8327 -3.5932 0.284995175398
22.6979 -3.8443 0.613047738761
22.9967 -3.309 0.415916746477
23.2732 -2.9983 0.265936082546
23.3242 -2.7373 0.241643042523
23.4998 -2.5713 1.46992483141
24.9243 -2.2087 0.516649687893
25.2852 -1.839 0.192939368715
25.1516 -1.6998 0.204466574285
25.0119 -1.5505 0.666376845336
25.6732 -1.6326 1.26418014539
26.937 -1.6636 0.1740851803
26.9913 -1.4982 0.145592582229
27.0639 -1.372 0.298606245748
27.3379 -1.2533 0.193667963277
27.3617 -1.0611 0.240597028244
27.5859 -0.9738 1.72212441479
29.2968 -0.7775 0.982606533664
30.2642 -0.9497 1.24426211065
31.5074 -1.0011 1.18523233587
32.6561 -0.7091 0.422400047348
33.0289 -0.9077 0.366982901509
33.3271 -0.6938 0.430692663044
33.752 -0.7642 0.452202797426
33.6324 -1.2003 0.627738799183
33.1224 -0.8343 1.08720988314
32.1977 -0.2625 10.2895271893
33.4314 9.9528 1.01860740229
33.9924 10.803 0.487026097863
34.0255 10.3171 0.612170474623
34.4542 10.7541 1.0027490713
33.5213 11.1218 0.445754427908
33.8238 10.7944 7.41475219545
0.0 0.0 1.9164422715
1.9133 -0.1097 0.835900005982
2.7492 -0.1098 1.335057216
1.4336 0.1173 2.71579388025
-1.2122 0.7299 2.79306847213
-3.894 1.5104 1.06023190859
-3.1203 0.7855 4.76516077378
1.1555 2.8889 0.821306380104
0.3714 3.1333 1.07480233066
0.842 2.167 10.1726591814
6.0609 -6.5649 0.320390152783
6.2876 -6.3385 0.968982110258
7.1144 -5.8332 1.27608147467
6.0947 -6.6004 8.20602033449
-1.8186 -8.7726 0.720038811454
-2.1876 -9.3909 3.85811919463
-6.039 -9.6185 1.87945881838
-4.7286 -8.2712 6.55482131717
-3.4231 -14.6947 1.85497278147
-2.0452 -15.9366 0.330028907825
-1.7734 -15.7494 1.47937939691
-2.3842 -14.402 6.26798619415
-3.8824 -8.3157 1.24134070263
-5.1159 -8.455 1.40542501045
-5.8574 -7.2611 7.12302963071
-10.424 -12.7277 1.08693792371
-10.5011 -13.8119 0.745984557481
-11.0691 -14.2955 1.4038274431
-12.1198 -13.3645 0.897604868525
-12.9963 -13.171 1.07311891233
-13.4217 -12.1858 7.19124537824
-18.057 -6.6878 1.0673869261
-18.7784 -5.9011 1.14650778454
-19.7597 -6.494 3.35671051031
-22.7093 -4.8917 2.41065146796
-25.1188 -4.8172 2.5487401221
-27.5274 -3.9837 0.319394489621
-27.8424 -4.0365 0.203878419652
-33.3697 -5.4765 0.341341661682
-33.6919 -5.5892 1.04228301819
-33.1564 -4.695 1.49235160736
-34.127 -5.8286 7.44067760691
-34.3733 -13.2652 1.48211703317
-32.9794 -13.7689 19.174139806
-18.2065 -25.9922 0.325556277777
-18.5032 -26.1262 1.43775041297
-18.0559 -24.7598 17.8486779701
-7.7507 -10.1866 0.392610162884
-7.3582 -10.1773 0.907027507852
-7.2153 -9.2816 1.1628084322
-7.3637 -10.4349 13.5979775092
-11.434 -23.4094 0.974415173322
-11.5482 -24.3771 1.30745747923
-11.0541 -23.1666 2.02533964806
-10.0031 -21.4353 12.7932937217
-2.1226 -11.3573 0.82853998093
-1.2951 -11.3988 1.92897855872
0.6157 -11.663 3.44635544597
4.0532 -11.9099 5.24095012092
9.2768 -11.4838 2.3009673205
11.5649 -11.7268 3.07333138467
14.2783 -10.2836 0.874467569439
14.9231 -9.6929 1.23754733647
15.5176 -8.6075 2.07959547268
17.3334 -7.5938 1.72694657705
18.5726 -6.391 0.36929148379
18.8072 -6.1058 1.58833626478
19.64 -4.7533 0.473787399579
19.9893 -4.4332 1.25635727801
20.9662 -3.6432 2.79991306472
23.7333 -3.2158 0.482543448821
24.189 -3.0571 0.918449410692
25.0726 -2.8065 0.696196732253
25.6976 -2.4998 1.76182685301
27.4541 -2.3629 0.831442950538
28.2008 -2.7286 2.24697403634
30.4324 -2.4662 0.42017865248
30.8497 -2.4171 1.15483949101
31.9949 -2.2682 0.525373819294
32.5191 -2.3033 0.818933648106
33.3235 -2.4569 0.379492819431
33.7009 -2.4171 0.32749503813
33.8389 -2.1201 2.50798063988
31.7569 -3.5184 0.884171369136
32.3004 -4.2158 7.74578359755
33.7627 -11.8223 1.63440239843
35.1031 -12.7575 2.19893356198
34.5247 -14.879 1.13572575915
34.3719 -16.0044 1.46166776321
35.0115 -17.3187 1.56154234012
36.2173 -16.3265 10.4677126107
37.8894 -5.9932 1.1134650466
37.409 -6.9977 0.171391160799
37.2433 -7.0415 1.36716618595
47.0 9.16 27.4489632003
40.9854 -17.6219 9.18932595842
32.8103 -21.8185 14.9106069052
18.5075 -26.0323 1.65243682179
16.9614 -25.4491 4.33225773241
12.8055 -24.2256 5.22374146853
7.7953 -22.7473 6.4901518087
6.6192 -29.13 0.489738950871
6.1674 -28.941 2.6402935992
3.5572 -28.5435 5.72516808225
-2.0874 -27.5864 6.63647426349
-8.4847 -25.8208 2.91305071703
-11.3639 -25.378 3.12849227105
-13.9456 -23.611 3.58179207241
-16.7374 -21.3671 0.88222127043
-17.3708 -21.9812 0.928450666433
-16.9316 -21.1632 12.9895798858
-15.3416 -8.2713 3.96212836869
-19.2416 -7.5724 1.71264839649
-20.5358 -8.6941 0.930736380507
-28.5015 -1.8882 0.509713527386
-28.0193 -1.723 1.1610547317
-27.699 -0.607 2.77879541168
-27.3477 2.1495 0.413288954607
-27.0603 2.4465 3.03167207989
-26.5801 5.4399 0.795089994906
-27.1462 5.9982 2.61317265599
-28.7544 8.0579 32.7778853866
-48.7893 34.0 17.4507129671
-42.4258 17.7509 6.34733274533
-36.3315 15.9766 0.939222811691
-37.0505 15.3723 1.20599817993
-35.9061 15.7528 11.3535531024
-26.3958 21.9542 11.2821775646
-16.4144 27.2134 0.678131668631
-15.7724 27.4318 1.49435606533
-14.3651 27.9344 0.561102459449
-13.8582 28.175 1.93540986099
-12.0644 28.9017 1.38116173202
-10.8422 29.545 1.39786148098
-9.5176 29.9916 3.6382428245
-5.887 30.2273 3.466982505
-2.5382 29.3298 0.591824974127
-1.9558 29.435 1.38969198386
-0.8513 30.2784 2.68814629438
1.6458 31.2737 1.67799242251
3.3122 31.4706 2.76628473769
5.8515 32.568 4.40315820406
10.2504 32.3744 1.12261910281
11.371 32.4417 1.64449191242
13.0143 32.5043 0.806894497441
13.675 32.0411 2.42420947321
16.0311 31.4705 3.48713389046
19.3005 32.6834 4.72017595541
23.9528 31.8858 0.653869382981
24.4174 32.3459 0.816935890998
25.2342 32.3608 0.677027126488
25.8779 32.5706 1.53797304593
27.4149 32.5159 1.95783935245
29.3687 32.6416 4.06742333794
33.4052 32.141 0.874347711154
34.2526 31.9256 4.56621311811
38.6594 30.7296 2.89291123956
40.6764 28.6558 4.29023429197
40.7706 24.3666 11.1019225011
47.0 4.3944 3.51129331871
0.0 0.0 1.94275134024
1.8151 -0.6926 0.284023819424
1.9114 -0.9598 1.51420946041
0.4112 -1.1653 2.54770854887
-2.1365 -1.1719 0.546575319604
-2.6502 -1.3586 7.73372058779
-5.656 -8.4843 4.63362866984
-10.1427 -7.3267 3.22632278608
-13.1983 -6.2911 4.01968151599
-35.0837 -22.2511 0.233328802337
-35.1274 -22.4803 10.7943861785
-24.367 -23.3362 0.522170747936
-23.8543 -23.4352 2.4938826055
-21.5977 -22.3735 1.35349268561
-20.2891 -22.7192 12.011502774
-16.1636 -34.0 8.61060484983
-17.6924 -25.5262 0.428758789997
-17.2637 -25.5191 0.710376928116
-16.608 -25.7924 9.42284706551
-7.9631 -22.0433 1.06232665409
-7.3227 -22.8909 11.3316462568
0.7628 -14.9517 1.04199061896
1.761 -15.2506 27.9211832145
26.6917 -27.8225 10.3998767156
36.899 -29.8146 4.58306868048
40.1812 -26.6159 0.658434150086
40.294 -25.9672 0.366174275448
40.3178 -25.6018 1.38486983143
41.0285 -24.4132 0.924249630782
41.7852 -23.8825 1.13265285944
42.8797 -23.591 2.65015012782
44.99 -21.9879 2.03623049776
46.2658 -20.4009 12.7960243584
43.3005 -7.9532 0.0
43.3005 -7.9532 9.02706373634
45.4586 -16.7185 0.449725605231
45.1422 -17.0381 1.0588079382
45.9917 -16.4061 0.979474925662
45.0154 -16.3273 15.2275371121
29.8613 -14.8336 13.2097396163
16.6586 -15.2648 2.23031058824
14.5812 -16.0764 11.2413874597
3.3813 -17.0413 0.528027698137
3.1224 -17.5015 4.62213278909
-1.4572 -16.8759 4.91413954727
-5.7007 -14.3977 2.73495347127
-8.1882 -15.5345 2.397793469
-10.2908 -16.6871 1.03277670384
-10.7762 -17.5987 0.728441384052
-11.4685 -17.3721 8.93331305899
-7.2546 -9.4951 0.263807695111
-7.0111 -9.5966 0.339013937767
-6.8392 -9.3044 0.872297128277
-7.507 -8.7432 13.4322972946
-13.364 3.3449 0.904779448263
-14.1781 2.9501 1.07469166741
-13.9008 3.9884 1.17501695732
-14.8642 4.6611 1.97007486152
-16.4332 5.8525 1.24953258861
-17.0237 4.7513 2.28310299811
-18.1078 2.742 0.379287924933
-18.484 2.6937 1.19074306632
-19.6739 2.6489 5.18890965907
-24.8595 2.8342 1.86179037757
-25.1927 1.5503 2.92708753883
-23.6282 -0.9236 14.5864674479
-13.5052 -11.4255 0.198508261793
-13.434 -11.2402 0.158064448881
-13.3749 -11.0936 0.579877823339
-12.8047 -11.1991 0.502808512259
-12.3285 -11.3605 0.630009245964
-11.8416 -10.9607 0.284607747611
-11.8395 -11.2453 9.2377145312
-4.9519 -5.0893 10.4528011198
1.4091 3.2052 0.817838547636
1.9141 3.8485 2.92287092599
3.8804 6.0111 6.20724102078
2.9726 -0.1294 3.93393624758
6.465 -1.9402 0.925188607798
6.4014 -1.0172 0.796742982398
6.7701 -1.7235 0.785911165463
6.0791 -2.0979 1.1446899886
7.0157 -1.4398 41.7956024991
40.7722 23.2051 5.94148968021
44.3521 18.4632 5.95096591908
49.3072 15.1676 1.44343967661
48.2635 14.1705 10.2671013538
41.7046 6.2715 6.73593929011
39.7782 12.7261 1.25415408942
39.808 13.9799 0.581010051548
39.2498 14.1411 0.283326525408
39.3234 13.8675 0.921146774407
40.1741 14.2208 1.23040196684
44.3151 8.5155 1.16246070901
44.541 7.3752 0.193172099435
44.4521 7.5467 1.38358819379
43.9148 8.8217 25.5482797176
20.8941 19.9015 1.4359697838
19.6022 20.5284 0.331709541617
19.3593 20.7543 0.268205611425
19.1696 20.9439 0.767563580428
19.7499 21.4463 1.00391128094
19.3924 20.5082 26.9290147694
8.3398 -4.0481 0.449222372551
1.7869 -2.137 0.376593693521
1.4104 -2.1454 14.4372088888
-4.8991 -15.1309 0.0665868605657
-4.8557 -15.0804 9.65428084375
2.6693 -9.0323 9.90960825462
12.5063 -7.8349 1.51531424134
13.4913 -8.9864 12.0089705575
16.5765 -20.5923 0.31975723604
16.7535 -20.8586 0.229295551636
16.8034 -21.0824 0.392492878916
16.7755 -21.4739 2.15724499536
18.8956 -21.0753 0.253022844818
19.1106 -20.9419 0.178613465338
19.2097 -20.7933 0.615768016383
19.6376 -21.2361 3.11466386308
22.6519 -20.4518 1.40385518128
24.0423 -20.2579 0.46528654612
24.4694 -20.0733 0.930094640346
24.6074 -19.1535 2.66019876137
24.4078 -16.5008 0.427644080983
24.5743 -16.1069 23.8721548927
27.9372 7.5272 0.442034614029
27.9516 7.0854 2.37673050429
29.1283 5.0204 1.4928249328
30.5205 4.4816 1.29416736553
31.8054 4.327 1.11819190213
32.8631 4.6898 1.90608703107
34.497 5.6714 0.589065649992
35.0117 5.9579 2.10978602233
35.8882 4.0388 0.328833772596
36.2028 4.1345 1.07738558093
35.7808 3.1432 1.03715636237
0.0 0.0 8.85849075238
8.286 -3.1329 10.8735480364
-1.1111 2.3378 1.44358229762
