0.0 0.0 7.12585196099
-1.7069 -6.9184 0.786287288464
-1.1028 -6.4151 14.7491082178
-2.8429 8.231 0.727618705092
-3.4056 7.7697 11.4803282292
-9.1469 -2.1719 0.503564941194
-9.5071 -1.82 7.03225164083
-9.0838 5.1995 0.772203218072
-9.5648 4.5954 7.15138645718
-10.8503 -2.4395 2.34215373108
-9.3864 -4.2678 0.601586045383
-8.854 -4.5479 7.75711174665
-14.2536 -10.1172 0.705456029813
-13.5566 -10.2261 3.61869313565
-9.9815 -9.6661 0.526794570967
-9.6089 -10.0385 1.87128801899
-7.7427 -10.1764 0.946461309299
-8.1322 -11.039 4.87950486218
-12.7199 -12.7011 0.609330534275
-12.1742 -12.43 1.87117857245
-10.3696 -11.9353 2.64116169138
-7.7298 -12.0201 10.1096303815
-0.0377 -18.5803 0.91661219717
0.5967 -19.2419 8.49534748083
4.1028 -26.98 0.734151551112
4.8051 -27.1939 2.57038749219
7.2596 -27.957 0.421167389526
7.6462 -27.7899 1.35112869113
6.3077 -27.6056 6.58456233094
-0.1545 -28.8691 0.690613133382
-0.22 -28.1816 12.3379834159
5.4074 -17.2017 0.149249355107
5.5065 -17.3133 10.039757003
0.5787 -26.0605 10.9647706793
5.6884 -16.3591 1.07310184046
6.5654 -15.7407 0.511152110433
6.0962 -15.5379 1.37687878915
5.573 -16.8115 12.0418214851
-1.8308 -26.3083 0.315363805786
-1.7256 -26.6056 2.49668598346
-0.5207 -24.4189 0.933417532512
0.4108 -24.4787 8.40812109868
8.2104 -21.3382 1.07712738337
9.0868 -21.9644 1.3223885851
10.3794 -21.6853 2.56941476605
12.8344 -22.4435 1.45771800428
13.1711 -23.8618 4.40639967547
14.539 -28.0505 1.10426412149
13.4348 -28.0386 16.6337907465
-3.1044 -29.81 0.39306330279
-3.0118 -30.192 0.181315746696
-2.8314 -30.1738 11.7664362319
-2.3966 -18.4154 0.898875569809
-2.4821 -19.3102 9.63793273477
-4.4695 -28.741 0.558858282573
-4.4562 -28.1823 1.18855048694
-4.3711 -29.3678 0.617974821494
-3.7553 -29.316 10.933364013
-13.6345 -34.0 7.49906285678
-18.2168 -28.0638 3.45233224357
-16.3412 -25.1654 8.30709333161
-8.1221 -23.9595 0.621851815146
-7.7253 -23.4807 1.49414631814
-6.2364 -23.6058 13.5953989294
-11.8778 -11.2361 0.945778081793
-12.4621 -10.4924 0.810792513532
-12.0668 -11.2003 0.751884199861
-12.4335 -10.5439 1.29637374626
-12.058 -11.7847 5.4180121087
-10.2755 -16.9011 8.66550520743
-3.3488 -22.108 1.1521712069
-2.422 -21.4235 1.34454875702
-3.738 -21.1479 0.463502427178
-3.4587 -21.5178 4.98414022676
-8.0843 -19.6616 0.560146587957
-8.6427 -19.6174 0.97246116632
-7.8881 -20.2308 9.1659301252
-5.899 -29.1783 14.5964922087
8.2674 -32.6955 4.55181929452
12.2373 -32.4289 8.84307709454
3.5928 -30.5654 1.3659634878
3.2588 -29.2409 7.03657978069
1.2762 -22.4894 2.92045017078
-1.6212 -22.8556 6.37961990404
-2.9036 -29.105 2.65591515678
-5.556 -29.2416 0.365233760762
-5.3857 -28.9185 1.1078023515
-5.6014 -30.0051 1.02919252329
-5.5876 -28.976 19.9739755732
-5.2204 -9.0054 3.32348260865
-6.3013 -5.8626 3.14974850583
-7.1762 -2.8368 6.09564414726
-13.2276 -3.5699 6.97322794838
-6.8887 -0.664 0.676718449579
-7.5522 -0.7971 6.96345819331
-14.2922 -2.547 6.32038952043
-8.4457 -0.1458 0.447890276742
-8.534 -0.5849 16.2780956214
-4.2399 -16.2864 14.5949564086
-13.4795 -27.5843 6.33819972547
-19.4321 -29.7613 6.71077406116
-26.1142 -30.381 17.612329487
-43.7252 -30.5974 8.15207288056
-49.9711 -25.3586 2.71609426935
-51.4193 -23.0608 0.862904542809
-42.1763 -13.0943 0.994651320815
-42.8898 -12.4013 1.40229195605
-42.6475 -13.7825 0.918354098374
-42.622 -14.7005 0.349041917254
-42.2819 -14.622 2.24901288569
-41.3109 -12.5934 3.57005264947
-42.2563 -16.036 1.07526232148
-43.1222 -16.6735 2.56611348541
-50.1867 -18.4223 8.28964486634
-44.4642 -12.4247 0.681912047115
-44.0902 -12.9949 1.32110667624
-44.7556 -11.8536 0.909002200217
-45.1816 -12.6566 0.91619758786
-44.2877 -12.8575 0.135192492395
-44.1951 -12.956 1.16696779733
-38.6451 3.2971 0.513193628176
-38.7852 2.8034 1.53663627772
-37.5123 3.6642 21.7916391132
-21.5343 18.4824 0.72978751017
-20.8577 18.2089 15.8031920614
-10.983 5.8707 0.452247940847
-10.6072 6.1223 0.529424989966
-10.0831 6.1972 0.340587551152
-9.8003 6.0074 0.528249230951
-9.2753 5.9489 1.94477602824
-7.3475 6.2053 0.322017887702
-7.0259 6.2217 0.59120926921
-6.4381 6.2851 1.24791792198
-5.8246 5.1984 0.98413158165
-6.2145 6.102 20.3163416158
-14.5809 24.6157 0.152256001524
-14.5939 24.7674 0.494404389139
-14.102 24.7177 0.470496471825
-13.6318 24.701 1.77533056077
-11.857 24.7444 0.908368785241
-10.9674 24.9281 2.08018067725
-9.0373 25.7039 7.96199277631
-8.0174 17.8075 1.31017575157
-8.4419 16.568 23.8368825214
-18.2074 -5.1767 0.432125502603
-17.7856 -5.2706 0.411250203647
-17.4048 -5.4259 2.38950547185
-15.0182 -5.5437 2.38769368638
-12.6599 -5.9172 1.76156623492
-11.0433 -6.617 0.419647054082
-10.6822 -6.8308 0.969282260232
-9.7191 -6.9401 0.586143003029
-9.1432 -6.831 0.445261675872
-8.7302 -6.9974 2.82106110001
-6.672 -8.9267 1.43734442984
-7.0085 -7.5293 10.2540689295
-11.987 1.4351 0.94532333093
-11.3048 2.0895 2.26727048673
-10.2633 4.1034 3.30428254391
-8.01 6.5202 0.965465493946
-8.3031 7.4401 15.1229716425
-11.8758 22.135 0.429246141509
-11.4523 22.205 1.07940090791
-10.4317 21.8536 1.61340146585
-9.2087 22.9059 19.4343808456
7.9731 31.9878 0.782914375906
8.6707 32.3432 1.90607463128
10.5452 32.6887 0.552855143776
11.0517 32.9103 0.321957528255
11.2813 33.136 0.256216178256
11.5341 33.1777 0.268276070495
11.7638 33.3163 0.252105473959
11.9717 33.4589 0.457552029828
12.4292 33.4658 0.183101747671
12.6052 33.5163 0.142811904266
12.7434 33.5523 0.104796994232
12.8355 33.6023 0.247100384459
13.0723 33.6729 8.08939493226
10.7384 25.9275 0.618365134852
11.3522 25.8525 1.49608870392
9.9237 26.2971 14.3998400647
-4.4598 25.6113 1.37908127389
-3.2088 25.0309 8.96754498957
-2.1373 16.1276 11.0650758497
-6.0463 5.776 2.39586998186
-3.7694 5.0304 0.335725900103
-3.4396 5.0932 0.615063256909
-3.1481 5.6348 1.10457341992
-2.5581 6.5686 1.22159628765
-1.5211 5.9229 1.0818198741
-2.4343 6.5029 8.50261900417
-7.4806 13.3461 14.561186327
-10.7944 27.5252 0.319229353287
-10.8677 27.8359 0.36318118068
-11.0101 27.5018 0.651866834561
-10.3602 27.4512 1.00971107254
-10.066 26.4853 0.673260499361
-9.5187 26.0932 1.5949615732
-8.6676 27.4421 17.8554165745
-12.0047 9.9013 1.07502487878
-11.2479 9.1378 0.0930090855777
-11.2466 9.0448 30.5121683132
-31.4325 31.9254 0.531679123156
-31.9163 31.7049 9.46621093416
-28.7394 22.7877 0.733517988873
-28.9586 22.0877 10.0586403465
-21.8677 14.9536 0.614082706156
-21.2623 14.8507 1.42840643026
-19.9185 15.335 0.739406708111
-19.2177 15.0992 0.525414740943
-18.7025 14.9961 0.911625345194
-17.8134 14.7947 0.831275309389
-16.9864 14.7105 0.917164816159
-16.0753 14.6052 0.92651092816
-15.1506 14.5473 2.05817755551
-13.1477 14.0735 0.720258078747
-12.4526 14.2622 0.431426123456
-12.0449 14.1211 2.1349894988
-10.3653 15.4391 2.26628194407
-8.4537 14.2218 10.9886663977
1.5857 9.754 7.35275245673
-4.8718 13.2702 0.973621553788
-5.6336 13.8765 0.72868190591
-5.507 13.1589 1.17520448008
-5.1476 14.2778 14.3441200152
-7.2002 28.4743 0.477275276963
-6.7865 28.7123 7.88831889442
-0.9328 34.0 11.341691511
-9.3035 26.3472 0.896017058989
-8.8571 27.1241 6.59752967784
-4.9848 32.4657 0.919022088962
-4.1072 32.1929 2.49873617055
-1.6106 32.0896 1.26146938528
-1.2261 31.729 2.01375690936
-2.4661 30.1423 1.84122581179
-2.5101 28.3016 1.03999408171
-2.3814 29.3336 1.3740748051
-3.6388 28.7795 13.5326415444
-6.9999 15.6709 0.808122069987
-7.7967 15.5361 9.33057679943
0.0079 10.4226 3.83732762219
-2.5663 7.5768 1.6948067648
-1.2257 6.5399 15.0640513229
10.2448 -3.225 0.219545576134
10.1449 -3.4205 1.03823676009
10.4658 -2.4331 2.682930014
8.3893 -4.132 2.86237147135
6.0303 -5.7532 7.41364646379
-0.318 -1.9242 6.11265730513
5.0897 -4.774 0.759510111848
5.5257 -5.3959 2.03152560653
3.7284 -6.3429 0.741516372038
3.6406 -5.6066 20.2690901594
-3.0179 13.5376 15.3323496754
-8.4735 27.8665 10.6338362241
-5.7075 17.5987 0.632358735213
-5.6464 18.2281 1.21801104264
-6.4907 17.3502 1.42099119279
-5.1968 16.7628 17.0952739604
4.1975 2.4801 1.95891104954
4.052 0.5266 3.22712281297
0.9626 -0.4061 0.67318781926
1.2196 0.2161 3.84446068259
0.0859 3.8896 3.71301669805
-0.8311 7.4876 8.41379036701
-1.9164 15.8311 0.603113587975
-2.4242 16.1565 0.421239409362
-2.3112 16.5623 12.3837868251
-8.5829 27.2405 8.38453232208
-6.233 19.192 0.32343155381
-6.4469 19.4346 9.93603360753
-12.0253 27.6569 0.798328760599
-12.5013 28.2978 1.60889032877
-13.5953 29.4775 4.05124968497
-15.8213 32.8624 2.83761128592
-18.6503 32.6415 2.65046274073
-21.2996 32.72 1.02119154423
-20.6132 31.9639 9.50044028085
-13.9839 25.1587 15.1319995721
-11.8791 10.1738 0.766636497957
-12.5987 9.9094 2.40733962913
-14.9767 10.2841 0.653993310363
-15.1958 9.6679 1.18485382221
-14.4595 10.5962 0.650477770566
-2.8681 9.4328 0.644894820882
-3.2264 8.8966 1.15068467444
-2.9085 10.0025 19.1603910049
-1.944 29.1386 0.828016455151
-1.3818 29.7465 1.22826018823
-1.0788 28.5562 7.78917029022
-4.7758 21.7003 0.526842870313
-4.3008 21.9282 7.76912494751
-0.6406 28.7811 0.562309523305
-0.1166 28.9851 1.09677933059
0.8925 29.4148 3.42194587479
2.6251 32.3657 1.22746881834
3.5174 33.2086 0.360890578985
3.8569 33.331 0.254141397651
4.1093 33.3607 1.85038549497
3.6031 31.5809 14.8636154909
-4.9784 19.4448 0.488232116928
-5.292 19.0706 1.30560755206
-4.6308 20.1964 12.1500802672
4.4563 28.2617 8.80500273992
12.5373 31.7582 0.794726600788
13.3059 31.9603 1.46149406088
14.5267 32.7638 1.91920035952
16.2868 31.9987 0.114824561832
16.382 31.9345 0.178205078491
16.5351 32.0257 0.781930565971
15.823 32.3487 0.250225498301
16.0666 32.4059 0.153711840793
16.2023 32.3337 1.7865061153
15.4954 30.693 3.23819292353
13.8724 27.8909 0.513280673706
14.3856 27.9 0.123970520689
14.2706 27.9463 0.934317296212
14.9922 27.3528 3.71923491595
18.4232 28.7884 6.54251651049
18.6742 22.2507 16.471405305
11.0976 7.6253 0.487415428562
11.4734 7.9357 1.29499055209
10.3591 7.2759 4.80238578729
7.5561 3.3764 1.62977198712
7.1513 1.7977 23.5447860744
2.0468 -21.1871 1.2039961171
1.7905 -22.3635 4.51104091092
-2.7144 -22.1282 12.6097886568
-10.427 -12.1521 0.50131895037
-10.032 -12.4608 0.196803760127
-9.8356 -12.4734 10.2094783745
-6.0238 -21.9446 0.313467861192
-6.1137 -21.6443 0.906119004326
-6.6068 -22.4045 0.105577364998
-6.5371 -22.4838 1.55647956941
-6.0924 -20.9922 16.1216809899
-6.5089 -4.8759 0.954954344458
-5.8997 -5.6113 0.860422152202
-5.9979 -4.7565 17.9766714953
-6.0486 13.2201 21.6791975207
-17.5501 31.5968 15.8123668848
-33.36 31.3175 0.778763430061
-33.1848 32.0763 15.2446307348
-48.228 29.6063 1.18610883565
-48.6744 30.7052 1.03765333807
-48.7224 23.8431 1.24101701036
-48.3353 22.664 0.91551439093
-48.7147 23.4972 0.79630730877
-49.1994 24.129 1.36971568218
-48.2181 23.1734 10.2568014863
-43.5544 14.0382 1.27421557438
-42.2802 14.0445 0.885803392407
-43.1383 13.8247 18.3038926464
-42.7859 -4.4758 0.956224848035
-42.0295 -5.0608 0.464228015096
-42.0833 -4.5997 2.53460171625
-41.3398 -7.0228 1.06659702325
-42.4062 -7.0023 1.12164319639
-41.4201 -6.4678 18.5945714471
-32.8178 10.0173 0.764447460588
-32.0572 10.0939 1.37175910786
-32.2619 8.7375 0.958614004696
-31.481 9.2935 18.4655279873
-18.3046 22.2302 3.45957232762
-14.8551 21.9664 2.99267540839
-11.9022 21.4801 0.611601152713
-11.3196 21.294 2.51909778492
-8.8053 21.1386 8.37949141297
-15.3838 15.9483 1.2647186446
-14.1475 16.2149 0.489515536015
-13.658 16.211 2.6300501326
-11.1743 15.3459 2.38256959185
-9.4478 13.704 9.23139126784
-13.8033 5.5647 0.541670490243
-13.2847 5.7211 2.72447468148
-10.6349 5.0876 0.683521616337
-10.0167 4.796 2.14917594673
-7.9157 4.3435 8.98345790495
-9.3464 13.2123 0.902349228403
-9.5937 12.3445 0.562678327288
-10.0734 12.0504 1.44199898058
-8.9079 12.8995 17.0196770381
2.0059 25.9593 0.04658336613
2.0334 25.9969 6.89436752864
-4.8487 26.408 0.287130806428
-4.9946 26.1607 10.3482240568
-2.5294 16.1104 0.343433676275
-2.7899 15.8866 1.36779849759
-3.1286 17.2118 11.6028936322
-2.1226 28.771 3.0253598067
0.8788 29.151 5.61134673764
3.7027 34.0 13.4214013352
-5.9287 24.6528 0.255880323589
-6.0952 24.4585 1.50482641192
-5.8469 22.9743 15.7428345888
-7.6477 7.3348 0.571997902094
-7.3121 6.8716 10.0064526007
2.6941 6.9427 11.5975349536
9.0451 -2.7613 36.9451575123
35.8686 -28.1669 4.77106686706
40.6382 -28.2852 0.587122287092
40.5749 -27.7015 0.744816521031
41.0523 -28.2732 0.377202147396
40.6968 -28.3993 6.53301615259
37.3334 -34.0 9.40885380905
44.4944 -27.897 4.03517119835
41.1492 -30.1536 0.368191702785
41.3395 -30.4688 0.0
37.4563 -24.856 0.515753933577
37.6999 -24.4014 6.93632535641
32.8707 -19.4223 4.57724685919
28.2987 -19.2032 1.02324320667
28.2722 -18.1803 20.0354596955
20.9461 0.4677 0.402259269626
21.1767 0.1381 0.699068136879
21.4568 -0.5024 1.40382743241
21.2307 0.8831 24.5323574589
9.6992 22.5363 2.47073078258
7.5508 23.7565 5.76859912717
5.1266 28.991 4.10802751938
1.1807 27.8483 5.0601712224
-2.7421 31.0447 4.76265081231
-7.5047 31.0667 1.09980094563
-6.6561 30.3671 15.8007965331
3.2427 18.0513 6.04889586702
2.5902 12.0377 2.75701760966
-0.1661 12.1006 1.32743172329
-1.4934 12.1193 1.04085135346
-0.8369 11.3116 0.217189410423
-0.6201 11.3246 1.77883520597
-1.4996 12.8708 16.6004178252
-9.2462 27.5529 4.55265657941
-12.0855 31.1117 4.40443950691
-16.0451 33.0406 0.955367594175
-15.5183 32.2436 10.7382883389
-11.2756 22.379 0.376421479196
-11.3648 22.7447 0.833354720392
-11.4395 23.5747 1.12671294037
-10.9752 22.5481 14.3225847926
-9.2917 8.3248 34.7567427268
-29.966 -19.6145 18.1616163961
-49.6588 -18.9362 0.523743534566
-49.6161 -18.4142 1.746152207
-47.8714 -18.343 1.68259015806
-46.1934 -18.4672 12.9228498436
-33.2952 -19.265 0.735594195192
-33.1403 -18.5459 15.9433263311
-18.3868 -24.5894 0.96732985584
-17.6811 -23.9278 16.7172523666
-9.2449 -9.4953 0.300724491853
-9.186 -9.7902 0.801585784555
-8.6424 -9.2011 0.242454469953
-8.5908 -8.9642 0.65054045224
-8.74 -9.5974 14.501635213
-10.4208 -24.0013 0.407174372966
-10.5724 -23.6234 14.5673800379
-1.9635 -11.872 0.394044020384
-2.2205 -12.1707 1.28196003058
-1.4511 -11.1453 0.781082850919
-1.468 -11.9262 11.7690276476
-3.4016 -23.5353 0.510698502054
-3.5216 -23.0389 11.8150907817
0.9781 -12.1142 10.1066099682
-0.0835 -22.1649 0.35855724787
0.1486 -21.8916 1.64223991244
1.4094 -20.8393 8.99378721841
4.8487 -12.5291 0.747228244916
5.4569 -12.9632 8.04374016114
4.9336 -20.9899 0.108088343497
4.9846 -20.8946 0.211386778205
5.1055 -21.068 1.15662725197
5.5383 -22.1406 1.16844402519
5.3383 -20.9894 12.9529367056
6.878 -8.1283 1.18498955692
7.1468 -9.2824 9.89912180196
8.2022 -19.1251 0.205366258183
8.1813 -19.3294 0.536548543936
8.036 -18.8129 2.3788508171
7.4945 -16.4965 1.30583494363
6.2128 -16.7464 13.5902773577
15.6207 -26.5539 4.44870831253
16.5174 -30.9113 0.828733974204
17.1014 -31.4993 1.75074857418
18.2398 -32.8294 1.73329592396
19.9668 -32.977 1.21684774726
21.0908 -33.4432 0.839915001652
20.2513 -33.4696 0.426552153904
20.6656 -33.5711 0.561502573458
21.1973 -33.3906 0.27620877973
21.4658 -33.3258 0.841940692686
20.9615 -34.0 6.05811831595
22.9548 -28.2792 4.7237029172
27.2322 -30.2835 0.582960118705
27.7287 -30.589 0.384532820446
28.0382 -30.8172 1.27326990462
27.5706 -32.0015 0.423040092663
27.232 -32.2551 12.6236113807
14.7118 -30.6426 0.898266135396
15.4747 -30.1684 0.58677211931
16.0181 -29.947 0.480726221461
16.3368 -30.3069 1.27040386098
17.4042 -29.618 5.27563223225
22.669 -29.2801 0.563670267089
22.1211 -29.1477 1.01024684607
22.8373 -28.4352 0.674499199406
23.4804 -28.2318 0.281469358901
23.6644 -28.4448 1.99551206711
23.9159 -30.4244 3.91091086193
26.5803 -33.2873 1.03708140953
27.6022 -33.4641 11.1647984886
34.1599 -24.4281 18.0621644486
51.2223 -30.354 0.726979298192
50.838 -29.7369 0.442968046252
50.939 -29.3056 0.266200770097
50.8481 -29.0554 0.762660632261
49.6649 -29.588 1.36281055543
48.8699 -28.4811 0.684783681172
48.9937 -29.1546 0.600451913145
48.7682 -28.5981 0.91475732301
48.9942 -29.4845 0.509543109069
48.6899 -29.0758 0.226920624889
48.5615 -28.8887 2.99547933059
27.2908 -14.6844 4.70427606545
26.2979 -19.2827 0.880594759239
26.7832 -20.0175 0.544039189765
27.299 -20.1905 0.324148885545
27.5455 -20.401 0.366009029943
27.6974 -20.734 0.801802881013
23.7683 -25.2382 0.841967012418
24.2424 -25.934 1.39556759062
23.6015 -24.6943 22.8470852495
7.8821 -8.1145 4.43213034217
3.4542 -7.9209 4.31643979455
-0.8253 -8.4844 0.670196903902
-0.9086 -9.1494 1.27825804124
-0.9287 -7.8713 26.0371672201
2.3192 17.9625 1.10188424528
2.88 18.911 0.317286763039
3.1617 18.765 1.34256273224
2.6179 17.5375 15.9331863282
-5.2397 3.6766 0.319333211552
-5.4198 3.4129 1.39493484077
-5.1762 4.7864 11.3524565769
-4.0335 16.0812 0.646002492255
-3.4114 16.2553 1.12891936382
-3.6387 15.1495 10.438483524
-8.2315 5.7757 16.6211802427
-7.6944 -10.8368 17.0377434239
-11.2887 -27.4911 8.41534156467
-19.544 -29.1245 5.79356702645
-25.2748 -29.975 9.65271204015
-34.8895 -29.1192 12.9357242348
-47.7153 -27.4364 3.95661865865
-50.1714 -24.3344 0.801549505645
-50.4758 -25.0759 1.26283484668
-48.5644 -8.2774 42.3738692032
-46.6149 34.0516 0.683608052908
-46.4035 33.4015 13.9234830746
-41.8742 20.2353 0.437468501723
-41.4492 20.1316 1.4087022574
-42.7458 20.6823 6.58555856781
-45.4084 26.7056 0.588062921803
-44.9882 26.2942 6.01809631196
-46.7511 32.0483 0.346336859142
-46.4322 32.1834 9.38458100556
-43.6209 23.2298 0.381282939561
-44.0001 23.2696 0.799624036657
-43.2835 22.9148 1.06236662692
-43.8438 23.8174 2.07014578231
-44.2922 25.8384 2.67721723063
-42.4805 23.8673 17.7675664062
-30.5661 10.6865 9.2186279874
-26.7487 19.0776 0.41132225809
-26.5501 18.7174 0.0636246021599
-26.5281 18.7771 1.2349224834
-25.6696 19.6648 17.056491887
-10.6914 27.8243 1.00328505421
-10.9891 28.7824 1.04755412748
-10.125 28.1902 0.961868733248
-9.2295 27.8391 3.58464259027
-5.817 26.7416 0.885480011067
-4.9503 26.923 0.521196949339
-4.4958 27.1781 2.3516862397
-2.1622 27.4692 0.600946095752
-1.5936 27.6637 1.25044222977
-0.5505 28.3533 2.76749205058
1.7796 29.8465 0.712826942532
2.4837 29.7353 0.955153961411
1.6022 29.3675 0.063947791205
1.6608 29.3419 1.26929649806
2.4976 30.2963 0.9310498644
2.2989 29.3867 14.1189568942
-3.9934 16.7474 10.5337755174
-6.3377 6.4778 0.389658029559
-6.3544 6.8671 7.93496752671
-8.8815 14.3889 0.539045118705
-9.2695 14.0147 1.14116540869
-8.6695 14.9854 24.1555461534
9.1386 31.306 7.49094923291
16.5906 32.0689 17.914832321
34.4303 30.4299 4.07648413464
38.1826 28.8368 0.448846922681
38.5966 28.6634 1.22360237005
39.8186 28.726 0.46029170099
40.1068 28.3671 0.239024224714
40.1795 28.1394 0.263643433448
40.3726 27.9599 0.073747474533
40.3401 27.8937 6.65116771251
37.7036 34.0 5.24114103035
39.7975 29.1953 0.110144722978
39.907 29.2072 1.53645811202
41.2733 29.91 0.234041577503
41.3622 29.6935 1.40918974237
39.9559 29.6033 0.17226691499
39.8824 29.4475 0.501436177394
40.3656 29.3135 1.25876409227
41.5208 29.8135 0.777061747868
40.7644 29.9915 0.276203005052
40.4907 29.9544 0.184477342782
40.3077 29.9777 0.703064164924
39.8878 29.4138 1.39858261107
38.7014 28.6732 6.35261159918
37.8687 22.3754 0.305211156415
38.1066 22.1842 0.213438234625
38.2684 22.045 0.117031833276
38.3247 21.9424 0.810870211563
38.3492 22.7529 0.80514074546
37.5523 22.8678 0.698154631869
33.7893 25.7387 3.39007068363
30.5125 26.6077 4.96154017418
25.5516 26.528 4.67235154927
20.88 26.6118 3.23805856958
17.6509 26.8525 5.00807752736
12.6475 27.0689 3.00160781582
9.6487 26.9391 3.64530329328
6.0086 26.7444 3.04910655275
2.9615 26.6338 2.17636343472
0.7877 26.5282 3.76294095755
-2.4167 24.5555 4.66694632603
-1.9966 19.9075 0.560864912434
-2.0102 20.4682 6.38120613129
-5.2902 25.9419 1.11381423945
-4.2856 25.4609 4.68631292276
-4.1416 20.7768 0.656867551337
-4.3123 21.4111 7.56784680144
-8.6462 27.6151 6.1360268619
-7.1736 21.6584 0.231517645116
-7.1567 21.8893 9.37120330854
-12.6111 29.5096 0.711742432345
-12.7934 30.1976 1.2639564945
-12.2583 29.0525 7.62078347809
-8.0224 22.7174 15.0610648136
-9.1658 7.6998 0.837005310616
-8.34 7.8363 0.619187935929
-8.2479 7.224 0.918777764206
-8.7456 7.9963 1.10655866993
-9.1571 6.9691 0.563823660376
-8.7967 6.5355 1.49312989723
-9.1132 7.9947 18.164965494
-12.835 25.7743 0.273757447387
-12.7367 25.5188 1.24648898912
-12.2153 24.3866 6.28024348971
-8.873 19.0696 0.400709620548
-9.1366 19.3714 9.87685499438
-15.4619 26.9571 0.224403208533
-15.2375 26.9559 8.86059247793
-10.7234 19.3314 0.77262551084
-10.9727 20.0627 12.0088718046
-17.2998 30.2696 0.822309582821
-18.1089 30.4164 2.85694582728
-20.8224 29.5225 1.19352629213
-19.9775 28.6795 8.37948170533
-14.2174 22.5937 0.721859113678
-14.6177 23.1944 12.3037992608
-23.5046 31.7036 6.69602486928
-30.1998 31.5985 18.5878525755
-48.7874 31.5016 4.69304916872
-48.5901 26.8127 0.782085468475
-49.1883 27.3165 1.30478620854
-42.5058 13.5882 1.34260109117
-43.6743 12.927 0.36472549952
-43.428 13.196 3.53285444365
-44.8234 16.4416 0.808706528971
-44.9234 17.2441 1.18031552561
-43.8299 16.7998 2.76882055937
-26.4913 3.0101 0.904641083524
-26.9998 3.7583 20.5566885602
-34.1664 23.0253 10.9190745876
-43.9192 27.9354 0.91513043879
-44.7416 27.534 1.27912350068
-45.7458 26.7417 0.428425302707
-46.084 26.4787 1.58394692462
-47.6659 26.3982 1.71297218308
-48.6076 24.9673 0.600577938323
-49.1691 25.1804 0.991516515243
-48.3571 25.7494 1.33184507357
-37.6097 19.1466 0.577654957566
-38.0215 18.7415 1.45800308642
-36.5635 18.7385 18.8605549889
-18.8003 25.078 1.22334889954
-18.6326 26.2898 1.00066002718
-18.2526 25.3641 19.3166474793
-4.4736 11.8263 1.08265008659
-4.6456 12.8952 14.3699998626
0.0 0.0 8.84960301087
8.8496 -0.0073 0.337286006232
8.5128 0.0108 9.53143953923
-0.9959 0.6688 1.14773450327
-1.7679 1.5181 1.14423688544
-2.2511 -8.546 18.6067165972
8.4126 -23.7938 4.14586613508
11.8377 -26.1298 3.69861894361
14.1042 -29.0526 3.37452078079
16.2345 -31.6697 0.785075671512
17.014 -31.7631 0.514424425936
17.5108 -31.8966 0.687124188193
18.1585 -32.126 1.88565174144
18.3678 -34.0 7.08266509868
20.2619 -27.1753 0.253595761006
20.1999 -27.4212 0.426163255103
20.6053 -27.2898 0.395019113462
20.997 -27.2387 0.130369973537
21.1257 -27.2179 0.121248587621
21.0728 -27.1088 0.352872569067
21.2399 -27.4196 3.45379526029
22.8512 -30.4745 0.84653481913
23.6246 -30.8187 0.612245865645
23.7986 -31.4057 0.42825096614
24.0841 -31.7249 1.22859652042
25.3126 -31.7403 0.432464241296
25.5142 -32.1229 1.41110422011
26.1008 -33.4063 1.2286912753
24.8908 -33.6198 2.3312125686
22.5908 -34.0 6.19057046321
26.1537 -28.9375 2.75227048998
28.8851 -29.2758 4.33157785801
31.5806 -32.6665 0.841397367479
32.4019 -32.8493 1.86957632901
34.271 -32.8071 1.01846113819
35.1413 -33.3361 1.40016417966
36.4755 -32.9114 1.50963524734
35.1798 -32.1367 5.1513417689
37.2549 -27.4218 2.16030083553
38.5526 -29.1489 0.332983663263
38.883 -29.1075 0.646143095607
39.2887 -28.6046 0.252740064097
39.5414 -28.6001 3.81923834553
42.2491 -31.2936 2.70950541612
44.8877 -31.9094 1.54431593918
46.2423 -31.1678 1.42647432855
45.8297 -29.8023 0.353513182215
46.0991 -30.0312 0.975625507047
46.7288 -29.286 2.20748945411
48.3876 -27.8295 1.11883438006
49.0057 -26.8969 0.87370115028
48.2968 -26.3862 0.37095774692
48.2382 -26.0199 1.26001925779
46.3558 -19.4451 1.04976449264
47.2165 -18.8441 1.0246586944
46.4777 -19.5541 19.2275232986
29.2931 -28.1789 8.63451127743
20.9171 -26.0819 3.4455118923
17.5359 -25.4193 3.19145682095
14.3467 -25.2993 3.7278024049
10.6268 -25.0567 4.37637311024
6.3112 -24.3299 15.4126735384
-4.0912 -12.9571 0.389973806813
-3.7993 -13.2157 0.769430991058
-4.3387 -12.667 0.895977856869
-3.6051 -13.1814 14.6768594819
-1.288 -27.6742 0.582858078781
-1.8157 -27.9217 1.44394023422
-1.5391 -26.5045 16.4256044409
1.7516 -10.4119 0.729018387971
1.9986 -9.726 1.09130528268
1.4945 -10.6939 20.5346076381
-9.3906 -28.1061 1.47664499796
-10.0309 -29.4367 0.85142471188
-9.6779 -28.6619 6.67660964263
-7.7243 -22.2775 0.542136311272
-7.959 -22.7662 0.28627533949
-8.2184 -22.8873 1.41021532044
-7.521 -21.6616 11.6378409926
-5.8894 -10.1387 22.9259118772
5.4918 9.7627 1.09173843479
4.8702 10.6602 10.8019047996
-3.0445 18.0113 0.896455380931
-3.3842 18.8409 0.179477018027
-3.2714 18.9805 0.415201649804
-3.0994 18.6026 0.821010895177
12.5387 29.7075 1.37914585886
13.8638 30.0898 12.9059444277
26.2857 33.5912 6.72683136402
32.8751 32.2384 6.78985684827
39.599 31.2943 0.913200963644
40.3222 30.7367 0.651424976494
40.9087 31.0202 8.77614540673
35.1395 24.4068 3.24886788436
36.5333 21.4721 1.65599049514
36.9307 23.0797 3.64707267271
35.0759 19.9395 0.575340464421
35.5742 20.2271 0.436034172973
35.9646 20.4213 1.3141882095
36.7803 21.4517 1.03441330715
37.5611 22.1302 2.22057780093
39.7282 22.6146 0.724383544816
40.1906 23.1722 0.17093326183
40.1759 23.0019 2.54377274339
42.5195 23.991 1.95083346291
44.3863 23.4246 3.22634778039
47.6003 23.7066 2.49561595202
47.0 9.16 14.781290304
41.7639 22.9828 0.559499356568
42.3231 22.9645 1.35917906473
40.9984 23.2687 19.3903715882
22.0797 27.5195 2.78290558949
19.3001 27.3839 3.48466053727
15.816 27.3214 5.62919032633
10.1903 27.1232 18.6644264978
-2.4354 13.3772 0.315952971184
-2.4572 13.6924 14.9827183865
0.8867 28.2972 2.67489152116
-1.7801 28.0893 1.99708822038
-3.7651 27.8699 2.69616629309
-6.3873 28.4971 2.92222568088
-8.8295 30.1018 2.05263710626
-9.5073 32.0393 1.09811795359
-10.6025 31.9593 1.06166006801
-9.8178 31.2442 8.10998016335
-6.7226 23.7481 8.47644508624
-11.0387 31.0434 0.997465934255
-11.9314 31.4884 0.184520378278
-12.039 31.6383 2.8380006642
-11.5171 28.8487 16.5150534425
1.8554 19.1573 0.996520596877
1.3467 18.3004 12.3652378323
-5.0105 7.6945 0.0376276494084
-4.9845 7.6673 3.87488694674
-8.6299 6.3536 0.655485179085
-9.1228 5.9215 1.15134113537
-9.9032 6.768 16.2199486368
-13.9875 22.4653 0.760834259218
-13.8029 23.2034 1.18562203083
-14.1091 22.058 12.9856307309
-10.7633 9.5108 5.97408302671
-8.7478 9.5366 0.234944291269
-8.9429 9.4057 1.45174576975
-10.3216 8.951 1.46267653635
-10.6309 10.3806 1.14597419255
-10.915 9.2704 1.03852973958
-11.1949 10.2705 15.8379048883
-13.8703 25.8808 1.4685366628
-15.333 25.75 3.88653210973
-17.5358 28.952 2.40572086494
-19.868 29.5422 1.38835951036
-18.8073 28.6464 0.377413221814
-18.868 29.0189 0.288112651579
-18.8653 28.7308 6.91040593887
-13.8813 23.944 0.315900395695
-13.7188 23.6731 3.22679653062
-14.9765 26.6447 3.4450533305
-16.4706 29.7489 0.171073609888
-16.3803 29.8942 0.608290407618
-16.0632 30.4133 1.06033489993
-15.4839 29.5252 0.839403311883
-16.1863 29.0656 0.752595309579
-16.8934 28.8079 0.793014123456
-16.1302 29.0233 1.20570776725
-15.3703 29.9594 0.631172654667
-15.6997 29.421 0.989086012438
-16.5762 28.9627 0.880260989707
-15.7467 29.2573 0.825461065102
-15.3946 30.0039 1.09782432566
-16.0118 29.096 0.791206584907
-15.5037 29.7025 0.832356516164
-16.2016 29.2489 1.10554144653
-16.7274 30.2214 8.13058298033
-24.712 28.6876 0.441318127885
-24.2707 28.6836 5.54315076919
-24.4186 22.0218 3.34928476693
-23.9344 18.7077 3.05511826612
-21.3183 17.1298 0.96175244216
-20.3857 17.3648 1.33676662511
-19.1408 16.8778 0.586956565684
-18.6384 16.5743 0.465435043803
-18.2441 16.327 2.32621485895
-17.3242 14.1904 1.29559238189
-16.1281 14.6883 0.463460559271
-15.7569 14.4108 0.783633926014
-15.1831 14.9445 16.9563127905
-3.5643 27.2944 0.591819068635
-3.0002 27.1154 0.816676955717
-3.2532 26.3389 2.66496793602
-0.9343 27.6522 2.63953062873
1.457 28.7697 0.493328490967
1.95 28.7877 8.74677381095
-5.0741 34.0 9.0011431274
-10.9097 27.1468 0.499058283169
-10.5471 27.4897 0.408164586901
-10.2179 27.731 0.364145863632
-9.8568 27.778 0.655402845584
-9.2293 27.5888 0.470278693968
-8.7607 27.6285 0.49969027407
-8.9301 27.1584 13.4186388468
-4.1086 14.6359 10.4671371568
6.2913 13.4514 0.504495649139
6.6432 13.8129 0.329867124764
6.9388 13.9593 0.177781466976
7.0748 14.0738 0.127462151245
7.1672 13.986 1.07239595766
6.0962 13.9313 0.241274055795
6.1628 14.1632 1.11892656596
5.9399 13.0667 0.273656171135
6.189 12.9534 0.151198544967
6.17 12.8034 0.191163280993
6.3532 12.7488 0.139868259444
6.4359 12.636 0.765009620855
7.0663 13.0694 1.44584081074
5.8156 13.7948 15.1835900801
-8.859 17.6932 9.44117047458
-6.3778 26.8025 0.911793951504
-5.5992 27.277 0.616305581672
-5.5576 26.6621 1.45459391584
-6.6811 27.586 1.3217115646
-7.98 27.8305 1.58794504313
-6.5375 27.1666 9.16966829607
-9.617 18.5295 0.471881044332
-9.2644 18.8431 8.3575136859
-7.1094 26.918 0.662045934962
-7.5113 27.4441 1.11891576984
-6.432 27.149 0.2675256997
-6.1846 27.2508 0.173473830879
-6.156 27.4219 0.625517713578
-6.4355 26.8623 2.92296329946
-6.0844 29.7641 0.754686908592
-6.7772 29.4648 0.974709905562
-21.0269 34.0 4.98164441927
-24.4665 30.3964 0.363599147414
-24.276 30.0867 1.43355784676
-23.6407 28.8016 4.43008981625
-19.6864 30.7989 0.473583635697
-20.0319 30.475 4.9754599918
-24.5601 28.4133 0.567054459466
-25.1075 28.5613 1.0090505686
-24.1028 28.6549 5.04493176564
-19.1672 29.6995 13.1827098314
-31.8271 33.3752 0.775736256726
-31.2476 33.8909 0.662923623052
-31.9013 33.7807 0.556437283079
-31.3899 34.0 5.03611076923
-34.7371 30.2372 4.34372370783
-39.0605 29.8175 8.84462991255
-47.8435 30.8598 2.04768752011
-48.6962 28.9981 2.7703378007
-50.0059 26.5569 3.02656215862
-51.2008 23.7762 1.07519823754
-50.1351 23.9188 0.885955444704
-50.4922 24.7296 0.16487889495
-50.4493 24.8888 0.629296790076
-51.078 24.8614 8.14953335842
-49.097 23.7386 0.346038798403
-49.4423 23.7612 0.788337719509
-49.2979 22.9862 7.4353241893
-42.7107 19.5376 8.1222494452
-37.1266 13.6394 0.471187531669
-36.6654 13.5429 2.61811034336
-34.8253 15.4053 2.80831818888
-32.2654 14.2505 15.1453541504
-32.3059 -0.8948 22.458325334
-21.4479 -20.5539 0.535544321228
-21.1975 -20.0805 0.52079802227
-20.6788 -20.1272 3.7361921859
-17.0445 -20.9938 1.11989815608
-16.6583 -19.9426 0.37756917247
-16.7345 -20.3124 13.6585144273
-20.2975 -7.1268 0.532303015208
-19.7654 -7.1121 0.549695852267
-19.2177 -7.1589 0.458726901326
-18.7606 -7.1975 1.84566848594
-16.9446 -7.5271 0.615022674379
-16.3586 -7.7138 1.85611505301
-14.5033 -7.7688 0.674371915192
-13.8451 -7.9156 2.58014629818
-11.2675 -7.801 0.669302091734
-10.6135 -7.6587 2.08507260305
-8.5285 -7.6761 1.29460685152
-8.6456 -6.3868 9.6821963154
-13.8166 1.7989 16.7166560891
-6.2944 16.7275 20.0937312794
7.6259 31.2183 0.836670478743
8.3341 31.6638 0.653544466735
8.958 31.8584 0.337074902655
9.2662 31.9949 1.17829424593
10.3285 32.5047 1.24820676572
11.2218 33.3765 0.27466090002
11.4912 33.43 0.39001141009
11.8763 33.4917 0.813628047697
12.6215 33.1651 1.27555503605
11.4971 32.5628 12.7669728601
-1.0494 30.2004 10.8695914905
-5.1545 20.1358 11.9317855981
6.0495 16.0324 1.62806530889
7.2944 17.0816 1.63625464094
5.6618 17.1909 8.68879075246
-2.9807 16.2952 8.65047615163
-6.5614 24.1698 0.988624660829
-5.853 24.8594 1.05067986085
-6.2594 23.8905 18.0659614137
-12.4686 6.9251 0.818248892453
-12.9311 6.2501 0.48882851799
-12.6975 6.6795 1.38744954863
-13.026 5.3315 1.16267708329
-12.8826 6.4853 5.4628176585
-11.8592 11.8514 1.56350882633
-10.3896 12.3851 0.166643721754
-10.2273 12.4229 0.619726947938
-10.2503 13.0422 1.64592459426
-8.6447 13.4043 1.09235351421
-7.5785 13.6419 1.76480347064
-8.0206 23.0195 0.812062097379
-13.467 34.0 6.60869796934
-15.1236 27.6023 0.728681281494
-14.504 27.9858 1.72520055646
-13.4076 29.3178 1.3176650409
-6.7589 34.0 4.62200249675
-7.7161 29.4782 1.34969872935
-8.9286 30.0711 1.92499477402
-10.8448 30.2549 1.51294714052
-12.3576 30.276 3.41452039385
-14.405 27.5434 0.91542525637
-13.8612 28.2798 0.780191066342
-13.3003 27.7375 7.9577650292
-8.3904 34.0 4.24595094767
-10.9213 30.5908 3.24200919339
-13.7533 32.1689 1.03867725497
-14.6003 31.5677 0.593087556774
-15.0929 31.2374 1.10495656023
-14.7657 32.2928 10.1646380442
-4.6281 31.5519 0.855682931932
-5.4569 31.3391 5.89384020228
-9.9746 27.5539 1.26463769515
-9.2759 28.608 4.71954810231
-4.8782 30.321 3.89054973108
-8.0393 32.589 8.35192442734
-16.0623 30.2682 0.523444944574
-15.5417 30.3227 10.6530060795
-5.5435 34.0 3.31725634222
-6.1677 30.742 1.66278080636
-7.7353 31.2965 2.75184482484
-10.4108 30.6528 0.528379730875
-10.3091 31.1713 1.42158708843
-9.2494 30.2237 11.2185119486
1.9253 31.2142 4.43171086828
-2.2216 29.6511 3.37301913721
-4.7453 27.4132 3.06734135205
-2.2897 29.2513 1.2618233672
-3.1236 28.3043 3.14057035744
-3.2712 25.1672 1.20393172564
-3.513 23.9878 13.0641501541
-3.5492 10.9237 1.10020365842
-4.5607 10.4909 2.37837903203
-5.1346 8.1828 7.43974481552
-12.4292 6.7204 1.92082605407
-13.1239 8.5112 0.649470938534
-13.6898 8.1925 1.28409776886
-14.2565 19.6991 0.826048376307
-14.3319 20.5217 1.18295149943
-16.5003 11.256 0.73353745644
-15.9221 10.8046 0.836665913014
-15.6973 11.6105 0.31528947017
-15.6555 11.034 0.550370820447
-15.6353 10.484 1.35949643986
-16.9257 10.9119 0.702956968811
-8.9085 11.6514 1.61102522947
-8.47 13.2016 13.1602262325
-13.62 25.3123 1.91737099696
-12.7323 23.6128 3.01338701464
-11.5522 20.8401 0.629627334222
-11.5319 21.4694 1.91136211117
-12.2783 23.229 0.0
-18.9159 19.8031 0.439514664147
-19.3064 20.0048 0.901385877413
-19.5805 19.1461 1.09513563087
-19.0298 20.0927 1.2322672194
-19.5917 18.996 0.476144284855
-19.212 18.7087 2.00128928444
-17.4194 19.5985 2.53060404844
-15.7896 17.6626 0.468602880913
-15.3225 17.6251 1.82435434332
-13.6959 16.799 0.674571701156
-13.0652 16.5597 0.460089121801
-12.6778 16.3115 2.87319375086
-9.8991 15.5807 1.04150184829
-9.1402 16.294 1.20364719914
-9.5029 15.1463 10.920172256
-12.2542 4.5784 6.17864131505
-6.5325 6.9103 1.69203167819
-6.6433 8.5987 10.2638286799
-0.2619 16.6376 0.996283017019
0.7302 16.5464 0.983203132623
-0.2092 16.8366 7.13330787573
-7.295 17.6585 8.81463388803
-9.7193 26.1332 6.12716910326
-9.6902 20.0061 9.61051909732
-4.6396 11.8297 10.1531113153
-10.8499 3.7974 0.194952224917
-10.6765 3.7083 1.73571812516
-8.9435 3.6112 6.47741084462
-4.4634 8.2894 0.790107233229
-3.8274 8.7582 1.17338367553
-3.8532 7.5851 8.93775205407
-9.0139 0.2878 2.56265511726
-6.7409 -0.8957 2.46757010235
-4.3295 -1.4192 2.12697886449
-2.2073 -1.2767 8.3041137426
-3.234 -9.5171 0.996157944304
-4.2201 -9.6583 1.18616274179
-3.5492 -10.6365 19.3815371849
9.8775 -24.6139 0.719477949627
10.5421 -24.8895 0.43698760852
10.9392 -25.0719 0.748140962653
11.4529 -25.6158 4.28043756875
13.2066 -29.5205 4.44270475837
16.0285 -32.9519 0.685651609784
16.1927 -33.6176 0.646585129739
16.459 -33.0284 0.298798661309
16.755 -33.0692 1.05296842308
15.7185 -33.2547 17.3967429782
-0.755 -27.6627 0.930037440107
-1.5392 -28.1627 1.27541209027
-1.4884 -26.8883 10.4700433485
-2.0188 -16.4317 0.414933163293
-1.7065 -16.1585 8.48281422171
6.5139 -14.0649 0.679650947178
7.0649 -13.667 10.3769041708
10.464 -3.8626 1.00773092143
11.4696 -3.9281 1.18909354552
10.3507 -3.5256 15.2296505285
-4.4582 0.0295 13.9210807914
-5.4626 13.9143 1.00313756285
-6.4547 14.0627 0.627154725726
-6.1263 13.5284 0.802024800115
-5.685 12.8587 0.288526220646
-5.4077 12.9384 0.19290619482
-5.2165 12.9128 0.0683275932548
-5.1694 12.8633 0.532627374437
-4.914 12.3959 0.625693894808
-4.3274 12.1782 0.14882960055
-4.2457 12.0538 0.560466207724
-3.9051 11.6087 1.40590163241
-2.5803 12.0793 1.13698602014
-3.1838 11.1157 10.9786669359
-7.7343 1.1245 4.56775022194
-3.2615 0.198 1.25233705128
-2.9443 1.4095 10.9985243556
-1.1297 12.2573 0.875441974091
-0.319 12.5877 0.797593003981
-0.8926 12.0335 0.0
-0.8926 12.0335 0.444209972873
11.2178 9.8304 37.0981285404
42.6244 -9.9154 17.1916738688
26.4115 -4.1974 14.9827471129
22.1746 10.1738 0.16781027978
22.3421 10.184 1.34602260382
21.2484 10.9686 17.6406391182
10.4669 24.9311 0.786303459232
9.6812 24.9619 5.01456498213
6.1662 28.5383 4.1873559832
2.0029 28.9865 3.64096822837
-1.6181 29.3673 0.361899889472
-1.6869 29.7226 2.59323647206
-4.2363 30.1974 0.810183152133
-3.6818 29.6067 10.5414651434
1.6453 20.5103 1.1779456906
1.291 19.3869 10.4679266013
-1.6568 9.3426 1.08402212616
-2.6589 9.756 1.40679572433
-3.8728 9.045 0.722596187369
-4.3821 9.5576 1.34599358097
-3.1045 9.134 0.71260371175
-3.4499 8.5107 1.31793476697
-3.9538 9.7285 17.590219288
-7.7972 26.8937 1.18036291453
-8.9666 27.0542 4.53290203953
-12.5955 29.7705 3.17889848218
-23.2593 30.9469 16.5521673327
-21.4547 14.4934 0.150557630162
-21.5881 14.4236 15.2920677353
-32.1022 25.5277 14.9076342456
-47.0 26.0691 4.25179725998
-49.4563 22.5986 3.33011944681
-51.0171 19.6569 0.920600423637
-51.4756 20.4552 1.11416545001
-51.3477 19.3484 10.2382449888
-49.0895 9.3623 1.06300248824
-50.1525 9.36 0.914563349364
-47.0 7.486 1.76739996888
0.0 0.0 7.63915998
-1.5406 7.4822 0.940577450293
-0.7661 8.0159 1.51918508747
-0.7114 6.4977 12.663751751
-1.7974 -6.1194 1.5932019646
-0.6829 -7.2579 14.7865454904
6.0894 -20.4024 0.349757773323
6.4377 -20.4343 0.129021122302
6.5575 -20.3864 1.5283357779
5.0555 -20.1039 15.4757205571
-8.7119 -13.0359 0.541838361506
-8.6319 -13.5718 1.10416901333
-8.2579 -12.5329 0.912295747003
-8.3026 -13.4441 11.7078742024
-8.5481 -25.1494 1.07115586167
-7.8349 -25.9486 0.535271986937
-7.7406 -25.4217 0.169871068755
-7.6259 -25.2964 1.44299077267
-8.6833 -24.3145 0.647271967569
-8.0393 -24.2495 0.7090965026
-8.5565 -23.7644 0.43739549609
-8.4814 -24.1953 0.709542782361
-7.8944 -23.7967 10.2402284838
1.9782 -21.0775 10.3356299363
6.3095 -11.6932 0.766633484789
7.0588 -11.5311 1.28007493921
6.0984 -12.3774 14.7672455147
-5.1363 -21.9614 0.839016233454
-5.4981 -21.2044 1.20465841217
-4.5839 -21.9889 21.9021001961
11.9539 -29.124 14.394143821
15.0442 -15.0655 10.7600125934
13.0447 -25.6381 1.43312471195
12.5809 -26.9941 12.9317493403
-0.2913 -28.2337 2.80156785568
-0.6704 -25.4579 14.2869849758
-7.6845 -13.0112 6.5864453205
-4.1795 -7.4348 14.7559246874
-3.7052 7.3135 12.5096972473
-8.2853 18.9546 13.6156090194
-13.4462 31.5542 1.14512876569
-12.9797 32.6 3.95677663762
-16.9303 32.379 0.636132918501
-16.69 32.968 0.413050916958
-15.9925 23.4894 0.558633627702
-15.5737 23.1197 0.418064516552
-15.2074 22.9182 2.35495559406
-14.299 20.7455 1.47175019959
-12.8277 20.7819 0.905049308049
-12.0404 20.3355 3.27904348248
-11.2194 17.1609 0.416499135653
-10.8321 17.0077 2.71424697845
-8.4786 15.6556 1.44816357156
-9.2288 16.8943 10.4267715737
-11.1577 27.1411 0.631755807255
-10.7151 26.6903 0.247204955452
-10.9574 26.7393 7.1179239951
-13.6984 20.1703 2.37712849043
-11.3665 20.6318 2.94027955984
-8.9682 18.9308 0.939032704436
-8.6323 19.8077 0.555996411859
-8.5003 20.3478 1.62195933981
-8.8724 18.7691 12.7473966146
-12.1982 6.4632 1.16832506179
-12.2598 5.2965 1.09503457936
-11.3915 5.9637 7.2008743976
-4.5712 8.2737 1.21776832772
-3.5893 8.994 0.51054584515
-3.1202 9.1955 0.433354462305
-2.7199 9.3615 1.55071970388
-3.6925 10.5693 7.06361230321
-9.3046 14.8587 2.94843785249
-6.8335 16.4671 1.5106729891
-6.7957 14.9569 0.826127169387
-6.3054 15.6218 20.5177445079
7.4971 30.803 0.608010082153
8.1046 30.8279 0.707949221343
8.7995 30.9632 1.18281647773
9.8884 30.5013 0.4361
10.3245 30.5013 0.132832563779
10.4377 30.5708 0.744318009993
9.9078 30.0481 0.507749958149
10.4007 30.17 0.533361340931
10.9233 30.2766 0.237916371862
11.1551 30.223 0.620708184254
11.4762 29.6918 0.703322074159
11.3957 28.9931 0.130873985192
11.3137 29.0951 0.862816156548
11.6551 29.8875 1.04207731959
10.8816 30.5858 0.918031726031
11.6849 30.1414 1.28745995278
11.2757 28.9207 0.277217026894
11.2909 29.1975 0.330430643252
11.3938 28.8835 0.0405463931811
11.3878 28.9236 0.0980857278099
13.6492 34.0 4.15004624673
10.9651 30.8348 1.27519299324
11.2025 32.0877 1.02345282744
10.4865 32.819 11.7113721485
-1.1323 31.3494 0.717863392297
-0.9439 30.6567 1.29849222177
-1.1185 29.37 6.28246474244
4.8735 27.4818 1.00197241978
4.7572 28.477 0.729539498588
4.058 28.6852 0.635048446971
3.4498 28.8679 1.45466627444
2.6267 27.6685 0.545124068447
2.2287 27.296 2.95261072951
1.6023 30.1814 3.72560754911
-2.1233 30.1739 2.96825607554
-4.8911 31.2462 2.68016196712
-7.5475 30.8901 1.95391693785
-8.9589 32.2413 1.43115870888
-10.0267 31.2884 1.17400767459
-10.9216 32.0483 1.68954978915
-12.4909 32.6743 2.07248197338
-14.3937 31.853 1.79363311745
-15.9927 32.6656 1.41362354253
-17.3983 32.5152 1.8309565642
-19.217 32.3037 2.01826241356
-21.2336 32.2218 2.70289100409
-23.9333 32.0905 3.81897475902
-27.7519 32.037 22.0931335127
-49.574 28.587 2.8157164772
-50.7642 26.0352 1.20886517445
-50.7047 27.2426 0.689066070852
-51.2753 26.8563 1.47275486419
-45.3734 11.2249 0.707720679364
-46.0404 10.9883 20.1711384173
-47.0 -9.16 13.7408608482
-34.5639 -15.0042 22.9473618355
-14.055 -25.2982 0.570690467767
-13.4906 -25.3827 1.35942153874
-12.149 -25.6021 0.555259146705
-11.5956 -25.5567 1.52988983264
-10.0659 -25.5808 0.937200341443
-9.1371 -25.4556 0.571337947278
-8.6188 -25.2152 2.36364132008
-6.2586 -25.3427 1.75109573982
-4.5296 -25.0654 0.586821352713
-3.9623 -25.2155 0.284456762971
-3.6932 -25.3077 0.953163307099
-2.773 -25.5562 1.86499227076
-0.9214 -25.7793 3.29151983132
2.1644 -26.9247 3.87543308806
4.6455 -29.9018 0.351050665859
4.9931 -29.9509 1.37916717623
5.264 -31.3032 0.836710278412
6.0795 -31.4904 0.501265159372
6.5785 -31.4428 0.19044571405
6.7611 -31.3887 0.548020017883
7.0898 -30.9502 1.13617626273
7.4631 -32.0233 1.14939338784
6.3181 -32.1237 8.99985922668
-2.484 -34.0 11.6340576554
-9.5392 -24.7493 1.03072499242
-9.1052 -23.8144 15.6877083581
-8.604 -8.1347 11.2448055319
-4.3344 2.268 1.37811030763
-3.4255 3.3039 0.771666022318
-3.9188 3.8973 0.818779536872
-3.1745 3.5561 0.771229213658
-3.571 2.8946 1.17049969244
-3.0513 3.9434 21.2987340762
5.2625 23.5525 3.76101443762
8.5901 25.3053 1.9650444397
7.884 27.1391 0.121543284471
7.8899 27.2605 2.49490860955
7.193 29.6561 0.618978852627
7.0581 30.2602 0.646732726866
6.642 29.7651 1.43266952575
7.4426 30.9532 0.805643550213
