0.0 0.0 7.72105060856
-7.7105 0.4035 0.858470325637
-7.3646 -0.3822 11.1021020843
-1.7136 -9.9385 9.52528908958
3.4594 -17.9367 19.9452180474
21.1864 -27.0781 0.574693605324
21.7569 -27.0088 1.5694720641
23.3253 -26.9508 3.08461451725
25.2309 -29.3764 0.614655781719
25.8147 -29.1841 3.41670715895
29.1413 -29.9636 1.36891081156
30.3613 -30.5845 3.96970917071
33.1264 -33.4328 4.83002835602
37.8548 -32.4472 0.779774839297
38.1464 -33.1704 0.969273232892
38.7638 -32.4232 2.94774335552
40.9573 -30.454 0.516836540891
40.7718 -29.9716 0.414817321239
40.6264 -29.5831 0.581063275384
40.4126 -29.0428 0.47347850004
40.2468 -28.5993 0.808919384117
40.2104 -27.7912 0.26841944788
40.1792 -27.5246 1.32216160132
39.9981 -26.2149 1.6909073925
40.2176 -24.5383 0.462980885135
40.1925 -24.076 0.235317020209
40.1514 -23.8443 0.870081128401
40.6145 -24.5809 0.83225152448
40.1631 -23.8817 7.51100229064
38.9385 -16.4712 0.246271821368
38.8795 -16.2321 0.759950445753
39.1997 -15.5429 4.41212150785
38.4945 -11.1875 1.22620140678
39.5475 -10.5592 8.09305072022
43.0175 -3.2478 13.167457152
42.6248 9.9138 11.678999023
31.2855 7.1175 5.15447514011
26.2126 8.0309 6.01670762211
21.4845 11.7519 17.1462853484
11.1535 25.4364 3.51012533679
7.6577 25.1196 2.74969153906
4.9211 25.3876 3.30042577405
1.6426 25.0078 3.58689211714
-1.9133 24.5373 3.4804211024
-5.391 24.3997 2.56178017987
-7.935 24.0984 1.77941213888
-9.7116 23.9984 1.7978953251
-11.509 24.0406 2.70396332261
-12.6257 26.5032 2.59935038423
-13.9026 28.7673 1.90537840074
-15.4984 29.8084 2.36147638777
-17.8336 30.1597 3.31339841552
-20.9727 31.2202 2.36631490931
-23.2467 31.8747 0.745589813503
-23.9523 32.1156 2.89863281566
-26.8185 31.6832 2.00457618713
-30.7787 24.0459 0.9842056086
-29.7965 24.1087 7.99819926233
-22.1603 21.7297 8.76577609798
-21.5485 12.9853 17.1158060251
-9.4102 0.9183 8.92712921885
-1.0762 4.118 0.773604058935
-0.3494 3.853 0.566185561455
0.1521 3.5902 1.35566382632
1.3261 2.9123 5.13402527555
6.4573 3.0826 0.779885074867
7.224 3.2254 0.602560677443
7.7279 3.5558 1.6120323725
8.8505 2.3989 10.9366981974
6.806 -8.345 0.25010353856
7.0157 -8.4813 1.07140500279
6.0475 -8.0225 15.2178145737
-9.1559 -7.3603 10.405817952
-11.5209 2.7732 0.900370912458
-11.1596 3.5979 0.447560509875
-11.07 4.0364 0.797884628251
-11.6102 4.6236 0.548244653417
-12.1238 4.8154 0.504442117591
-12.4702 4.4487 0.110355153935
-12.3853 4.3782 0.317801463181
-12.6289 4.1741 0.279209455427
-12.5773 4.4485 0.0348574238865
-12.5793 4.4833 0.015339491517
-12.5724 4.4696 0.0164514437056
-12.556 4.4709 0.275205614042
-12.4943 4.7391 0.0220513038163
-12.4744 4.7296 0.282145724759
-12.4949 4.4482 0.139458990388
-39.0313 29.3261 0.850270509897
-38.9258 28.4824 12.9992474751
-40.8002 15.619 6.50844796399
-47.3083 15.6863 2.86798022657
-49.602 13.9646 0.656908288881
-50.1651 13.6263 1.76587361099
-51.7466 12.8407 0.84857631949
-50.9545 12.5363 1.40796575242
-51.8715 13.6047 0.184654758942
-51.9642 13.445 0.902365003754
-52.0808 12.5502 0.368228000022
-52.1839 12.9037 1.18799237792
-51.1009 12.4154 0.162604427984
-51.2317 12.512 0.0488069667158
-51.1861 12.4946 1.03770273682
-52.1497 12.8797 1.13566502544
-51.2909 13.6228 0.755401416467
-50.6478 13.2265 0.558671012314
-50.2205 12.8666 1.54854897888
-51.676 12.3379 0.849296632514
-52.0426 13.104 0.49839699036
-52.3486 12.7106 0.981282492456
-51.3804 12.5509 0.213557486406
-51.1678 12.5307 0.0272919402022
-51.1589 12.5049 1.46431809727
-50.7159 11.1092 20.6896839734
-30.0265 11.0008 0.74815780421
-29.2784 10.9915 1.1361267755
-30.4145 10.9993 9.11615708344
-39.4151 9.5524 7.96034080929
-42.0563 2.043 0.989215547795
-42.1431 1.0576 3.21287335107
-39.037 0.2362 0.870975803338
-38.3311 -0.274 0.656114776544
-37.7827 -0.6342 1.52592660702
-36.4567 -1.3893 4.39507763299
-36.4073 3.0055 1.12938795814
-42.6267 -9.9059 9.73403491107
-33.0573 -8.1232 3.03345419283
-30.4988 -6.4935 10.5712059227
-35.4743 2.8336 0.726992744118
-34.8705 3.2385 0.965818683812
-35.1318 4.1683 2.21596867532
-35.7772 6.2882 0.817264926447
-35.0708 6.6992 10.7154435489
-26.751 13.4521 11.8828227981
-18.5327 22.0347 2.28980497423
-16.8688 23.6078 0.497055208201
-16.3746 23.661 0.801109081212
-15.5772 23.738 2.19184901852
-13.3976 23.5066 3.11215618181
-10.4407 22.5359 0.67910697979
-9.863 22.8929 1.78830485377
-8.1583 23.4333 1.77013234816
-6.3885 23.4676 2.98683214292
-3.5022 22.6992 1.10401886306
-3.486 21.5953 20.8609612686
-0.9513 0.8889 19.9622318474
3.5535 -18.5584 0.511835178549
3.0561 -18.6791 0.264137558859
3.0673 -18.943 1.232864802
4.2764 -18.7021 1.22727995991
3.5881 -17.686 15.6918258813
-10.9076 -11.677 0.837131196408
-11.6868 -11.371 1.25072871959
-10.6036 -10.7457 12.3457410025
-3.1525 -0.902 8.92564544949
4.0937 4.3095 16.4600320322
6.418 20.6046 1.14551385849
7.229 21.4136 1.18816898209
7.9938 22.3229 2.72295339108
9.2157 24.7563 0.49415844625
9.5976 25.0699 2.26240877385
10.5781 27.1088 2.70011351613
12.8111 28.6268 3.23632861434
14.1302 31.5821 0.634990086537
14.7097 31.8417 0.404117569526
15.1107 31.8918 1.84078122817
16.225 33.357 1.11299907008
17.3377 33.3312 4.99564516454
22.3082 32.8306 2.14470587494
24.4322 33.1279 2.26165022274
26.6935 33.1677 0.620689108975
27.3059 33.2688 0.632682937971
27.929 33.1591 2.97503204184
30.9036 33.1084 4.81591131563
35.7054 32.74 1.37756280801
36.8977 32.05 1.05876012392
37.8413 31.5698 1.25883541815
38.9308 30.9392 1.07232340737
39.9003 30.481 1.63828299448
40.1629 28.8639 0.704733176458
40.1492 28.1593 0.321536436504
40.1954 27.8411 0.494528320726
40.2629 27.3512 0.30284023841
40.2924 27.0498 0.232365272793
40.3035 26.8177 1.03995194601
40.1809 25.785 0.825489824286
40.2121 24.9601 1.4347052415
39.9893 23.5428 0.482410551294
40.0506 24.0213 1.17041754088
40.4367 22.9164 13.389436096
39.9643 9.5353 1.02365809233
39.0085 9.1688 1.00930848109
0.0 0.0 1.94596481469
1.1135 1.5959 1.6690925229
0.5708 3.1743 2.75284999228
-2.1684 2.9005 1.51892162405
-3.6863 2.8448 3.08952891231
-5.81 5.0887 2.31674088322
-7.7956 6.2823 0.887473943279
-7.341 5.5201 1.10450079221
-7.4972 6.6135 21.662543464
-14.289 27.1838 6.6532680699
-19.8566 30.8263 3.40321617885
-23.1016 31.8519 1.87327781442
-24.9512 32.1488 2.60014648818
-27.5036 31.6528 3.02686221854
-30.5291 31.7436 1.28447767594
-31.797 31.5379 1.45331173875
-33.2255 31.2705 3.58902373634
-36.7992 30.9392 11.2852316206
-48.0669 31.568 2.83452769434
-50.3084 29.833 0.837694216287
-49.7882 29.1764 14.133246662
-43.4693 16.5344 18.3196104175
-50.7788 21.3173 7.93260668696
-43.8266 17.4972 0.0
-43.8266 17.4972 1.27338250734
-42.7781 16.7746 4.3608106689
-38.5069 15.8951 0.784531006398
-37.7562 15.6672 2.64009648498
-35.1233 15.862 1.48462139281
-33.8925 15.0318 1.71191067524
-32.7479 16.3048 0.131629669908
-32.781 16.4322 0.84422879008
-31.9385 16.4862 0.394659612831
-31.7571 16.1357 1.41807315044
-32.8456 17.0446 1.14738680923
-31.8713 17.6506 14.52868922
-20.341 26.49 1.08592714765
-20.5946 27.5459 0.587025766044
-20.1283 27.1893 1.6466982389
-18.4853 27.2996 0.595846188206
-17.9005 27.4138 1.47030908995
-16.5196 27.9187 0.889690507986
-15.6458 27.7513 1.37342480682
-14.3857 28.2976 1.26998586606
-13.1676 28.6569 0.38779587414
-12.8806 28.9177 2.15828125368
-10.7512 29.2696 1.0666144008
-9.691 29.3864 3.08655759221
-6.6214 29.0633 0.62443187779
-6.3195 28.5167 5.97723485652
-7.3028 22.6209 0.703583150736
-6.7166 23.01 0.921969223998
-7.308 22.3027 8.00253606052
-9.1854 14.5235 8.06767207068
-5.8546 21.8715 8.86593585021
0.3037 28.2496 0.462906048783
0.4013 28.7021 1.31781223625
-0.1265 27.4946 8.69301775565
-4.5366 20.0033 13.645784397
-5.2232 6.3748 0.581611072797
-4.8394 5.9378 10.8031668325
4.8546 1.1697 11.1315508106
-5.0446 6.2606 0.53669914291
-5.0032 5.7255 1.44580168073
-3.9723 4.7118 10.3885429378
3.9931 -1.9571 8.03240491322
10.8193 2.2764 1.56614024915
11.3751 0.8122 0.394174491818
11.7164 0.615 0.237025842473
11.7199 0.378 0.146254572578
11.5843 0.3232 0.809817411519
11.3561 -0.4538 0.687761077701
11.6248 -1.0869 3.20539177013
11.8394 -4.2851 1.43650271493
12.7876 -5.3642 15.7556464371
14.8415 -20.9854 3.63440107033
16.3632 -24.2859 0.291009450018
16.4695 -24.5568 1.47952429179
15.9732 -25.9506 1.98988806218
17.2497 -27.4771 2.43362638464
19.2694 -28.8348 2.05852526096
21.1534 -29.6643 0.595171009039
21.6317 -30.0185 0.472815365656
22.0171 -30.2924 2.30240228674
24.1894 -31.0554 0.812444262704
24.9932 -31.1736 1.77929184228
26.5077 -32.1075 0.777088746541
27.2661 -31.9381 0.618142006338
27.8334 -32.1836 0.329548812773
28.1605 -32.2237 0.100626686321
28.2403 -32.1624 0.169538225778
28.3867 -32.2479 0.365741903533
28.7292 -32.1196 1.21115913075
29.9304 -32.2746 2.64203031209
32.3865 -33.2482 1.42285624362
33.7975 -33.0649 3.37154626247
36.8111 -31.5531 3.75007713254
40.3422 -30.2904 1.23513485903
40.3848 -29.056 0.442518711469
40.3563 -28.6144 0.360518987017
40.3526 -28.2539 2.25460418699
41.1628 -26.1499 3.1563142841
40.7447 -23.0214 0.495583131271
40.7077 -22.5272 0.414457778308
40.5822 -22.1322 1.53941158239
40.4943 -20.5953 1.4058742049
39.8711 -19.3351 2.90706593148
40.1104 -16.4379 1.44782209197
40.5888 -15.0714 0.492933281489
40.4959 -15.5555 1.09621981828
40.5476 -16.6505 1.20250750102
41.1466 -15.6078 0.661539552861
40.8053 -15.0411 6.84287014709
41.0526 -8.2027 5.14603123387
0.0 0.0 1.96273173154
1.9401 -0.2972 0.149030600885
1.9607 -0.1496 0.899473723907
1.3774 0.5351 0.979410322592
0.3981 0.5498 1.58629312865
-0.8989 1.4631 2.53385378623
-3.2499 0.518 0.944011906705
-2.4541 0.0102 20.0408388687
12.5675 -13.2558 0.873103733814
12.2037 -14.0495 1.27169906031
11.6448 -12.9072 13.7739236095
6.0566 -0.3178 10.5653871874
2.5517 9.6493 21.1224735105
-7.9179 27.9945 2.79280084861
-10.6986 28.2542 3.44556487241
-13.9234 29.4677 2.84428275845
-15.8079 31.5981 3.43203824716
-19.2012 31.0839 2.98648540094
-22.0491 31.9831 2.65882972753
-24.5315 32.9355 2.59832293028
-27.1232 32.7501 3.57108700818
-30.6623 32.2732 3.21096473509
-33.8581 31.9615 15.2894692913
-49.0517 30.252 2.63963652422
-50.628 28.1347 2.93641771552
-51.021 25.2247 0.534630882011
-51.1583 24.708 0.697551668337
-51.3151 24.0283 0.916048737786
-51.0824 23.1423 1.51813812942
-50.8111 21.6486 0.933379842294
-50.6878 20.7234 0.881043228224
-50.5612 19.8515 0.923739514149
-50.305 18.964 8.23814154588
-46.4007 11.7098 0.377953026182
-46.7667 11.8041 1.35300498151
-47.0 9.16 9.81312097245
-44.6881 -0.3769 35.5334179186
-28.2648 -31.8872 0.407971089662
-27.9328 -31.6501 0.976195948568
-27.3101 -32.4019 1.94671522314
-28.9801 -33.4023 2.58757740367
-26.4732 -32.7612 0.454768622488
-26.0185 -32.7533 1.58414388867
-24.4354 -32.6958 0.317778240287
-24.118 -32.7113 0.982187970808
-24.3616 -31.7598 0.933611444874
-23.4744 -32.0505 0.573877486926
-23.8223 -32.5069 0.405852152883
-23.9377 -32.896 0.80797501199
-23.1326 -32.8279 0.367567150328
-23.0351 -33.1823 0.425072993732
-22.7974 -33.5347 0.0506787924087
-22.7489 -33.52 2.9730270769
-20.3355 -31.7838 1.00014081009
-19.3385 -31.863 0.428613485555
-18.9211 -31.7656 2.36643745956
-17.0507 -30.3159 0.470166034503
-16.6408 -30.5462 0.358203084856
-16.2936 -30.4581 0.290392579106
-16.2192 -30.7388 2.06456803472
-14.5986 -32.0179 0.142100598169
-14.5059 -31.9102 0.390869031774
-14.1177 -31.9558 1.43743062789
-12.9902 -31.0642 0.574804262336
-12.4167 -31.1029 0.388553535565
-12.0983 -30.8802 1.82480517316
-10.4067 -30.1958 0.654336037522
-9.8193 -29.9075 0.530983709731
-9.304 -29.7794 0.469845772568
-8.8439 -29.8746 0.292238327397
-8.5807 -30.0016 0.49850496487
-8.1115 -30.17 1.68790266603
-6.4236 -30.167 3.17868453924
-3.5358 -28.8386 3.11794015337
-1.146 -30.8412 5.08039474451
3.261 -33.3688 1.54188475899
4.8004 -33.4563 2.97492093508
7.0765 -31.5407 7.89282019876
10.9178 -24.6457 0.504568974472
11.303 -24.3198 1.03340779947
12.2002 -23.807 2.59950647047
14.7997 -23.8012 2.0627746605
16.735 -23.0873 1.62408000111
16.8958 -24.7034 5.20125009781
18.7215 -29.5737 0.598151861988
19.2432 -29.8663 3.930133728
22.0338 -32.6337 0.405107454881
22.4032 -32.4674 0.642157589693
22.9926 -32.2125 2.21930977558
25.1768 -32.6057 0.927288439484
26.1007 -32.5265 1.8303088947
27.9255 -32.6684 2.8958603782
30.8213 -32.6497 4.72650913572
35.4688 -31.7891 4.80784393362
40.2365 -31.1691 1.66449855812
40.3474 -29.5083 2.75179128932
40.1585 -26.763 6.74775550313
39.8522 -20.0222 10.7847021549
41.0711 -9.3066 0.0
43.4387 9.4136 11.0085237121
32.4493 8.765 13.4777149803
19.0115 9.8015 0.703882696193
19.2782 9.1501 1.09147258326
20.3656 9.2443 1.27760003522
19.8472 10.412 22.3484668425
5.9997 27.9534 0.800297869546
5.2099 28.0826 4.94831337124
0.558 29.7695 4.46517123636
-3.9049 29.9119 3.34369368513
-7.2464 30.033 2.58374805273
-9.543 31.2168 2.52332411117
-11.9766 31.8837 2.72502170634
-14.5157 32.873 1.17047117436
-15.6551 32.6051 1.5267020469
-17.1668 32.3916 2.51717322606
-19.6839 32.4108 1.92465218156
-21.608 32.3647 2.6248499919
-24.2328 32.3809 2.35694796294
-26.5831 32.204 2.77834566064
-29.3541 32.0021 3.30695343935
-32.661 32.0209 2.44217315725
-35.0997 31.8907 13.8654341043
-48.9646 32.0124 2.75361090207
-50.753 29.9186 2.5108787167
-50.6082 27.4119 0.994296137979
-51.1267 26.5635 0.938349428518
-51.2741 27.4902 0.361360125083
-51.0856 27.7985 0.899073222824
-46.4329 13.3846 19.3065512301
-31.7415 0.8584 0.936580001922
-42.6259 -9.9092 10.0905441503
-32.8105 -7.5689 1.6831972582
-31.3331 -8.3754 0.559848238365
-31.3854 -8.9328 3.03348829073
-32.8319 -11.5992 0.161955858184
-32.9558 -11.4949 0.725794034145
-33.2005 -10.8116 1.33401643918
-32.102 -11.5685 19.3635234792
-17.9548 -24.7898 0.512250065886
-18.283 -25.1831 2.7518436311
-16.2701 -27.0595 18.9672355637
-0.7464 -16.1613 1.5740062071
0.5863 -15.3238 4.3187491534
4.8559 -15.9735 1.31723507393
4.1977 -17.1145 9.78102136282
0.5964 -26.2084 12.3715128473
-11.7723 -26.4722 13.8408857466
1.7342 -29.4962 1.0430633394
0.735 -29.7955 0.0628156031572
0.7298 -29.8581 8.00602871466
-7.2685 -29.5064 0.586786536996
-6.9475 -29.9976 8.36922233245
1.4187 -29.7727 0.3254973579
1.2154 -29.5185 4.65993865196
-3.4216 -29.9803 5.96635275692
2.4925 -30.7682 4.00208109488
6.1455 -29.1335 0.538140000372
6.576 -29.4564 0.444379308699
6.9271 -29.7288 2.44806781156
8.0011 -31.9287 0.34030600935
8.2788 -32.1254 0.278484936756
8.3863 -32.3823 1.72630346405
9.7786 -31.3617 2.26950402732
10.9953 -33.2775 0.274439301121
11.25 -33.1753 0.669956491125
11.9121 -33.073 0.483756633029
12.3953 -33.0498 0.430116100605
12.8222 -33.1023 0.685502924866
13.5073 -33.0788 1.64109074094
14.5244 -31.7909 3.79997764204
18.1472 -32.9377 2.96493268052
21.1116 -32.9939 2.32472623119
23.3982 -33.4132 1.67307214728
25.0486 -33.1387 3.24604776921
28.289 -33.3301 0.650725940777
28.937 -33.2706 1.50891953397
30.4424 -33.1676 2.21970251385
32.6594 -33.0581 4.08956423351
36.7155 -32.536 1.97172435447
38.5502 -31.8138 2.67695379116
40.3146 -29.8006 0.455982422907
40.2832 -29.3457 1.06950091632
40.2846 -28.2762 0.715868367788
40.265 -27.5606 0.719377265418
40.2117 -26.8432 0.646458854066
40.1234 -26.2028 0.642624151429
40.2036 -25.5652 0.471944000915
40.1003 -25.1047 0.292811082441
40.052 -24.8159 0.617421679244
40.4712 -25.2692 8.6065088346
39.2498 -16.7498 6.98732273335
38.5921 -9.7935 3.743638985
0.0 0.0 2.00340528102
1.8966 0.6454 0.224473160979
2.0524 0.4838 4.21771700568
-1.2469 3.1113 0.478249945112
-1.7064 3.2439 1.90477817081
-3.5952 3.4901 3.5404406576
-7.3914 3.6258 7.47917797956
-13.8904 7.3273 0.699313842277
-14.5095 7.0021 8.24222871862
-14.099 -1.2299 0.573192829683
-13.7069 -1.648 0.409508302724
-13.5097 -2.0069 1.197086651
-12.8668 -3.0167 0.374047924737
-12.5092 -3.1264 0.476850186117
-12.4761 -3.6021 2.33894019804
-10.1735 -4.0128 2.13027317028
-8.7318 -5.5811 2.13381203483
-6.781 -6.4457 0.606337364839
-6.1782 -6.5111 0.456793443473
-5.7289 -6.5935 1.53077317066
-4.3864 -7.329 3.78776356839
-0.8671 -8.7296 0.691629329916
-0.2079 -8.9389 2.95099761098
2.6098 -9.8158 0.608065234987
3.1191 -10.148 2.00761977476
5.0581 -10.6684 5.32652442499
6.9707 -15.6397 0.272141874764
7.1781 -15.4635 0.23173174146
7.3595 -15.6077 0.896488527534
8.2263 -15.8365 1.04125317286
8.3894 -14.8081 0.859264720561
7.6313 -14.4036 0.659312990923
7.0372 -14.6895 0.159271466371
6.9508 -14.8233 0.695057673866
6.6702 -15.4592 0.168876582154
6.5909 -15.3101 32.3443369414
-25.6374 -18.0474 0.13820694628
-25.542 -18.1474 12.7098088896
-18.8769 -28.9694 0.788665512115
-19.6592 -29.0694 1.33226487607
-19.7149 -27.7383 22.2441298382
-23.8304 -5.8782 1.15438992546
-22.9215 -5.1665 12.4240615718
-12.963 2.2622 0.905610539912
-12.0583 2.3028 0.983662309942
-11.0756 2.2593 0.97705120132
-10.1007 2.1945 10.2296065794
-0.2456 -0.5481 0.797035538731
0.5447 -0.6515 2.0637729817
2.5853 -0.9599 0.60574520221
3.191 -0.9673 2.86218842846
5.9088 -0.0697 0.591096218902
6.4881 -0.1872 2.01794532384
8.4563 0.2581 0.86397650431
9.2569 -0.0667 0.446008890046
9.6761 -0.219 2.08043068858
11.6424 0.4606 1.49307369544
12.0565 -0.9739 10.6348396246
11.8587 -11.6069 10.2252591248
16.2043 -20.8628 7.08224249797
20.3337 -26.6166 4.4433096606
22.5092 -30.4909 1.06436854519
22.061 -31.4563 3.19574554838
25.2566 -31.4868 0.872751997993
25.0277 -30.6446 2.32115173567
23.602 -28.8129 6.31146486721
26.2511 -23.0843 11.0364696226
24.0084 -12.2781 2.89343819184
26.5928 -10.977 1.42720866379
27.1629 -12.2854 14.8976193783
32.5314 -26.1821 3.5840454015
35.6654 -27.9209 1.70325772859
37.3679 -27.9717 0.707879792055
38.0733 -27.9125 2.24005351052
39.87 -26.5747 0.472341031459
39.8946 -26.103 0.385244986989
39.9109 -25.7181 0.895604203876
39.7342 -24.8401 2.39594838217
39.9085 -22.4505 11.7071749611
39.5571 -10.7486 0.60018778728
39.1108 -11.1499 1.16024611182
0.0 0.0 2.17056226126
2.0222 0.7887 0.774543329969
2.7313 1.1003 1.0808912665
1.653 1.0255 2.46260025177
-0.8014 1.2263 1.66170189866
-2.4496 1.0149 2.02074634974
-3.9805 2.3339 2.77741726249
-6.1061 4.1216 1.18719121038
-6.9312 4.9752 1.0321869259
-6.7469 3.9596 1.42512949938
-5.5349 4.7093 0.671988362994
-6.0379 5.1549 2.48674330199
-8.0942 6.5533 1.10968090909
-8.1076 5.4437 1.03389311343
-8.2215 6.4713 16.1221488022
-13.5441 21.6895 1.11253717691
-14.4572 22.3251 0.182144475623
-14.2778 22.3566 0.300698553372
-14.0297 22.5265 1.2122722879
-14.5526 21.4328 0.902065457714
-14.1166 20.6431 1.70991242173
-15.2311 21.9399 2.52220104076
-16.9214 23.8119 2.66854797409
-18.8844 25.6196 1.04178712797
-19.7065 26.2595 4.38614555618
-21.3037 30.3445 2.0384161008
-23.3269 30.0959 3.10185828174
-26.4201 30.3275 1.10515267724
-27.5139 30.4855 3.15508458841
-30.6465 30.8615 2.58718345117
-33.194 31.3129 3.4799161556
-36.6726 31.4086 3.16449156896
-39.8134 31.7951 12.5142106843
-52.2962 30.909 0.596348329418
-52.3095 30.3128 2.94416766676
-50.7949 27.7881 13.8182948022
-45.3167 15.1021 0.714134028037
-46.0121 14.9396 2.13481279039
-47.6335 13.5509 3.07337904594
0.0 0.0 8.00440680438
-2.6005 -7.5702 0.158782933592
-2.7536 -7.5281 10.8223631403
2.7601 -16.8406 15.9213954476
16.3547 -25.1278 5.89373700295
21.8232 -27.3259 3.09076509136
24.2599 -29.2273 3.13785667295
27.3084 -29.9708 3.7410601305
30.7385 -31.4641 0.60374459832
31.3412 -31.4996 1.40227906638
32.6485 -32.0069 3.78560682718
36.4326 -31.9001 0.621775240742
37.032 -31.7348 2.70395754774
39.6811 -31.1929 3.03949551406
40.3468 -28.2272 1.32038416379
40.3893 -26.9075 0.713797625381
40.2757 -26.2028 1.26723697074
40.083 -24.9503 0.279974088087
40.0423 -24.6733 0.985300005075
39.9374 -23.6936 0.63548687634
40.1485 -24.293 1.55232683736
40.586 -22.8036 7.59085754905
40.8372 -15.2169 0.988052356912
41.2611 -14.3244 0.986309692744
41.5111 -15.2785 0.947091468655
41.2611 -14.365 0.855937672965
41.0564 -15.1961 1.2396247053
41.1679 -13.9615 5.56231399689
40.7169 -8.4175 1.18880300302
0.0 0.0 1.9969729217
1.5014 1.3167 1.74367137385
2.8599 2.4098 1.14917154507
1.7189 2.273 4.58498056703
-2.8653 2.1884 1.26674244028
-3.2048 3.4088 1.34941225724
-3.6136 2.1228 1.06473214002
-2.5558 2.0015 1.10176713511
-3.2557 2.8524 2.02995588622
-5.1344 3.6213 0.432020474052
-5.2669 4.0325 1.71341634462
-6.6443 3.0134 6.60710265245
-9.4408 8.9995 17.54786262
-14.279 25.8672 4.74338692919
-17.2106 29.5962 3.50653586892
-20.5342 30.714 3.67203274768
-24.2007 30.9155 1.76581086756
-25.9658 30.8654 2.69310885224
-28.6581 30.9314 3.35520998002
-32.0121 31.0215 18.2156203883
-50.2098 31.8293 3.33419361315
-50.7907 28.5461 0.90731904532
-29.7391 -0.0734 21.5723669031
-18.0055 -18.1756 0.668817561073
-17.3473 -18.0569 0.492863196029
-16.857 -18.0067 0.818602443192
-16.0934 -18.3017 0.871467096338
-15.2325 -18.437 0.830775083883
-14.4143 -18.581 7.49229610266
-6.9628 -17.8002 4.98341850641
-2.0693 -18.7426 5.05024589599
2.6552 -16.9582 2.13486299326
4.79 -16.9746 10.2099252128
13.3083 -11.346 1.62333072724
14.231 -10.0104 2.12142401467
15.8727 -8.6668 0.654156900139
16.4668 -8.393 0.400794660643
16.7578 -8.1174 2.10076436565
18.0972 -6.499 1.65253843526
17.141 -5.1512 11.1672271961
9.3104 2.8105 1.03734698631
8.779 3.7014 15.1830673502
-1.1564 15.1824 0.874098970369
-0.869 16.0079 1.17783584595
-1.1682 14.8687 17.7205111309
-9.7827 -0.617 15.5928654358
-4.3062 -15.2165 0.156085393295
-4.3774 -15.0776 0.40455180138
-4.0284 -14.873 0.743073522607
-3.3899 -14.4929 10.1972793298
2.2738 -6.0131 14.7252817752
10.7578 6.0225 12.0130560029
4.416 -4.1802 9.79463523568
9.8178 -12.3506 1.13847024555
10.9139 -12.6583 0.501522202898
10.6203 -12.2517 0.814882795253
10.4684 -13.0523 11.5501694706
13.3138 -24.2465 0.80371378612
14.0406 -24.5896 0.659789663453
14.6014 -24.9372 2.89163966808
17.038 -26.4943 1.15050237722
18.0734 -26.9959 1.11223430985
18.9788 -27.6419 2.22218056872
21.199 -27.5481 1.00340597965
22.1056 -27.9781 1.64102467989
23.3602 -26.9203 2.93082755037
25.7424 -25.213 2.00336361652
25.2437 -23.2727 0.402594212576
25.3974 -22.9006 1.76925703333
26.4887 -21.508 0.333104338008
26.8218 -21.5097 0.209124364912
27.0292 -21.4829 1.40910749767
28.2397 -20.7616 0.958288437789
28.7889 -19.9763 1.36607027638
30.1485 -20.1091 1.20769863791
31.3529 -20.1983 1.0249059469
32.1531 -20.8387 0.60567596122
32.61 -20.4411 3.56202208022
33.4403 -23.905 3.76813216992
33.2682 -27.6692 0.146228622369
33.3398 -27.5417 3.56742810019
36.7007 -28.7379 3.25404708786
39.9545 -28.778 0.466372308355
40.0382 -28.3192 0.571392238309
39.9232 -27.7595 0.360180760175
40.0009 -27.4078 0.298336219725
40.0644 -27.1163 0.459394057428
40.1733 -26.67 0.720600999167
40.1745 -25.9494 0.346145922986
40.2351 -25.6086 0.269650625811
40.2762 -25.3421 0.584359110479
40.2588 -24.758 0.696912655933
40.2546 -24.0611 0.292756366284
40.3148 -23.7746 1.64915790633
39.872 -22.186 0.469939591863
39.9471 -22.6499 1.15645062584
40.1349 -21.5088 5.33832683338
40.2396 -16.1715 0.995160735761
40.6104 -15.248 7.53862381208
40.7807 -7.7113 1.13777973703
0.0 0.0 2.10445887819
1.9126 0.8779 1.20183780936
1.3492 -0.1837 0.662431981414
0.6935 -0.0895 1.45843561394
-0.7195 -0.4507 1.91558063521
-2.2069 0.7564 2.99466173048
-4.2181 2.9752 0.91833006049
-4.6994 2.1931 1.5894589331
-5.5443 3.5394 2.88678891677
-7.6074 5.5586 0.692553225391
-8.078 6.0667 1.46960740676
-9.1013 7.1215 0.834737922943
-9.3177 6.3153 1.26181375805
-14.4898 22.2569 0.501790045736
-14.5933 22.7479 1.10207065563
-14.9516 21.7057 1.214497641
-13.7372 21.7211 1.1571195271
-12.5924 21.5527 2.99796598546
-9.7061 22.3633 2.44371729953
-7.8061 23.9001 6.49882038527
-3.0785 28.3593 1.46060865738
-1.7744 29.0171 10.3107388586
8.4861 30.0337 2.60302713201
8.3606 32.6337 0.495206159089
8.4123 33.1262 0.285791829834
8.4562 33.4086 0.160090130864
8.464 33.5685 1.07844241849
9.5419 33.6027 0.451398548956
9.0971 33.5258 0.701749649091
9.6607 33.1077 2.99788367019
12.0808 31.3384 0.857067616936
12.1059 32.1951 0.914241002143
11.3478 31.6841 0.491424104008
11.8277 31.7899 1.27531220099
13.0522 32.1463 1.19127186234
13.8569 31.2679 7.4548656554
18.1756 25.1914 0.117365625291
18.1591 25.3076 0.525157881022
18.4157 24.8494 1.33567235503
19.7149 25.1594 1.0725533087
20.7791 25.293 4.35850051279
21.0575 29.6426 4.91005116572
23.6248 33.828 0.544734155346
24.0569 33.4963 0.358695985481
24.3329 33.2672 0.474019883549
24.7278 33.005 1.19309585952
25.8595 32.6272 1.07383082932
26.9251 32.4945 2.86769479722
29.7779 32.2026 1.96118264575
31.7015 32.5847 0.638673194991
32.3139 32.4034 2.5313213348
34.8212 32.7513 3.71381757764
38.4156 31.8171 1.89856702278
39.2821 30.1278 0.905873114735
39.695 29.3215 2.72637276432
40.0084 26.6132 1.42607001231
40.3236 25.2224 1.27442679272
39.9642 23.9997 1.07059315335
40.2353 22.964 0.616503633404
40.1286 22.3568 1.17264775615
40.4662 23.4798 1.02607345741
40.4319 22.4543 8.01559195381
40.558 14.4397 0.455066852232
40.609 13.9875 1.13941671043
40.421 15.1113 0.762887671941
39.6602 15.0549 0.136763811003
39.7937 15.0846 0.0676031064375
39.841 15.1329 0.456613939778
39.8308 15.5894 0.73655442433
40.0509 14.8865 0.946049470165
40.4281 15.7541 0.776652077832
39.674 15.5683 9.31023007772
40.7817 6.3242 1.09149267519
41.5518 5.5507 9.08319046371
37.79 -2.7169 0.437030719744
38.1248 -2.9978 1.00566939399
38.8786 -2.3321 4.09771383213
42.9197 -1.6533 0.281683865353
43.6615 -1.1355 0.858860087558
44.2302 -1.7791 44.265966485
0.0 0.0 2.03657171983
1.7711 1.0054 0.42565000881
2.1248 0.7686 3.75439614985
-1.217 2.4797 1.47790019284
-2.4527 1.669 2.95666641
-4.6826 3.6105 3.65663045576
-7.5924 5.825 23.4308212056
-13.2985 28.5504 6.58719106904
-19.6638 30.2457 2.19497334836
-21.6826 31.1073 2.6447262883
-24.1693 32.0078 3.54636045122
-27.6559 31.3595 2.60233669036
-30.2159 30.892 7.18434792935
-37.334 29.9186 0.969379311725
-36.6655 29.2166 7.85268329808
-30.0452 24.9933 8.00390830845
-37.7541 27.1463 14.2643692146
-51.9856 28.1141 0.746918502917
-51.5814 28.7422 1.38583604369
-51.1937 27.4117 13.052034369
-47.7332 17.0482 12.1388336128
-36.0 20.16 4.55921640745
-36.2769 15.6092 2.98901683669
-33.4191 14.7333 10.8700733135
-35.3221 4.0311 0.248212328461
-35.4811 4.2217 0.144013089683
-35.6247 4.2108 0.529726948531
-35.2617 3.825 1.49302792003
-35.8863 5.1811 6.32391636646
-29.7549 6.7296 0.861300098688
-28.943 6.4421 1.48647680776
-27.5011 6.0808 3.15444890433
-24.8276 4.4066 1.30130393452
-23.6809 3.7914 2.72749879927
-20.9938 3.3237 11.7999645139
-12.7856 -5.1536 16.8315497364
-5.1899 -20.1738 4.67318813338
-2.3461 -23.8821 4.04240000124
1.1595 -25.895 4.75377210329
4.9155 -28.8089 3.73728646213
7.9338 -31.0128 0.603079165616
8.5306 -31.0996 2.18103052707
10.6316 -31.685 1.78176169563
12.2961 -31.0493 0.137859675032
12.4226 -30.9945 0.0486659018205
12.4452 -31.0376 0.042895337742
12.4517 -31.08 0.715924311642
13.1526 -31.2259 0.698915080679
13.7703 -31.5529 0.892799876792
14.6602 -31.6248 2.3368782617
16.9403 -32.1368 8.00212408302
19.1981 -24.4598 0.638388196946
19.1826 -25.098 0.427933873396
19.5842 -24.9502 1.11518663012
20.3821 -24.1711 6.75348875545
19.8122 -30.9005 0.769683551858
20.5388 -30.6466 8.51323812894
22.3598 -22.3304 9.37454929263
21.6036 -31.6744 0.230132679122
21.6432 -31.9011 0.569629792058
22.2115 -31.94 0.411288949523
22.6207 -31.8986 0.700944106188
23.3149 -31.9956 1.26378445156
24.5614 -31.7873 3.89781945708
28.3628 -32.6489 2.22377285036
30.5468 -32.2302 3.65790229093
34.1827 -31.8296 2.80579151934
36.8785 -31.0517 0.714454491203
37.5096 -30.7168 3.24460378167
40.3865 -29.2165 2.64262385708
40.7112 -26.5939 1.98559591307
40.8184 -24.6112 1.08641635665
41.4175 -23.7049 0.394515525677
41.799 -23.8054 1.07432257726
41.511 -22.7704 0.954612345405
41.9593 -21.9276 5.9027074
41.7709 -16.0279 8.42562072966
42.627 9.9046 9.76222824206
32.927 8.8041 0.393212868558
32.6776 9.1081 4.58017988511
28.0999 8.9574 5.16724991944
24.0797 12.2037 1.06275691012
23.3825 13.0058 1.20426086875
22.6275 12.0676 10.8568758609
14.113 5.3315 1.5036048018
14.1168 3.8279 21.4917983994
9.6798 -17.2009 5.58228713163
4.6517 -14.776 2.98591545091
1.6675 -14.8772 3.74333076284
-1.7423 -16.4218 2.27276367887
-2.8018 -14.4111 1.77584541275
-4.5776 -14.3984 2.39080172536
-6.9668 -14.3109 1.70305151126
-8.6695 -14.3455 1.0320425185
-9.4965 -14.9629 4.98460181459
-5.7228 -11.7063 0.25169604685
-5.9729 -11.7346 4.08542081676
-8.7144 -14.7636 2.66706531229
-11.3791 -14.6513 0.02450999796
-11.3798 -14.6268 0.472094535025
-11.8208 -14.4583 0.879077448238
-11.0754 -13.9923 1.11259261637
-11.6687 -14.9335 13.6025274949
-22.1767 -28.7097 0.800189133893
-22.8986 -28.3645 25.1222448091
-47.3806 -34.0 7.72166539355
-41.2404 -29.3179 0.25972620199
-41.1003 -29.0992 0.728674858905
-40.9495 -29.8121 3.50152284728
-42.371 -26.6121 0.988473833746
-42.6496 -27.5605 3.78922754397
-43.1629 -31.3148 0.3571794227
-42.9014 -31.5581 0.287632891026
-43.1852 -31.5113 2.39924002134
-41.323 -33.0241 0.529347872386
-40.8104 -32.892 0.836888296011
-41.4473 -33.4349 0.786911036903
-40.6646 -33.5162 2.13016577993
-38.5551 -33.2202 0.25527980727
-38.3528 -33.3759 0.388884468705
-38.0085 -33.5567 0.313395612605
-38.042 -33.8683 0.890447847996
-37.8884 -32.9912 2.17008568034
-35.7715 -33.4687 10.691608076
-34.445 -22.8597 13.3780258461
-27.0415 -11.717 2.75758830321
-24.4629 -12.6943 1.92002563525
-22.9041 -13.8153 1.11798952589
-23.2324 -12.7466 5.15917322446
-22.8118 -17.8886 0.540997375225
-23.0048 -17.3832 2.14880391148
-20.9431 -17.9888 1.35955237486
-20.4752 -16.7123 17.1991947919
-12.9967 -1.2241 2.94289292024
-10.0682 -1.5148 10.1284964694
-12.601 -11.3215 13.0042405272
-5.6498 -0.331 11.6525007531
5.9478 -1.4608 0.535672922594
6.4436 -1.258 3.01909669272
9.4608 -1.365 0.785285712337
10.221 -1.1681 0.388142615542
10.5672 -0.9926 1.18228775262
11.5984 -1.5709 0.361899834208
11.9602 -1.5794 1.36754954572
13.0828 -0.7984 1.40063974312
14.4443 -0.4696 1.148
15.3179 -1.2144 0.41422053305
15.5438 -1.5616 1.5926463512
17.0922 -1.9344 0.657777241929
17.6765 -1.6323 1.09430201498
18.7708 -1.6302 1.36407569438
20.1219 -1.8179 1.04247019142
19.4106 -1.0558 4.86489486012
14.7008 0.1628 0.886994909794
14.2074 -0.5743 1.32451410336
14.7979 0.6113 0.544288756084
14.8804 0.0733 22.0756875773
19.398 -21.5352 0.473085975273
19.8533 -21.4067 0.374151306292
20.2171 -21.3193 1.27842318893
21.4955 -21.3116 1.6128629204
22.9169 -20.5494 0.415776406257
23.33 -20.5023 0.280665013851
23.5971 -20.5885 0.205817613435
23.8006 -20.6193 1.05918197209
24.7487 -20.1471 0.632831099109
25.3763 -20.2283 1.85228157957
23.5527 -19.9036 9.57091099374
29.6773 -27.2583 1.2297002277
30.7605 -27.8404 3.35427974087
33.1718 -30.1721 2.48340677296
35.4664 -31.1219 0.684976707633
36.1317 -30.9589 1.49587300597
37.5708 -30.5507 3.10379391874
40.0318 -28.6594 0.5102149841
40.0771 -28.1512 0.0861892104616
40.0264 -28.2209 6.69339236113
39.1803 -21.5812 9.53924466454
43.1844 -8.1366 0.724305032428
43.9087 -8.1393 0.197685457229
43.726 -8.2148 4.52541284857
43.0872 -3.7347 1.46489669943
42.9875 -2.2732 4.92645065945
42.0566 2.5645 22.5980692118
26.6825 19.1268 1.34142387783
25.4254 18.6587 15.5649696877
15.6227 6.5684 0.321908869092
15.3043 6.521 2.33871316112
13.0313 7.0715 4.30592107684
9.0889 8.8031 4.83919213299
4.27 9.2458 2.02162243013
2.255 9.4093 2.94517596928
-0.6505 9.8911 2.12905789964
-2.7728 10.0606 1.99874181674
-4.7366 10.4327 2.46358600418
-29.5423 24.0168 0.554265640285
-29.3379 24.532 2.82788725553
-26.9576 26.0588 14.1045813029
-18.0083 15.157 0.115727481611
-17.8929 15.1657 0.501685648589
-17.4234 14.9889 2.02084439035
-15.7107 13.9163 0.934711832599
-14.7937 14.0974 0.789025253081
-14.1403 14.5397 0.942412229335
-13.2483 14.2356 13.236504899
-0.3348 11.3293 0.355384650766
-0.2779 11.6801 0.242922724338
-0.0376 11.6445 3.74983949657
3.0251 13.8081 0.452145330618
3.3997 14.0613 1.53732267595
4.8446 14.5863 0.627538843419
5.4044 14.8699 0.454826131615
5.8169 15.0615 0.603986506472
6.419 15.1092 1.01635088921
7.4058 14.8659 3.87277806749
10.7872 16.7539 1.04280000959
9.8453 16.3064 0.164605771466
9.8512 16.4709 1.49641477205
11.1966 15.8158 1.3571755266
10.0736 16.5779 13.4551634375
-3.2101 14.4367 1.24020521689
-2.0158 14.1024 7.7080268636
5.0784 11.0881 0.271338994617
4.9193 11.3079 11.4034085168
-3.9373 18.4911 0.124383359016
-3.9974 18.6 1.48421843743
-4.554 17.2241 11.9667590968
-8.7318 6.0103 0.848741332798
-8.8505 5.1699 1.35861696221
-21.0007 26.9937 9.68211220034
-30.6778 27.3052 21.0727458251
-51.5109 30.4742 3.2526934024
-50.8183 27.2961 1.92618504303
-51.0072 25.3792 0.91835374448
-51.0444 24.4616 0.831586447701
-51.6373 25.0447 1.462130408
-51.266 23.6305 1.06500427229
-51.0221 22.5938 1.76593440422
-50.9485 20.8294 0.920105564596
-50.9517 19.9093 1.16943631721
-48.8661 34.0 5.55081194241
-44.6462 30.3939 0.397603332481
-44.2497 30.3643 5.14666942595
-44.7354 25.2406 1.10431104314
-45.7362 25.7074 1.26552734068
-45.7791 26.9722 0.317199306431
-46.0649 27.1098 1.11571214926
-45.8625 26.0126 11.2156348304
-38.3421 17.6919 0.437165254795
-38.3116 17.2558 1.27529011601
-39.0494 18.296 0.315115280493
-39.0052 18.608 8.4974403446
-43.4367 25.8584 0.373028712032
-43.1636 26.1125 1.13351351558
-43.1416 24.9792 9.65004437814
-37.2699 17.3211 21.2612067364
-26.1749 -0.8156 0.726041272932
-26.9002 -0.7828 1.29331204665
-25.6811 -0.351 17.1018444377
-8.7765 2.2389 1.21741057166
-8.5374 1.0452 19.6434581398
-10.1914 -18.5285 1.56421573001
-10.1045 -20.0903 0.327642686474
-10.4303 -20.125 1.38304015849
-9.7225 -18.9368 0.526726342611
-9.8617 -19.4448 0.580739528532
-9.6105 -18.9212 1.30119441284
-10.1608 -20.1003 0.827132069261
-9.6773 -19.4292 0.242333014672
-9.8613 -19.5869 13.0588826647
-0.8152 -10.1687 0.181681176791
-0.6423 -10.2245 12.0302660627
-8.24 -19.552 0.677300775136
-8.7755 -19.9667 1.0413676104
-8.818 -18.9262 7.99158006467
-11.4328 -11.3745 0.44858917731
-10.9872 -11.3228 1.26847287712
-9.7222 -11.229 6.10025327343
-12.1392 -16.83 0.411313068112
-12.5372 -16.9338 4.32393987932
-11.935 -21.2156 1.18865436944
-10.7514 -21.3251 1.70495231605
-9.159 -20.7159 7.49985056518
-3.9015 -15.3674 10.9005574628
5.8673 -10.5308 1.96091677539
7.8281 -10.5094 0.929003277712
8.6984 -10.1844 3.12549517677
11.6101 -9.0483 0.959176464474
12.4336 -8.5565 0.334275410403
12.6729 -8.3231 0.559159690965
13.1145 -7.9801 1.32127921727
52.2432 -29.3968 4.40443760315
49.103 -26.3084 0.886127631891
48.6703 -27.0817 0.728095927746
49.3135 -26.7405 1.27405234586
48.0422 -26.8242 29.1254492238
19.3454 -31.8027 1.25014812722
18.9959 -30.6024 1.51657879782
17.5254 -30.9734 2.96024132969
14.5811 -31.2802 5.52259678774
9.0589 -31.3464 2.53256749762
6.5347 -31.5521 3.45011547198
3.0976 -31.8515 2.66003369903
0.4654 -32.2353 1.97170536592
-1.4824 -32.5414 2.46159843394
-3.9346 -32.7563 1.61213276438
-5.5305 -32.9845 0.532332302232
-6.0587 -33.0507 10.9966888044
-10.5616 -23.0182 1.25012628162
-9.328 -22.8156 0.839816098917
-10.0268 -23.2814 0.774580725296
-10.7865 -23.1303 1.23691005736
-9.5997 -23.4788 3.33076827774
-10.2351 -26.7484 3.13273341349
-12.5909 -28.8134 2.80143125741
-15.3487 -29.3059 5.56409323879
-25.9638 -29.4827 0.512616133183
-25.4539 -29.5354 3.18038190317
-22.2771 -29.6863 1.26648438206
-21.0121 -29.625 0.994710857486
-20.0209 -29.5415 2.42119772427
-17.6008 -29.6144 2.98708548924
-14.6582 -29.1008 0.69131964387
-13.9924 -28.9147 0.431144998811
-13.5623 -28.8847 0.32037009848
-13.2427 -28.9069 1.58051972465
-11.6645 -28.8213 2.45016159875
-10.0426 -30.6578 0.44220860462
-9.6005 -30.6676 1.49416874884
-8.2682 -29.9912 10.3748663726
-5.5557 -19.9772 0.160671714997
-5.4555 -19.8516 3.63968310983
-4.161 -16.4499 15.9590021696
3.0983 -2.2375 7.56288986301
9.1751 -6.7397 0.713971182892
13.5275 -8.7729 0.859132149323
13.8178 -9.5815 1.13228198785
13.7117 -8.4542 20.538106986
10.0713 11.7587 23.419883659
-6.9011 27.8965 0.881198212663
-7.7021 28.2638 2.96838431643
-10.3593 29.5869 4.1725024266
-14.3302 30.8682 1.97025871398
-16.2964 30.9946 2.38853439791
-18.6353 31.479 2.65649149255
-21.245 31.9754 2.57353861444
-23.7872 32.3758 16.8587083835
-40.6216 31.4708 1.72031783401
-42.2552 30.9315 1.31046529904
-43.5633 31.0102 0.819439052035
-44.3827 31.0022 0.700245592632
-45.0269 30.7277 0.306579924326
-45.3231 30.6486 1.54570334152
-46.669 29.8885 0.954990282673
-47.6202 29.8035 1.63853419861
-48.4836 28.4109 1.1745123967
-49.444 27.7348 1.52829972518
-50.2158 26.4157 0.723652858766
-50.5797 25.7902 1.13858544695
-50.7796 24.6693 1.20454257293
-51.038 23.4928 0.394442619401
-51.1517 23.1151 0.810996843397
-51.2799 22.3143 1.00813666236
-51.0911 21.324 0.340459747988
-51.0441 20.9868 0.59652735897
-50.9749 20.3943 1.09277646388
-50.8943 19.3045 1.13490103974
-50.0094 20.0151 1.41858527061
-49.5678 18.667 0.685102919276
-48.8827 18.665 0.378490858542
-29.2222 -0.8227 0.959464110845
-29.4405 0.1116 1.23910300218
-28.8297 -0.9665 19.6803237504
-18.5781 -17.7659 0.580399465885
-17.9986 -17.7982 0.541007393665
-17.4586 -17.7652 1.94352868
-15.5184 -17.6515 0.883027995026
-14.6434 -17.7703 1.21543405004
-13.4317 -17.6751 1.05314449626
-12.3934 -17.4989 0.863809730207
-11.5308 -17.4532 1.19900510841
-10.3462 -17.2679 1.16036712294
-9.1881 -17.1954 2.04123639248
-7.1501 -17.0805 3.00540716044
-4.1457 -17.0027 1.66724458014
-2.4789 -16.9642 2.60670652932
0.1189 -16.7489 3.71552581609
3.7784 -17.3917 1.93580377363
5.7069 -17.2237 8.95682437753
1.0331 -9.583 7.6040639825
1.1075 -17.1867 0.168372236429
1.2214 -17.3107 0.0902106423877
1.27 -17.2347 1.38036878044
1.1266 -15.8618 18.4136299713
1.7032 2.5428 1.37765075763
0.9552 3.6997 16.0626811787
-11.0237 14.4009 1.00445462317
-11.6307 15.2012 0.456727763553
-11.2315 14.9793 1.94841961856
-9.3789 14.3758 0.920633939196
-9.5627 15.2779 0.554949799531
-9.0979 15.5811 0.312721121768
-9.0432 15.889 0.67933652927
-8.3908 16.0784 0.0683406906608
-8.3234 16.0671 0.895319674753
-7.939 15.2585 12.5927114189
0.2292 5.6743 0.2616166088
0.193 5.9334 0.147874439982
0.3397 5.9148 12.6436581423
-10.4624 12.4857 0.231164984373
-10.5066 12.7126 0.52842094016
-10.0179 12.5116 2.61034820091
-8.0472 10.7998 2.47578992041
-5.581 10.5821 1.21800566912
-4.3851 10.3511 1.84722306179
-2.5953 9.8941 0.416828070072
-2.2695 9.6341 0.740939754636
-1.6671 9.2027 2.12001341977
-0.0132 10.529 8.17141161979
7.8003 8.1371 1.13937268705
8.7519 7.5105 1.97054983444
9.6492 9.2649 1.23380904925
17.5446 -10.9125 0.608755451721
-5.787 -10.0548 11.7723319262
-8.5533 1.3879 2.88839717837
-6.8668 3.7328 5.05097188668
-2.2376 5.7534 2.63398359904
-0.2528 7.485 9.8840421367
5.5436 15.491 15.6278757485
12.8665 29.297 0.915196312274
13.6675 29.7397 5.03751365854
18.156 32.0266 2.99522051442
21.1473 32.1798 4.4583405175
25.4977 33.1549 6.56251345294
31.9968 32.2448 0.886887636626
32.8706 32.093 5.94320444626
38.8028 32.4545 3.17310239671
40.1237 29.5694 3.03642914622
40.9257 26.6408 0.488042508395
40.8107 26.1665 0.332103011128
40.6611 25.87 0.365358372013
40.5768 25.5145 0.27584069678
40.5115 25.2465 0.321023130008
40.2463 25.0656 0.232165329022
40.1488 24.8549 0.124881103454
40.0861 24.7469 0.199387963528
40.0445 24.5519 0.243497289513
40.0732 24.3101 0.453799746584
40.1417 23.8615 0.302197766372
40.1572 23.5597 0.407151519707
40.1878 23.9657 0.822338093487
40.6253 24.662 1.1225838276
39.871 23.8306 16.1997685539
40.3252 7.6372 1.07391627234
0.0 0.0 4.12037805183
0.7835 4.0452 3.1898076964
0.1868 0.9117 1.81789343197
-1.6189 0.7015 3.03497575773
-2.4768 3.6127 0.508594946888
-2.0067 3.8068 1.13892391317
-0.8679 3.79 0.212073242065
-1.0088 3.9485 1.53576183375
-2.5117 3.6325 0.321508771264
-2.2067 3.5308 0.0637897327162
-2.254 3.5736 0.353551368262
-2.6044 3.5265 1.21379339263
-1.524 2.9733 1.2342069559
-1.1356 4.1448 1.10709505464
