0.0 0.0 7.23261564028
-7.22 0.427 0.776035115185
-7.5527 -0.2741 1.38028959643
-7.2928 1.0815 20.8088443929
0.6831 20.3011 0.986115718362
1.2845 21.0826 1.26868386921
1.0045 19.8452 15.3101867477
-5.6292 6.0468 8.01556553838
-8.1189 -1.5723 13.2180859072
3.8299 -7.2242 1.29669713503
4.0688 -8.4987 0.37626589003
4.2729 -8.1826 1.49507733914
2.7797 -8.1077 15.1038963357
-9.4347 -16.9923 1.0881095625
-8.6938 -16.1954 2.44299495292
-6.8393 -14.6051 9.34831450316
-7.8474 -5.3113 14.3738942601
3.2732 3.7959 2.46964481049
3.6502 6.2366 2.83618801387
6.1848 4.9639 1.09276773378
6.4964 6.0113 16.4007462574
10.6556 21.8759 0.559238124595
11.2094 21.9537 2.97281554255
12.333 24.706 2.94201407373
13.609 27.3569 0.751806464457
14.1826 27.8429 3.88082033854
16.9705 30.5426 0.84917518805
17.723 30.9361 0.790629331609
17.8037 31.7226 2.27677034415
19.5413 33.1938 2.17896542423
21.7167 33.3184 0.826725135701
22.5425 33.2793 3.46834454027
25.9452 32.6077 2.17881528588
28.1029 32.9103 2.73570323317
30.8096 32.513 2.1382618385
32.8684 31.9355 2.9563463126
35.806 31.6031 4.73368148696
39.6711 28.8702 1.82736972176
40.3012 27.1549 2.01432907937
41.1004 25.3059 1.33926763569
41.0522 23.9675 0.491355970758
41.0335 23.4765 1.30975644301
40.4498 22.304 5.75253407552
40.4696 16.5515 0.868261740491
39.8535 15.9397 0.885561392564
40.6082 16.403 3.06898524271
40.9101 19.4571 1.17519055476
41.4379 20.5071 1.18856377616
40.9986 19.4027 5.18415642125
40.353 14.2589 0.712917281317
40.9126 13.8172 0.245032650886
41.0564 13.6188 0.869531276033
41.3156 14.4488 0.846753151751
40.9017 13.7101 8.74098260438
40.9582 4.9693 1.18643335253
41.4743 6.0376 0.773030562138
0.0 0.0 2.11578870637
2.1124 0.1197 0.89690608204
1.5688 0.8331 0.637126620069
0.9445 0.7059 2.74536873298
-1.7887 0.9641 1.62496059337
-3.4045 1.1364 2.03522148672
-5.0312 2.3595 1.37715730401
-6.0244 3.3135 1.09709183754
-6.8617 4.0224 4.5197364182
-10.6677 1.5847 2.4363174711
-11.5496 3.8558 1.95259069444
-13.3127 4.6949 2.40610962552
-15.2304 3.2417 2.58082177804
-17.8008 3.4734 2.46794477248
-19.6144 5.1472 1.65564947981
-20.304 3.642 0.994244039459
-21.324 3.2318 5.70337951744
-21.5316 -2.4678 1.15831174129
-22.6819 -2.6038 2.59872661125
-23.6351 -0.1862 3.51728928864
-24.6864 -3.5427 1.31171231983
-25.8164 -4.2088 0.834360623472
-26.3723 -4.831 2.83533802041
-28.4958 -6.7098 2.97592655991
-40.3542 -5.1426 5.91260020127
-46.2427 -5.6759 2.38366770545
-45.7674 -3.3401 0.997791090359
-44.8559 -2.9342 1.00653691934
0.0 0.0 6.65548047927
-2.252 6.2629 0.21037209891
-2.2289 6.472 1.42592994218
-1.7903 7.8288 16.8334103084
6.0216 22.7398 7.23820096571
11.6735 27.2617 7.30591560655
16.1834 33.0095 2.55591262957
18.215 31.4586 2.66068670271
20.4332 32.9279 0.594006902317
21.019 33.0263 0.430194060861
21.4383 33.1225 1.51284581171
22.9342 33.3483 4.05741636636
26.9896 33.2204 4.03113230371
31.0123 32.9598 5.09925695175
35.9962 31.8813 0.845354552836
36.7646 31.5289 3.52118510164
39.9722 30.0763 2.48134887712
40.2583 27.6115 2.2301108515
40.5887 25.406 0.60284509619
40.4076 24.831 1.36927783886
40.393 23.4618 1.35586619546
39.6695 22.3151 5.78496364034
39.5439 16.5315 4.06960750564
39.1994 20.5865 0.592228207704
39.3657 21.1549 1.15623233824
39.8666 20.1128 2.94201498976
40.0124 17.1744 1.72469005331
40.2567 15.4671 0.0750802903564
40.1999 15.5162 1.17397758922
40.0526 16.6809 0.544701900125
39.7766 17.1505 1.53371865086
39.6905 15.6192 0.454806827126
39.251 15.7362 0.992189951572
39.4903 16.6991 0.335871999428
39.3889 17.0193 1.68743189789
39.6449 15.3514 7.72739457385
43.2313 3.9158 0.93721492199
43.1947 2.9793 18.6263297668
36.0 20.16 18.3717967053
19.2033 27.6027 0.151076272128
19.3543 27.6075 0.213499250584
19.151 27.5423 10.9367609282
9.0308 23.3957 4.29042280084
4.7642 23.8472 3.89654695981
0.8807 23.5286 2.94376162248
-2.0625 23.4711 2.69155872312
-4.7481 23.6501 3.79863456653
-8.543 23.4817 1.24724169671
-9.7901 23.4629 0.999995224989
-10.79 23.4491 6.72310333849
-12.6789 16.9968 1.52377322788
-11.2775 16.3985 1.01299612043
-11.2458 17.411 0.804073137221
-11.0427 16.633 0.704683943339
-11.0588 15.9285 4.95405284187
-7.0888 12.9651 1.35131865228
-7.9947 11.9624 1.35413005284
-8.3195 13.277 15.6668282128
-15.1391 27.3817 3.26078303479
-17.5541 29.5727 3.01742479939
-19.4442 31.9248 3.66951934318
-23.1081 32.1278 2.96740762619
-26.0472 32.5367 3.11173641075
-29.1515 32.7517 3.01990445048
-32.0348 31.8537 2.57879042964
-34.609 31.6999 3.47454518031
-38.01 30.9888 4.00307424363
-41.6288 29.2774 6.80910669104
-48.4231 28.8286 2.89804552759
-50.5183 26.8264 3.93623256681
-51.6262 23.0493 1.27031244188
-50.5495 23.7234 0.515907452941
-51.0426 23.5717 0.879676559879
-51.8893 23.8103 0.0473725659005
-51.9289 23.8363 0.0795276681413
-51.8786 23.7747 0.0630824856834
-51.9358 23.8013 1.64121590597
-51.27 22.3012 0.555690174468
-51.1011 21.7718 9.75442490616
-48.7784 13.9403 11.0613579076
-45.3358 3.4283 0.452369152352
-45.0281 3.7599 0.926115937667
-45.7058 3.1287 7.07775875896
-38.8906 5.0386 2.29230134581
-37.0841 3.6275 0.554348085592
-36.5313 3.6689 2.58484724887
-34.2564 4.8962 2.08425262624
-32.8094 3.3961 0.783908323722
-32.0699 3.136 4.13906415026
-27.9669 2.5908 0.488879545492
-27.5108 2.7668 2.63256011707
-24.8914 2.5039 0.478557603638
-24.4131 2.4882 2.8684701236
-21.726 3.492 0.546267278903
-21.1923 3.3755 0.426040244578
-20.7753 3.2882 2.06576541021
-19.197 1.9554 0.625194129851
-18.6091 2.1681 3.02190970249
-15.5951 1.9496 0.489460621501
-15.2498 2.2965 1.86008099286
-13.4819 2.8748 0.362094462813
-13.1361 2.9822 1.57223388845
-11.5779 2.7726 0.581948949651
-11.0276 2.5833 0.285860560414
-10.7471 2.5282 0.302660023789
-10.5416 2.7504 1.61401392807
-9.478 1.5364 0.392385843272
-9.8672 1.4865 1.14767837394
-10.1278 2.6042 0.501829024669
-9.6272 2.6393 7.65373217783
-14.6891 8.3801 0.885695681371
-14.5711 9.2579 1.26693864887
-13.8366 8.2256 7.43831141658
-8.4043 3.1444 1.01824614902
-7.9062 2.2563 0.879287353486
-8.4917 2.9123 9.26181107829
-13.2315 10.8694 0.979714978961
-12.2903 10.5974 2.43444844883
-9.8609 10.4407 1.31474519204
-9.5465 9.1641 0.982103319412
-9.4183 10.1378 16.043665128
-6.6288 25.9371 4.64821051589
-1.9814 26.0239 9.0365145543
6.4901 29.1691 0.455334602243
6.0865 28.9583 8.47074927323
-2.145 26.9593 0.528667844681
-1.8255 27.3805 2.94609757136
1.0244 28.1272 0.604177564959
1.6017 28.3054 2.51711347579
3.9748 29.1446 1.07577914555
4.9807 29.526 1.54556110847
6.2312 30.4343 6.46176882904
12.639 31.2677 2.68212882987
14.4195 33.2736 0.288105275898
14.7059 33.3049 1.21583725885
15.9177 33.2059 0.797694991836
16.715 33.1808 1.00815755217
17.6773 32.8802 1.58120001265
19.2585 32.8804 2.6494623096
21.8868 32.5462 1.27699397414
23.1224 32.8687 1.07208810272
24.0041 32.2588 1.06499969953
25.0591 32.4044 0.224952483872
25.231 32.5495 0.156782205623
25.3455 32.6566 3.06534062055
28.3271 33.3682 0.679494076501
29.0005 33.2774 1.47986909218
30.4803 33.2631 3.85320917937
34.227 32.3634 1.8399878505
36.0393 32.6814 2.77297299302
38.7784 32.2493 3.23350680995
40.1386 29.3158 0.752165148089
40.1901 28.5654 2.67298577811
40.5212 25.913 5.3843094794
39.8876 20.5661 0.775828105962
39.5422 21.2608 1.01814814737
40.0079 20.3554 8.70049333371
40.0482 11.655 1.23629638032
40.7077 10.6093 2.95843956335
44.6193 3.0097 28.3548501368
29.5051 -20.9811 1.04128452404
28.844 -20.1766 18.1925272098
14.2138 -9.3634 1.8632372098
12.3599 -9.1771 4.71075612827
8.502 -11.8804 4.40418804549
4.1817 -11.0249 1.57343296648
2.6104 -11.1068 2.46048351549
0.1597 -10.8876 1.83235227235
-1.5886 -10.339 1.87811004204
-3.4349 -9.9948 3.90576464473
-7.1694 -8.8509 1.05216839907
-8.2091 -8.6894 1.94798932749
-10.097 -8.2093 2.1053965066
-11.4313 -6.5807 3.86420609311
-13.9996 -3.6935 1.90848431222
-15.649 -2.7334 0.943287379328
-14.7248 -2.5446 0.0975788911599
-14.804 -2.6016 1.33795220393
-26.932 6.106 2.09849821539
-25.2296 7.333 10.846451422
-15.8634 1.8631 0.991563255673
-14.8974 1.6394 2.81528674383
-13.5921 4.1338 2.11526425063
-11.6143 4.8839 0.557955419366
-11.3862 5.3931 10.7786622584
-17.9804 13.9193 1.04220056131
-17.198 14.6078 0.380943880381
-16.866 14.7946 0.638651556015
-16.229 14.7487 0.44022848613
-15.8434 14.9611 0.60415739671
-15.4144 15.3865 2.58889401096
-12.8328 15.1923 1.39016380689
-11.8798 14.1802 15.7418296665
3.0032 9.0517 3.0401859976
5.4101 7.1944 0.691000065123
6.1011 7.1941 0.430174906288
6.4689 6.971 0.901437879169
7.3594 6.831 0.560094536663
7.9189 6.8052 1.77754831439
9.684 7.0152 0.353617547642
9.9459 7.2528 0.133919752091
10.0798 7.2505 10.9690963602
9.3008 -3.6909 18.2206820097
12.6847 -21.5946 0.853250848227
13.3432 -22.1372 0.540928331667
13.5071 -21.6217 13.0242900402
11.8303 -8.7058 3.91609566405
13.8289 -5.3381 3.96363875751
16.3123 -2.2489 1.41963343508
17.7298 -2.3267 1.28363640491
18.3929 -3.4258 16.3543817275
19.0469 -19.7671 1.26738996367
19.7543 -20.8187 0.872971597476
19.7153 -19.9466 12.391069591
16.8833 -7.8835 0.669032151694
17.1374 -7.2646 0.536541713197
17.5484 -6.9197 2.18194463954
19.5605 -6.0757 12.310639604
22.441 5.8932 0.630020221898
22.7098 5.3234 0.965262503157
23.5137 5.8577 1.62088218264
24.5245 4.5906 2.21887824136
26.6457 3.9395 1.27494706165
26.7833 2.672 14.2371746635
27.8441 -11.5256 1.57582126525
28.0516 -13.0877 3.44366270416
30.3825 -15.6226 0.287430495946
30.598 -15.8128 0.147313067988
30.5647 -15.9563 0.280311344758
30.7728 -16.1441 1.80625130588
32.0731 -17.3978 1.00126265285
33.0478 -17.1687 0.507256345451
33.5346 -17.0261 0.967216232287
34.2778 -17.6451 0.730979014747
34.4492 -18.3557 0.490339198923
34.4554 -18.846 2.14923203494
35.4499 -20.7513 2.55006566386
37.3591 -22.4418 1.10608121311
38.4444 -22.6552 0.635584408242
38.1971 -23.2407 1.37338263059
38.085 -21.8719 5.28473791214
38.0096 -16.5877 1.91177054324
38.9231 -14.9083 0.715039467442
38.7831 -14.2071 5.65006414477
39.7309 -8.6371 8.11661120481
40.643 -0.5719 1.0472933209
0.0 0.0 2.08159622646
1.9781 0.6482 0.86664193875
1.1408 0.4246 0.635215144656
0.5256 0.2664 1.00464652988
-0.3395 0.7772 3.54760147142
-3.3293 2.6868 1.04786851274
-3.6484 1.6887 1.11594107819
-2.7444 2.343 1.98290002269
-3.7207 4.0689 2.57075768792
-5.6304 5.7899 0.991123261759
-4.666 5.5613 1.20044522574
-15.5611 34.0 9.16774662826
-17.7443 25.096 0.440497139605
-17.3885 24.8363 0.516725265494
-16.9099 24.6415 1.02277865152
-15.905 24.4511 0.58011592807
-15.4882 24.8546 0.361414125347
-15.3051 25.1662 1.8850501744
-13.6801 24.2108 0.586151524778
-13.1016 24.3052 0.69928828104
-12.4847 23.9759 0.533200797074
-11.9694 24.1129 2.2762306232
-9.9057 25.0733 1.23393453635
-9.6837 23.8595 1.1079135571
-9.8543 24.9542 4.8588486805
-8.955 29.7291 0.944654481808
-8.2195 30.3219 12.8558929449
4.4851 32.2884 0.463291916614
4.7777 31.9292 0.233421442888
4.9591 32.0761 0.427996039701
4.9797 31.6486 0.0966528323434
5.0641 31.6957 0.364131020376
5.3859 31.5253 0.089550991061
5.2966 31.532 3.08542723136
7.3952 29.2702 2.70318973067
8.8116 31.5726 1.33890977291
8.5179 32.8789 0.527357942957
9.0195 32.7161 0.258124950363
9.106 32.4729 0.130160900427
9.2145 32.401 0.42537336541
9.5678 32.1641 8.41820584507
12.7189 24.3579 0.438431408546
12.5908 24.7772 1.06027045606
13.3948 24.086 0.513817749791
13.3126 23.5788 0.75418975066
13.4403 24.3221 0.626279761768
13.3006 23.7116 3.87107635936
14.3829 27.4283 6.37302797499
19.7058 30.9329 1.76521063332
20.4781 32.5202 1.25918294938
21.7198 32.7293 0.700494917897
22.4186 32.6806 3.55613282654
25.9708 32.5134 2.15691992665
28.0874 32.9285 3.81258092767
31.8897 33.2083 4.76307877848
36.4676 31.8931 3.8172184703
40.249 31.3714 3.28087567884
39.6729 28.1415 0.645495259471
39.8331 27.5162 0.353627374506
39.8287 27.1626 1.84262014805
40.6813 25.5291 0.453610163025
40.4866 25.1194 1.68900841916
39.2146 24.0082 1.02820598131
39.6691 23.0859 5.48281633196
40.1933 17.6282 0.608474321562
39.7893 17.1732 4.25483922375
40.3992 21.3841 0.349170359567
40.6455 21.6316 6.70107796104
39.9785 14.9638 0.877795836171
40.3948 15.7366 3.28965093741
40.64 19.0171 0.0
40.64 19.0171 1.15299503034
41.1635 20.0444 0.165045508876
41.3236 20.0845 1.68685918796
41.026 18.4241 4.8524791066
40.1098 13.6589 3.67243141529
39.8091 9.9988 44.5597794457
51.5 -33.0 9.94327313765
51.4263 -23.057 0.605295101583
50.8217 -23.086 0.133158739856
50.7688 -22.9638 1.46550941996
41.4416 -14.3197 1.14871409846
40.4134 -14.8319 20.967604961
21.548 -23.9827 5.49343418728
16.1341 -24.9141 5.60938241966
10.5489 -24.3938 3.72653846485
6.8331 -24.6765 3.35888713118
3.6151 -23.7139 2.75277603157
0.9259 -23.1257 10.2350602314
-4.0146 -14.162 3.94769435747
-7.9503 -13.8545 0.257053807597
-7.7508 -13.6924 1.21261963121
-6.5382 -13.6993 0.627317375815
-6.8935 -14.2163 13.4822665962
-11.9116 -26.7299 2.06738167255
-13.5253 -28.0222 2.90226893998
-15.7635 -29.8698 1.49050233814
-16.7864 -30.9539 1.78590417716
-18.1107 -32.1521 1.0294807089
-19.0809 -31.8078 1.88614147136
-20.9591 -31.9807 2.61784557413
-23.5695 -32.178 11.0515325982
-21.6361 -21.2969 3.17861077988
-24.2606 -23.0901 4.00236577289
-28.0929 -21.9358 3.18097955511
-30.9962 -20.636 3.11668193116
-33.9513 -19.6455 2.94844060649
-36.7798 -18.8131 12.6296229785
-48.5531 -23.3844 3.94493097151
-51.7725 -21.1045 0.537553290382
-51.756 -20.5672 0.860985969688
-51.682 -19.7094 0.94437861581
-51.5184 -18.7793 3.32282698015
-50.3417 -15.6718 1.19932629422
-51.2247 -14.8602 1.74210404397
-51.5702 -13.1527 0.705736586837
-52.1944 -13.482 0.785983269542
-51.8455 -14.1863 0.749539391893
-52.1036 -13.4826 0.415982740027
-52.2316 -13.0868 1.00331676454
-52.2258 -12.0835 0.989304851904
-51.2386 -12.019 0.910313160401
-52.1383 -11.8804 0.886901584168
-51.2764 -12.0895 0.796692324552
-52.0293 -11.829 0.384175181395
-52.3549 -12.0329 1.14576029343
-51.2145 -11.9222 0.728248158254
-51.9348 -11.8149 0.78152047318
-51.2036 -12.0908 20.9113007152
-51.5154 -21.6227 0.585697746282
-51.0405 -21.2799 0.556719184149
-51.2744 -21.7851 0.299750579649
-51.4879 -21.5747 0.470263468707
-51.4102 -22.0385 0.798996620769
-52.1968 -21.8983 0.279627931366
-52.1115 -21.632 1.43180631372
-50.8329 -22.2764 0.943342917501
-51.241 -21.4259 4.89360026157
-51.2426 -16.5323 0.524651903647
-50.7847 -16.2762 0.0868079489448
-50.6998 -16.2581 1.09137685975
-49.9609 -17.0613 0.596803124992
-50.312 -16.5787 0.743591836964
-50.9121 -16.1396 0.15193067498
-50.7603 -16.1333 1.00942758532
-50.093 -16.8907 0.459902174381
-50.3485 -16.5083 0.73757277607
-51.0753 -16.3827 1.34629885612
-49.8659 -16.9742 21.1010551596
-30.5546 -25.4788 1.09394980689
-29.5389 -25.8851 8.1739556183
-21.8156 -28.5617 11.3029900018
-11.0663 -32.056 0.75826345026
-10.3228 -32.2049 0.809396719786
-9.5404 -32.4122 1.68358179189
-7.8625 -32.5504 3.62391239546
-4.2721 -32.0587 1.98082381094
-2.3157 -32.3688 1.11764703283
-1.199 -32.4148 3.11667805524
1.5451 -30.9371 2.10388408664
3.508 -30.1799 0.642918447394
4.0458 -30.5322 0.624130795587
4.5488 -30.9017 1.90763335052
6.4078 -31.3297 0.617055362184
6.9404 -31.0181 1.54420808507
8.481 -30.9126 0.235623110072
8.5438 -31.1397 0.986780446705
9.5305 -31.1523 0.429827093143
9.5892 -31.5781 1.5246210316
8.8907 -32.9333 0.525525727248
8.8959 -33.4588 1.59627494499
8.8126 -31.8647 2.21467693355
11.025 -31.7643 0.30843062429
11.1089 -32.0611 0.0874942283811
11.1199 -32.1479 0.206557159159
11.1784 -32.346 0.147574049209
11.2175 -32.4883 0.327322425141
11.4149 -32.2272 0.466633775031
11.6207 -31.8084 0.310376609943
11.5915 -31.4994 0.357927478688
11.6457 -31.1456 0.721564335316
12.356 -31.2726 1.79090470992
14.0388 -31.8854 1.64600014885
15.6848 -31.8861 2.19660157971
17.5799 -30.7754 2.52803373395
18.9699 -32.887 0.607679594852
19.5742 -32.951 0.188368601418
19.7135 -33.0778 1.39012060268
21.1012 -33.1598 1.24136225978
22.3361 -33.2863 0.753702069786
23.0846 -33.1979 1.96302069526
25.0341 -33.4279 3.87801531843
28.8425 -32.6964 3.30714709682
32.1389 -32.9628 4.34168194597
36.4263 -32.2784 3.65778561017
39.2742 -29.983 2.22947761146
40.3141 -28.0109 2.64008304794
40.7276 -25.4034 2.47492465542
40.2613 -22.9728 1.12061712016
39.9861 -24.0591 0.896862587022
39.9606 -23.1626 8.84462246226
40.7701 -14.3551 1.1201449192
40.9709 -13.2531 4.90717505801
41.3653 -8.3618 0.678101246128
43.1784 9.0615 10.9798979567
32.2451 8.051 21.3229571669
15.3436 21.0513 3.38756117731
12.4819 22.8641 4.88386266494
8.7901 26.0614 4.81053378431
5.0853 29.1299 5.31476589607
-0.1869 29.8012 2.31532063654
-2.5007 29.8851 2.06973684318
-4.5703 29.8613 3.37482911716
-7.9357 30.1134 3.99614664396
-10.8237 32.8754 2.05401492692
-12.8733 32.7408 2.82106520662
-15.6896 32.5769 3.05021861839
-18.7397 32.6038 0.62923893713
-19.3689 32.5968 0.635405893898
-20.0021 32.5439 2.33229988638
-22.3341 32.5813 1.58289393517
-23.9136 32.6849 2.85771329038
-26.7587 32.9531 1.28808590552
-25.5098 32.6378 0.400288321089
-25.6341 33.0183 1.16214126938
-26.5753 33.7 0.591606296451
-37.612 24.9544 0.998845118124
-38.5526 25.2905 0.596359161915
-37.969 25.1678 5.4384757644
-34.556 20.9336 10.7993509587
-27.3452 12.8943 12.3520329339
-19.6308 3.2475 12.5131389303
-7.125 2.819 1.05976348777
-6.1631 3.2638 1.25928711976
-7.415 3.1276 7.74289619781
-14.5038 0.0129 0.414171715596
-14.3913 -0.3857 0.925100778294
-13.4997 -0.6324 0.578333329491
-12.9337 -0.5136 0.263364728086
-12.6984 -0.6319 0.374821090655
-12.3661 -0.8053 0.34724764938
-12.0323 -0.7096 0.281949658627
-11.7523 -0.6765 0.498434880401
-11.2541 -0.6918 3.06183282692
-8.2986 0.1081 9.9981983517
-14.4578 -7.7677 1.11145452898
-13.4679 -8.2731 6.2661410174
-7.6769 -5.8796 10.888883322
-14.5505 2.5656 0.521085060235
-14.1497 2.8986 0.437935668792
-13.7391 3.0509 7.80686345788
-6.7308 -0.3887 1.25904588082
-6.6726 0.869 1.52085055808
-8.0355 0.1941 0.120220131426
-7.9493 0.2779 1.29074174411
-6.7121 -0.09 12.0957085167
-12.7297 10.4026 1.04501622954
-13.7263 10.717 0.6843328503
-13.1882 10.2942 1.84391045878
-11.6519 9.2745 8.80289270638
-11.9203 0.4757 1.74932215444
-10.5627 -0.6275 0.301365061014
-10.3054 -0.7844 0.21526634665
-10.1212 -0.8958 1.24654099411
-9.0978 -1.6075 12.9173846285
-12.0058 -14.1933 0.392615753632
-11.6141 -14.2201 0.720310946745
-11.1472 -13.6716 1.81785152859
-9.8029 -14.8953 0.393839154986
-9.8657 -15.2841 0.359881661105
-9.6148 -15.5421 0.114690060598
-9.5614 -15.4406 1.3076706772
-8.6112 -16.339 17.00193625
3.4677 -28.3042 3.1899945141
5.4125 -30.8328 0.806774342676
6.1645 -31.125 4.20717819209
9.8542 -33.1465 0.751002802924
10.5882 -32.9876 0.296507200587
10.8836 -33.0132 0.22984005308
11.0749 -33.1406 2.02796352038
13.0801 -32.8376 3.35222722529
16.4137 -33.1905 2.22677479104
18.6403 -33.2184 1.96280648562
20.599 -33.0915 2.98819865638
23.517 -32.4476 0.796869587825
24.2875 -32.6509 1.44365660737
24.7249 -31.2751 7.48315828578
26.3981 -23.9814 0.443321790577
26.8191 -24.1203 0.967652525445
27.7745 -24.2738 4.88637901927
29.1479 -28.9632 0.810872628716
29.827 -29.4063 4.26251289734
32.6634 -32.5881 0.83505448924
33.479 -32.4089 3.68896599063
37.1618 -32.1957 0.495287088465
37.5549 -32.497 1.35151133921
38.629 -31.6767 2.79176303615
39.8436 -29.163 0.626856163725
39.87 -28.5367 1.82878502017
40.5319 -26.8319 1.4563161264
40.3048 -25.3934 1.66039422126
40.4199 -23.737 1.25834922021
39.9899 -22.5544 5.14048575234
39.9123 -17.4145 1.21677041795
40.2306 -16.2401 8.64322997322
40.278 -7.597 0.236085154129
40.1568 -7.7996 1.10366021039
39.2493 -8.4277 0.548717942116
0.0 0.0 2.14840184556
1.7632 1.2275 0.860105231934
0.9031 1.2305 1.22836610178
-0.3251 1.2103 2.1047779194
-2.3979 1.5758 3.06876527125
-4.4489 3.8585 0.775728045129
-4.3839 3.0855 1.2150256664
-3.5838 3.9999 0.268964997723
-3.7777 4.1863 0.636338156957
-3.2378 3.8495 0.260569606823
-3.2284 3.5891 9.26575338869
5.6801 6.1372 0.41083439486
5.9442 6.4519 1.3675713071
4.6584 6.9177 3.35609523405
1.4993 8.0506 2.81487437197
-1.106 9.1164 2.76377463806
-3.5997 10.308 0.923703079999
-3.3724 9.4127 1.04747498777
-3.6803 10.4139 16.6446863479
-8.7772 26.259 1.59653491349
-10.3734 26.2917 6.06231482274
-14.9085 30.3147 1.41240249929
-15.2134 28.9356 5.9280790042
-21.0972 29.6588 0.839268753142
-21.732 29.1098 1.86648150808
-22.9831 27.7247 1.80277794528
-24.4847 26.7271 1.96239698328
-26.4043 26.3195 2.19133753219
-26.3196 24.1298 8.76022522827
-27.8478 15.5039 1.17459739911
-28.9382 15.0672 0.735202747547
-29.6564 14.91 3.14573811529
-32.7466 15.4985 2.90771581314
-35.6472 15.2952 3.04220033035
-47.0 9.16 18.2219265002
-39.6793 25.8467 0.970504951044
-40.6498 25.8498 0.889100140592
-39.8289 25.5083 23.5441824989
-16.6674 29.736 0.839551892381
-15.8687 29.9947 0.414732118361
-15.4835 30.1484 1.07917976723
-14.4204 29.9628 0.505286463306
-13.9204 29.8899 1.30135618875
-12.7201 30.3927 2.69897960904
-10.9344 32.4165 0.855497428401
-10.1113 32.6497 1.9268438546
-8.1845 32.6627 4.74187610551
-3.4515 32.3727 4.81758797844
1.2333 33.496 2.83709243417
3.9555 32.6968 1.81431648838
5.5511 31.8332 0.859642512909
6.4065 31.9185 0.258616163455
6.6499 32.0059 0.308304427474
6.846 31.768 0.392655586997
7.208 31.9201 0.407111630883
7.5942 32.0489 0.833740739079
8.3911 32.294 1.59758124989
9.8203 33.0079 2.5423332374
12.3626 32.9949 3.1567756097
15.5183 33.0773 0.781616427668
16.2965 33.1503 0.367533318218
16.66 33.2046 1.15254581254
17.8029 33.3534 2.08033403568
0.0 0.0 3.98527549863
3.9044 0.7988 0.381079650467
3.6665 1.0965 5.21465873955
-0.2246 4.5681 3.29012088532
-2.9696 2.7543 0.699515439429
-3.5724 2.3994 6.56864070946
0.0167 7.9008 2.24613126286
-2.2187 8.1201 0.999289067287
-3.0057 8.7359 1.12241914185
-2.9534 7.6147 0.967333928899
-2.8972 8.5804 20.1632361549
-10.2922 27.3386 4.4746682391
-14.283 29.3625 5.60706591454
-19.8309 30.1749 13.760447577
-33.5395 28.9815 17.9426941818
-51.4066 27.3362 0.628584250519
-51.4512 26.7092 2.2311117072
-50.7949 24.5768 2.34045166795
-43.5798 13.9426 1.64295599454
-42.9796 12.4132 0.433806558272
-42.8478 12.8265 2.98034144688
0.0 0.0 7.04034286097
-1.2822 -6.9226 12.089120188
2.0584 -18.541 1.16170792371
2.4841 -19.6219 1.03644705605
1.9142 -18.7562 20.917027721
-9.8536 -1.4634 1.38051567901
-9.6313 -0.1009 16.87549924
-10.8751 16.7287 0.442661044141
-11.0967 17.1119 1.12395513256
-10.9692 15.9952 7.92895124591
-9.0497 8.3021 0.622614166238
-9.1631 8.9143 17.2750319537
-18.7361 23.2943 0.473536112667
-18.2732 23.3941 0.463444807933
-17.8102 23.3738 1.22858759964
-17.2052 22.3045 1.95710369679
-15.8364 20.9057 0.484427786156
-15.4042 20.6869 0.368952910274
-15.0737 20.5229 0.802610403621
-14.4902 21.074 2.32659329493
-12.3242 20.2246 1.89610564315
-10.5823 19.4756 3.00391777018
-8.7237 21.8355 0.639888052709
-8.2923 22.3081 1.69329379022
-6.6218 22.585 1.92194751489
-5.199 23.8771 1.45671665399
-3.7444 23.7986 16.7269525333
11.3823 30.9382 1.13322537917
12.5153 30.9608 6.37771740515
18.8562 31.6451 4.80395862805
23.6337 32.1486 8.66818751355
32.2463 31.1685 0.919521424438
33.0644 30.7487 5.29684060549
38.0842 29.0581 0.768403279535
38.4268 28.3703 3.42483450403
39.8905 25.274 4.04841846281
41.4562 21.5406 0.908769723307
41.8066 20.7021 1.10997863042
42.9156 20.6555 2.83817913459
44.9028 18.6291 0.918023556343
44.9338 19.5466 0.598846599723
44.7871 18.966 3.01733632199
47.6069 17.8922 1.58622711173
49.097 17.3484 0.421639146665
49.1824 16.9355 1.00413968152
48.7699 16.02 8.20713227199
48.0081 7.8483 0.677380321533
47.5824 8.3752 1.33203931624
0.0 0.0 5.4391763439
1.1743 -5.3109 4.39235123596
-1.5014 -1.8276 4.05692908121
-4.1028 -4.9407 1.50521967168
-5.3229 -5.8222 1.00842570376
-6.1045 -6.4594 1.01660602497
-6.101 -5.4428 1.19963451518
-6.1101 -6.6424 21.1669999606
-11.5999 -27.0851 2.14038511722
-13.5257 -26.151 5.25081807817
-16.9557 -30.1267 3.19964738839
-19.8886 -31.4057 2.77743329713
-22.666 -31.3921 2.64850231263
-25.3145 -31.3886 2.85978650427
-28.1726 -31.4868 2.67936728539
-30.8502 -31.5841 3.09093975677
-33.7839 -30.6108 4.64241014991
-38.0179 -28.7068 10.923641289
-48.2153 -24.7903 4.19754814743
-50.0955 -21.0374 3.50881688322
-50.5489 -17.558 1.49054923099
-49.0994 -17.9054 6.83316855492
-47.4079 -11.2849 1.43460768853
-42.6265 9.9065 10.3046625491
-32.6314 7.3997 0.102338897786
-32.5605 7.3259 3.32705047151
-29.3255 8.1031 1.19171147934
-29.3418 6.9115 0.979942253401
-28.8887 7.7804 13.1806634643
-20.1293 17.6294 7.32763269822
-13.6773 21.103 0.541721930514
-13.4081 20.6329 15.573126706
23.8249 -22.8297 1.2486176076
24.8072 -22.0589 1.24289328585
23.9656 -22.9735 0.823110715518
23.3153 -22.4689 16.8813160648
7.3495 -27.9527 4.35423610407
3.4293 -29.8478 3.26464731326
0.1661 -29.945 3.39315683398
-3.2006 -29.5221 3.01385415208
-6.1557 -30.1143 2.98036048994
-9.1041 -30.5496 1.81573903962
-10.914 -30.6951 2.55694274476
-13.4682 -30.5767 2.73848783455
-16.1913 -30.8666 2.76611415889
-18.6186 -32.1931 2.75813213063
-21.368 -32.4124 13.5320394431
-34.8998 -32.4929 0.717615976689
-35.5808 -32.2666 2.49360614573
-38.0683 -32.0922 2.75192828577
-40.561 -30.9262 1.2572410469
-41.7633 -30.5586 1.03948268384
-42.7089 -30.1269 1.64120998352
-44.2684 -29.6155 1.77850396682
-45.9464 -29.0261 0.746123005945
-46.3291 -28.3856 1.20029577188
-47.5286 -28.3419 1.96614052651
-49.1182 -27.1848 1.8752556519
-50.0672 -25.5674 1.21350072105
-48.938 -26.0118 0.567143059554
-49.2563 -25.5424 1.55791011294
-50.2457 -24.339 0.559028603919
-50.612 -23.9167 0.657491543672
-51.0892 -23.4644 1.02306368326
-51.2503 -22.4541 0.91790132912
-51.897 -23.1055 0.364445729842
-51.994 -23.4568 0.765160408019
-39.5097 -10.8131 0.792872530739
-39.3831 -11.5958 0.762088525042
-40.1327 -11.4584 1.33591012422
-38.8302 -11.1615 0.399981624578
-39.0711 -11.4808 0.932107890751
-39.8575 -11.9812 0.394206037498
-39.4983 -12.1436 1.12407695911
-39.0657 -11.1061 16.8811412908
-24.4759 -2.6143 21.9251422568
-14.9026 17.1104 0.455094385815
-14.4477 17.0971 2.03099061544
-12.6605 16.1323 0.566492806662
-12.1164 16.29 0.460186483939
-11.6742 16.4174 0.692224833418
-10.9993 16.5713 1.15577041405
-9.9423 16.1038 1.17595363854
-9.2473 17.0524 1.09138393794
-9.6606 16.0423 11.6373788062
-12.0098 4.6445 12.3579201814
-5.7787 15.3165 0.949827715957
-6.0049 16.239 1.29716957257
-5.97 14.9423 9.40741095307
-9.53 6.2345 1.44376632805
-10.2636 4.991 0.231026253919
-10.0848 5.1373 3.20661342229
-6.884 4.9443 7.94881093246
-13.516 9.3261 0.560560692521
-13.0005 9.5463 0.456168828396
-12.5459 9.5841 0.739099512921
-11.8079 9.6244 0.672239726586
-11.2159 9.3059 0.723490352389
-10.5736 8.9729 0.69770653573
-9.9207 8.7269 0.87737244657
-9.0502 8.8365 3.64933137026
-5.4486 8.2482 3.57593958702
-3.9083 5.021 0.873654451142
-4.6284 5.5157 9.17986338569
-12.2827 0.448 1.26737817955
-11.6408 -0.6448 10.8513436334
-1.572 -4.6909 44.9969164555
37.9577 -26.188 4.8495168347
38.3365 -21.3533 15.0934834581
30.7524 -8.3036 1.02930066064
30.1608 -7.4613 0.8738749224
30.9651 -7.1196 3.05005107006
33.8599 -6.1589 0.542130473226
33.4395 -5.8166 1.17642472772
34.3328 -5.0511 41.7444483381
51.5 33.0 9.47365532041
51.6273 23.5272 10.0231842371
0.0 0.0 1.92743849967
1.7634 0.7781 4.41889484487
-2.0665 2.9823 0.592390791623
-2.0951 2.3906 2.81000217971
-4.8195 3.0789 1.44043132776
-4.9324 4.5149 4.0964348756
-8.5986 6.3424 1.56202048642
-9.157 7.8012 17.0319896624
-14.5951 23.9417 3.31785542331
-17.3845 25.7382 4.7115346173
-20.7791 29.0055 1.20463736037
-21.8802 29.4941 2.6165564584
-24.0785 30.9132 2.87769834764
-26.5742 32.3459 22.2487827678
-48.8158 31.7806 5.83491788203
-50.5841 24.1014 14.7658764538
-39.9925 13.8131 0.511282553976
-39.4818 13.7887 0.671367455273
-39.9183 14.2988 1.511619122
-40.4382 12.8794 3.98284990553
-44.4033 13.255 0.90565803701
-43.8181 13.9462 0.93517059941
-44.146 13.0704 0.471545649964
-44.5409 12.8127 1.45729712139
-43.1808 13.336 0.516813699509
-38.0035 6.0586 3.18038399726
-35.7024 8.254 1.37295340416
-34.366 7.9393 11.8798903918
-24.0614 2.0277 0.82531181986
-23.8116 1.2411 1.12573198409
-23.2415 2.2118 22.0388215987
-14.495 22.4407 0.517609940013
-14.0277 22.6633 1.29126620029
-12.7523 22.4615 1.00831981534
-11.7746 22.2149 3.08001425484
-8.7941 22.9915 1.28108233147
-8.7128 21.713 14.7777357298
-11.1695 7.1409 0.539268040959
-10.6504 6.9948 0.329309656706
-10.3223 6.9666 2.06792586424
-8.466 6.0553 1.28432575696
-8.2429 7.3201 1.05886702187
-7.8325 6.344 12.7748112256
-3.7917 -5.7749 17.8355692368
3.0465 -22.2475 0.180963200679
3.0717 -22.4267 1.17473045845
3.6904 -21.4281 7.87716145893
3.1647 -13.5685 9.09495531875
2.8615 -4.4786 0.537615113255
2.349 -4.3162 15.5244439578
-9.2312 6.0234 0.216809709192
-9.1929 6.2368 12.9800152881
-16.2527 17.129 0.950377040968
-17.2003 17.0564 6.38231963474
-12.3417 12.9178 0.644881880657
-11.7017 12.997 2.02187200881
-9.6926 13.2239 1.33135175292
-9.1108 14.4214 16.7534128168
1.7837 27.1488 1.11603376741
2.8673 26.8817 0.925671918122
1.9526 26.7396 16.6513669379
-11.2207 16.5547 0.909044580865
-10.9421 15.6894 16.7072665203
-1.1644 2.1421 0.525056349357
-1.4605 1.7085 1.93922425985
0.4787 1.7182 2.49150000201
2.6132 0.4331 0.482882387337
3.0718 0.2819 0.303608382625
3.3617 0.1917 2.57047857217
5.0477 -1.7486 2.49491332515
7.5222 -1.4301 0.631556759128
7.9435 -0.9596 1.00408253147
7.1013 -1.5063 19.2975368928
-7.162 -14.5045 0.353766307045
-6.9402 -14.7801 1.30703426887
-7.6589 -13.6884 13.6537288669
-12.3858 -0.879 2.55135934357
-12.9993 1.5975 13.9204096815
-7.8282 14.5218 0.7332358761
-7.1125 14.6812 0.490223918225
-6.7215 14.9769 0.522169215868
-6.3128 15.3019 2.57884341712
-5.0024 17.523 0.545529513409
-4.5822 17.8709 0.396408186091
-4.3246 18.1722 1.77364612592
-3.3229 19.6359 1.12019879039
-2.5547 20.4512 1.76221107135
-0.9978 21.2767 0.699343706628
-1.5229 20.8148 1.10702972408
-1.2549 21.8889 18.8719486606
13.6583 33.4538 0.905530016068
14.5602 33.5348 5.40829108407
19.9111 32.749 1.61090279347
21.522 32.746 3.03741312633
24.4885 32.0935 4.07601484296
28.4675 31.2095 7.92678729184
35.9886 28.7061 2.06036468859
38.0462 28.5994 0.596168600314
38.5766 28.3272 0.41316516068
38.9854 28.3871 0.373887055138
39.3237 28.2279 0.321922630456
39.5434 27.9926 0.22975023395
39.69 27.8157 0.165411275311
39.8017 27.6937 0.608950901141
39.9135 27.0951 0.352892235675
39.9977 26.7524 0.531533338559
40.1589 26.2459 2.24452740014
40.7452 24.0793 0.308265761965
40.6415 23.789 0.467474501978
40.4836 23.349 0.295783789279
40.3317 23.0952 1.45387466447
40.6952 21.6875 1.21881242199
40.5288 20.4801 1.21782702384
40.1659 19.3176 12.4047926391
41.7448 7.0137 0.0
42.6246 -9.9148 10.456644927
32.3018 -8.2471 4.00955539306
28.2924 -8.2824 3.05142243061
25.2678 -8.6861 2.31865131704
23.8585 -6.8449 3.53315980533
20.33 -7.0263 10.6861930214
10.7427 -2.3063 3.41527371817
10.2108 -5.6799 1.64632429369
8.896 -6.6707 2.21571957161
6.8251 -7.4586 2.05123262942
5.0942 -8.5593 2.90737457683
2.6655 -10.1575 2.95220215094
-0.1868 -9.396 3.57867981943
-2.8598 -11.7755 18.0630747089
-10.8261 -27.987 4.91854187438
-14.3672 -31.4006 2.90664283496
-17.2236 -30.8625 1.84091728494
-19.0415 -31.1527 2.87686430685
-21.7245 -32.1909 5.14168341013
-26.8647 -32.3144 17.5718878695
-44.3804 -30.9103 8.18727377458
-49.1169 -24.2322 4.6418705583
-50.1897 -19.716 4.0199869266
-51.4917 -15.9127 6.36339079815
-47.3735 -11.0616 44.254407654
-51.7171 20.7586 0.204004534263
-51.5784 20.609 11.1422873006
-46.6594 10.6113 6.51902139052
-40.1404 10.628 1.6452451793
-38.8447 11.6419 2.04506477648
-38.256 9.6834 0.594515348835
-37.6861 9.5141 2.03577135504
-36.1812 10.8851 0.508151011019
-35.6813 10.7939 1.00655433038
-36.5554 11.293 0.293971852394
-36.2666 11.2381 0.332977491732
-35.9415 11.1661 1.44153629854
-34.5244 11.4304 1.09873620583
-33.6559 12.1034 0.769797297995
-32.9977 12.5026 0.701033208914
-33.5293 12.0456 1.08796895636
-33.7955 13.1005 0.621323748138
-33.2911 13.4633 1.23739759172
-32.2127 12.8565 0.692762390723
-32.768 12.4423 1.1448400456
-32.3472 13.507 9.84762089035
-24.3594 19.2664 10.466747083
-15.2185 24.3651 0.4391938638
-14.7855 24.4386 0.706492066481
-14.0907 24.5666 1.35729854122
-12.7449 24.7429 0.485611882062
-12.2622 24.6898 0.926872860753
-11.3355 24.6719 0.911269553974
-10.4251 24.6321 1.39136803183
-9.0341 24.6641 3.33722693565
-5.6982 24.57 2.42739916165
-3.2969 24.215 5.43731546262
1.9861 22.9288 0.856598972682
2.3663 22.1612 7.97988743028
-5.1835 24.7456 1.78355658727
-3.4154 24.5113 0.680343744
-2.7773 24.7473 2.72572902909
-0.2988 25.8816 1.61431428477
-0.9582 24.4081 0.437695624835
-0.6771 24.0726 0.290867529986
-0.5197 23.828 2.90134679416
2.2712 24.6209 1.12843005986
2.9608 25.5141 0.616305005659
3.5239 25.7646 2.13582915281
5.6223 26.1627 2.53069309479
8.0946 26.7032 7.41665424905
13.5426 31.7357 0.645266247374
14.1849 31.7975 1.55814434505
15.6683 32.2743 2.53500261341
18.1354 32.8571 0.414376881595
18.5306 32.7325 1.24711604111
19.7187 33.1116 3.2035241922
22.9002 33.4866 2.9692744501
25.7852 32.7842 1.12688996801
26.91 32.8528 0.562495048867
27.4492 32.6926 0.603018291597
28.0233 32.5081 0.578024099844
28.5864 32.6386 0.630437411644
29.2166 32.6559 1.96526081984
31.1263 33.1199 4.75993264238
35.6703 31.7025 5.00548207169
40.4424 30.1919 0.808185182987
40.8379 29.4871 2.78257140429
41.7078 26.844 0.439604515445
41.654 26.4077 1.57947102854
41.1497 24.9109 0.396416346787
41.1461 24.5145 1.07825518315
41.2021 23.4377 6.94712496289
40.6048 16.5163 0.945660076349
40.8631 17.426 0.979104080269
39.7193 5.3265 1.52135290449
38.4768 4.4486 0.754269182719
39.2102 4.2724 1.69452715529
37.6754 3.5542 0.626188605773
37.9558 2.9943 1.22744653651
37.1158 3.8893 8.41517074099
11.2986 24.9193 1.18672612679
10.3323 24.2304 17.1145121862
-3.9513 14.8025 0.317547051632
-4.267 14.7683 0.104804770884
-4.194 14.6931 13.6083093182
-1.6223 1.33 11.7275758539
1.3923 -10.0035 0.840224922268
1.3599 -10.8431 1.21927573584
1.8825 -9.7415 9.14635426441
5.8712 -1.5107 1.27896804104
6.3217 -0.3137 0.902562795599
7.0703 -0.8179 1.20364337326
8.2087 -1.2088 0.52050917379
8.5659 -1.5874 0.522004760515
9.0115 -1.3155 0.241415098948
9.2365 -1.403 0.272136215892
9.4999 -1.3346 1.32984993514
10.6033 -0.5923 5.6132803894
11.8665 -6.0616 1.2082201993
12.7387 -5.2255 0.259720561373
12.7516 -5.4849 0.192303744113
12.9184 -5.3892 1.74995100789
14.2266 -4.2269 4.20974888087
15.7408 -0.2989 0.553730078648
16.1736 0.0465 0.555026639
16.5905 0.4129 2.5107194925
16.2919 2.9058 6.67874353528
19.743 8.6238 0.431786810822
20.1298 8.4319 0.252721684863
20.3783 8.4779 0.505003069298
20.7894 8.1846 1.3881684696
20.9425 9.5643 10.5439064791
25.2453 19.1903 1.92251137838
26.4263 20.7073 0.588541553333
26.5713 21.2777 2.83216074403
27.1335 24.0535 0.144312230944
27.1226 23.9096 1.48005354633
28.2151 24.9081 0.456224725327
28.6053 25.1445 3.02768267987
30.3924 27.5885 0.787825996017
31.1796 27.6199 2.066902003
33.2238 27.3144 2.33312143276
35.5549 27.4115 3.31746317839
38.8634 27.1678 1.68543877373
39.9679 25.8947 1.56132997473
40.1027 24.3392 0.920512303014
40.4156 23.4735 0.194987589349
40.336 23.2955 7.42524713797
39.9969 15.878 6.28555534937
39.0571 9.6631 0.993926118985
39.0783 10.6568 1.13152048148
43.8047 5.5272 0.354563308874
43.8114 5.1727 3.9709889675
43.2307 1.2444 0.608942107265
43.8392 1.2676 4.80497342552
42.5361 -3.3573 1.28386560434
42.9553 -4.5708 0.12903309653
42.8276 -4.5893 1.24304224385
42.1637 -3.5384 4.73177083553
39.4755 0.3556 30.9825513281
18.6897 23.331 3.43002288185
15.2621 23.4599 4.57524090295
10.7097 23.0033 4.88255767503
5.8281 22.9066 4.63922838088
1.2047 23.2895 3.10987294435
-1.9051 23.3108 2.69030254432
-4.5908 23.1535 2.9656171786
-7.5558 23.214 2.10505611564
-9.0168 21.6985 1.8560866386
-10.8724 21.741 3.40281747968
-14.2646 22.0096 1.79982723615
-16.0634 22.0704 1.81043259195
-17.873 22.1253 0.288068273158
-18.0047 21.8691 1.22804528011
-19.2136 21.6531 2.44502113079
-20.3223 19.4739 2.05862154123
-21.9399 20.7472 1.26128224438
-22.5482 19.6423 6.43593335034
-25.4782 13.912 0.631256683133
-24.8472 13.93 0.493368594461
-24.6133 13.4956 23.7601692418
-26.4992 32.6196 3.60842644514
-23.7163 30.3226 0.350985270346
-23.3728 30.2505 1.2376269955
-22.1655 29.9782 1.10841202628
-21.0666 29.8333 0.696311252243
-20.9776 29.1427 15.1835963395
-17.0634 14.4723 1.98773098029
-15.5968 13.1306 1.68777387703
-14.1789 14.0461 0.655251234261
-13.5636 14.2714 0.683906075423
-12.9492 14.5718 0.296806081474
-12.728 14.7697 2.39575572419
-11.2975 16.6915 0.595891349157
-10.7018 16.7066 0.561008671947
-10.141 16.7219 0.284216150139
-9.9781 16.489 2.33447270706
-7.925 15.3779 0.969827845548
-8.1613 16.3185 0.97700690888
-8.2284 15.3438 19.6009613825
-0.4618 -2.6528 0.533427417743
0.0662 -2.5769 0.766782811492
0.22 -1.8257 3.27123835879
3.0858 -3.4031 1.14127539183
1.9464 -3.4685 16.0926008022
-13.9819 -5.7622 5.70040348133
-13.1163 -11.3965 2.2217976258
-10.9788 -12.0027 0.754004834202
-11.6068 -12.42 0.60161932316
-11.0077 -12.365 0.958427764623
-10.2154 -12.9043 1.68819777277
-11.084 -11.4567 4.85856451434
-9.9185 -16.1734 0.590308139873
-10.3926 -15.8217 0.296132487242
-10.1788 -16.0266 5.64461803314
-9.7003 -10.4023 0.296743997412
-9.8611 -10.1529 1.25217404541
-8.8283 -10.8609 0.934892940395
-9.4498 -10.1625 19.2885083314
-19.0707 6.5553 0.494107124013
-18.7544 6.1757 0.700675852303
-18.096 5.936 2.146835888
-17.5167 8.0032 0.616962859498
-17.1593 8.5061 2.27404722027
-15.0943 9.4585 0.197217139215
-14.8971 9.4611 0.534236735914
-14.3654 9.5131 2.06834276656
-12.8242 10.8925 0.497609043326
-12.4832 11.2549 1.35798178559
-11.5915 12.2791 0.449039085159
-11.1616 12.4088 1.00951234267
-10.3602 13.0227 0.461848470821
-10.2977 13.4803 0.258848218074
-10.2521 13.7351 0.853056744889
-9.4562 14.0421 1.38424600776
-9.3187 15.4195 0.548876124458
-9.5867 15.8985 0.511760100047
-9.0955 16.0421 0.482651199108
-9.2718 16.4914 5.04057853822
-14.3082 16.6966 2.83798361694
-11.4732 16.8267 1.60501409651
-9.8725 16.9443 0.357069475033
-9.8615 16.5874 17.364595202
-3.3273 0.4991 0.566346651796
-2.9231 0.1024 3.19475058964
-1.4809 -2.7483 0.832564868344
-0.6908 -3.0108 39.0319958209
30.4532 -26.5384 16.4203487886
42.2185 -15.0839 1.43580044574
0.0 0.0 1.98467504645
1.7848 0.868 2.75915895156
1.3944 3.5994 1.20983215778
0.2091 3.357 2.58861493853
-2.1566 4.4079 0.508871506375
-2.4561 4.8193 1.62892359551
-3.4739 6.0911 0.518157755901
-3.5 5.5736 0.596081714197
-3.4715 4.9782 1.63222770777
-2.976 6.5334 0.472888401211
-3.4298 6.4004 1.0068678811
-3.986 7.2397 1.00450756592
-4.1993 6.2581 0.960172317868
-4.2425 7.2173 16.7527999705
-9.8403 23.0072 13.4139122079
-18.1569 33.5318 3.39829628049
-21.5 32.9218 0.861786058137
-22.3536 32.8033 2.49813887724
-24.8299 32.4737 2.62971740877
-27.4437 32.1848 2.83342817979
-30.263 31.9022 15.0509913298
-45.303 31.3271 5.18109635598
-49.0394 27.7378 3.4543226268
-50.6114 24.6619 0.983899283464
-51.1968 25.4527 0.862272468539
-50.4377 25.8617 0.258321988998
-50.4184 26.1193 7.93284804468
-49.5478 24.4057 0.964569028116
-48.5843 24.4511 2.09400718719
-50.153 25.8382 0.498718778471
-49.7689 25.5201 15.5893267375
-39.5262 13.7679 0.434798827045
-39.1323 13.952 0.545556321565
-38.9602 13.4343 0.719102565703
-39.3703 14.025 7.8592728525
-46.1534 17.9946 9.75938330685
-37.4451 13.5888 19.0261511825
-27.5752 -2.6771 0.958361001919
-27.7461 -3.6201 1.16503681058
