0.0 0.0 7.40554749158
-7.3799 -0.6158 0.105668254457
-7.2762 -0.6361 0.842676177425
-7.7995 0.0244 1.21575251593
-7.1948 -1.0303 10.3022163931
-2.2629 -10.0753 11.3869090775
4.0818 -19.5308 7.97435426414
-3.6534 -21.4691 33.7334836256
-37.208 -24.9385 1.02459592523
-31.2769 -31.5263 0.93191297877
-30.7115 -30.7855 3.0499362895
-29.0351 -33.3334 9.87619911606
-23.4398 -25.1951 0.192711001243
-23.5065 -25.3759 9.24563482839
-24.2207 -19.7425 1.52958836946
-22.6914 -19.7128 2.05599938716
-21.5202 -18.023 1.21445233748
-21.56 -19.2368 0.469291636405
-21.879 -18.8926 1.28783991629
-20.6921 -18.3928 15.2722382223
-7.1405 -11.3504 1.03167718304
-6.2239 -10.8769 0.917081550354
-6.712 -11.6533 2.56652117272
-5.4438 -9.422 1.49573025643
-4.0158 -8.977 0.901160363088
-3.2288 -8.538 0.885482947323
-2.5585 -7.9594 2.89218966356
0.2047 -7.1053 3.40050394648
3.5969 -7.3428 4.77524024631
8.3719 -7.2949 0.913192340091
9.2619 -7.0904 2.71807272898
11.7275 -5.9464 4.83471495851
16.5243 -6.5507 4.11002401088
20.6247 -6.8318 2.23297764655
22.8568 -6.7692 0.902650657785
23.6882 -6.4177 0.5094285524
24.1899 -6.5061 0.356121004716
24.4888 -6.3125 1.60391753529
26.0927 -6.305 0.614057139035
26.7028 -6.2354 1.71642946258
28.3991 -6.4975 0.635192899834
28.9312 -6.1506 0.370956938202
29.2964 -6.0855 0.226730522868
29.5216 -6.1118 0.280081148955
29.6988 -5.8949 0.341319513067
29.6239 -5.5619 0.788904049933
29.1555 -4.9271 1.20868061952
28.5185 -5.9543 1.12597215774
29.0362 -6.9542 0.248251364548
29.2837 -6.9735 1.15711928944
28.285 -6.3891 0.173174132017
28.1202 -6.4423 0.151862602375
27.9691 -6.4575 0.312035206347
28.2642 -6.3561 0.300183693761
28.4787 -6.1461 0.74169784279
28.5575 -5.4086 0.426268753253
28.3187 -5.0555 1.0676039762
29.3523 -4.7882 0.771372931856
30.0015 -4.3716 2.8886944629
32.4196 -2.7913 1.50287253285
33.7664 -2.1244 1.47644254206
34.3521 -0.7691 1.261688242
34.827 -1.938 8.55324591076
33.285 -10.3511 7.97224132726
38.8447 -16.0648 0.468059825236
39.2907 -16.2068 0.264705496732
39.5103 -16.3546 0.147398677063
39.6537 -16.3887 0.48337827837
39.3121 -16.7307 0.540726224628
39.8472 -16.6529 0.0104560986988
39.8574 -16.6552 2.49930128036
40.9229 -18.916 1.25791227834
41.4696 -20.0489 0.363388786288
41.7281 -20.3043 0.888329994991
40.8398 -20.3116 0.868043691297
41.4399 -19.6844 1.02208800013
41.2781 -20.6936 1.14726466432
41.482 -19.5646 10.2303585631
47.0 9.16 26.0326161056
42.5491 -16.4893 25.0723324095
19.2877 -25.845 0.527501620851
18.7663 -25.765 1.75955521652
17.1079 -26.353 6.14166505518
11.2097 -24.6409 3.03887032958
9.0559 -22.4971 1.87953411781
7.1776 -22.429 2.00647243938
5.2422 -21.8997 2.00848123715
3.242 -21.7175 1.87439740984
1.5707 -20.8689 3.03245204084
-1.457 -20.6992 5.26027453751
-6.53 -19.3081 4.76170466325
-10.5499 -16.7558 1.30927003326
-10.5288 -18.0649 0.955723077047
-11.411 -17.6973 1.62390743886
-10.5031 -16.3509 1.58229067178
-11.214 -14.9373 1.30325548148
-12.4151 -14.4315 1.42642860319
-13.3371 -15.5199 0.192127717938
-13.438 -15.3564 1.01226329579
-13.8587 -14.4357 2.28825088222
-16.033 -15.1488 1.54759531209
-16.4408 -13.6559 1.84971629446
-18.1942 -14.245 1.16806000274
-17.5466 -13.2729 1.06316800648
-18.138 -14.1564 2.59775907274
-20.6448 -14.8378 0.726679255243
-21.2955 -15.1613 2.50077745711
-23.7122 -14.5183 1.75187842329
-24.6271 -13.0243 0.320203326029
-24.762 -13.3147 1.28053303355
-23.5774 -13.801 2.03920732884
-24.7787 -15.4488 1.25607269296
-26.0337 -15.3969 2.20462121236
-27.69 -13.9419 2.68633925817
-30.351 -14.31 0.839239751203
-31.107 -13.9456 1.81490805277
-32.92 -14.0288 2.06364555338
-34.0951 -12.3324 1.15743746267
-35.0583 -12.9742 0.127983631766
-35.0353 -12.8483 2.57728709499
-36.9444 -11.1169 0.116852599458
-36.8526 -11.1892 2.08955589779
-38.807 -10.4499 0.151652926118
-42.564 -5.8455 6.24544309157
-36.335 -5.3926 0.966697056994
-35.4622 -4.977 0.92298895443
-35.7387 -5.8576 1.11313234613
-34.6906 -5.4827 13.0619234801
-28.1166 5.8043 1.19277163783
-27.0649 5.2416 12.2858052117
-16.0402 -0.1803 0.482970485641
-15.5745 -0.3083 1.86746971595
-13.772 0.18 7.67964777968
-6.1541 -0.7919 6.10811569717
-0.065 -1.2735 6.60620806515
6.526 -0.8255 1.99183348953
8.0611 0.4437 42.3287578945
38.8871 29.452 4.4986168152
38.8748 24.9534 0.975490163969
39.4483 24.1643 0.376673492564
39.7029 24.4419 0.282898285608
39.9619 24.5557 0.905731599316
40.8637 24.4714 0.785142152734
40.0809 24.532 1.0090196678
39.0771 24.4295 1.68831728357
40.4621 25.395 1.02342173614
40.3903 24.3741 12.648489226
38.326 11.8952 0.516518441104
38.5263 11.4191 12.3234928819
36.2879 -0.6994 1.03675048589
36.7953 0.2047 0.591200304465
36.3945 -0.2299 1.16108534139
37.3139 0.4792 7.38188346223
41.2968 6.6944 0.32963182492
41.4883 6.9627 1.15415161916
0.0 0.0 1.99382277297
1.9371 -0.4722 0.614723645226
2.5317 -0.6282 0.672348161297
1.9399 -0.9473 0.0
-5.39 -1.061 0.951347812317
-5.5165 -0.1181 1.81615551372
-3.7278 -0.4327 12.1672777974
-11.422 8.9929 0.838567665725
-10.6082 8.7906 9.56352081662
-3.5082 2.3835 0.652444771609
-2.9359 2.0702 0.65823577083
-3.3626 1.569 0.142589094955
-3.4692 1.6637 8.88508275369
-11.8617 4.581 0.948943228017
-10.9846 4.2188 0.938120941031
-10.3995 4.9521 0.942919222415
-11.282 5.2842 1.24524961755
-11.5614 4.0707 21.038410984
-32.0851 8.6959 0.533828923907
-31.7357 9.0995 10.8294535416
-24.4502 17.1119 1.19608001823
-23.5456 17.8944 0.853535353691
-24.399 17.9096 0.896540824503
-25.2669 17.6848 0.334064454859
-25.3328 17.3573 0.338769685775
-25.3059 17.695 0.295737806173
-25.354 17.4032 17.6061145768
-31.2295 34.0 8.93214786991
-27.3954 25.9326 0.623292427357
-26.843 25.6439 9.93405953526
-34.2936 19.0732 0.536285791346
-34.7882 19.2805 2.95951882744
-32.7094 17.174 0.244518179283
-32.4679 17.1357 0.849600435499
-32.0652 17.8838 1.28197393499
-33.0638 17.0799 4.19581452045
-33.0948 21.2756 0.487863146794
-33.3467 21.6934 0.982419716822
-32.587 22.3163 10.496182758
-22.165 21.0706 16.8356373889
-9.0377 10.5296 0.464285817143
-9.4233 10.271 0.101255765268
-9.4436 10.3702 11.333722902
-15.0917 20.1963 0.208266992104
-14.885 20.1708 0.939716622179
-15.6757 20.6786 1.03211368075
-14.9265 19.9687 13.5827705852
-4.8771 10.8308 4.27761971194
-1.9735 7.6896 3.53725489045
1.4745 6.9 5.81064289472
7.2683 7.3421 0.655374854568
7.9171 7.2495 2.31834729279
9.9662 6.1651 0.0870554421044
10.0531 6.1599 2.17269680351
10.2913 8.3195 4.0252280395
13.2524 5.5929 13.3308635073
20.2393 -5.7603 0.389364007068
20.228 -5.3711 0.561754474838
20.7877 -5.4191 0.278745080674
20.9996 -5.238 0.114701743666
21.0181 -5.1248 1.62053258529
19.8212 -4.0323 1.02308899417
20.7715 -3.6533 1.8031689466
22.3359 -2.7566 0.178920373351
22.5024 -2.8221 0.0372839107391
22.5177 -2.7881 0.204434365996
22.5427 -2.991 1.09396685964
22.7737 -4.0603 0.167269991331
22.9379 -4.0284 0.115543671397
23.0532 -4.0359 1.21435159653
23.7286 -3.0267 2.07231913565
22.771 -1.1889 0.463961560908
23.1357 -1.4757 0.0
23.1357 -1.4757 0.481790701446
22.8245 -1.1079 0.465646271326
22.9388 -0.6565 0.612771776439
23.5441 -0.5611 0.314894283848
23.8576 -0.5907 1.77406613744
25.1647 -1.7902 1.18034190386
26.1077 -1.0803 0.601264309601
26.3571 -0.5332 1.59337574037
27.9498 -0.4868 2.14885478569
30.0853 -0.726 0.776209301671
43.4068 -9.4142 12.5960723803
30.8414 -10.2927 0.227494285643
30.6352 -10.3888 0.056691180972
30.6035 -10.3418 7.74815052577
24.2694 -5.8794 1.41613191829
22.8574 -5.7713 11.7918642822
11.9909 -10.3503 1.26499057704
10.9255 -9.6683 2.307406633
8.6234 -9.8247 1.11121097907
7.5156 -9.7377 1.02291149666
6.4929 -9.7169 0.927782027203
5.5939 -9.4876 6.72492370886
-1.1076 -10.0484 3.10263703646
-4.1363 -9.3751 1.75710824083
-5.1347 -10.821 1.44961261032
-6.5253 -10.4116 1.70616947869
-8.0855 -9.7211 6.51953139727
-8.9863 -3.2641 0.901940957048
-9.8293 -3.5848 3.37545455457
-12.9422 -2.2796 11.3370913527
-14.9917 8.8707 0.605483286309
-15.5337 8.6008 2.21897426979
-17.5428 7.6588 4.82896823866
-18.1204 2.8645 2.8867055773
-20.9954 3.1242 2.6319159903
-23.4951 3.9479 2.60613746759
-26.059 3.4806 2.08407298337
-28.1132 3.129 0.607547043446
-28.0382 3.7319 5.22753564215
-32.709 1.3844 1.50360894517
-34.0271 0.6609 17.5392978927
-21.3215 -11.4302 1.11291547298
-22.1741 -10.7149 1.66446669237
-23.6497 -9.9448 2.43499346406
-25.8571 -8.9169 1.3322997448
-24.5681 -9.2538 0.529439788833
-24.9766 -9.5906 1.36341646242
-25.0772 -8.2309 13.2100004209
-24.7286 4.9745 1.8440010846
-25.5946 6.6025 0.952071410137
-33.8819 -1.7149 0.2964858344
-33.7971 -1.999 0.15831140199
-33.6626 -2.0825 1.30103922308
-34.8641 -1.5834 0.792862421861
-34.146 -1.9195 10.1046468444
-44.1861 -2.3982 0.0
-44.1861 -2.3982 0.0
-44.1861 -2.3982 0.0
-44.1861 -2.3982 0.0
-44.1861 -2.3982 0.0
-44.1861 -2.3982 0.0
-44.1861 -2.3982 5.1158805938
-51.8902 4.5939 52.0931547638
0.0 0.0 7.49897337107
-2.5339 -7.0579 0.569020298408
-2.8846 -7.506 1.21502402034
-2.2557 -8.5456 13.0918992377
3.6585 -20.2255 0.211395600711
3.7344 -20.0282 0.359931771312
3.8132 -20.3794 11.8764803709
-7.9682 -18.8796 0.723687460165
-7.7587 -19.5723 0.90443502807
-7.1063 -18.9459 1.13940849567
-7.1107 -20.0853 1.5339519321
-6.918 -18.5635 7.33052772589
-11.9725 -23.8728 1.05927546937
-10.9241 -23.7214 1.60983044138
-9.3143 -23.7313 2.65375295949
-6.9729 -24.9804 0.918986860624
-6.3576 -25.663 4.61852792348
-3.5299 -29.3147 1.98063971736
-1.8704 -30.3959 0.525492197849
-1.4942 -30.7628 0.458668682166
-1.0406 -30.6948 1.55304978993
0.4056 -31.2609 0.928910092528
1.3342 -31.2369 5.46400079429
3.5304 -26.2337 9.50529058998
-4.383 -20.9679 2.27420616919
-2.4041 -19.8472 9.49961700965
1.1892 -11.0534 11.0066018212
7.1678 -1.8121 1.41524137871
8.4878 -1.3017 5.34432427534
11.9864 -5.3417 2.44486114125
14.4114 -5.0307 1.16806476276
15.3966 -4.4032 1.43511777914
16.5318 -3.5252 0.571020997863
16.9565 -3.1435 1.99970319798
18.2787 -1.6433 2.05112190033
20.2784 -2.0997 0.908276835552
21.0829 -1.6781 0.72862832775
21.5797 -1.1451 1.06731337947
21.6128 -2.2119 1.23939884218
20.6593 -1.4201 5.50062848136
16.3013 1.9362 0.525260716216
15.9914 2.3603 1.28645948246
15.6816 1.1117 0.771985006331
16.193 1.69 0.185842783018
16.1707 1.5055 7.15483625599
43.4787 -9.3207 12.7865805034
30.7026 -9.8383 0.940373845872
31.621 -9.6362 0.361415356619
31.3275 -9.8471 1.40812654616
30.5841 -11.043 0.136119506317
30.5367 -11.1706 0.0547117903198
30.4884 -11.1449 1.18947224011
29.6549 -10.2963 8.80286808092
22.4966 -5.1729 0.758636302849
21.7396 -5.2227 12.8597747056
11.1788 2.1151 5.3706102791
5.8109 2.2857 3.66024088005
2.158 2.054 3.52391456338
0.1472 4.9479 0.30576461535
-0.1468 5.0319 1.06145292877
-1.2082 5.0425 2.58879175099
-3.7734 4.6938 0.9466520216
-3.1403 3.99 9.62687159258
-5.7268 -5.2829 1.82435729505
-7.5191 -5.6234 1.69970682472
-9.1914 -5.3194 6.90462032121
-12.5697 0.7023 1.92928599487
-13.6996 -0.8615 2.77123180192
-15.2793 -3.1384 0.784693296773
-23.6367 -3.1508 0.462907377345
-23.6687 -3.6126 0.727326336661
-24.1345 -3.054 0.163985914029
-24.0932 -2.8953 2.31943827682
-23.1668 -5.0217 11.0468423819
-14.9373 -12.3911 0.982491089018
-13.9966 -12.1076 12.3434168827
-4.2511 -4.5323 1.88586650906
-2.3951 -4.8666 2.86198416488
0.4655 -4.9556 7.37035306413
7.8357 -4.9081 0.977775500818
7.5394 -3.9763 0.724765617286
8.096 -4.4405 2.45049830239
10.1177 -3.0557 2.18062812281
11.9782 -1.9183 2.80186769316
14.4726 -0.6422 4.82671964174
19.2495 -1.3339 1.06356574785
20.2324 -1.7402 0.740438316134
20.8631 -2.1281 0.894508501916
21.7576 -2.1242 2.10717464867
23.5784 -3.1848 0.431809738195
23.9878 -3.0475 0.320616468697
24.2932 -2.9499 0.990663979359
25.0198 -3.6233 0.620750231575
25.3016 -4.1764 0.509585017441
25.6316 -3.7881 0.0257381040483
25.653 -3.7738 0.536710881201
26.1891 -3.7994 0.232721485901
26.4214 -3.7854 0.592693715168
26.8744 -3.4032 1.54932494009
28.4235 -3.3768 1.11611497616
29.4115 -3.896 1.17811264742
28.58 -4.7306 1.45426737569
28.0576 -3.3734 1.09995055343
29.1097 -3.6943 12.3608808218
27.6259 8.5772 1.5796524966
28.391 9.9592 15.5009745119
36.4851 23.1791 0.724187165034
37.1475 23.4718 0.544148003764
37.6568 23.6634 1.59969723698
39.1537 24.2276 0.548762471384
39.3413 23.7119 1.65618686144
40.5139 22.5423 1.26025622792
41.2315 23.5783 1.15391358862
41.2584 22.4247 5.19507961922
40.5808 17.274 0.849797917154
40.5679 18.1237 1.19443029098
40.5183 16.9303 0.873345761998
40.5462 17.8032 0.51493219942
40.5028 18.3163 0.479416989686
40.0252 18.358 0.216746718545
39.9787 18.1463 0.813588249669
40.3617 18.8641 1.52850237815
41.3781 20.0057 0.530925324316
41.6512 20.461 0.0945211616518
41.5744 20.4059 0.0943434682424
41.4807 20.3949 0.0369283089242
41.4656 20.3612 0.0315762569029
41.4347 20.3547 0.0620322496771
41.3727 20.3567 0.112132510897
41.4378 20.2654 0.0869658553686
41.4219 20.1799 0.0700685378754
41.3763 20.1267 0.379675677388
41.5414 19.7848 1.27021307268
40.3387 20.1934 0.213429730825
40.4587 20.0169 1.42933778373
39.698 18.8068 0.169413163597
39.8651 18.7789 0.242994814759
39.6773 18.6247 0.0647521428217
39.6953 18.5625 0.317000141956
39.8175 18.27 0.617429518245
39.5439 18.8235 1.17536796366
40.09 17.7827 10.5918608927
0.0 0.0 2.05430099304
2.0136 -0.4069 0.441396443121
2.3227 -0.0918 2.88055305801
-0.3837 0.8946 2.96205027641
-3.1515 -0.1604 1.17600287415
-3.5025 0.962 1.63289265416
-4.1386 2.4659 0.913146921366
-4.6553 3.2188 2.95001987281
-6.0276 5.8302 3.72190156909
-7.9249 9.0322 0.40430712336
-8.3281 9.0023 1.39745274696
-9.4954 8.234 2.12807872975
-11.5712 8.7028 0.766943087849
-11.1221 9.3245 5.90476123565
-13.197 14.8527 0.352568986157
-13.2903 14.5127 1.84001007062
-14.8694 13.5682 1.45538598317
-16.165 12.9052 1.10017602228
-15.1448 13.317 0.847230322876
-15.9817 13.4489 0.826560106707
-16.6873 13.0184 15.1594757459
-17.7806 -2.1016 0.781782661614
-18.4283 -2.5394 1.8052975655
-19.4842 -4.0037 6.73405997152
-21.9405 2.2664 1.31796723783
-23.2415 2.4772 0.924636425845
-22.4369 2.9328 5.96246773912
-27.7946 0.3163 2.82791328898
-28.824 2.9502 1.33740492746
-29.7303 3.9337 17.4372963891
-17.8297 16.6787 7.89584906707
-21.6129 23.6092 5.20479464052
-22.0664 28.7942 3.51247960848
-25.511 29.4814 2.70814603004
-28.1346 30.1528 2.66647255564
-30.1736 31.8711 4.93998698176
-30.0233 26.9334 0.813398383328
-47.0 9.16 14.4585666043
-32.5667 8.3056 0.437473850647
-32.4171 8.7167 1.09732766756
-33.4956 8.9191 0.779508928749
-33.28 8.17 0.870302165917
-32.7105 8.8281 1.00167412865
-32.4746 7.8546 20.4710587262
-33.935 -12.5643 2.8482960257
-31.125 -13.0298 5.93663018639
-25.8609 -15.7744 0.681011629857
-26.5269 -15.9166 1.21867241291
-25.3662 -15.5452 19.0525159454
-10.2166 -3.9915 0.493789479434
-9.816 -3.7028 2.53089177959
-7.3118 -3.3362 3.65115950487
-3.6616 -3.2525 6.33103708487
2.5713 -4.3629 5.06310059647
7.6302 -4.5691 4.9033672675
12.2062 -2.8075 2.91180234563
15.1141 -2.6568 1.68570679538
16.3455 -3.808 31.1961381592
38.2344 -26.0358 5.11917409061
40.1968 -21.3077 2.27310017817
39.9172 -16.9002 0.557318167657
39.7699 -16.3627 15.6249087581
24.8428 -11.7454 1.28829623922
26.1136 -11.5338 0.534995411195
26.2661 -11.021 1.32626562196
24.9552 -11.2223 11.6200019182
13.5939 -13.6606 0.49724751382
13.0994 -13.7128 1.94181939943
11.1597 -13.6221 2.32128177092
9.3238 -12.2016 5.12130956885
4.2715 -13.0395 2.97610250664
2.0388 -11.0717 1.41455050104
0.6972 -11.5201 3.07768813397
-2.3504 -11.9494 4.55401416445
-6.6774 -10.5295 2.54005437147
-9.0784 -9.7006 1.16767060852
-10.2451 -9.7482 1.42095382754
-11.6114 -9.3579 1.96542487264
-13.5721 -9.4941 1.50169697676
-15.0186 -9.0907 4.02036704419
-22.6832 -7.3514 0.39248654754
-22.312 -7.4789 0.421696620807
-22.725 -7.3937 0.633042281368
-22.8063 -8.0215 12.2457360497
-22.6395 -20.2661 0.975251849524
-22.8471 -21.219 1.09560669038
-22.538 -20.1679 14.8848063289
-12.7264 -8.9746 0.71611976652
-12.012 -9.0242 0.437208794514
-11.5828 -8.9409 1.28944120068
-10.3358 -9.269 0.647472285121
-9.6914 -9.332 1.5065415892
-8.2098 -9.059 12.2595070982
3.8925 -7.102 1.92746654964
4.4426 -5.2547 3.83169854764
7.6502 -3.1587 1.26676745301
8.4919 -4.1054 0.932840956434
8.4419 -3.1739 3.13381138711
11.1689 -1.6298 0.530025971062
11.6117 -1.9211 2.0963960933
13.109 -0.4538 1.61775155076
14.6048 0.1624 0.623721067465
15.2237 0.2398 2.5946285765
17.8145 0.3807 0.79364233758
18.6041 0.3007 1.0989026208
19.703 0.3031 0.272549004768
19.8444 0.5361 21.5094128646
34.9661 -14.7606 1.92141818457
35.3533 -12.8786 0.846865615077
34.7114 -13.431 0.631332503519
35.2766 -13.7123 0.668796127381
35.9367 -13.8198 1.5336945752
37.2023 -14.6861 1.03773959161
37.0034 -15.7046 1.26587568505
36.9444 -14.4401 3.44591257724
40.0939 -15.8383 0.626124149031
40.6798 -15.6175 2.13506881622
42.8116 -15.7356 0.887798997521
43.6021 -15.3315 0.55654953059
44.1264 -15.1448 0.994718472735
44.0886 -16.1388 1.26802512593
36.5619 -8.9532 1.06775546358
36.9192 -9.9594 1.03792703501
36.8454 -8.9241 13.1676617552
29.9647 2.3028 1.16254046811
30.5032 3.3331 0.739466091177
29.8231 3.6234 1.43054326044
30.943 2.7333 0.396449694161
30.846 3.1177 1.31100317696
29.6338 2.6184 7.95542213651
22.8439 -1.5272 9.61696691166
14.7036 -6.6479 1.43967852314
13.2656 -6.5784 5.10660192006
8.173 -6.9563 1.28414317348
7.2017 -7.7963 3.46964961487
3.7635 -7.3302 1.97513783063
1.7963 -7.5071 1.85130052936
-0.0519 -7.6142 2.59262088436
-2.5367 -6.8743 3.09721878465
-5.3545 -8.1599 2.52968712888
-7.7609 -7.3798 7.50138714905
-9.1869 -0.0152 2.03482037782
-10.8155 1.2047 0.934447965378
-11.7491 1.1649 1.93420961118
-13.6602 1.463 0.306928802819
-13.9642 1.5053 1.46181717051
-13.3602 0.1741 0.378477502634
-13.7383 0.191 8.94509989715
-18.9807 -7.0569 1.029125075
-19.6636 -6.287 1.59187723773
-20.2581 -4.8103 1.85544367201
-22.0962 -4.5572 0.599459773463
-22.6951 -4.5831 1.25787332033
-23.9486 -4.4783 1.73009721403
-25.288 -3.3832 1.10136680538
-26.341 -3.0604 1.84282499712
-28.0976 -3.6175 2.11436274324
-30.121 -4.231 5.23763000602
-24.9492 -3.4032 2.63140656304
-27.4781 -2.6759 2.60653802965
-29.7376 -3.9754 0.238512431542
-31.8762 -3.9801 0.752876729618
-30.4679 -4.1186 1.44960977163
-31.7072 -3.3666 6.6837585489
-25.0247 -3.2369 3.23033864014
-28.255 -3.2527 2.82069377636
-25.4803 -2.7454 3.18530717671
-27.3669 -0.1789 10.2877453983
-24.6202 9.7354 1.28733561281
-25.6189 10.5477 2.70293389116
-26.0058 13.2228 2.80142600295
-28.6189 14.2326 6.68628242598
-31.2351 8.0794 32.1201257216
-42.6267 -9.9057 10.0818134182
-32.6495 -8.4571 0.300551626181
-32.5713 -8.1669 0.819741044477
-31.902 -8.6402 11.1704767401
-22.9154 -15.275 11.1622032292
-14.9792 -23.1243 0.511152423451
-14.5768 -22.8091 2.01296146511
-12.5643 -22.766 2.18129011826
-10.4226 -22.3523 0.547446700602
-9.8776 -22.404 1.75675940299
-8.237 -23.0322 1.55974739622
-6.6795 -22.9485 1.80554390697
-5.5359 -21.5513 13.5522254003
1.1972 -9.79 0.5567288119
1.6168 -10.1559 0.737658410106
2.1941 -9.6967 4.89569161202
6.8585 -8.2097 2.59878811179
9.4299 -7.8334 5.07419529088
14.4915 -7.4761 0.501657572454
14.9931 -7.4685 0.381913249312
15.3749 -7.4592 1.13267791097
16.3004 -6.8062 0.739992249959
16.9787 -7.102 0.561829956481
17.4748 -7.3657 3.05722866989
20.5181 -7.0742 14.0049117305
23.8764 -20.6705 0.423122322739
24.2787 -20.5394 0.355039434429
24.6317 -20.5774 0.265330360117
24.8961 -20.5996 0.697881974262
25.4291 -20.1491 0.409855023148
25.8376 -20.1824 6.82359143047
27.2296 -13.5023 0.816184250032
27.2788 -12.6876 0.511337745526
27.1333 -12.1974 1.41636612498
27.7571 -10.9258 3.28298393539
28.3787 -7.7022 0.619738025298
28.8496 -7.2993 0.349925206294
29.127 -7.086 0.33020613259
29.4417 -6.986 0.284883765771
29.4777 -6.7034 0.0933349345101
29.4867 -6.6105 3.27892010577
32.1608 -8.508 1.24625329689
33.347 -8.8902 0.423064120436
33.6452 -9.1903 5.50590832924
33.9439 -14.6881 4.19892109238
38.1164 -14.2178 0.85767542229
37.3716 -13.7925 7.35990989755
37.6205 -6.4368 0.456655690866
37.1816 -6.5629 1.10056024369
0.0 0.0 6.04443647663
1.4236 5.8744 4.79593967643
-1.6067 2.1571 0.131004885405
-15.5167 -14.9924 0.510609253735
-15.0133 -14.9069 0.533216475739
-14.7874 -15.3899 0.471623430292
-14.4429 -15.712 1.52810471173
-15.2305 -14.4025 0.539329732168
-15.6935 -14.6791 1.01104826789
-15.7297 -15.6895 4.39813487742
-14.6145 -19.9439 1.16311603892
-13.4791 -19.6915 3.21119294033
-10.6548 -21.2196 1.88166135636
-8.8453 -21.7357 0.421545205168
-8.4313 -21.6563 0.9792125663
-7.4564 -21.7481 0.676915629898
-6.9013 -22.1355 1.42507022283
-6.603 -23.529 1.55137091632
-5.6166 -24.7264 1.02022918994
-6.5884 -25.037 0.589181839503
-6.0854 -25.3438 1.24213947687
-4.8456 -25.2676 1.60396888997
-3.3152 -25.7478 0.640015562311
-2.7246 -25.5012 0.31852354701
-2.4128 -25.5663 0.201056459732
-2.2447 -25.6766 1.35299082776
-0.894 -25.7553 1.8689626695
0.3821 -27.1208 0.918425680172
1.1223 -27.6645 1.58293934817
2.2456 -28.7798 1.07403624241
2.9464 -29.5937 0.923266418755
2.0842 -29.9239 1.20711507322
2.9936 -29.1301 0.86835845709
2.7257 -29.9561 2.1290672723
4.8309 -29.6382 9.98666479261
14.4047 -32.48 3.70341597988
18.0963 -32.1844 1.12201451417
19.1872 -32.4468 0.434934305384
19.6153 -32.37 0.303827401661
0.0 0.0 2.09402609821
1.7793 1.1041 0.753453183682
1.0976 1.425 2.83227926766
-1.3957 2.7686 4.80104809911
1.6061 6.5155 1.72991084741
-0.1112 6.307 4.90275783718
-3.6527 2.9166 1.31458513988
-2.3427 2.8069 0.257498135916
-2.5962 2.7617 18.0533687995
11.4893 14.0543 7.88787588962
19.264 15.3857 8.98379607182
20.6775 6.5138 2.86173049919
18.4216 8.2746 5.16267833203
20.35 13.0636 5.63182065499
25.9358 13.7821 1.50435669308
24.5693 14.4112 1.30437384595
24.0765 15.6189 0.412601708673
24.0636 16.0313 1.92033581699
22.199 16.4906 10.5636113167
12.3519 20.3148 0.722517210868
12.1233 21.0002 4.70884231739
9.9812 25.1936 5.27105748878
5.4924 27.9567 6.7898720253
7.1808 21.3801 10.7656235723
3.5439 11.2474 15.6225621369
-3.7385 -2.574 2.5419341868
-6.2775 -2.4519 0.937789768552
-7.1249 -2.8536 2.22983293096
-9.1618 -1.9463 1.94310275848
-11.0995 -1.8015 2.1276943319
-13.2094 -2.0761 4.6511143095
-17.741 -1.0285 2.72100818448
-20.2375 0.0538 3.22434520795
-23.2864 -0.9953 2.42784373673
-25.7004 -0.7364 4.647491376
-30.3207 -0.2344 3.30685165225
-33.2096 1.3748 1.30634804321
-33.406 0.0833 0.895329308132
-41.0784 -2.1047 1.52078546153
-42.5795 -2.3486 0.500690972557
-43.0407 -2.5435 0.178705623862
-42.8626 -2.5582 1.22375804798
-42.3636 -1.4408 5.60631987047
-41.6991 4.126 0.974277604177
-42.6349 3.8549 1.30363683593
-41.8449 4.8919 3.00948405213
-39.5098 6.7904 0.612108822024
-39.0237 7.1624 7.50553524341
-33.0714 2.5904 0.705246800773
-33.0965 1.8856 1.37666572922
-32.3463 3.0399 10.6941117915
-39.0282 26.3006 1.26109636428
-40.178 25.7826 1.06958235775
-39.2319 25.2837 0.920555011936
-38.9607 26.1634 0.136867563725
-38.937 26.2982 0.818916509786
-39.1613 25.5106 0.513715573056
-39.655 25.3686 0.60549157715
-39.3597 25.8972 2.97070404113
-36.389 25.9021 5.84102392479
-31.0185 23.6053 21.6532635935
-11.719 13.7873 0.410830597692
-11.3157 13.8656 2.32453818639
-9.003 13.6313 1.56724205214
-8.3603 15.0607 12.9191118363
-4.6813 27.4449 11.7863809424
-3.3469 15.7343 0.0698387428295
-3.4166 15.7387 1.86187630631
-1.5663 15.946 2.0086142213
0.4234 16.221 2.02864661536
2.3024 16.9857 1.91862390791
4.2203 16.933 2.13289221715
6.2203 17.6741 1.77699147156
6.499 19.4291 1.83039412423
5.7446 21.0968 9.94740396737
-1.4434 27.9731 0.471273858812
-0.9798 27.8884 13.1703174153
11.8473 30.8755 6.63316312177
18.1741 32.8681 6.16026973598
24.333 32.7382 5.41025545423
29.7428 32.8084 6.31139029454
35.9272 31.5487 0.738974079383
36.541 31.1372 4.0322937951
40.2292 29.5073 2.26601681371
40.5128 27.2591 0.72855769847
40.9584 26.6827 0.845688719329
41.6763 26.2357 0.611620184428
41.5133 26.8252 1.41919995068
40.4136 25.9281 0.560294717091
40.9587 26.0577 0.447968414065
40.8174 25.6326 0.566166282995
39.8817 14.1251 0.560227739406
39.3371 13.9937 13.4485704556
27.5322 20.4364 1.49355614558
26.1436 20.9864 8.85834823091
18.5349 25.5227 3.94647230954
15.4036 27.9247 3.84690200681
11.6772 28.88 4.66243645426
7.026 29.2035 5.30206730719
1.7887 30.0297 12.0899567613
1.4255 17.9452 1.65450674825
-0.0262 18.7389 6.07453593042
-5.4148 21.543 1.92654544717
-7.3298 21.3324 8.21121309674
-5.5572 13.3148 17.2669401991
-12.1052 -2.6624 5.62268621301
-13.7127 2.7256 1.52705392832
-15.1818 3.1423 2.36716938135
-17.3166 4.1651 3.71579117416
-20.7389 2.7177 3.28318024178
-23.7006 4.1346 2.0181365266
-25.5158 3.2526 1.5449218265
-24.1586 2.5145 5.42852973926
-29.2938 0.7542 1.61236983661
-25.5462 -0.4155 2.11311037336
-23.4374 -0.5504 0.313973406517
-23.4505 -0.8641 0.132346288199
-23.3182 -0.8676 0.884138959666
-23.7599 -0.1017 0.0361835598028
-23.7954 -0.0947 1.1596095248
-22.8649 -0.7867 1.69578617756
-22.6925 0.9003 5.80976011983
-27.3396 4.3871 0.437402526284
-27.5245 4.7835 1.09614926903
-42.6264 -9.9071 10.4188427188
-32.2086 -10.0545 0.188104571981
-32.0548 -10.1628 0.469634432298
-31.5901 -10.0949 2.97543360538
-32.7418 -12.8384 10.1349344764
-23.134 -16.0644 1.13787458887
-22.8517 -17.1667 12.9642469006
-13.8466 -26.493 1.93202957017
-12.9381 -28.1981 2.8311366357
-10.1537 -28.7104 0.991926554741
-9.1635 -28.7689 0.847229012723
-8.3183 -28.7103 1.40436597082
-6.921 -28.851 1.16283715541
-5.7618 -28.9429 1.2186387898
-4.6231 -29.377 2.9289179333
-1.7346 -29.8619 1.22412359262
-2.9545 -29.9635 7.99779791818
-10.9468 -29.667 0.904295991366
-10.4186 -30.401 9.95485319078
-0.474 -30.8527 0.149411445345
-0.5907 -30.7594 5.91698308431
-6.3338 -29.3355 0.581639175091
-5.7816 -29.5182 5.80278106859
0.0202 -29.6249 0.541654474735
0.4381 -29.2803 7.31661335865
-1.8367 -22.3263 1.39924379577
-1.5763 -20.9515 17.1403714852
4.5013 -4.9248 1.25605867697
5.5607 -4.25 0.919155030449
4.9593 -4.9451 5.5131921833
2.7754 -10.0073 9.26845546626
11.8982 -8.3706 0.569378749164
12.4662 -8.4102 0.49773998232
12.8617 -8.108 0.596254123675
13.4574 -8.1337 2.42176897536
15.7245 -7.2821 1.31945822594
16.648 -8.2245 32.4006334472
42.3293 -27.9798 0.258256810172
42.583 -27.9315 10.0151682148
34.3356 -22.2496 0.324559640128
34.6366 -22.1282 8.90095498023
41.2122 -25.7153 9.29380989046
34.626 -19.1581 0.462031275998
34.2911 -18.8398 18.1772524062
36.3284 -22.4535 0.670747463655
36.043 -23.0605 0.664780903757
36.3639 -22.4783 1.76407919323
38.0993 -22.1615 2.82752601403
40.4949 -20.6595 0.665285758152
40.0532 -20.162 1.03311173645
39.6301 -21.1045 0.380943880381
39.6033 -20.7245 3.35688313172
39.3283 -17.3789 10.6377343514
0.0 0.0 1.98981585329
1.9747 -0.2448 0.534912376002
2.5092 -0.2658 1.39466040669
1.2973 0.4244 1.06423394515
0.3623 0.9327 0.435567227876
-0.0436 1.0907 4.09525245254
-4.1208 1.4748 0.641751509542
-4.0942 0.8336 0.859974237986
-12.9301 9.2202 1.07341930763
-11.915 8.8712 2.5095330741
-9.7355 7.6272 2.31930043116
-7.6587 8.6597 0.569160662731
-7.1018 8.5422 1.89346123541
-5.2157 8.3754 7.65944726792
1.9781 5.7455 4.20224774377
6.1612 5.3448 2.98296637929
9.1441 5.3647 1.8830387038
11.0167 5.5627 1.63484991666
12.6447 5.4132 0.646171060943
13.2777 5.2834 0.441776515899
13.6997 5.1527 1.45006724327
15.1123 5.4802 0.771953690321
15.8338 5.2057 0.530176055665
16.2142 4.8364 1.49673701431
17.5582 4.1777 1.26646077713
18.7811 3.8484 2.60690890712
21.3753 3.5913 0.742356955918
22.0809 3.822 0.560604325706
22.5369 4.1481 0.591339809247
22.9938 4.5235 0.601277282125
23.5949 4.5089 0.465794085407
23.9746 4.7787 1.13354023308
25.0607 5.1032 0.420942989014
25.4753 5.0304 1.55356622002
26.7873 4.1984 0.960569607056
27.7432 4.293 1.98975124325
29.7267 4.1354 0.122149457633
29.666 4.2414 0.422733308364
29.8719 4.6106 0.120749161488
29.8779 4.49 1.51288863437
28.711 5.4529 8.54159758593
31.0384 13.6713 5.87038411861
36.1913 16.4836 2.89881642917
38.9208 17.4598 0.723042854885
39.6107 17.2434 2.00214367117
41.6109 17.1552 3.51519916505
45.1255 17.0903 0.598615811686
45.69 16.8911 2.44864231974
48.0936 16.4236 1.48908281167
48.3057 14.9497 7.05363458722
47.5377 7.938 0.673251431488
47.3084 7.305 1.26917915599
46.2331 7.9792 1.05837207068
47.0881 8.603 0.968766194703
47.6218 7.7945 0.436126552734
0.0 0.0 1.94704958848
1.8821 -0.4987 0.920711339129
1.0802 -0.0463 0.41017968014
0.6913 -0.1767 3.0403767283
-2.349 -0.1983 1.20806113256
-3.5477 -0.3484 1.51844346619
-3.6917 1.1632 0.193305819881
-3.6932 0.9699 0.545622845929
-8.9901 8.3851 9.61797090087
-12.5842 17.3063 0.748290939408
-12.9055 16.6305 0.96681266024
-12.1171 17.1901 1.55313731846
-11.8483 18.7198 1.80593429006
-12.2208 16.9527 5.94086556404
-14.4435 22.4621 0.454238087351
-13.9917 22.5091 0.379381298959
-13.7208 22.7747 0.22315236947
-13.5385 22.9034 1.00600525347
-12.5354 22.827 1.13208782786
-51.3446 20.8244 0.993699854081
-52.2462 21.2422 1.30948443672
-47.3466 23.1592 0.704775233674
-47.8159 23.685 1.02174442988
-48.2121 22.7432 0.282721806729
-48.2682 22.4661 1.51901738305
-40.545 14.5333 33.0444661366
-7.5474 16.2926 17.5957016172
-20.2478 4.1144 1.04339493002
-21.1871 4.5687 2.95770439699
-23.5502 2.79 0.750435640145
-23.7964 3.4989 1.66985552668
-24.9646 4.6921 2.61226015933
-26.3863 6.8836 9.37329739473
-28.1814 -2.3162 0.763932464292
-27.4205 -2.3842 0.171746470124
-27.2787 -2.2873 1.38518914232
-27.6923 -3.6093 2.97661740907
-30.5335 -2.7217 2.96881132442
-33.5023 -2.7135 1.20062384617
-34.6364 -2.3194 1.02598628158
-35.428 -1.6667 4.27832601025
-35.0084 2.591 0.333121614429
-34.9079 2.9086 1.13158634226
-36.0028 2.6228 34.1018692696
-51.5476 21.3664 0.413503494544
-51.1559 21.4989 0.318342017334
-50.9299 21.2747 9.95398034406
-42.2284 16.4409 1.65099027556
-40.7959 15.6201 0.853005756135
-40.0628 16.0562 0.655745110542
-39.9747 15.4064 1.94393564708
-39.3429 13.568 1.28270567552
-38.177 14.1028 0.629723955396
-37.7695 13.6227 0.520658832634
-37.8646 13.1108 3.08725028788
-35.3093 11.3783 0.826622779749
-34.4884 11.4754 1.03555504924
-35.0585 10.6109 1.16049050405
-35.6871 9.6354 0.976898858634
-34.7508 9.3567 2.60541699733
-32.5385 7.9805 1.36719845304
-32.8716 6.6545 0.895471652259
-32.4958 7.4673 1.80949923736
-34.2176 6.9108 6.87049938505
-33.2842 13.7176 2.48295462101
-30.8309 13.335 0.59861643813
-30.2351 13.393 0.529267588276
-29.7864 13.6737 0.996909343923
-29.8746 14.6667 0.673868481234
-29.4338 14.157 0.689822680114
-29.0285 13.5988 9.13819152842
-21.3265 18.5167 0.927846808476
-20.6372 19.1378 12.0325259713
-10.9962 26.3373 0.985241741909
-10.0114 26.3668 3.50436396084
-6.5508 25.8147 1.19805346291
-5.4535 26.2956 0.979874711379
-6.2446 25.7174 7.95360001572
-13.0486 21.5985 0.50693072505
-12.5796 21.7909 8.85245862176
-5.1817 26.6527 0.602861219519
-4.6119 26.8496 2.73496451531
-3.0326 29.0825 1.19457438864
-1.8497 28.9159 2.1769294063
0.2545 29.4739 3.94126561526
3.0254 32.2767 2.57164776943
5.5665 32.6719 0.663851466821
6.2184 32.5465 0.312921987083
6.424 32.7824 0.220239891936
6.572 32.9455 0.446328948199
6.7947 32.5587 0.374077973155
7.0759 32.8054 0.287061840028
7.2924 32.9939 0.217066856061
7.4615 33.13 0.212468938906
7.5926 32.9628 0.639975312024
8.1668 32.6802 0.241523207995
8.3173 32.8691 0.179836731509
8.4338 33.0061 0.2581
8.6207 33.1841 2.8737253818
11.4916 33.0567 0.704259568625
12.1951 33.024 2.28304560839
14.4701 32.8325 0.98543937916
15.455 32.7999 1.82703556616
17.282 32.8113 2.75342085414
19.9976 32.3565 1.45673750896
21.4457 32.5149 2.49202357332
23.9275 32.2894 0.671703654896
24.5991 32.3012 0.446510794942
25.0441 32.3379 1.94163871511
26.8864 32.951 4.98648851197
31.8652 32.6742 4.95891187359
36.6801 31.4878 1.19266864636
37.7558 30.9727 1.55575847097
38.9037 29.9226 0.780861383345
39.2902 29.2441 2.44217667256
40.2941 27.0178 8.41814392844
39.8729 18.6102 10.7280001813
41.4087 7.9927 0.0
48.2381 -34.0 8.08174400052
23.3752 8.5988 1.16706148081
22.2617 8.2493 0.931334322357
22.7108 9.0652 11.1711994432
24.3918 20.1092 0.644064499876
24.274 20.7424 0.105842524535
24.1782 20.6974 2.61723668972
26.6024 21.6839 3.45868084824
27.4988 25.0244 0.122331435044
27.4221 24.9291 2.42478398626
29.4154 26.3098 2.75749338712
32.0411 27.1521 1.46023164258
32.0805 28.6118 3.56460550692
35.6366 28.3657 4.17018554144
39.8065 28.4145 2.29219948957
23.1552 -6.7283 0.595023965904
16.8054 -6.521 11.7530057858
8.4484 1.743 1.95576615422
6.9194 2.9625 1.89894727942
5.0205 2.9491 3.4732318696
1.5574 3.2142 2.2329009875
-0.6317 3.6543 4.1486192221
-4.7625 3.2702 0.736106853656
-5.4946 3.1935 3.10792221589
-6.1543 6.2306 3.17730910678
-7.8097 8.9426 1.69994593149
-9.4658 8.559 2.65247681422
-12.0743 9.04 3.0130092499
-15.0258 8.4343 1.52832333294
-13.7683 9.3029 0.198278844056
-13.956 9.239 1.56961403217
-13.9999 7.67 6.44141142064
-11.9921 13.7905 0.494823140122
-12.1896 13.3368 2.42434976231
-14.03 11.7587 1.57491554377
-15.0984 10.6016 1.93569776825
-15.6117 8.7352 1.85694334862
-17.1625 9.7566 0.948621510403
-16.5584 9.0252 0.964146980496
-16.457 9.984 0.83045378559
-7.1883 32.4832 1.39860661017
-6.072 33.3258 0.738531746102
-5.3337 33.3073 2.23736471099
-3.1383 32.876 2.53295484563
-0.6058 32.828 1.53121510572
0.9239 32.7599 2.20567130824
3.1243 32.6075 2.04230541546
5.1297 32.221 3.21903818089
8.2177 33.1301 0.784507399583
8.9962 33.227 0.917349497193
9.9095 33.3131 0.756814059066
10.6639 33.2527 1.17625346333
11.84 33.2337 1.4688843964
13.3061 33.1433 1.49170496077
14.7961 33.072 0.578487381021
15.3668 33.1666 0.825426392842
16.1776 33.0119 1.30394782488
17.4804 32.9572 1.96187989948
19.4211 32.6697 0.286536978416
19.5541 32.9235 0.199448965904
19.7083 33.05 0.126260445112
19.822 33.1049 0.434265460289
20.254 33.0606 2.28512505128
21.6165 31.2261 0.58650157715
22.2026 31.2044 0.586839918547
22.7551 31.0066 0.755243669288
23.2471 31.5796 0.46923614524
23.6811 31.758 1.01289945207
24.6002 32.1837 2.30228769922
26.861 32.6188 2.19873202096
29.0499 32.8265 2.93325398832
31.9829 32.7879 0.868910150706
32.8022 32.4985 0.767704011973
33.5453 32.3057 2.98797933058
36.4701 31.6945 0.62219747669
37.0714 31.5346 1.53148328101
38.5624 31.1848 0.608290267882
39.1485 31.022 0.686259171159
39.5399 30.4583 1.66202702746
40.0789 28.8861 0.465542629627
40.0726 28.4206 0.383743677472
40.0831 28.037 2.05775415927
40.6388 26.0557 2.61232986623
40.197 23.481 0.676773595821
40.4185 22.8415 0.3837125226
40.2786 22.4842 1.29359428725
39.0343 22.1305 4.99666256315
39.4049 17.1476 0.240074259345
39.538 17.3474 0.231028353238
39.3219 17.2657 1.53535374751
39.3667 15.731 0.469896041694
39.8365 15.7405 1.33250742962
39.3502 16.9811 0.307654514025
39.2225 16.7012 0.533771037056
39.1341 16.1748 0.744505258544
38.9439 16.8946 0.778522221905
40.6853 11.8628 0.738099857743
41.3021 11.4574 1.17084641606
40.2423 11.9551 18.5515030143
24.4443 21.6804 0.17312065157
24.3919 21.5154 0.889809912285
23.5021 21.5112 4.96155238308
20.2048 25.2186 3.73815028323
17.0293 27.1909 2.89167771372
14.3153 28.1889 5.12591498661
9.2539 28.9996 4.45692228449
4.8504 29.6876 0.930212518729
4.8781 30.6174 1.17466543748
4.4201 29.5357 3.79336404923
0.9846 27.9273 1.25489947008
0.0314 27.1111 12.8797159662
-1.7502 14.3552 1.73736745969
-3.239 13.4597 6.61158445911
-2.7781 20.0552 7.46202066467
-5.6563 13.1706 0.824744445268
-4.9641 13.619 0.41001319491
-5.3472 13.4729 1.05878007159
-6.2242 12.8797 2.66906436228
-6.8343 10.2813 6.29098568588
-11.7692 6.3796 0.939489989303
-12.6632 6.0908 0.635828380933
-12.4765 5.483 0.205702722393
-12.5796 5.305 7.42945787861
-12.4667 -2.1236 0.472678252091
-12.9275 -2.0183 6.39179356675
-16.3075 -7.4433 2.16059621864
-18.3814 -6.8374 2.80090365775
-20.9505 -7.9531 1.5446702237
-21.6098 -6.5562 6.88165276442
-22.4879 0.2692 0.177870289818
-22.6201 0.1502 0.606781756483
-23.226 0.1829 0.50015871481
-23.4965 0.6036 1.12295012356
-22.3738 0.5799 2.48312178115
-23.5361 2.7742 1.67431410434
-25.2017 2.6036 40.1938019581
-51.0908 21.1959 9.95152284326
-43.5959 14.6492 0.474232537897
-43.9982 14.3981 0.0
-43.9982 14.3981 1.21251626793
-42.7859 14.3752 2.84657003427
-40.7839 12.3516 1.01369526979
-40.027 13.0259 1.00529343975
-39.0273 12.92 1.13394234862
-37.8934 12.9102 1.34333047684
-37.2713 11.7196 0.238399769295
-37.1151 11.5395 1.29602741098
-36.8904 12.8159 0.474113583438
-36.7304 12.3696 0.889927530757
-27.3954 17.2916 11.9932285862
-25.9968 5.3802 0.265823719784
-25.8304 5.1729 0.269635401978
-26.0903 5.1011 1.23585684041
-25.5225 4.0034 2.41008585947
-25.1116 1.6286 0.934169085337
-25.2504 0.7048 7.02583641213
-30.1577 -4.3232 1.5920636231
-36.7899 -4.9868 0.867543088267
-37.4609 -4.4369 0.256736382307
-37.7135 -4.391 1.29244013014
-36.6792 -5.166 4.29370779746
-37.008 -9.4471 0.975421642163
-36.1343 -9.8808 10.2472197249
-27.5115 -15.4173 1.17975493218
-26.3636 -15.145 16.459207603
-12.135 -6.8714 2.73950150575
-9.7531 -5.5181 11.406874195
-14.8738 4.6748 10.0463876593
-6.7308 -1.2092 0.738422243706
-6.4323 -0.5338 1.33156771514
-6.459 -1.8651 11.6391850458
-10.5037 -12.7789 14.030033929
-3.25 -24.7883 0.638654624973
-3.8842 -24.8636 7.24403678759
-10.9095 -26.6303 1.01071305522
-10.4057 -25.7541 10.0883595941
-4.5036 -17.5724 0.59808247759
-5.0737 -17.3916 0.765990946422
-4.6354 -18.0198 9.44356315434
-5.6285 -27.411 1.03094405765
-5.4644 -28.4288 1.06249380704
-5.3874 -27.3691 8.22838298209
-2.0149 -19.8636 1.12699436112
-2.3099 -18.7759 1.04802092059
-2.3396 -19.8235 8.43992419693
-3.1575 -28.2237 0.967105547497
-3.573 -29.097 1.2064596222
-3.3811 -27.9059 8.31463592288
-0.7038 -20.0341 9.47341598369
-2.443 -29.3465 0.628758220622
-1.8431 -29.1582 3.63748145425
1.7532 -29.704 2.17501144135
3.9198 -29.5129 1.52190528615
4.4287 -30.9472 11.4040167209
15.8036 -31.7616 0.655246159851
16.4488 -31.6473 0.662455583417
17.111 -31.6657 3.6816561287
20.7437 -32.2641 3.45814845257
24.1673 -32.7517 0.660305936669
24.8276 -32.7489 2.57167497363
27.3672 -33.1538 0.987629490244
28.3496 -33.0523 1.07142657238
29.4053 -33.2352 0.979485916183
30.3632 -33.4397 1.11410303383
31.4206 -33.0888 0.735296028821
32.1342 -32.9115 1.75540551725
33.7029 -32.1237 1.81365024467
35.5165 -32.1102 1.61428598458
37.1235 -32.2634 2.61057708754
39.5967 -31.4277 0.785799376431
40.2992 -31.0756 1.62844289123
40.9697 -29.5916 1.16116200851
40.9577 -28.4305 1.26385599259
41.0243 -27.1684 2.51363915469
40.2115 -24.7898 0.895705141216
40.2714 -23.8961 1.56639138149
38.775 -24.3591 2.08616390775
37.0079 -23.2503 1.51792495533
37.4883 -24.6902 0.714755524638
37.1772 -25.3337 1.34290798642
37.1441 -23.9912 15.549326006
38.0451 -8.468 0.11982069938
38.1053 -8.5716 0.261968032401
38.2439 -8.7939 0.271605099363
37.9957 -8.9042 0.573946565457
38.3186 -9.3787 0.270541549489
38.4274 -9.6264 0.738607189242
37.7377 -9.3621 0.177380748674
37.8149 -9.5218 1.50958119358
0.0 0.0 5.7510622158
1.7306 5.4845 0.312379016581
1.5058 5.2676 4.55888399172
-2.4752 3.0461 0.150715128637
-2.4935 2.8965 1.68510136194
-11.42 16.0317 1.29480553366
-10.4299 16.8661 0.52093321069
-10.6589 16.3982 0.164909945122
-10.4949 16.4155 1.01022946403
-11.2855 17.0444 1.52747049726
-11.1919 15.5198 0.240228495396
-11.3412 15.3316 0.58748195717
-11.4485 14.754 1.49218236486
-10.75 13.4354 0.379475704097
-10.4034 13.2809 0.213547418622
-10.1899 13.2854 0.48755025382
-9.8041 12.9873 1.81829676896
-9.4666 11.2006 0.836597687064
-9.3726 10.3693 0.740435439454
-8.9666 10.9885 1.28097138922
-7.7119 10.7304 1.08319639955
-7.0549 9.8692 1.76635250163
-5.3553 10.3502 1.18072917301
-4.1746 10.3419 0.978015362865
-3.2085 10.1897 1.51630005276
-1.9957 9.2796 8.55602219784
6.2767 7.0949 1.23471726318
5.8063 8.2365 19.3057909758
-3.8395 24.9599 0.863785077435
-4.702 24.9128 0.820642443455
-3.9721 25.2879 0.860236909229
-4.7098 24.8454 0.824750265232
-3.9776 25.225 1.81202358704
-2.2168 25.6528 1.66641079269
