0.0 0.0 7.53173427904
-3.457 6.6915 1.43482138958
-2.7991 7.9666 0.791373167349
-2.5684 7.2096 16.9426848882
2.3795 -8.9945 22.3713934392
18.2195 -24.7924 5.15868800472
23.0747 -26.5357 3.45973479475
26.521 -26.8403 5.16646429292
31.3875 -28.5751 4.37503367416
35.6301 -29.6434 0.620421147286
36.2357 -29.5086 1.27073138782
37.5008 -29.3891 0.81008177365
38.306 -29.3003 1.96626073551
40.2388 -29.6615 0.186203329723
40.0776 -29.5683 0.728227931351
40.1502 -28.8437 0.439099897518
40.0176 -28.4251 0.424142440697
40.0116 -28.001 1.62146877861
40.6722 -26.5202 0.430980335978
40.5944 -26.0963 1.47626315405
40.2441 -24.6622 0.739014269145
40.0296 -23.955 0.853941543667
39.9436 -23.1054 0.62929357219
39.744 -22.5086 5.64452049336
39.2702 -16.884 10.5209010645
40.52 -5.3759 15.459625248
36.0 -20.16 19.0671220781
18.8295 -28.4503 0.189615321111
18.7784 -28.2677 0.822327635435
17.9591 -28.3382 5.07170222411
12.9284 -28.9818 2.92319426142
10.0054 -29.0155 3.46832396555
6.5547 -29.3647 3.71873767023
2.8432 -29.5966 3.6120190974
-0.7558 -29.903 3.42965511094
-4.1541 -30.3657 2.81103629468
-6.8725 -31.0814 3.59094854321
-10.4495 -31.3976 2.78336354974
-13.1903 -31.8825 0.616863842351
-13.8015 -31.9659 10.7292900884
-13.6633 -21.2375 0.707600007066
-14.2877 -21.5704 2.25094981952
-15.8732 -19.9726 2.04301631173
-17.0815 -21.62 1.85543847378
-18.9167 -21.3467 7.41091831287
-20.1235 -28.6587 0.659263225123
-20.1703 -29.3163 0.519227551272
-20.4628 -28.8873 1.18446021461
-20.7878 -27.7483 0.770537870581
-20.0347 -27.9113 1.1411547222
-18.8958 -27.8396 0.233966172769
-18.7634 -27.6467 2.09720681384
-18.6143 -29.7386 0.237725766378
-18.3966 -29.8341 1.64840308784
-19.8409 -30.6286 2.63648243878
-21.8766 -32.304 2.05486852377
-23.8989 -31.9396 1.13999009206
-25.0368 -31.8706 1.34984055355
-26.3734 -31.682 0.884217241406
-25.7636 -31.0417 0.189442471479
-25.6798 -31.2116 0.4886726614
-25.2322 -31.4077 1.36509078453
-26.5896 -31.5524 5.41213719154
-29.0049 -26.7091 0.299262159319
-29.1927 -26.9421 4.13131297531
-26.8244 -30.3272 0.619126158388
-26.417 -30.7934 5.72589628355
-32.133 -30.4569 0.496212746713
-32.6008 -30.6224 3.06016382568
-35.1566 -32.3054 17.1622075926
-52.1693 -30.045 0.969214243601
-51.7233 -29.1845 1.72886824541
-51.4587 -27.476 15.1655569347
-43.5772 -14.5193 3.84903042596
-46.8881 -12.5564 0.685732987394
-47.1783 -13.1777 3.05832464268
-49.2754 -10.9516 0.873251538791
-48.4814 -10.5881 1.27888594097
-49.5576 -11.279 0.669941684029
-49.6531 -10.6159 22.4601641227
-51.5 -33.0 11.8323119668
-51.7438 -21.1702 9.71035111878
-42.67 -17.7123 7.37540580714
-38.3021 -11.7694 20.1410340837
-21.3631 -0.873 0.543362126026
-20.8419 -0.7194 1.84152131131
-19.4204 0.4513 0.600944140499
-18.9185 0.7818 0.793082341248
-18.2019 1.1216 1.13680086647
-17.2308 1.7126 0.776653461976
-16.455 1.6762 0.363444204796
-16.311 2.0099 1.13285234695
-15.393 2.6737 2.56036999865
-13.1303 3.8719 2.18620039338
-11.2899 5.0519 1.5570895928
-9.8571 5.6615 0.773829910252
-9.0934 5.7863 0.514180561671
-8.6816 6.0942 1.43564308239
-7.4307 6.7987 0.657519011132
-6.8372 7.0817 1.50268921604
-5.5404 7.8409 6.03429097492
0.1717 9.7863 4.20771199704
3.5562 12.2863 1.10159886075
4.1979 11.3909 1.12195594388
4.2884 12.5092 14.7413891452
9.2696 26.3835 6.34546180037
12.3735 31.918 2.90501661441
15.2442 32.3632 0.29018208077
15.46 32.1692 0.218440678446
15.6303 32.0324 0.273553687601
15.7052 32.2955 0.193156956903
15.7627 32.4799 0.676458550097
16.0511 31.868 0.82736284664
16.8279 31.5832 3.78704861997
20.5189 32.4307 4.02272683761
24.5269 32.7746 1.3718111386
25.8961 32.69 0.629617987354
26.5236 32.7416 3.4896529412
29.9898 33.1455 0.799590920409
30.789 33.1205 2.46830736538
33.2528 33.2696 3.03655929796
36.2882 33.1857 2.17909273323
38.1967 32.134 0.763060626687
38.8373 31.7194 1.1251493412
39.7675 31.0864 0.93698252385
39.864 30.1544 1.70069226199
40.3411 28.522 0.534404575205
40.2758 27.9916 0.397361309138
40.2282 27.5971 1.32676729685
40.1057 26.276 1.44075653738
40.3695 24.8596 0.860024656623
40.6224 24.0376 0.808529541823
40.6543 23.2297 0.311021237217
40.3932 23.0607 0.240247726316
40.3016 22.8386 0.175304991372
40.2588 22.6686 0.930109482803
39.9786 23.5555 0.827949618032
40.2702 22.7806 7.84678130764
40.4594 14.9361 0.649922364594
40.9112 14.4689 1.29148254731
41.6651 15.5175 0.981855569827
40.6941 15.6631 0.398535017282
40.3895 15.9201 0.71733283767
35.5439 34.0 16.19555667
36.123 17.8148 8.25433226676
31.2871 11.1254 14.9917336439
23.2073 -1.5027 3.46746199402
19.7955 -2.1215 11.2203157531
13.7363 7.3221 0.213410519891
13.6226 7.5027 1.24197276943
13.8236 6.2771 0.24001770768
14.0277 6.1508 1.42881094971
13.4649 7.4641 17.5304259172
5.6077 23.1351 5.63822502921
1.1215 26.5503 6.19247193373
-4.3546 29.4415 2.7179119375
-6.8743 30.4604 2.52963010735
-9.3855 30.7652 1.93878257935
-11.3213 30.8727 1.82991256622
-13.1485 30.9723 2.74009557862
-15.5118 32.359 3.45767816027
-18.9669 32.4925 2.82776020377
-21.7945 32.5226 2.83457508809
-24.6273 32.6229 9.37040466415
-33.9792 32.0343 13.156350467
-46.7273 28.7823 2.79797782157
-49.224 27.5193 1.79743007653
-50.6948 26.4861 1.28217841192
-50.6236 25.2059 1.94504989139
-50.4678 23.2671 1.22421294308
-50.854 22.1054 0.648382911558
-51.4434 21.8352 0.165342069662
-51.508 21.9874 1.59123729531
-50.3662 20.8791 8.03898764087
-47.5517 13.3489 0.362751981387
-47.6051 13.7077 2.65934857061
-50.257 13.9066 1.79481065854
-51.0167 12.2805 0.664455453736
-51.6339 12.5266 1.57290182783
-50.1359 13.0062 0.149006375703
-50.2752 13.0591 1.62114622721
-51.7602 12.4088 0.53086236446
-51.2356 12.3275 1.09498318709
-50.5499 13.1812 0.885730658835
-50.5257 12.2958 0.87055855633
-51.3845 12.1532 1.18842993062
-51.4486 13.3399 0.650981420626
-50.8511 13.5983 0.887201200405
-47.0 9.16 10.0066092104
-27.9883 -34.0 18.2057985249
-45.9215 -30.8613 4.66618521386
-49.6713 -28.0842 2.68542346195
-51.3487 -25.9871 1.62147778585
-51.3837 -24.366 0.972087778958
-51.1289 -23.4279 0.97567643202
-50.8804 -22.4844 1.1079610282
-50.6162 -23.5604 1.54349214446
-49.8474 -22.222 1.60185119471
-48.8364 -20.9795 1.14553470921
-49.74 -21.6836 0.715812056339
-50.4101 -21.4319 1.53189974868
-45.4842 -12.1461 1.19481453791
-44.2985 -12.2934 0.674844997018
-44.8681 -12.6553 0.222550690855
-44.6801 -12.7744 11.3969830819
-36.0 -20.16 9.19514868015
-29.447 -26.6105 0.952684968917
-29.9022 -25.7736 10.9503936596
-36.0745 -16.7285 0.558209754483
-36.3722 -17.2007 0.615007747919
-35.9925 -17.6845 0.139257926166
-36.0119 -17.5466 0.787329016358
-36.6292 -17.0579 0.46209181988
-36.3245 -17.4053 1.00440814413
-35.4051 -17.8097 22.9355120719
-16.0649 -30.1383 0.396260129208
-15.8274 -29.8211 0.338781374931
-15.5095 -29.704 0.251600178855
-15.2579 -29.7037 0.664590249703
-14.6517 -29.4313 0.57050035057
-14.0813 -29.442 0.511201652971
-13.5701 -29.4433 0.395316430218
-13.1753 -29.4635 1.12561347718
-12.0542 -29.3628 0.528927036556
-11.6092 -29.6487 2.08666513126
-9.6501 -30.3671 1.0396415969
-8.6357 -30.5948 1.6717017228
-6.9649 -30.5399 3.61427158913
-3.4055 -29.9125 1.28106369084
-3.9152 -28.7372 2.64563001571
-4.9045 -26.2835 11.0096540908
-8.9909 -16.0603 18.4841597018
3.3409 -2.2911 2.13976105442
5.2353 -1.2962 1.74193600629
6.8537 -1.9405 6.12175473537
12.8247 -3.2907 0.727198686742
13.548 -3.2155 1.72394795745
14.847 -2.0821 0.782050867911
15.627 -2.0255 0.417561803809
15.6505 -1.6086 0.300364711642
15.6791 -1.3096 0.417850691037
15.6287 -0.8948 0.390557780616
15.979 -0.7221 0.501959062076
16.4809 -0.7144 1.31422518999
17.7941 -0.6625 1.11323762064
18.0095 0.4297 16.4139201436
19.6293 16.7635 2.68933041852
21.756 18.4096 2.19756251333
20.556 20.2506 1.26521848311
20.0769 21.4216 16.8746525229
8.828 34.0 14.0244037256
-0.1705 23.2431 11.5941018195
5.9435 13.3921 1.0171275043
6.9215 13.6715 1.07636634098
6.2146 12.8598 15.4126379377
-4.2402 1.5352 0.46604756195
-3.897 1.2199 0.444317409067
-4.0706 0.8109 4.85181576423
0.7583 1.2819 2.74339125354
3.4942 1.0793 8.4366234318
5.7109 -7.0609 2.57815536576
7.4231 -5.1334 0.946198863876
7.6858 -6.0424 0.231915609651
7.7747 -6.2566 0.0258311827062
7.7908 -6.2768 0.780165238908
7.076 -6.5894 0.157056836846
7.2237 -6.6428 0.96975302526
8.0474 -6.131 0.672471322809
8.4636 -6.6592 1.69327333883
10.1534 -6.5508 0.347823892221
7.1432 -15.8528 0.46876686103
6.9478 -16.2789 1.21397064627
7.3346 -15.1282 0.796253288847
6.8737 -15.7775 18.2340112762
-1.9914 -31.7114 0.196397886954
-1.9852 -31.9077 3.1702519474
-2.8062 -28.8456 12.1885365463
-7.0837 -17.4323 0.0943180258487
-7.1679 -17.3898 11.3640041768
-9.5016 -28.5116 0.893253922466
-9.312 -27.6387 10.4158243236
-12.6617 -17.7762 0.517170629483
-12.8442 -17.2923 1.52705924574
-14.3655 -17.4248 0.725701991178
-15.0912 -17.4265 1.79720013632
-16.8884 -17.4272 9.56583104388
-17.9018 -26.9392 1.04744849038
-18.9215 -27.1787 0.940482620786
-18.8031 -26.2457 9.54727681069
-20.8288 -16.9158 3.28939045113
-24.0111 -16.0833 5.36502990206
-29.3579 -15.6414 3.12149646964
-32.4234 -15.0528 7.96327222441
-40.3768 -15.4492 5.38453113743
-45.7487 -15.8178 3.22233177839
-36.0 -20.16 7.1399857829
-31.3787 -25.6027 1.83982523627
-29.6086 -26.1044 16.9891697384
-12.7712 -28.3702 0.533589092842
-12.2468 -28.4688 3.07480426206
-9.1814 -28.2285 5.54547863579
-4.4293 -31.0868 3.35316099375
-1.154 -31.8052 4.02047490354
2.5598 -33.3453 0.705380330035
3.2628 -33.2874 1.18641381061
4.4455 -33.1936 2.69235884681
6.3959 -31.3376 1.18047875881
5.375 -30.7449 8.93864692277
-1.195 -24.684 1.15293261295
-1.433 -23.5559 0.556771272607
-0.9178 -23.767 0.982265977218
-0.17 -24.4039 3.87472435794
0.7566 -28.1662 1.43323344226
0.0329 -26.9291 11.8525510676
0.6986 0.2981 0.550224545072
0.9739 0.7745 1.25381866711
-0.1176 1.3915 40.9531117051
-29.4284 29.9928 16.1530162586
-45.5692 30.6209 7.43646496731
-48.5132 23.792 2.88217208369
-49.0518 20.9606 2.75537653325
-50.4278 18.5734 2.66062724372
-50.8476 15.9461 1.66060001204
-51.1358 14.3107 1.66570108363
-51.1339 12.645 0.404544249743
-51.5273 12.5507 0.52816350688
-51.0011 12.5962 0.630798414709
-51.5901 12.3704 0.19437389228
-51.4112 12.2944 0.415853459767
-51.6905 12.6025 0.970744549302
-51.6812 13.5732 0.530755471003
-51.1888 13.7713 0.834557517491
-50.5399 13.2465 0.403898118342
-47.876 6.4054 0.852379381496
-47.077 6.1085 1.52437917855
-31.8852 34.0 19.9418202552
-24.9499 15.303 2.51567029835
-27.4027 14.7441 1.99538552165
-29.3974 14.6918 1.71566498187
-31.1057 14.533 3.64840519268
-33.8903 16.8903 3.49063047171
-40.0084 14.5529 4.97294798384
-38.025 9.9926 1.16315110798
-44.2938 3.1091 0.714153715946
-44.7385 2.5503 1.08060007403
-43.6579 2.5507 7.40417532545
-36.2543 2.643 10.9290808584
-25.3458 3.3134 1.28605305101
-24.0644 3.4227 9.70179506329
-14.414 4.42 7.6096890035
-6.9277 3.0552 7.45813313102
0.4021 4.4328 0.979974336399
-0.0526 3.5647 1.04677264962
0.0951 4.601 20.1025529906
4.8146 24.1417 1.24603621536
5.0011 25.3737 1.07805548095
4.725 24.3316 15.0871268494
4.9174 9.2457 0.757473200846
5.6532 9.0658 2.3102387777
7.7996 8.2113 0.260544218896
8.0548 8.1588 1.64433505102
9.0272 6.8328 0.287613647103
9.3047 6.7572 0.747740362693
9.9428 6.3674 2.51331515334
12.3269 5.5719 3.70664282741
15.973 4.9047 1.42311798527
16.2006 6.3095 7.33961275341
17.3287 13.5619 10.0131336419
17.0905 23.5722 4.46561139039
20.0308 26.9332 5.91290581017
24.1902 31.1358 1.2522031784
25.3118 31.6926 1.37861915336
26.6319 32.09 0.865799110649
26.504 32.9463 2.00805091818
28.512 32.932 3.57148736523
31.831 31.613 3.22746359391
35.008 32.1815 5.02711278171
39.9926 31.5291 1.62478722915
40.3149 29.9366 1.09369791533
41.3901 30.1369 0.542655811726
40.9488 29.8211 7.75182972465
38.711 22.3993 11.421315602
39.8458 11.0345 1.37886331447
0.0 0.0 2.11646999034
2.0171 0.6409 0.327544470263
1.9374 0.3232 0.915070079284
1.0464 0.1147 0.665536002031
0.4115 -0.0849 1.62050462819
-1.1155 -0.6274 2.86729130016
5.537 -12.3844 0.204945700126
5.5613 -12.1809 1.46636948277
4.1328 -12.512 12.9946321414
-8.7992 -11.2377 1.21319767969
-8.8211 -10.0247 8.70510856279
-10.8989 -1.5712 0.754033401117
-10.1455 -1.5403 3.2786443845
-6.9563 -0.7797 2.52375325656
-4.5076 -0.1688 0.755662312147
-3.8199 0.1444 0.466822246685
-3.3609 0.2295 0.659833077376
-2.8272 0.6175 2.37569584964
-0.8878 1.9896 10.0202185705
3.109 11.1782 0.902673373929
2.7429 10.3531 1.00129341354
3.3502 11.1492 21.2887536399
12.8687 30.1915 0.553792677814
13.3674 29.9507 0.480526097106
13.8476 29.9684 2.12525238501
15.9725 30.0071 4.22573598915
19.5881 32.1944 1.01196167912
20.4869 32.6594 1.38357983507
21.8069 33.074 1.30804137931
23.0969 33.2905 2.58720293174
25.6534 32.8931 3.11159021724
28.7156 33.4453 2.40656604522
31.0913 33.0611 0.947112585705
31.9953 32.7786 4.14254045726
35.8533 31.2698 1.94282001482
37.7364 30.7918 0.914702104513
38.4577 30.2293 0.728741607156
39.0089 29.7526 0.547357004157
39.3176 29.3006 2.12966017947
39.9764 27.2754 1.91682321824
40.4019 25.4064 0.292929223534
40.3932 25.1136 1.10039208467
41.4189 25.5121 0.747105802414
41.0991 24.8369 0.354537811806
41.2866 24.536 1.19020402453
41.3135 23.3461 1.13485967855
42.246 23.9929 0.990898027044
42.0499 23.0216 7.28102826323
40.8055 15.8477 9.31771560684
39.8823 3.6976 1.27652322345
39.0746 4.6861 0.771589819788
39.842 4.6058 1.34262632553
38.7504 3.8241 14.4228717879
24.3335 3.4091 0.0975514735922
24.4308 3.4161 1.14321466926
25.3885 4.0404 0.471434343255
25.7732 3.7679 1.07808381863
25.2838 2.8073 1.26378433682
25.2984 4.071 0.32926580448
25.585 3.9089 1.3174171473
24.9187 2.7724 29.2171652959
14.74 -24.6144 5.36128887955
9.8801 -26.8782 4.64076812823
5.2912 -27.5701 5.30206341154
0.7563 -30.3172 4.83327936706
-4.0757 -30.4284 2.95869747186
-7.0125 -30.0691 2.71254720881
-9.0685 -31.8385 2.96774550459
-12.0308 -31.6588 4.44948078432
-16.3714 -32.6371 1.43471083149
-17.7748 -32.339 12.842401221
-17.7692 -19.4966 3.45492559978
-20.5411 -21.5589 2.20460624149
-22.7429 -21.4477 15.7889092989
-36.2087 -29.6916 16.7747833566
-52.1716 -24.5361 0.631749356945
-52.0114 -23.925 0.213950952323
-52.1709 -23.7824 0.102059051534
-52.2655 -23.8207 0.0528663408985
-52.2297 -23.8596 1.3153659947
-52.0476 -25.1623 0.523119584799
-51.6515 -24.8206 0.72216812447
-52.3273 -25.0752 0.121530572285
-52.2675 -25.181 1.49570089256
-29.2411 -6.8018 1.56761482833
-28.0456 -5.7878 8.93524632117
-21.2607 -11.6019 0.652077664086
-21.9115 -11.5611 4.65461017487
-25.2093 -8.2763 0.183826276685
-25.2232 -8.093 1.65967567012
-26.8795 -7.9872 0.937523381042
-26.714 -8.91 0.877391064463
-27.2292 -8.1998 0.0833844709763
-27.1613 -8.1514 3.75027151684
-30.3187 -10.1751 2.54700157244
-32.2036 -11.8881 0.971027378605
-31.2872 -12.2092 1.02705750569
-32.3106 -12.2958 0.634321054357
-32.4734 -8.5336 10.7511231339
-23.0474 -3.3628 0.718666327304
-22.3529 -3.178 0.618377651601
-22.1075 -2.6104 2.3412701446
-20.6245 -0.7987 2.96879721436
-17.7332 -0.1248 1.0563742992
-16.8711 0.4857 0.460288474763
-16.4989 0.7565 0.373060008578
-16.2005 0.9804 3.05646701275
-14.3991 3.4496 0.501279732285
-13.966 3.1972 2.11000239336
-12.5203 4.7341 0.742169151878
-11.8916 5.1285 1.29651409557
-10.8648 5.9201 0.640867302957
-10.2345 5.8042 0.718776216913
-9.5175 5.8547 0.0628752733592
-9.4708 5.8126 0.676020620987
-8.811 5.6654 0.286987456172
-8.5456 5.5562 2.19106046014
-7.2321 7.3099 8.04455008624
-11.1736 14.3227 0.976652650639
-11.2972 15.2915 1.20141040448
-11.2658 14.0905 9.93842858655
-4.6457 6.6779 13.0390560935
0.1109 -5.4626 17.7426202476
6.8691 -21.8677 4.67915266368
9.6588 -25.6243 1.8750733159
11.1673 -26.738 0.983602180762
11.995 -27.2694 2.00786683074
13.1914 -28.8819 4.20810832798
15.7555 -32.2186 3.28205765336
18.9293 -33.0546 0.772709958523
18.7235 -33.7994 0.518613112059
18.8085 -33.2878 0.456886955384
19.1648 -33.0018 1.10675278631
20.047 -32.3335 0.354569048283
20.3734 -32.472 0.278476946981
20.6305 -32.579 1.08179865964
19.9658 -33.4325 0.550874913206
20.0717 -32.8919 0.319511408247
20.3912 -32.8946 0.238444375065
20.6296 -32.8992 0.373300053576
21.0029 -32.8994 0.32573390981
21.3286 -32.9041 0.491801311507
21.8199 -32.9263 0.409019559435
22.0759 -32.6073 0.329205482943
22.2924 -32.3593 0.816882855739
22.8752 -31.7869 2.25763228405
25.1264 -31.9572 3.2017365054
28.1807 -32.9176 4.58400021051
32.7624 -33.0628 0.951558768548
33.6877 -32.8408 4.4774589088
38.1619 -33.0116 4.45996845953
39.624 -28.7981 0.500073324624
39.8417 -28.3479 0.349119377864
39.8932 -28.0026 0.742420648959
40.0963 -27.2885 0.58650985499
40.0997 -26.702 0.335259213147
40.134 -26.3685 0.277006949371
40.0498 -26.6324 0.348776102966
40.0887 -26.2858 0.271606075043
40.0452 -26.5539 6.76590312227
40.0387 -19.788 11.0076005346
40.5694 -8.7932 0.0
42.6249 9.9133 10.4976066768
32.1454 9.297 0.664139638931
32.4115 9.9055 4.4142253001
28.0003 9.7421 1.18992625822
28.6116 8.7212 0.975022840758
27.6943 9.0517 5.84854745813
23.9539 13.5478 0.844734188961
23.1092 13.5554 0.13496373587
23.0931 13.6894 0.195444518982
23.2315 13.5514 1.35502634661
23.5133 12.226 0.733835192669
-21.3813 13.8778 0.29023924614
-21.3374 14.1647 1.63415843785
-20.6306 12.6913 13.7396324041
-8.598 6.0585 6.83388880799
-4.7698 0.3975 0.43362132097
-4.5062 0.0532 1.04453822333
-3.5405 0.4513 0.986032879776
-4.5075 0.2585 8.50841945487
-12.6286 -2.2794 0.482878255878
-12.2056 -2.0465 8.52201368926
-5.2412 2.8649 13.2321692572
3.0534 13.1746 10.4623652245
-0.4091 3.3018 3.31490612235
-1.3499 6.4804 10.7099127004
-11.4641 10.0025 0.895761318656
-10.7438 10.535 1.47522009883
-9.2723 10.6397 3.19139024251
-6.6911 8.7629 8.48388281449
-11.8931 2.061 3.05230363005
-9.4079 0.2889 12.2516422201
-0.7101 -8.3396 17.5519635608
6.7727 -24.2166 0.61830007278
7.391 -24.2163 1.39393426316
8.3618 -25.2166 3.4081409786
11.3741 -26.8108 2.94757173619
13.3616 -28.9875 2.10017543315
14.8882 -30.4298 4.18743474815
18.2531 -32.9222 0.68848648498
18.1839 -33.6072 2.07846121205
20.1454 -32.9198 0.391492656381
20.4729 -32.7053 0.989020495238
20.7206 -33.6628 1.84630957318
21.6954 -32.0948 1.24932921602
22.6247 -32.9298 2.29824156259
24.8879 -33.3296 11.6814848444
26.0055 -21.7017 2.85769429611
28.847 -21.3979 0.470913760682
29.3179 -21.3943 1.23515709527
30.5371 -21.1964 0.215811816173
30.3286 -21.2521 0.552639412275
28.1742 -4.8943 0.6939238647
28.8054 -4.606 1.37756852824
27.4471 -4.3764 10.9093867197
16.5699 -3.539 3.73524462519
15.9179 0.1389 6.25743587422
11.9793 5.0013 5.85950859714
6.2593 6.2723 1.08555858893
5.1741 6.2444 1.44559198946
5.4999 4.836 0.280051727365
5.4183 4.5681 1.44629376338
4.9312 5.9299 21.0267441895
6.7604 30.5334 0.264432864826
6.5061 30.6059 2.67739002202
8.8319 31.9322 0.180610769336
9.0108 31.9074 0.129632789062
9.1379 31.8819 0.189519313
9.3248 31.8505 0.485496694119
9.7648 32.0557 1.66606047909
10.3034 30.4791 1.66339162557
11.6031 31.5172 2.14964930396
13.1388 33.0214 0.735664305237
13.5754 32.4293 0.273439664277
13.7516 32.2202 0.224409135286
13.8927 32.0457 1.31163036333
14.1852 33.3243 0.279880420894
14.4599 33.2707 0.157354281797
14.556 33.1461 0.156540729524
14.7104 33.1203 0.120526926452
14.8299 33.1046 0.21149933806
15.0385 33.0697 0.506884148499
15.393 33.432 0.34549515192
15.5849 33.1447 0.928995715814
16.4747 32.8777 0.998705146677
17.4718 32.9343 0.169430221625
17.6406 32.9197 0.0929595611005
17.7268 32.9545 0.257147817412
17.9798 32.9085 0.281706939922
18.254 32.8439 1.57175701048
19.1163 31.5298 8.86223453763
22.2907 23.2556 1.00124187887
22.7754 24.1317 0.704455378289
23.4781 24.082 0.241278677052
23.7109 24.0186 1.13035800081
24.7573 23.5911 0.345572004074
25.0897 23.6856 1.008762534
25.9973 24.1259 2.00790102595
27.9671 23.7366 1.60557341782
29.5645 23.5748 6.56006157974
30.2153 30.1025 1.48971443237
31.7031 30.027 1.63338544747
33.3292 29.8729 2.37072582346
35.483 28.8822 2.00201550943
37.3347 28.1211 1.46300228298
38.7099 27.6219 0.24450002045
38.91 27.4814 0.158674541121
39.0344 27.3829 1.71754190051
40.1281 26.0586 1.10325316224
39.9004 24.9791 1.19253082979
40.4827 23.9384 0.517106807149
40.2571 23.4731 9.2063572264
38.9361 7.6712 1.53267180114
37.6727 6.8035 17.7867591933
20.0791 4.1893 1.16319415834
19.9464 3.0337 29.2224208876
11.3331 -24.8905 3.86915927948
7.8739 -26.6238 4.80492441668
3.3552 -28.2574 3.30662615365
0.5028 -29.93 2.96236970009
-2.4392 -30.2768 1.48425605945
-3.9234 -30.2639 0.632783564894
-3.6486 -30.8339 1.36367111138
-3.8913 -29.492 16.0735739638
-6.0004 -13.5574 0.896767467073
-5.9894 -12.6607 1.12678655033
-6.4297 -13.6979 16.1905683835
-8.189 -29.7926 0.324099552607
-8.3806 -30.054 1.4357744809
-9.6076 -30.7996 0.549371686566
-9.6806 -30.2551 0.050440559077
-9.7218 -30.226 0.745400093909
-10.3341 -29.8009 31.5418335488
0.0 0.0 1.90109356161
1.8003 0.6108 0.944130160518
0.9043 0.3132 0.681046643043
0.2346 0.1894 3.55668545137
-2.806 -1.6558 2.79380689383
-5.332 -2.8494 0.777495466225
-5.1376 -3.6022 0.067467325425
-16.7158 -16.4282 0.484065863287
-16.8432 -15.9612 12.6801968013
-16.3986 -3.2888 0.914973119824
-16.0116 -4.1179 2.03095645694
-14.9409 -5.8437 1.4692670894
-13.7996 -6.769 1.49535843529
-14.2782 -5.3523 6.61496326218
-11.5696 -11.3873 0.0786285571532
-11.5422 -11.3136 0.123061773106
-11.5 -11.198 0.121035697214
-11.4842 -11.078 1.37034588699
-10.2918 -11.7533 1.02214883456
-9.5536 -12.4603 0.772114764786
-9.8296 -13.1814 5.30042832326
-15.0916 -12.5443 0.540446750383
-14.7111 -12.9281 0.341811951225
-14.3696 -12.9427 2.53296237832
-12.6856 -14.8348 0.476720096073
-12.4082 -15.2225 0.4436220238
-12.1287 -15.567 3.49698514724
-8.7211 -16.3526 0.179729574639
-8.6347 -16.195 1.43518459092
-7.2863 -16.6865 5.27295585132
-2.0533 -16.0386 0.923228303292
-1.5656 -15.2547 8.51672801022
6.2472 -11.8643 1.62431913428
7.8608 -12.0506 1.3993087472
8.9732 -12.8995 0.71934584172
9.667 -12.7095 1.41172902853
10.3904 -13.9218 1.09866985942
9.3693 -14.3273 13.5499867232
-1.6923 -22.1531 0.8830921243
-1.2706 -22.929 11.2764003694
9.2359 -27.0242 4.50559937189
11.337 -31.0099 0.423287372833
11.5978 -31.3433 1.03110096984
12.0314 -32.2788 0.386297618424
12.2858 -32.5695 0.321700435188
12.5232 -32.7866 0.211791902584
12.3587 -32.92 0.345210080965
12.6989 -32.9786 0.37493436759
13.0646 -33.0613 0.810480184829
13.5319 -32.3991 1.66698333825
14.9558 -31.5323 1.91991577419
15.6931 -33.305 0.360973032234
16.0483 -33.3693 0.543619802803
16.5843 -33.46 2.72697231376
19.0913 -32.387 1.37377462853
20.4541 -32.5603 0.523836014417
20.9745 -32.6202 0.342113723782
21.3149 -32.586 0.999974724681
22.3076 -32.7064 1.27637273945
23.5492 -33.0023 2.51868339614
26.0559 -32.7569 2.50243266043
28.467 -32.087 1.81706941254
30.1988 -31.5369 0.610631844895
30.7306 -31.2368 0.521052665284
31.2174 -31.051 2.6969356481
33.8609 -30.5168 0.687848217269
34.5443 -30.4387 3.35000166269
37.791 -29.6132 1.49945835887
38.6966 -28.4181 0.49534256833
39.0661 -28.0882 0.932825841194
39.8515 -27.5849 2.48378268172
40.8719 -25.3204 2.23781890465
40.1758 -23.1936 0.740100817457
40.1769 -23.9337 1.00307237027
40.9636 -23.3114 5.24549155943
40.3155 -18.1061 1.22151755206
39.4058 -17.2909 0.974488665917
39.7154 -18.2149 1.08440382238
39.6463 -17.1327 0.947313886734
40.5097 -16.7429 1.21466191593
40.5751 -17.9558 0.611680611104
39.9952 -17.7612 0.722193893632
40.4771 -18.2991 1.03225569022
39.4461 -18.35 1.0988153075
38.5294 -8.3766 0.517956996284
38.2921 -8.837 12.6574237967
30.6567 1.2581 9.59891433965
21.0766 0.6574 0.49748050213
21.5739 0.644 5.34449407615
17.8486 4.4762 1.15654874519
17.1776 3.5342 1.06640691108
17.1625 4.6005 19.7688629071
7.7717 21.9965 3.95812804492
4.1238 20.4604 2.209944807
1.9732 19.9517 3.52979066943
-1.2559 18.5261 2.72657727747
-3.9817 18.461 2.67794466896
-6.6403 18.1397 2.40592183788
-8.3593 19.823 2.9154709671
-11.2703 19.9844 2.28448779817
-12.339 17.9653 0.970319339187
-13.1439 17.4234 4.18150169437
-14.597 13.5025 0.171800261932
-14.4728 13.3838 0.537568460756
-15.01 13.3639 0.556778052728
-15.5646 13.4131 0.816130730949
-15.2987 14.1847 2.15867292798
-17.3207 13.4288 0.602354264532
-17.3032 12.8267 0.423814310754
-10.5746 6.4008 1.85192875133
-9.9519 8.1449 0.614300398828
-9.4102 8.4346 0.956834207164
-8.5633 8.8799 2.49118903337
-6.4791 7.5153 12.1218839744
-2.9761 -4.0894 0.945127573399
-2.1048 -4.4556 1.13070429379
-2.9354 -3.6884 13.086511701
-10.7733 6.7913 0.393037262864
-10.6556 6.4163 0.219103856653
-10.6543 6.1972 0.516474587952
-10.2877 5.8334 0.384055529839
-10.0725 5.5153 0.078503821563
-10.0311 5.4486 0.64426184118
-9.4455 5.7172 7.03314093489
-10.8326 12.6122 0.825083735145
-10.7467 13.4328 1.58229117738
-9.1683 13.3219 0.822699416555
-8.4975 12.8456 0.313462549597
-8.1861 12.8815 0.326323597063
-7.8758 12.9825 0.587783089243
-7.3218 12.7861 1.14481722559
-6.4676 12.0239 0.33392539586
-6.142 11.9498 0.180304686572
-5.9823 12.0335 12.8794540898
-6.5417 24.9008 0.822503908805
-6.3154 25.369 14.2530334263
-1.7415 11.8698 1.38029789538
-2.8323 11.024 11.9462716837
-13.064 4.8575 4.24095557746
-10.2825 1.6561 1.93492739399
-8.3766 1.99 9.08997674364
-12.3692 10.1562 0.212412052389
-12.3324 10.3654 1.58594526072
-10.7518 10.2353 1.84913027394
-9.1269 11.1179 1.59445547131
-10.2329 9.9694 5.21081311505
-9.2933 15.0948 0.0725909774008
-9.311 15.0244 12.8711440381
-14.8183 3.391 0.38895804401
-14.5039 3.162 0.336010788517
-14.3366 2.8706 1.40304755443
-12.9776 2.5218 0.622883263541
-12.3566 2.5702 5.80350170587
-6.554 2.4679 1.29257874422
-6.9306 3.7044 0.307579664477
-7.2368 3.7335 7.71853282237
0.081 6.1882 0.290863971643
-0.0019 6.467 11.2913160057
-10.5336 10.5385 5.05819690008
-7.2744 14.4067 2.77751880642
-5.8688 16.8023 2.01215164438
-5.4748 18.7755 8.71235587887
-6.0084 27.4715 2.99877705907
-3.16 26.5338 1.18866126378
-2.1326 27.1316 2.8079295041
0.6751 27.0957 1.14544238615
1.77 27.4322 3.28905302025
3.9021 29.9366 0.974002956874
4.8021 30.309 3.81942469228
7.6868 32.8123 6.09141728172
13.7325 32.0674 2.14871631445
15.8271 32.5466 1.36533309123
17.0589 33.1355 0.800949842375
17.8556 33.2179 3.51838269237
21.3737 33.2625 1.83886689023
23.2099 33.3615 1.6996283888
24.5728 32.346 0.494536409175
25.0353 32.1709 0.808909698298
25.2176 32.959 2.02601696192
27.2043 32.5618 2.11843025139
29.309 32.8026 2.63887351914
31.9417 32.6222 0.846865491091
32.7507 32.3718 3.14017302071
35.8905 32.4202 0.795002515719
36.5277 31.9448 0.586103745083
37.0673 31.716 2.56081737732
39.0553 30.1018 0.639247072735
39.5722 29.7257 0.230873515155
39.6969 29.5314 0.163331472779
39.7875 29.3955 0.99369166747
40.0107 28.4272 0.645480317283
40.2835 27.8422 0.64642605919
40.3686 27.2014 1.85708754775
40.5836 25.3568 1.1817345091
39.9295 24.3726 0.42455450769
39.9548 23.9488 1.14290342987
39.952 22.8059 1.3209193503
40.6213 21.6671 5.31727936637
40.4494 16.3526 1.0836652066
40.2096 15.2958 5.58645054126
0.0 0.0 1.87966535851
1.6485 0.9031 0.334903508492
1.4191 1.1471 0.88198247715
0.7013 0.6346 0.659469180478
0.0439 0.5824 2.60056237187
-2.5552 0.4952 2.01225661634
-4.0465 -0.8558 9.61631017179
0.2249 7.7598 3.13725511395
-2.8742 7.272 0.677171477545
-2.5722 6.6659 1.37380977213
-3.1362 7.9186 18.8040753647
-8.2428 26.016 1.75687377179
-9.2795 27.4344 3.40954725733
-12.627 26.7869 10.5674971502
-18.5639 33.0983 0.593270595934
-17.9861 32.9637 0.42246009279
-17.6483 32.71 0.588325641121
-17.0848 32.8791 0.631598131726
-16.4552 32.9293 0.462128174861
-16.2895 32.4979 1.8400682596
-15.2243 30.9975 2.04701197358
-13.3044 30.2874 1.28150753802
-12.0378 30.0925 8.26684783276
-5.4175 25.1415 0.669141928144
-4.7579 25.0289 0.535521353449
-4.7465 24.4935 1.20739647589
-4.5705 25.688 0.57683411827
-4.9629 26.1108 0.157324696091
-4.8238 26.1843 0.532260274678
-4.4228 25.8343 0.358575194346
-4.0832 25.7192 0.211011397796
-4.0398 25.5127 11.7015538746
0.9904 14.9475 0.439525130112
1.9388 13.5256 0.562101343176
2.4012 13.8452 0.770889161942
2.5309 14.6051 0.947626772522
-0.4805 20.5147 1.22345635394
0.6931 20.169 1.08918055436
-0.2591 19.6402 0.779320845352
-0.9494 20.0019 2.60491680097
-2.0617 22.3574 9.98503571
-9.4955 29.0237 0.542374962549
-9.7099 29.5219 3.12419034311
-10.9806 32.376 3.09217916687
-14.0234 31.8256 1.11660104335
-14.9559 32.4398 1.72937238616
-16.6208 31.972 1.57849544187
-18.1203 31.4789 1.19390331686
-19.3015 31.3052 1.93575306535
-20.8327 32.4895 2.23115356934
-23.0287 32.095 3.71214812204
-26.7259 32.4278 2.00237086725
-28.7081 32.7113 1.93745400203
-30.5657 32.1608 2.9942334261
-33.4591 31.3903 2.39694407528
-35.8498 31.5632 2.83177613875
-38.0325 29.7591 2.60851231548
-40.063 28.1216 11.2025374666
-51.1842 29.4691 0.854633828022
-51.2759 28.6194 2.1678519622
-51.3702 26.4536 0.446681821882
-51.5086 26.0289 0.447213785566
-51.2182 26.369 1.3424750426
-51.7602 27.5972 0.123283616105
-51.7909 27.4778 1.23429599367
-51.1883 26.4006 10.3802317744
-46.3788 17.2018 1.12619857041
-47.5049 17.1869 3.5724953324
-50.1898 14.8302 0.815472930268
-49.6329 14.2345 1.63718958279
-50.0756 12.6583 2.01897010627
-49.2386 10.821 44.8337796439
-48.6954 -24.0711 0.618387710098
-48.1298 -23.8211 0.587615290815
-48.596 -23.4634 1.33175902475
-47.5139 -24.2397 2.30062381106
-48.1723 -22.0353 0.315341988958
-47.8587 -22.0684 0.55208769231
-47.9946 -21.5333 0.419424582017
-48.2843 -21.23 15.8579348318
-47.969 -5.3752 32.7820620807
-30.0289 22.0623 1.14087707489
-29.1284 22.7628 9.40759862717
-22.3497 29.286 8.30480951317
-14.4348 31.8008 6.81946885395
-9.4265 27.1724 15.1244428711
1.0939 16.3064 0.622543436236
1.2122 16.9176 9.27170849035
-2.1081 25.5744 0.474911160113
-2.5671 25.6963 1.45682526406
-1.7987 24.4586 9.23421461847
2.1842 16.1275 0.935573818573
3.1151 16.2209 4.3458054777
7.4276 16.7579 4.05437723948
7.235 20.8077 9.91565368143
8.5602 30.6344 1.86630108236
10.328 31.2327 0.592834631242
10.9077 31.3568 0.526612286222
11.3882 31.5723 0.493413660127
11.848 31.3933 1.94010441214
13.2372 32.7476 2.5233329705
15.3384 31.3504 0.263865496039
15.5976 31.3998 0.312817087129
15.5083 31.1 0.894686861421
16.194 31.6747 0.56722190543
16.541 31.226 0.450362576154
16.8939 30.9462 0.190566786193
17.067 31.0259 0.527351922344
17.5484 31.2412 0.410282987705
17.8481 31.5214 0.0515570557732
17.8298 31.5696 0.645893528378
18.3105 32.001 0.741783000614
18.8734 32.4841 0.275950013589
19.1314 32.582 0.206496343793
19.3207 32.6645 1.19527958654
20.5142 32.5993 0.682117064733
21.1942 32.5456 1.1830379622
22.3763 32.4985 2.74016576323
24.9283 33.4964 0.804747028575
25.733 33.5051 2.88927174907
28.529 32.7769 3.59165177043
32.108 32.4757 2.16610330548
34.1992 31.911 3.23192898746
37.1789 30.6593 0.690987764002
37.7704 30.3021 0.552324198275
38.2483 30.0252 0.411218725255
38.6453 29.918 0.666356698773
39.2827 29.7237 0.932916051958
39.7287 28.9043 1.87095522394
40.2163 27.098 7.81421431047
38.9738 19.3832 8.57435540959
41.4008 11.1595 0.322191511372
41.5537 10.8759 0.411118535218
41.8618 10.6037 1.30099541121
40.7053 10.0078 0.998804810761
40.6217 11.0031 0.461902781979
41.0804 10.9488 0.337827914773
41.4081 11.0309 0.47922739905
41.6278 11.4568 0.261842796349
41.6056 11.7177 1.0779776853
40.6439 11.2307 0.374626480644
40.4629 11.5587 2.55272962336
35.965 13.7167 1.43165767556
34.9611 14.7374 1.23380375263
35.259 13.5401 1.00681671122
34.328 13.9234 24.1903132303
18.0727 31.8381 3.86107823412
14.2584 32.4373 4.29586298664
9.987 32.8951 3.61180090813
6.3912 32.5555 2.67287633085
3.7184 32.5757 3.73827262917
-0.008 32.278 0.979940370635
0.2037 33.2348 1.09148906087
-0.0689 32.1779 18.313569981
-8.2928 15.8147 2.5740339178
-10.8559 16.0517 2.50704098291
-13.2691 15.3722 3.52928091401
-15.0587 18.4141 3.32865718571
-18.3716 18.7376 2.88167590995
-21.2054 19.2607 15.9743235757
-27.3643 34.0 19.1081744782
-46.361 31.939 3.57658905244
-49.0896 29.6267 3.02360267396
-50.8543 27.1715 0.668234883854
-51.2588 27.7034 0.960966581105
-50.5609 27.0428 12.4218128681
-44.8271 16.0235 0.186000672042
-44.7151 16.172 7.14075863827
-51.8179 15.4367 0.537564600769
-52.0392 15.9266 1.18575465
-51.6297 14.8138 0.651044983085
-52.2728 14.9152 3.11455160497
-50.6697 12.2449 1.29044422196
-51.3647 13.3322 0.55119173615
-51.679 12.8794 1.55216263645
-50.8191 11.5872 1.15498090893
-50.1828 12.5511 1.27787702851
-51.4137 12.8944 0.407117734814
-51.7168 12.6226 0.268516088903
-51.8485 12.3886 1.64757773716
-50.2887 11.858 0.539723605191
-50.0521 12.3431 3.95697445658
-46.2444 11.2665 1.01606951042
-46.1471 12.2779 0.281851911471
-45.8716 12.2184 1.07355970956
-46.8419 12.6778 0.985340570564
0.0 0.0 7.41659465321
-2.286 -7.0555 12.1480058236
2.8658 -18.057 16.7177842599
18.2378 -24.6286 3.57576967938
21.8102 -24.7838 3.66621446454
25.3437 -25.7613 7.63941748368
32.293 -28.9343 4.0690325951
35.9479 -30.7228 0.621691989654
36.5361 -30.5215 2.23322499762
38.7691 -30.5532 2.76016327053
40.8519 -28.742 0.445968216356
40.6876 -28.3274 0.662698913535
40.4167 -27.7226 0.532261636792
40.2664 -27.212 0.293797294065
40.1833 -26.9302 1.08544842807
40.6306 -25.9412 1.53376879614
39.9482 -24.5676 0.36809925292
40.0273 -24.2081 0.262588994438
40.0826 -23.9514 0.223400917635
40.1015 -23.7288 1.02665898915
39.7267 -24.6846 0.518347065199
39.8355 -24.1778 6.49552023244
35.378 29.755 0.0813742588292
35.3611 29.8346 1.21463754676
36.1865 28.9435 0.912036649483
35.2878 29.0989 20.1667106929
15.1247 29.4805 4.57042091825
10.5563 29.6164 4.51270649832
6.0608 30.0101 5.41058300093
0.6504 29.9656 4.27988936422
-3.628 29.8527 1.78788761671
-5.4158 29.8704 1.93349843807
-7.3488 29.8265 2.74465677453
-9.8288 31.0024 0.97738546132
-10.6641 31.5099 1.9182606288
-12.4413 32.2319 2.53870234766
-14.9582 31.8999 1.40905268887
-16.354 32.0927 0.599089192024
-16.9471 32.0082 1.8551436063
-18.7857 31.761 0.772225588802
-19.5551 31.827 10.8955702494
-20.556 20.9775 2.78040147641
-21.5746 23.5646 13.5863372787
-30.8954 33.4495 10.3791926632
-41.2659 33.0248 8.22596437872
-49.4845 32.6768 3.01196759113
-49.6159 29.6677 12.7050481483
-44.9801 17.8386 0.637298360268
-44.4123 18.128 1.23155242682
-44.0006 16.9673 17.6999567697
-51.5 33.0 9.89965505763
-48.1625 23.6799 8.28208096374
-42.4955 17.6402 1.26172961446
-41.4404 16.9483 0.989089606659
-42.3357 16.5279 4.38654689249
-38.8357 13.8837 0.509071792579
-38.5052 13.4965 1.21543281591
-37.2905 13.4543 0.840144564941
-36.4538 13.3783 1.70930283157
-35.3027 14.6419 15.1043090024
-25.0289 25.7139 1.03249767554
-24.2516 26.3935 6.58441087722
-19.1092 30.5057 0.617752652766
-18.5587 30.786 2.65876371459
-16.0452 29.9192 1.36212704987
-14.8403 29.2839 0.482588789758
-14.409 29.5004 0.314341247691
-14.0971 29.4613 1.7963238934
-12.6578 28.3865 0.618430481138
-12.0743 28.5914 0.355876748327
-11.7192 28.5679 0.288905417049
-11.4307 28.5526 2.2578283925
-10.1411 30.4059 1.27520747332
-8.8668 30.454 2.44129412403
-6.4542 30.8272 1.65204637041
-4.8153 31.0352 3.72737472224
-1.1559 31.7438 6.11616438792
4.9592 31.6297 9.36949659107
11.4203 24.8443 1.20673311465
12.3403 25.6252 1.99202201293
14.2026 24.9181 1.41215461618
15.0251 23.7702 2.67784485174
16.2392 21.3834 1.89555580503
16.2851 23.2784 0.863202467559
16.6386 24.0659 1.5026631725
18.0005 23.4309 0.959176839795
18.946 23.2695 0.843800462195
19.6851 22.8624 1.06949171105
20.5605 22.248 0.56624002861
21.1189 22.3419 1.91437593226
22.9244 21.7055 2.37691273083
25.3011 21.6737 2.2501805172
27.5405 21.4537 1.21794090579
27.7332 22.6563 1.16479708963
28.0347 21.5312 5.5992469583
27.847 15.9351 0.37514223969
28.1181 15.6758 4.89400341847
29.2492 20.4373 0.466394736248
28.8818 20.7246 3.15655826019
29.8139 23.7404 2.30745346432
31.9084 24.7086 3.44091669472
35.1781 25.7805 2.69990605022
37.8673 26.0207 0.622506497958
38.4098 26.326 2.60650804142
40.2874 24.5181 0.413085414896
40.279 24.1051 1.0936949529
40.2461 23.0119 0.274072125544
40.3868 22.7767 0.892813362355
41.1815 23.1836 1.20303119245
41.0257 21.9907 7.77509771643
40.7892 14.2192 1.11992125616
40.3521 13.1881 2.87250471888
40.6741 10.3337 2.27708795175
0.0 0.0 1.96311708515
1.7145 0.9562 2.20710859271
-0.3958 1.6027 2.82276361214
-2.9783 2.7423 1.6314574619
-4.5927 2.507 1.67055347116
-6.0528 3.3187 2.5516807265
-8.3141 4.5009 2.52215322493
-10.4249 5.8814 16.1356227934
-11.9832 21.9416 7.44806630005
-14.7788 28.8451 2.14544729369
-16.8328 28.2254 2.5935790869
-18.718 30.0066 0.802520691322
-19.2991 30.5601 2.31832139705
-20.94 32.1978 1.17946640478
-22.1038 32.0062 2.54689462876
-24.6354 32.2849 1.81161766386
-26.447 32.2929 2.65442382825
-29.0785 32.641 2.04886908318
-31.1251 32.7374 2.70360253921
-33.5606 31.5636 3.41660252298
-36.977 31.6008 13.4869856217
-50.357 29.9054 2.41183410085
-51.3732 27.7181 1.21883613747
-52.0625 28.7233 1.12534661771
-51.929 27.6059 14.6652062328
-43.9719 15.2871 4.23480975015
-48.1838 14.8472 2.08590959775
-49.6644 13.3779 0.699972578034
-49.7821 13.2604 1.24326034683
-48.5571 13.0481 0.150836202551
-27.2472 1.0709 20.3747030904
-19.2441 -17.6662 0.588900067923
-18.6646 -17.771 0.550216775462
-18.1321 -17.9095 2.97689495448
-15.2055 -18.4544 0.591591091887
-14.6506 -18.2493 2.88145263539
-12.2106 -16.7166 0.578448199928
-11.6492 -16.856 0.505766912718
-11.1443 -16.8264 1.31284153652
-9.8542 -16.5831 4.45872508796
-5.4392 -15.9602 7.20845641452
1.769 -15.8994 2.92252915982
3.774 -13.7731 1.0016779772
4.6491 -13.2857 0.405882014876
4.9105 -13.5962 0.400829801786
5.3002 -13.69 1.76833818598
6.4189 -12.3205 3.17209304088
8.6244 -14.6004 0.821395233733
9.4302 -14.4411 1.55181831733
10.853 -13.8216 0.251558044992
11.0782 -13.7095 0.134817283758
11.2121 -13.6938 0.0
11.2121 -13.6938 1.09491503323
10.7008 -14.662 1.25975487298
11.7505 -15.3585 0.399687402854
12.1314 -15.2374 1.23409564054
13.0163 -14.3772 1.17251192318
14.1677 -14.1557 1.05238843114
15.2106 -14.0147 0.370145660518
15.5796 -14.0438 0.514832497032
16.0941 -14.0623 0.271108557593
15.8949 -13.8784 0.438312422822
16.3302 -13.9297 0.460499782845
16.7743 -14.0515 0.48620186137
17.1803 -13.784 1.32933475844
18.4046 -13.2661 1.38886639026
19.1882 -12.1194 0.756154911377
18.7755 -11.4858 13.3568887055
18.8465 1.8709 10.652600085
22.2481 11.9658 0.104827191129
22.2586 12.0701 0.542798102429
22.7999 12.1104 0.168713514574
22.9679 12.1259 1.47114437429
24.3923 11.758 3.05726335307
27.4387 12.0155 0.624245472551
28.0607 12.0684 2.68148240345
30.7129 12.4636 5.69069782188
31.8792 6.8937 0.916786790917
32.1911 7.7558 1.25105382778
32.2163 6.505 15.868578344
31.4384 -9.3445 3.58282426306
34.7445 -10.7252 0.212343236294
34.9323 -10.8243 1.47379402224
35.2812 -9.3924 16.4357805449
39.4906 6.4952 0.174423650919
39.6586 6.4483 0.157311728743
43.0179 3.2089 0.28116836593
43.0241 2.9278 0.366385384534
43.3898 2.9502 8.37830379492
35.1056 1.698 0.0613345742628
35.0479 1.6772 1.41517676988
34.4334 2.952 3.75347677361
31.1792 4.8225 1.33635699572
30.9011 3.5154 14.1010883268
18.6351 -3.4406 1.53146191921
17.8836 -4.775 21.5549135855
8.8124 -24.3282 2.60823696009
6.8976 -26.0992 5.51591249024
2.2912 -29.1334 3.95941205989
-1.6563 -29.4403 0.692171134908
-2.3465 -29.4925 1.52148881034
-3.8597 -29.6511 2.14174432181
-5.9804 -29.9506 3.48347831485
-9.437 -30.3825 2.12338109863
-10.8797 -31.9405 1.60528922316
-12.4827 -31.8548 1.08214609919
-11.4454 -32.1631 0.767838902375
-11.8101 -31.4874 1.47899802907
-12.9802 -32.392 0.178789820739
-12.9536 -32.5688 1.01306112353
-12.9306 -31.556 8.17259432249
-10.7536 -23.3271 1.11369426684
-9.9672 -22.5385 0.490535880441
-9.5508 -22.7978 1.19743901724
-9.9246 -23.9354 0.730467275105
-10.6296 -23.7442 0.373539020719
-10.7278 -24.1046 9.92252605943
-11.461 -34.0 6.91630308474
-14.8466 -27.969 1.03128607573
-14.225 -27.1461 0.329042398484
-13.8979 -27.1818 0.349954868519
-13.8134 -26.8422 1.41005587478
-12.4305 -26.5668 3.382262988
-9.0629 -26.2522 1.53564132857
-7.8356 -27.1752 0.907300270032
-7.6713 -26.2829 12.9183033476
-7.6806 -13.3646 2.98728057772
-4.7136 -13.7121 1.01215181668
-4.5995 -12.7064 15.4878154237
-0.5587 2.245 20.3684978889
5.1529 21.7963 0.488882286445
5.6371 21.8638 0.156714677041
5.7936 21.872 0.696458649167
6.4829 21.7724 0.8665665814
7.3471 21.8364 1.54939630179
8.6888 21.0615 0.873421604954
9.5171 20.7844 1.52084614606
11.0369 20.8408 1.19385471897
11.9547 21.6043 2.60669736065
14.428 20.7811 0.302599421678
14.7209 20.8571 1.91520076232
16.3073 21.9301 2.25691372675
18.5472 22.2067 0.699098283505
19.1993 21.9547 0.55611122089
19.7498 22.0335 1.70091193482
21.4368 22.2506 3.47045980383
24.1233 20.0536 0.327467631988
24.4349 20.1543 1.52468504944
25.9564 20.0558 1.88748196548
27.8428 20.1197 0.51847550569
28.361 20.1366 1.30311880118
29.6641 20.1296 0.261223371849
29.8954 20.0082 0.985772128841
30.8604 20.2095 0.922822377275
31.7821 20.255 1.72946514854
33.5028 20.4289 0.438139486922
33.9313 20.3375 1.47547983043
35.4025 20.4498 1.15256809343
36.5461 20.5933 1.47140833897
38.0164 20.6504 0.420199024273
38.4283 20.5673 0.314535403413
38.7389 20.6169 0.501201057461
39.2394 20.6434 1.18130319986
39.8788 19.6501 1.11877370813
40.4523 20.6107 0.938340156873
38.9465 7.6392 1.32034072118
38.2634 6.5093 0.300894350229
38.1084 6.7672 6.51045870043
34.1541 1.5952 0.751333807305
36.8165 3.1505 1.14300323709
36.9871 4.2807 0.907550285108
36.0967 4.4563 1.36007031068
36.2352 3.1033 0.70111072592
35.7291 3.5885 0.532499399061
35.516 4.0765 1.32001893926
36.7462 4.5551 0.484092274262
36.268 4.6304 1.02342220027
35.3554 4.1672 1.33557165663
16.4891 -18.1891 12.0551105781
12.5899 -6.782 0.454372501369
12.4525 -7.2151 12.7698542654
9.1261 -19.5441 3.55749521433
5.5829 -19.8627 11.43306085
0.8123 -9.4725 8.89914813283
-6.847 -14.0035 0.676301781751
-7.1841 -13.4172 9.39037785395
-9.6123 -4.3462 1.11609019349
-9.5509 -3.2318 16.486716207
-2.8736 11.8422 0.649416237863
-2.6753 11.2238 10.9344102177
2.0962 1.3854 0.24066966988
2.0087 1.1612 13.388576313
-2.5225 13.7597 0.485441170483
-2.1817 13.414 0.610390244024
-1.7237 13.0105 0.932152224693
-1.0456 12.3709 0.225086672195
-0.9711 12.1585 0.740880968847
-1.6505 11.863 9.89947420523
-5.023 2.5557 0.637163063901
-4.5331 2.1483 1.52893925648
-3.8457 0.7826 13.9087893686
6.9054 -8.0417 0.703101543164
6.8551 -7.3404 1.4636059374
6.9504 -8.8009 14.1796948687
11.3753 -22.2725 0.328093782325
11.1716 -22.0153 0.769543923373
11.9375 -21.9405 1.23110708308
12.9568 -22.6309 1.64919959374
13.1279 -20.9906 0.448086978164
13.3324 -21.3893 0.0285015789036
13.3609 -21.3896 6.13166843934
14.3817 -15.3435 4.8839538583
13.3794 -20.1235 0.466432095808
13.8401 -20.0506 0.614620020826
13.3777 -19.6457 2.08391818697
13.0027 -21.6956 0.590194086721
