0.0 0.0 8.03825340046
-8.0382 -0.0293 0.625507569898
-8.0498 0.5961 1.29736951174
-7.3904 -0.5212 7.77482177288
-3.1496 -7.0376 0.758677276581
-3.6007 -7.6476 1.18701834864
-2.4441 -7.9146 14.4879478757
5.7933 -19.8329 24.7659559317
26.7853 -32.974 0.629096749316
27.4137 -32.9444 0.906199475833
28.3162 -32.8626 1.78583799097
30.1019 -32.8848 0.821490852049
30.9218 -32.8337 2.18124636389
33.0945 -32.6408 1.05143228503
34.1457 -32.6187 0.715167169269
34.8595 -32.6629 2.9236994117
37.773 -32.4189 3.741755306
40.5084 -29.8658 1.16060801307
40.7098 -28.7228 0.719947845333
40.7181 -28.0029 2.71727959916
40.5472 -25.291 0.72136438781
40.3445 -24.5987 0.217480343939
40.3052 -24.3848 0.159987280744
40.276 -24.2275 1.44893152357
41.006 -22.9759 0.83872248092
41.0356 -23.8141 0.605982219211
40.8675 -23.2319 7.88474219807
40.7167 -15.3486 0.540976348836
40.9438 -14.8576 1.11620184555
40.1438 -15.636 0.0
40.1438 -15.636 0.832529789257
40.655 -14.9789 9.17080377339
0.0 0.0 2.06160426852
1.9604 0.638 3.84873085705
-0.8081 3.3116 1.18309655143
-1.8297 3.9083 2.35135539211
-4.159 4.2296 1.90870277414
-5.4468 5.6384 0.941651044708
-5.6231 4.7134 1.0414519096
-4.8623 5.4246 1.50216964754
-4.9392 6.9248 2.18149609443
-6.4832 8.4659 1.26843558764
-5.5922 7.5631 3.89469038692
-6.7247 11.2895 2.51727924553
-8.8685 9.9701 1.4099268208
-9.4505 8.6859 2.11826260176
-11.4831 9.2822 0.380544057896
-11.1348 9.1289 1.20654336847
-10.0057 9.5542 1.4521909413
-10.9615 10.6475 1.06259879541
-11.6063 11.4921 1.00579880692
-11.9273 10.5389 2.04489552056
-13.7653 11.4352 0.371529608511
-13.4289 11.2775 0.0441145100846
-13.4617 11.248 0.500358281634
-13.9397 11.1001 0.836583080154
-13.3075 10.5522 0.761492856171
-13.3844 11.3098 1.00552491764
-14.3254 10.9554 0.812424698049
-13.8587 10.2904 1.36996671857
-21.757 34.0 11.6569032637
-22.7871 22.3887 3.47419174629
-20.7716 25.2185 7.69503248206
-14.6239 29.8466 0.639956131309
-14.655 30.4858 0.602001196012
-14.593 31.0846 0.474182760125
-14.1385 31.2198 1.66016876853
-12.698 32.0451 0.478807153246
-12.2607 31.8501 1.14483838597
-11.2109 32.3068 0.704500170334
-10.5089 32.2475 0.44672708671
-10.1811 31.944 0.173165469999
-10.0349 31.8512 1.17418874973
-9.3128 30.9253 0.886098290259
-10.1911 31.0426 1.13230916714
-9.0622 30.9548 11.9320903056
-5.1731 19.6743 2.71772596301
-7.7471 18.8022 16.18287321
-3.1568 3.284 17.004356897
-3.8746 -13.7052 1.05017948942
-3.0526 -13.0516 0.183114308562
-3.0307 -13.2334 1.43239048447
-4.463 -13.2173 1.01818345105
-4.5003 -14.2348 30.7939922506
-28.114 -34.0 11.1557703992
-27.4206 -22.8658 0.60322756071
-27.0416 -23.3351 5.73004486021
-30.6555 -18.8884 0.990462881687
-30.1869 -19.761 2.70526074529
-28.865 -22.1213 1.19291577238
-27.7252 -22.4733 1.54792550854
-26.1899 -22.276 2.04407152761
-24.192 -22.708 0.561872627915
-23.6726 -22.9223 0.37182674729
-23.3534 -23.113 7.0468537327
-22.5482 -30.1137 0.652395685148
-21.9205 -30.2915 0.501537655615
-21.4254 -30.3716 14.6707718096
-6.7772 -29.5581 15.7532378415
2.1103 -16.5513 0.906518025193
2.303 -15.6655 16.1742198121
-2.1808 -0.1252 17.1069194106
2.8826 16.2152 0.463572615671
2.426 16.1351 8.98746051174
1.1653 7.2365 0.239576981365
1.3886 7.1497 4.05807088159
1.9728 11.1655 12.484042109
-5.5995 21.0908 1.06785256005
-4.8192 20.3618 1.74189102989
-6.0482 21.5962 6.22230031098
-8.5436 27.2962 3.64374316466
-4.9044 27.1143 1.35856832364
-3.9461 28.0773 0.863311421215
-3.1411 28.3892 1.47579029676
-1.7513 28.8856 3.08138504248
0.672 30.7889 1.78699175712
2.3255 31.4666 3.2318479234
4.9567 33.3432 8.50256638963
13.3603 32.0497 2.39119665858
15.3092 33.4352 1.64815027531
16.9449 33.6374 2.98399400133
19.9275 33.7286 0.497379533154
20.4211 33.6674 0.644021622308
21.0303 33.4585 2.46960024498
23.4999 33.4596 1.99633791228
25.494 33.5541 0.362861323373
25.6393 33.2216 0.325392209495
25.9388 33.0944 0.346072622436
26.2843 33.0745 0.482236954204
26.7651 33.0373 0.775733749427
27.3469 32.5242 0.212980985067
27.5578 32.5539 0.315913215931
27.8732 32.5719 0.0404544187945
27.9062 32.5953 0.464784089659
28.2934 32.3382 1.56196846319
29.8136 31.9794 2.24062952315
32.0415 31.7409 0.679146361251
32.7192 31.7852 2.65675378046
35.2516 32.5885 5.31883451613
40.3961 31.2379 2.90366169689
40.6659 28.3468 1.5560025482
40.4222 26.81 0.46065259144
40.3767 26.3516 0.728406431877
40.3095 25.6263 0.269588612519
40.3726 25.3642 0.486949124653
40.1922 24.9119 1.32397975815
40.5214 23.6295 1.08073887688
40.3028 24.6879 0.948517016189
40.8451 23.9097 0.361587071118
40.8011 23.5508 1.21209270273
40.6497 22.3482 1.41565878657
41.4309 21.1676 4.52128527855
40.7525 16.6975 7.83078153507
41.8737 8.9474 2.99199255681
0.0 0.0 2.09061078157
1.356 1.5912 0.323899367088
1.6558 1.4686 1.17401793853
0.5222 1.774 1.26554558985
-0.5478 1.0982 0.839999095238
-1.384 1.0184 1.16174491606
-2.515 0.7529 1.67053899086
-3.4614 2.1295 0.739213338624
-3.9824 2.6539 3.46507931367
-6.466 5.0702 21.3557934809
-11.8376 25.7394 6.52197803201
-17.6857 28.6266 6.55739964391
-23.8357 30.9019 1.86617015569
-25.6345 31.3988 2.01694541572
-27.5985 31.8579 2.67631703092
-30.2554 31.5361 14.8577720756
-45.0571 30.2465 4.60905202075
-49.2564 28.3467 2.65897454858
-51.0835 26.4149 0.137971953672
-51.037 26.5448 1.20285171572
-49.9495 27.0588 0.518808297929
-49.9601 26.5401 0.837851281553
-50.3215 27.296 0.443473753451
-49.9206 27.1064 13.0643751787
-46.8946 14.3973 3.81030704537
-50.4299 12.976 1.01298027621
-50.2297 13.969 1.02235111875
-49.5963 13.1665 1.28159208019
-50.6918 12.5014 0.993970366762
-51.0688 13.4211 0.664431192826
-50.9848 12.762 0.911447667176
-50.1727 12.3482 20.6944091128
-50.5321 20.7701 0.160645105746
-50.3939 20.6882 10.4585388779
-47.515 10.6337 0.802945658186
-48.2732 10.3694 0.551719240194
-48.7638 10.117 0.883541283699
-48.2464 9.4008 0.849120798238
-47.6097 9.9626 1.09658824086
-47.5288 11.0562 4.2395089869
-47.2541 15.2868 22.9307904646
-27.4763 26.8911 9.79755813047
-18.0989 29.7295 4.86702807471
-13.2661 29.1533 0.547363005692
-12.766 29.3758 0.87556622251
-11.9685 29.7372 2.70616882326
-9.2624 29.7179 3.43285979032
-5.8299 29.6682 0.64908403154
-5.1867 29.581 3.20416274243
-2.0095 29.1662 0.753598600052
-1.3074 29.44 2.87760752362
1.3367 30.5755 3.5172755266
4.7994 29.9583 0.959602756353
5.7442 29.7904 0.22653929019
5.9624 29.8513 0.154959672173
6.1089 29.9018 3.22543950494
9.2769 29.2958 2.06936473827
9.4378 31.3589 0.519100915044
9.9238 31.5413 1.52680887147
11.0725 32.5471 1.94202575936
12.3279 31.0654 1.41890916552
10.909 31.0705 13.2953355945
-2.3761 30.5489 5.18208754268
2.2588 32.8666 3.87475397025
6.098 33.3903 3.24975193669
8.8809 31.7121 0.722989356768
9.4794 32.1177 0.252004841223
9.7284 32.1565 0.213004436574
9.8904 32.0182 0.149326923226
9.9117 31.8704 0.366131151365
10.1156 31.5663 0.898065409645
10.2574 32.4531 6.26950585692
16.5134 32.0418 0.40458089426
16.5563 32.4441 1.60284723227
18.1541 32.5712 0.502378383293
18.6293 32.4082 1.53744528358
20.1019 31.9664 1.30229861783
21.3406 31.5644 0.231000021645
21.5716 31.5645 0.312860991496
21.883 31.5343 0.340675872348
22.2168 31.4662 0.904227211491
22.9346 32.0161 0.307861819653
23.2339 31.944 1.56977148974
24.6182 32.6842 2.02018521923
26.6246 32.9198 0.83250923118
27.4567 32.8937 1.26910493262
28.722 32.7955 0.559961302234
29.2741 32.702 1.90421396119
31.1432 32.338 2.55656506469
33.5994 31.6287 5.1340661517
38.6889 30.9537 0.529491378589
38.9945 30.5213 0.43146123812
39.2403 30.1667 2.22209029745
39.7276 27.9987 0.440010408968
39.8522 27.5767 0.354518969873
39.9601 27.239 0.551169420414
40.1304 26.7148 2.06659677973
40.1104 24.6483 0.398358757905
40.0875 24.2506 0.744146020617
40.2412 24.9787 1.20818254002
40.972 24.0166 0.289956082882
40.8822 23.7409 1.06983913744
41.2415 24.7486 0.713757171593
40.8704 24.1389 7.6837323652
39.8713 16.5204 9.56557159818
42.3337 7.2772 0.460146172428
42.2826 7.7345 0.187793769865
42.4263 7.8554 1.3136904506
42.7891 6.5928 0.556872445
42.2917 6.3424 0.125264679778
46.5153 1.3172 1.01168216847
45.9737 0.4627 5.34746153235
40.6327 0.7255 20.0191169258
21.0395 -3.382 1.0334091784
20.3293 -4.1327 3.59883394588
16.7369 -4.3478 0.729523735049
17.0067 -3.67 1.37192385357
16.5512 -4.9641 21.9754652112
8.9922 -25.5986 4.71382401559
4.6068 -23.8699 2.24012518623
2.3787 -24.1017 1.05984846087
1.3347 -24.2843 3.39675856222
-1.9496 -25.1511 3.4679130511
-5.3278 -24.3674 3.01664528409
-8.3024 -23.8655 2.03327722901
-10.2954 -23.4628 2.65608829861
-12.9023 -22.954 0.21465288258
-12.9104 -22.7395 2.18966090754
-15.0889 -22.5187 7.03526250399
-15.765 -15.516 2.21228229663
-17.543 -16.8324 0.305498690668
-17.6679 -16.5536 2.83976078218
-20.172 -17.8929 0.616146167723
-20.7029 -18.2056 2.22907900712
-22.5498 -19.4537 1.64444614992
-24.0965 -18.8952 1.19199733641
-24.4371 -17.7529 1.27697026199
-25.6847 -18.0252 2.54766720747
-28.2081 -17.6744 4.52292759725
-32.2537 -1.596 10.7366521342
-24.1653 5.4647 1.21416648364
-23.2037 6.206 17.3051371728
-13.7976 20.7316 0.543796027937
-13.254 20.7462 1.97992467786
-11.2762 20.8379 0.951595213313
-10.3321 20.7187 1.52014395371
-9.0421 19.9145 1.95080025631
-7.6929 21.3235 0.416175744127
-7.9005 21.6842 0.246779658805
-7.7783 21.4698 0.379363361436
-7.4617 21.6788 0.466496998919
-7.1289 22.0057 2.0011056169
-5.9801 23.6442 0.792710596624
-5.2573 23.9697 0.55673879872
-4.702 24.0097 3.03877170745
-2.2413 25.7927 1.51901776816
-0.905 26.515 2.00760263499
0.5715 27.8753 0.83209653887
1.1659 28.4576 2.97301227882
3.296 30.5316 1.0424318347
4.2787 30.8794 0.948650330733
5.1874 31.1518 1.71654221038
6.717 31.9308 2.1446211437
8.2646 30.4461 0.761088404852
8.9626 30.1427 1.90627936305
10.6352 29.2282 1.31382685313
10.9154 30.5118 0.706320246064
11.2077 31.1548 0.315025395802
11.5227 31.1588 0.554461693898
11.7071 31.6817 0.481269924263
11.2396 31.796 0.188363080247
11.2264 31.6081 1.14454233648
12.0404 32.4127 0.187862556141
12.1901 32.5262 0.280740182375
12.3588 32.3018 0.26857805197
12.3817 32.0342 0.231584304304
12.4937 31.8315 0.165244606569
12.5724 31.6862 2.02376043049
13.6576 33.3944 0.26399933712
13.8373 33.201 0.601144849433
13.7405 32.6077 0.748139626006
14.1832 33.2108 2.16269624543
16.3305 33.4684 0.558415794906
16.8719 33.3316 1.68200923303
18.5034 32.9225 2.16125919316
20.6245 33.3372 1.0721690585
21.1402 32.3972 0.410649144648
21.4808 32.1678 0.775745480167
22.2032 32.4505 2.42472240885
24.6142 32.7081 2.27373277454
26.7745 33.4173 1.81160163943
28.5564 33.0906 2.3655087085
30.9212 33.1485 2.48771438272
33.361 32.6626 3.00731217701
36.3648 32.8079 3.75557550983
39.4777 30.7069 1.94305214804
40.6828 29.1827 2.52092270806
40.2535 26.6986 3.28437269048
40.0396 23.4212 0.627774003922
39.9362 22.802 1.41737121461
38.7136 11.2632 0.933758860734
25.2163 8.5426 0.399325531365
25.1501 8.1488 0.794724512017
25.843 8.538 2.37461275369
26.5832 6.2817 2.05954243705
25.4583 4.5565 0.492847248141
25.9483 4.6094 0.71575365874
25.4384 4.1071 1.58873822262
26.9967 4.4166 13.0521441074
30.8873 16.8754 0.618124396865
30.4762 16.4138 9.17192210226
30.599 7.2427 0.31536767431
30.9091 7.1853 1.12919291532
31.2699 8.2553 0.222381586468
31.404 8.0779 1.25508452703
32.6554 7.9818 1.3010652328
33.6809 7.1811 0.548583813104
34.1837 7.4005 0.10009540449
34.1659 7.302 0.29375808074
34.1514 7.0086 0.15246015873
34.2977 7.0515 1.03730659884
33.705 7.9028 0.989502309244
33.9329 6.9399 0.201638488389
34.1217 6.8691 0.997660488343
34.0608 7.8649 9.57889166971
39.7547 15.5678 0.331026645453
39.7589 15.8988 0.241034541093
39.7172 16.1362 0.205032802254
39.8901 16.2464 0.197376923676
39.8415 16.4377 0.164346858808
39.9665 16.5444 0.812314446505
40.7785 16.567 0.582828911431
40.3062 16.9085 0.719427584959
40.7328 17.4878 1.09202309499
39.7588 16.994 0.488252485913
39.6968 17.4783 1.36817385226
40.1156 16.1758 5.60157856769
40.5565 10.5916 4.46977112278
41.5035 6.2233 0.598231476938
41.6018 5.6332 0.0
42.6271 -9.9043 12.7164011438
29.9132 -9.6521 0.946389903792
29.3329 -8.9045 0.0339558536927
29.3545 -8.8783 8.95406289513
20.7692 -11.4215 12.0712747185
12.8699 -2.2937 0.312810245996
12.9995 -2.5784 1.15334076491
12.8661 -3.724 19.7751099011
4.1679 -21.4834 0.436112932622
19.0231 -24.6051 1.07759336022
19.5259 -23.652 7.57452187534
24.7029 -29.1812 0.179947214482
24.6481 -29.0098 6.15595053343
21.1405 -23.9509 0.763879833482
20.8987 -24.6755 5.75033536848
24.8125 -28.8884 2.88975236482
27.6818 -29.2316 3.48301411137
30.7245 -30.9267 4.01523414635
34.677 -31.6337 0.927208158937
35.0911 -32.4633 3.84045603672
38.9127 -32.0832 3.29383453895
40.5113 -29.2033 0.547752371058
40.6692 -28.6788 0.399554414317
40.7789 -28.2946 0.403975865616
40.8134 -27.8921 1.61351331262
40.2395 -26.3841 0.319340961983
40.2062 -26.0665 0.248911811692
40.1827 -25.8187 0.956834541601
40.1574 -24.8622 0.30931747445
40.2005 -24.5559 0.470175733104
40.2694 -24.0908 1.45435095146
40.6956 -22.7003 0.681822594228
41.3417 -22.9181 1.53799998049
41.238 -21.3836 5.5798321283
41.0233 -15.8079 8.10833599513
40.7003 -7.706 0.0
40.7003 -7.706 8.20337980225
42.9576 -15.5927 1.10703069515
37.4868 -6.5462 16.4818318715
21.409 -2.9192 4.25916086688
18.567 0.2531 18.9444811008
15.1257 18.8824 4.60017309457
10.6492 17.8229 4.35847178034
6.8327 15.718 3.02159469982
3.9884 14.6982 3.67921200803
0.3628 14.0724 5.41698764721
-4.1778 17.0265 2.04195064583
-5.9588 18.0253 2.5645997446
-8.26 19.1574 1.88979099903
-10.1491 19.2085 2.63986693036
-12.7737 19.492 1.78154964567
-14.5412 19.7153 0.756430102521
-14.2433 20.4106 0.203485257451
-14.0545 20.4865 0.383910940193
-13.743 20.7109 1.41957369657
-13.4462 19.3227 20.1959774274
-15.4811 -0.7705 2.0111961068
-16.8404 -2.2528 0.449400322652
-17.1052 -2.6159 0.654840637102
-17.5103 -3.1304 2.74270277281
-19.1528 -0.9339 1.12448090246
-19.7511 -1.886 0.812481138243
-20.5339 -2.1036 1.84296524655
-22.213 -2.8633 0.815913390011
-21.7101 -3.5058 0.364906919638
-21.5842 -3.1633 1.38792031832
-22.4162 -2.0524 5.28201702477
-21.6683 -7.2812 0.535062024442
-21.9607 -6.8331 3.09296631892
-23.0824 -3.9507 1.29561763264
-24.1468 -4.6894 0.989106920409
-23.3533 -4.0989 0.730026328292
-23.3471 -4.8289 1.14563870832
-24.1024 -5.6903 17.8092059444
-29.2538 -22.7382 11.2945113312
-37.1624 -30.8017 0.635780087766
-36.836 -31.3473 7.23071446332
-44.0334 -30.654 3.47947964213
-47.5017 -30.3753 3.22208435023
-50.3107 -28.7969 3.09416444295
-50.9199 -25.7633 2.29411626994
-50.8884 -23.4694 0.367132809757
-51.2065 -23.2861 0.204489730794
-51.1314 -23.0959 0.988656269894
-51.0453 -22.111 0.905623023117
-50.9368 -21.2119 1.36219035381
-51.5188 -19.9803 0.883810341646
-50.7314 -20.3817 0.143709150718
-50.7918 -20.2513 0.599882296788
-51.2324 -20.6584 1.60103688902
-51.057 -19.067 7.68907729315
0.0 0.0 7.16906928199
-2.4266 6.7459 1.30507492888
-1.8317 7.9075 1.11735767326
-1.6756 6.8011 13.0801669179
1.5398 -5.8777 35.4320996126
23.8928 -33.3691 4.34860366095
28.2406 -33.4527 6.09671625139
34.3242 -33.053 4.22605592131
38.5371 -32.7198 2.48565729134
39.8415 -30.6039 0.26032105178
39.9856 -30.3871 2.12357725548
40.5186 -28.3315 0.671468726003
40.2929 -27.6991 0.405539751442
40.3364 -27.2959 0.299436554215
40.3704 -26.9984 0.342311816916
40.3441 -26.6571 0.25685423882
40.3352 -26.4004 0.373268509253
40.2745 -26.0321 0.341356646339
40.2589 -25.6911 0.280301623256
40.1013 -25.9229 6.85075395705
38.9796 -19.1646 10.247298524
40.0116 -8.9694 43.5133757702
51.5 33.0 10.2715629254
51.8862 22.7357 0.598960207359
51.4029 22.3819 10.6185439689
51.5 33.0 9.65968161225
51.7318 23.3431 0.871778928399
51.8411 24.208 1.41112314487
51.5829 22.8207 11.497945563
42.6253 -9.9114 10.9614338811
31.6666 -9.6666 10.9199448057
20.7582 -10.1686 0.444378667355
20.6484 -9.738 1.80101158797
22.2791 -10.5025 0.155107704515
22.2643 -10.3481 0.174820193342
22.4322 -10.2994 1.54442124111
20.8878 -10.2913 10.8517856116
15.0828 -1.1227 1.21951961444
14.03 -0.5072 0.766073527803
14.7792 -0.3473 1.26537353378
14.5005 -1.5816 0.875192835894
14.4294 -2.4539 1.70885140665
14.3566 -4.1612 0.963729173575
15.029 -3.4708 0.754290401636
14.5414 -4.0463 2.10039049941
12.8371 -5.2739 4.14340114037
8.7541 -5.9788 0.549469125611
8.2417 -6.1772 6.29145144223
1.9851 -5.5159 1.29641235724
1.0703 -4.5973 0.575490338755
1.6335 -4.479 4.61870320003
-2.9719 -4.8293 4.25877545311
-23.8225 -12.5472 1.71450262467
-22.4527 -11.5161 2.46903102046
-19.99 -11.6928 1.2770533779
-18.7307 -11.905 1.03065139111
-17.7005 -11.8745 0.517532655974
-17.1999 -12.0058 0.774700161353
-16.5424 -12.4155 0.396366509685
-16.1503 -12.4735 0.823612748809
-15.4989 -11.9695 2.2661439054
-13.5291 -13.0899 0.672665094977
-13.4619 -12.4206 15.5804025908
-4.8039 0.5327 0.289733826123
-5.0659 0.409 1.68916474034
-5.8605 -1.0816 8.43988149324
-11.0574 -7.7317 0.409548690634
-10.6597 -7.8295 0.208574902613
-10.4515 -7.842 0.773706326716
-9.7243 -8.1062 0.474965525065
-9.2543 -8.1747 0.975048409055
-8.4159 -8.6725 1.57716638311
-6.8581 -8.4261 2.44681347879
-4.4147 -8.2969 1.10580407397
-4.328 -7.1945 12.8452284744
-0.0164 4.9055 0.544330818529
0.3684 5.2905 0.381204538273
0.6661 5.5286 0.904261936609
1.13 6.3048 0.125316399565
1.2398 6.2444 1.38227078751
2.566 6.6341 2.83580865539
4.7517 8.4409 14.6221520321
-8.0197 15.5612 0.761995931748
-7.5949 14.9286 0.202611080645
-7.6078 15.1308 1.73965665865
-5.903 14.7843 0.92511156084
-4.9856 14.9035 1.75962442015
-3.3743 14.1964 0.822676522091
-2.8548 13.5585 17.442733027
5.6624 -1.6634 0.28291104609
5.8503 -1.8749 0.77207935473
5.8745 -2.6466 2.10089621114
7.975 -2.6058 0.686824242438
7.8345 -1.9335 0.962728632586
8.3156 -2.7674 1.01229988146
8.252 -1.7571 0.409998170728
8.6085 -1.9596 0.459196744326
9.0446 -2.1034 0.204828440408
8.8408 -2.0829 0.868781503026
10.6364 7.8412 0.828974818677
9.8085 7.799 7.74164679639
2.4599 5.3636 1.50135908097
1.6777 4.0821 0.968662319903
1.3292 4.9859 21.608729437
-4.9746 25.6547 3.25225251326
-8.0667 24.6467 2.41296528777
-10.4775 24.7489 1.42062913528
-11.1892 25.9784 1.86204920719
-12.2558 27.5047 1.92213757052
-13.5208 28.9519 4.49511689948
-17.4795 31.0814 3.15197121814
-20.6279 30.9314 1.98725661151
-22.6151 30.9164 2.75516951566
-25.3686 31.0123 12.1041805968
-37.398 29.6689 7.77569146314
-44.9662 27.8846 6.13494806172
-49.9108 24.253 2.95405029409
-51.2593 21.6247 0.196788465109
-51.08 21.5436 12.5911704083
-49.2943 24.3876 2.78891421525
-46.5248 24.7161 8.24130598692
-40.6454 18.941 0.47359101554
-40.8345 18.5068 5.17563232852
-37.0267 15.0014 0.370498690956
-36.9359 15.3606 4.10856097557
-39.3032 18.7186 17.5421637799
-27.794 31.9574 0.560128056787
-27.285 32.1912 2.98854229684
-24.2965 32.1753 0.759801428006
-23.5535 32.3342 0.842370607274
-22.9505 31.746 1.02493989092
-23.0978 32.7603 0.510361910804
-22.5946 32.6751 1.11173639412
-21.6456 33.2542 0.500038398526
-21.1544 33.1606 0.842763863725
-20.4407 32.7124 0.763612892767
-19.8391 32.2421 0.365216018269
-19.5036 32.3864 0.239583492754
-19.3297 32.5512 0.553005786588
-18.7841 32.461 1.07575267139
-17.815 31.994 0.350790949142
-17.4735 32.0742 1.96575256073
-15.7923 33.0929 0.476312596936
-15.3518 32.9117 0.331662780547
-15.0204 32.8985 0.447111272504
-14.7024 32.5842 0.505423386875
-14.2 32.6394 0.466856776753
-13.8511 32.3292 0.289604989598
-13.5672 32.3864 0.470461836922
-13.1019 32.4559 0.317442561734
-12.8992 32.2116 0.465525273213
-12.4409 32.1299 0.401388016762
-12.0556 32.2424 1.11122565215
-11.6238 33.2663 5.9591255877
-5.6759 32.9007 4.38129844909
-1.3252 32.3838 3.169282474
1.834 32.6364 1.92507485828
3.6865 32.1128 0.475860452234
4.1339 32.2749 0.757501953793
4.855 32.5069 0.210218362661
5.064 32.5295 0.154907004361
5.2183 32.5432 0.913747065659
6.0246 32.1133 0.34141331257
6.2919 31.9009 0.263300303836
6.5023 31.7426 0.680980895474
7.037 31.3209 0.483154985486
7.4177 31.6184 0.3971496947
7.7309 31.8626 0.433077221752
8.0971 32.0938 3.30698556695
11.3776 32.5115 2.21742713296
13.2998 31.406 1.82148954705
15.0902 31.7411 0.704167203156
15.747 31.4872 1.28606237018
15.9439 32.7581 0.195395419598
15.9 32.9485 0.136766699163
15.8712 33.0822 0.138901763848
15.8489 32.9451 0.403498661708
16.2503 32.904 0.48069754524
16.7281 32.8513 0.546723348687
17.2742 32.8252 1.27031391396
18.543 32.8872 2.24780602811
20.6525 32.1109 0.441001065758
20.952 31.7872 0.29990106702
21.1313 31.5468 0.304011052431
21.4309 31.5984 0.949962236092
22.3757 31.6973 0.823194084041
23.1944 31.7832 2.43581933854
25.5076 32.5463 1.30568060796
26.7607 32.9131 0.789218917665
27.5498 32.9268 0.386933392201
27.9091 33.0704 1.33229984613
29.2399 33.0072 2.79762095538
32.03 32.8022 2.11923942961
34.147 32.7048 3.11802669969
37.2263 32.2149 0.384594916763
37.6098 32.1859 0.649318789194
38.2393 32.3451 1.63564502567
39.6564 31.5283 2.58146290696
40.0299 28.974 0.609618323215
40.1056 28.3691 0.271628588333
40.1353 28.0991 0.208015384046
40.1537 27.8919 0.451894611608
40.2362 27.4476 0.347541033549
40.2461 27.1002 0.662004720527
40.2436 26.4382 0.508274423909
40.3428 25.9397 0.10907983315
40.2757 25.8537 0.0802907217554
40.2219 25.7941 0.279797712643
40.1869 25.5165 0.208762664287
40.361 25.4013 0.153292530803
40.4932 25.3237 0.121995286794
40.3999 25.2451 0.0901942902849
40.33 25.1881 16.8679426778
38.6423 8.4048 1.65780608335
0.0 0.0 1.85520079776
1.541 1.033 0.378465533437
1.9006 1.151 2.22195440097
0.0 0.0 2.04645211525
1.7445 1.0699 3.00401396967
-0.8958 2.5027 1.97786086973
-2.5527 3.5828 1.62325809716
-3.9321 4.4385 1.83922834363
-5.4068 5.5376 1.01135711299
-4.4188 5.3215 0.903095853163
-4.9962 6.0159 0.962277532732
-4.536 5.1708 0.623638308637
-4.8015 5.7351 0.899616390469
-5.5361 6.2544 1.33595027228
-5.9078 4.9712 0.48939074368
-5.9975 5.4523 0.378633662001
-6.0108 5.0739 0.218630029959
-10.3948 4.6954 0.352370728069
-9.2886 4.1683 1.33146610922
-10.446 3.5101 0.902531162897
-10.9815 4.2366 5.52452001988
-15.9003 6.7517 11.0539001158
-13.9054 17.6241 0.521480392728
-13.4046 17.4787 2.26457881294
-11.2772 16.7025 0.544413087646
-10.7347 16.7481 2.04493693301
-8.6906 16.6896 0.221686851211
-8.6997 16.4681 10.5808191602
-9.6248 5.9278 0.960424099031
-8.8226 5.3997 11.5180172321
-1.3166 -3.3367 5.61111121704
2.8844 0.383 0.430897029463
2.6792 0.0041 0.294951877431
2.9723 -0.0289 5.61729114075
1.4497 -5.4359 17.7105235484
8.7653 -21.5649 2.18456385807
9.4451 -19.4888 2.06671760287
11.2845 -20.4311 1.00827556253
11.0205 -21.4042 0.566022084375
11.5855 -21.4382 1.03987396352
12.6186 -21.3197 0.326906790997
12.9393 -21.3831 0.842942429825
13.738 -21.1136 9.79386397751
10.6311 -11.8256 0.409956729424
10.9355 -11.551 1.14470898048
10.3579 -12.5393 13.581681637
-1.1218 -19.7973 5.00756073353
-4.4641 -16.0684 4.57617036615
-1.189 -19.2645 0.67591970677
-1.5862 -18.7176 1.1000626164
-0.8182 -19.5052 16.7924832782
11.543 -30.8713 0.314355928845
11.5331 -31.1855 0.58038009959
12.0972 -31.322 2.50097066156
14.1092 -32.8075 0.461438154036
14.5678 -32.8586 0.579012555995
15.1451 -32.8141 0.386349077908
15.0482 -32.4401 2.18045514744
17.2281 -32.4893 0.346695774419
17.5495 -32.6193 0.75130313456
17.0109 -32.0955 0.814583924467
17.6905 -32.5446 0.404605499221
18.0185 -32.7815 1.32037791939
19.2412 -33.2799 3.05287493684
22.0829 -32.1642 1.60156099478
23.6308 -32.5753 0.501297167357
24.1247 -32.6611 0.399914640892
24.5233 -32.6287 3.26781684003
27.7102 -33.3514 0.753689498401
28.4483 -33.1989 0.60372835779
29.0376 -33.0677 0.482943640604
29.5136 -32.9861 0.398620069741
29.9016 -32.8947 1.86684771741
31.7538 -33.1281 4.2489411681
35.9946 -32.8652 0.762461966265
36.6519 -32.4788 0.58766522783
37.1348 -32.1439 1.33236707029
38.2697 -31.4459 1.24686705386
39.2893 -30.7282 2.8381209347
40.8023 -28.327 0.929892601326
40.7023 -27.4025 2.02797093174
41.6254 -25.5968 0.753368628229
41.4452 -24.8653 0.427302293464
41.1658 -24.542 0.313087367998
41.0807 -24.2407 0.27090472495
40.8618 -24.0811 0.218119416834
40.78 -23.8789 0.757064396204
40.9375 -24.6194 0.651226727031
41.117 -23.9934 6.89182839093
40.4994 -17.1293 0.949981073496
40.4242 -16.1823 8.79085285055
41.4752 -7.4545 0.0
42.6243 9.9158 11.0723253457
31.7677 7.7408 12.5634344687
20.0111 12.1705 0.989385895392
20.3349 11.2356 0.110852424421
26.3994 20.3385 1.49130345671
26.3536 18.8479 0.812656268049
27.1611 18.7565 0.12246901649
27.039 18.766 27.3677064739
49.7748 34.0 18.7007404979
43.3294 16.4451 10.1809086402
38.9919 7.2344 0.668357030336
38.3283 7.1548 1.20314571852
39.1244 8.0569 0.742856554121
39.7839 7.715 1.16451794748
38.6596 7.4116 16.2561954836
22.8498 3.6282 0.139831791807
22.988 3.6069 1.14514387742
21.9519 4.0946 19.4194689454
12.7383 21.1892 4.92956550317
8.1669 19.3445 2.75266807661
5.4624 18.8318 1.44390088649
4.0185 18.8302 5.07670134832
-0.4592 16.4379 2.453573445
-2.9004 16.684 2.93492922743
-5.7463 17.4014 3.06563775583
-8.7585 17.9713 1.53607088378
-10.2209 17.5013 13.5040083212
-16.6954 29.352 2.02664005684
-18.317 28.1364 1.40062398951
-19.182 29.238 1.73688232186
-20.8502 29.7216 3.22599284097
-23.1132 32.0207 3.27453579153
-26.3813 32.2259 3.07495415413
-29.4525 32.3778 2.55877076738
-32.0105 32.315 2.87576046464
-34.2409 30.4997 4.30496149228
-38.5216 30.9561 2.16394251541
-40.6852 30.9176 7.91861143509
-48.5911 30.4691 3.32840990565
-51.4606 28.7826 2.13958224427
-51.3253 26.6473 2.44878788383
-51.2242 24.2006 0.589897796233
-50.7257 24.516 1.33762920497
-52.0515 24.3385 0.402544419909
-52.191 23.9609 1.35308277648
-50.017 15.5158 0.379010725442
-50.0402 15.1375 6.48419633031
-43.5813 14.5653 6.94578223816
-38.7754 9.5506 4.79365844945
-34.1497 8.2928 0.47146005133
-33.68 8.3335 1.69628749037
-33.8887 6.6501 0.274111947934
-28.2794 11.2717 1.15419156989
-29.4297 11.3664 14.1712806468
-40.7191 19.9323 1.38019503694
-41.6856 20.9176 1.69441228159
-43.3143 20.4503 3.7085784716
-47.0205 20.3175 2.84918557662
-49.8692 20.2649 1.77976379613
-51.0343 18.9195 0.264175093451
-50.8475 18.7327 0.0782307484305
-50.8812 18.6621 7.00591980828
-46.1206 13.5221 1.17550562738
-46.9854 12.7259 20.7706702822
-50.7903 22.9774 0.151033771058
-50.6747 22.8802 8.67460122253
-42.8638 19.1068 11.6061909014
-35.4806 10.1518 14.6738256733
-22.2748 3.7543 1.46544927241
-20.8702 3.3364 0.641305481031
-20.2308 3.3858 2.02037728407
-18.2774 2.8699 3.1625174039
-15.2287 2.0291 1.91655141596
-13.3125 2.0658 2.52049063478
-13.2535 -0.454 0.183682143933
-13.4367 -0.4407 0.132985600724
-13.5536 -0.5041 0.321853196349
-13.2408 -0.4283 0.495112805328
-13.5273 -0.0245 1.27264500942
-12.5267 -0.8109 2.73187532658
-9.8773 -0.1447 0.946792659456
-10.1876 -1.0392 0.853462324886
-9.9113 -0.2317 11.3702378097
-12.5442 10.8295 0.625588083326
-13.1151 11.0853 0.252036703676
-13.1068 10.8334 2.36500370613
-11.1015 9.5796 1.82041529602
-9.4406 8.8344 1.87243310428
-7.7713 9.6826 2.64878126881
-5.1228 9.644 11.5855901257
6.4592 9.3556 0.281906970471
6.2287 9.1933 1.5390665905
7.7653 9.2804 9.45457881928
-0.6794 5.0288 0.754570586493
0.072 5.0979 10.4251002998
5.8085 13.8028 20.3284525589
15.0242 27.3497 5.38073816219
10.4181 24.5683 0.353401329935
10.2658 24.2494 11.9080136736
-0.0084 30.2695 0.904910216541
-0.8759 30.012 2.47278653547
-3.2769 30.6035 2.93558324699
-6.2089 30.4585 2.79121582827
-9.0001 30.4491 3.6018553233
-11.4937 33.0482 1.93320606506
-13.4252 32.967 11.5207693224
-17.8439 22.3273 2.47759071681
-18.6209 24.6799 0.51671953708
-19.0531 24.3967 0.380478396233
-18.8465 24.7162 5.16747801156
-20.4797 29.6188 3.94150666751
-24.3097 30.5497 4.06455684423
-26.4582 34.0 15.7805316368
-41.6257 29.6443 1.06273868848
-42.5863 29.1897 7.49767193868
-49.5994 26.538 3.87782029496
-51.3062 23.056 0.533571082425
-51.4009 23.5811 1.29755358271
-50.1922 24.053 0.321343429994
-49.8897 22.1851 7.87591863848
-43.2053 18.0199 1.20743808951
-24.2794 10.4113 0.176000113636
-24.1242 10.3283 1.46594064341
-25.0401 11.4729 18.2166892239
-39.6789 22.3151 0.955842021466
-39.538 23.2605 10.4300100144
-49.8333 24.9314 0.407815656884
-50.0277 25.2899 1.25550960172
-50.5871 24.1659 0.521566294923
-50.8463 23.7133 2.40951888351
-51.3825 21.3642 0.899430597656
-50.5967 21.8018 13.4405565986
-38.3112 28.7743 22.2014988773
-30.2374 8.0929 1.02697155267
-31.259 7.988 1.58446891102
-32.8323 8.1758 1.47584200035
-34.2404 7.7338 0.279204906834
-34.0681 7.9535 1.1586428095
-34.8027 8.8495 1.18983303451
-35.936 8.4871 1.19973061143
-34.7933 8.1216 1.20169161601
-35.209 9.2491 1.90017277635
-37.0227 8.6824 0.714016505411
-37.6673 8.3753 1.01174811094
-28.3777 27.3175 1.17530736405
-28.2349 28.4841 4.50783888133
-24.9116 31.5298 2.00496252833
-23.2491 30.4091 2.85751929127
-20.4636 31.0466 0.502237642954
-20.1919 30.6242 0.295552161217
-19.9581 30.4434 2.34395128149
-17.6562 30.0014 0.473030707248
-17.2583 29.7456 1.76814871829
-15.6773 28.9539 1.90823622227
-15.6365 30.8617 0.248216558674
-15.8376 31.0072 0.814396371554
-16.5007 31.48 7.60259761726
-22.4245 26.7147 10.408311291
-12.3712 29.4099 1.55358142368
-10.8682 29.8031 1.82794766063
-9.0403 29.7899 3.47020283557
-5.5759 29.5893 4.50125636239
-2.2887 32.6643 5.39149864602
-7.5209 31.3634 0.610852887363
-7.0764 30.9444 3.15713063715
-3.9949 31.6313 1.19056494153
-2.8427 31.9311 2.44431310597
-0.4607 32.4795 0.670606173547
0.0913 32.0987 1.46479242557
1.5351 31.8516 0.707124727329
2.1734 32.1559 0.436042222726
2.5603 31.9548 0.36445076485
2.9147 31.8698 0.50207475539
3.0788 32.3443 0.36239708884
3.4126 32.4854 0.427454816326
3.8317 32.5695 0.73021904248
4.4665 32.2086 1.68885019466
5.9862 31.4719 0.176396371845
6.145 31.5487 8.68892542263
14.8288 31.8471 1.00044782473
15.2272 32.7648 0.700898865743
15.0153 32.0967 1.42019892973
15.7733 33.2977 0.785081613592
16.5466 33.1622 2.57295746175
19.1069 32.9073 0.101569926652
19.204 32.8775 0.161973948523
19.3656 32.8665 0.146052593267
19.5096 32.8909 0.103573452197
19.6107 32.9134 0.161132243825
19.7685 32.946 0.517058458977
20.2854 32.9332 2.08240530397
22.3678 32.9285 1.49309859018
23.8592 32.8573 2.28663712031
26.1196 32.5119 1.37620048685
27.4939 32.4396 0.619268834998
28.0814 32.2438 2.35996483025
30.4016 31.8124 0.745783587913
31.1462 31.7704 2.03525289092
33.173 31.5851 0.897320065528
34.0099 31.2614 4.49450171877
38.1958 29.6247 1.76094930364
39.6199 28.5889 2.64755551594
41.0409 26.355 8.0794652323
39.8499 18.3638 10.3929195301
40.9643 8.0308 0.0
44.2145 8.1066 0.626616669105
44.1739 7.4813 3.97036411051
43.6085 3.5514 0.178123356133
43.7557 3.4511 4.71790572712
39.1071 4.2568 1.18179817228
38.1465 3.5684 13.0441228643
25.2794 1.4267 0.518276268027
25.2092 0.9132 0.820283176714
25.9157 1.33 1.35827362854
14.8572 34.0 8.51524601935
17.8946 26.0449 3.50901340265
20.3911 28.5108 0.236718334736
20.588 28.6422 0.174113899503
20.7286 28.7449 0.613565709602
21.1694 29.1717 0.297958151424
21.4169 29.3376 0.228585323238
21.6088 29.4618 0.373828316209
21.9333 29.6474 6.51435687156
28.2921 31.0625 0.591291095823
28.8411 31.2821 1.68412577321
30.381 31.964 3.47865129325
33.6961 30.9099 1.15689120059
34.8251 30.6574 3.68793582645
38.2676 29.3345 1.90286716562
39.51 27.8932 1.53822310475
40.1486 26.4938 0.370729780298
40.127 26.1237 0.280156135039
40.1005 25.8448 0.836445252243
40.2526 25.0223 1.47485457249
39.9525 23.5783 1.92019689095
38.9063 11.069 1.19388262405
38.3739 10.0004 44.9591915115
51.5 -33.0 10.0471108708
50.8662 -22.9729 0.579755275957
50.9195 -22.3956 8.34240000539
49.6439 -14.1513 1.10501151125
40.0371 1.3074 1.2874798212
38.8741 1.8597 1.12459434909
39.98 2.0639 33.0114023212
51.5 33.0 9.70950361296
51.3604 23.2915 0.231115836757
51.2322 23.0992 0.167522804418
51.0864 23.0167 0.850298047746
51.4783 23.7713 0.93873585209
52.3143 23.3443 0.337422954169
52.2463 23.6748 1.33740437041
47.6805 9.6535 0.820963683728
46.8824 9.4611 9.16665017168
38.5945 13.3775 1.30907078877
37.4668 14.0423 20.7213037778
18.8168 23.0728 0.797843750367
18.0227 22.9956 2.65473381905
15.368 22.9822 4.93452296073
11.6481 19.74 5.83911447053
5.8093 19.8006 4.34304590927
1.4664 19.8362 3.79518406536
-2.3264 19.7017 2.86709829096
-5.1874 19.8886 2.80038084017
-7.9777 20.126 3.32691657996
-11.0565 21.3867 2.07128679086
-13.1244 21.5051 1.89716841635
-15.0196 21.4187 0.949360758616
-15.968 21.376 1.68863655355
-17.6534 21.2715 3.05145344058
-19.7211 19.0274 6.49932640279
-22.8899 13.3529 1.15954141366
-21.7304 13.3627 1.17333474337
-22.8123 13.8168 0.782105018524
-23.3024 13.2073 19.7000168025
-42.8713 15.4764 4.90479696318
-45.3195 11.2263 1.46797366802
-46.5065 10.3626 0.675868226802
-46.0146 10.8261 0.336513372691
-45.9416 11.1546 0.957739844634
-45.3385 10.4106 17.4978674772
-43.3377 27.7937 0.294118513528
-43.341 28.0878 4.10159273697
-47.4327 28.3725 3.10487625035
-50.28 27.1343 2.21100119629
-51.3225 25.1845 1.64831609226
-51.404 23.5382 1.07470575043
-51.1189 22.502 1.3856197819
-51.4146 23.8557 0.260503761969
-51.5135 23.6147 1.12644438833
-48.8214 17.497 0.849248756255
-48.8305 16.6478 0.455373824456
-48.9871 17.0754 1.12655200058
-50.0001 17.5683 0.433808275624
-49.7612 17.2062 9.9073054586
-48.3789 7.3958 0.338385711873
-48.2969 7.0675 0.33936941524
-41.2002 11.8678 19.744998963
-24.7668 22.8135 7.18488771798
-18.1152 25.5299 0.575906806697
-17.5436 25.6002 1.89706092944
-15.6512 25.7331 0.998259134694
-14.6583 25.6298 1.75314292914
-12.908 25.7296 3.05913600874
-10.2024 24.302 1.28127530609
-8.9228 24.3675 4.16680206993
-4.8185 25.0865 1.4263279076
-5.1638 23.7026 8.13095529996
-7.7018 15.9779 0.631191199242
-7.1245 16.2331 11.0216899339
-0.3581 24.9333 0.314905065059
-0.6207 24.7595 9.88371517042
-3.8453 15.4166 9.64841917
1.6375 23.3558 1.52409827111
1.6802 24.8793 0.464595867394
1.6258 24.4179 3.89316566434
1.2825 20.5399 5.60558419614
-1.0608 15.4476 0.738862287575
-0.325 15.5148 5.91242109884
2.7023 20.5934 1.20024644136
3.8099 21.0558 1.18810869031
3.4924 19.9109 5.54657619978
1.7951 14.6304 0.358210329276
1.4941 14.8246 6.31485682894
5.1767 19.9545 6.43143373907
2.8772 13.9482 0.454095375444
3.1642 14.3001 5.07511590902
4.896 19.0706 0.270230660733
4.8245 18.81 1.18927341263
5.9588 19.1674 2.90238338095
7.344 21.7179 0.633240065062
7.0057 21.1826 2.01109823231
6.6364 19.2057 0.962238520326
7.4368 18.6716 1.11781251559
8.4957 19.0297 0.276424492403
8.5646 18.762 0.09760379091
8.5763 18.8589 0.149872479128
8.6943 18.9513 0.368742321954
8.4644 18.663 0.285572862856
8.7113 18.8065 1.03454717147
9.2122 19.7117 1.29863248458
9.6605 20.9305 0.500509919982
10.0738 21.2128 0.535686708814
10.5258 21.5003 0.360627300686
10.8817 21.5585 1.37761678271
12.2197 21.2305 0.226553856732
12.4456 21.2477 1.72718898792
9.1494 29.1765 7.86706473915
14.4738 23.385 1.94461327775
15.9062 24.7002 0.968556286439
16.851 24.487 1.42997299625
18.1071 23.8036 1.41453563405
19.458 24.2231 1.77356187656
20.7783 25.4073 2.9312499467
22.1342 28.0061 0.300813364065
22.4244 28.0853 1.40544824522
23.6975 28.6807 2.05025789597
25.4395 29.7619 1.7670578089
27.2044 29.8492 0.526570270714
27.7304 29.8737 1.36778368538
29.0943 29.9767 0.512227234731
29.5498 29.7424 0.379505783882
29.8806 29.9284 1.10477991021
30.955 30.1857 0.294435120188
31.23 30.0805 1.03891903919
32.2534 30.2594 0.507054947713
32.7388 30.1128 0.501371887924
33.2069 29.9332 1.34083088046
34.4448 29.418 2.25203122758
36.592 28.7389 0.383539150544
36.9748 28.7151 1.60024488751
38.5695 28.582 0.378792396967
38.9463 28.5432 0.351306945562
39.2939 28.4923 1.52815630745
40.1508 27.227 0.252821597179
40.0884 26.982 0.189516569196
40.0366 26.7997 0.492931881704
40.1444 26.3187 0.369277456664
40.2122 25.9557 0.181997637347
40.1889 26.1362 1.69932769059
39.9913 24.4484 0.429712462002
40.0377 24.0212 1.51299434236
40.5605 22.6014 1.3104667947
39.7776 21.5505 0.865630417673
40.2715 22.2614 1.24018244626
40.176 21.0249 5.51250884807
40.2644 15.5131 1.02875482988
40.3011 16.5412 0.135012962341
40.247 16.6649 0.242085707963
40.6646 34.0 15.1276911408
31.4639 12.5608 5.26727956824
34.87 16.5786 11.2544690679
33.377 27.7336 4.01251479374
36.8474 29.7477 0.255380989895
36.7302 29.9746 3.25662098654
39.7874 28.8525 0.428983029967
39.8286 28.4255 1.70811985821
40.0415 26.7307 0.350864788772
40.0084 26.3814 10.9368646513
39.0122 15.49 2.75815525669
39.9043 12.8801 0.462602475134
39.7704 12.4373 1.30443264295
39.1868 13.6039 0.868222655774
43.9991 5.9157 3.51400103728
43.2251 2.488 6.07139050712
41.8941 -3.4357 0.240871023579
41.8127 -3.209 0.624084160991
41.6417 -3.8092 7.45680973138
37.5001 2.3917 0.875171217534
37.9546 3.1396 0.765607765112
38.5849 2.705 1.37563339957
37.3659 2.0675 21.391497366
16.9993 -4.4745 20.1069928557
9.6836 -23.2034 2.533320114
7.6574 -24.724 3.7190702131
4.0989 -25.805 2.6761823742
1.4266 -25.9491 2.15366159134
-0.5746 -26.745 3.42234821431
-3.9069 -27.5249 12.2786098582
-7.4247 -15.761 0.494906556837
-7.8298 -16.0453 8.93155742578
-9.5984 -24.8 1.22898095185
-10.5597 -24.0343 3.56891962364
-11.9575 -20.7505 0.633495982623
-12.2871 -20.2095 2.74482898739
-13.6595 -17.8324 2.09463971126
-15.5651 -18.702 2.43112422143
-17.8328 -19.5783 1.35100224278
-18.9769 -18.8598 0.886538121008
-19.8139 -18.5676 1.47265002631
-21.0866 -19.3085 1.13323315342
-22.1669 -19.6508 1.75613533078
-23.7576 -20.3949 1.56546029333
-25.0449 -19.5041 0.673642405138
-25.6754 -19.2669 2.15447768148
-27.6546 -18.4157 3.23086860457
-30.6609 -17.2322 1.65203944868
-32.1456 -16.5077 2.43869913684
-34.3744 -15.5179 1.24481147167
-33.3718 -16.2557 1.49239796971
-33.3889 -14.7634 0.116932117059
-33.4065 -14.879 2.04538529378
-34.8569 -13.4368 1.18408924072
-35.5926 -12.509 1.79804407621
-36.7301 -11.1165 0.462780304248
-42.4782 -3.7363 1.36663262437
-42.025 -2.447 0.741755249392
-41.5132 -2.9839 13.4787378626
-28.1921 -5.0393 18.7093544445
-11.5823 -13.6506 0.501884498665
-11.0845 -13.7145 1.1747289432
-9.9298 -13.9305 12.8389490738
-8.3182 -1.1931 1.08299863804
-7.6329 -0.3545 1.049104399
-7.6181 -1.4035 16.607038142
-2.6382 -17.2463 2.91408552036
0.1957 -16.5674 4.85495240759
5.0329 -16.9822 0.794542044199
5.827 -17.0087 2.31024965101
8.1058 -17.3886 0.674127354437
8.7633 -17.2398 1.66657565385
10.4233 -17.3877 0.548796146123
10.9653 -17.3016 1.90871237226
12.8227 -16.862 1.13648490531
47.0 -9.16 16.2796572055
39.2108 -23.4553 20.264273589
19.4633 -28.0025 3.05905343857
16.4046 -28.049 3.55743351449
12.8566 -28.3079 3.46088804355
9.4115 -28.6381 4.28185573905
5.1374 -28.8957 3.51670216254
1.6207 -28.8996 3.52341493583
-1.8952 -29.1296 2.01915262672
-3.8814 -29.4929 1.26323214414
-5.1411 -29.5873 2.65187839842
-7.7659 -29.9653 1.79154884109
-9.5565 -30.0236 2.73059822383
-11.3744 -32.0611 1.95588223061
-13.3167 -32.2912 1.21608621816
-12.4362 -31.4524 1.36555956662
-13.8 -31.5217 6.9847248915
-8.0625 -27.5383 1.15031241409
-9.0009 -28.2036 2.43049354042
-11.1851 -29.2697 6.47781015853
-17.4557 -30.895 1.73345352981
-18.4274 -32.3305 1.66479910199
-20.0092 -32.8496 1.20725076103
-19.0984 -32.0572 8.00765877457
-13.5055 -26.3264 2.0350937202
-14.5776 -28.0562 6.28649584824
-20.4363 -30.3356 0.973949901176
-20.2067 -29.3891 1.29408495857
-21.4365 -29.7919 4.08243625915
-24.651 -27.2753 0.524848854433
-24.2896 -27.6559 1.10891435197
-25.3876 -27.5007 2.69562877637
-28.0829 -27.4586 1.35554247444
-28.9741 -28.48 0.73992108363
-28.2652 -28.692 2.2632884593
-30.5185 -28.9044 2.66112558516
-33.0448 -29.7407 3.54695002784
-36.5907 -29.6544 7.01133794507
-43.42 -31.2417 5.45525213808
-48.6458 -29.6762 3.77357629047
-50.8597 -26.6203 1.94722855618
-50.7645 -24.6754 10.7547056064
-45.9347 -15.0662 0.348781894599
-46.2467 -15.2221 5.38264930494
-45.5122 -20.5544 3.28415602705
-48.7706 -20.1439 1.02469839465
-48.7848 -21.1685 0.695651924456
-49.4414 -20.9387 1.78838672552
-48.3196 -19.5459 6.62225671052
-47.0 -9.16 16.9199373787
-39.8933 -24.5151 22.2602001936
-18.4504 -30.4916 1.04516556105
