0.0 0.0 7.16472908071
-7.1078 0.9014 1.08822448511
-7.6765 -0.0264 0.845606344584
-7.2865 0.7239 7.82208038632
-0.7454 5.0133 0.142124522866
-0.6121 5.0626 1.21422212136
-1.7761 5.4082 10.0384305611
-10.9443 9.4965 0.863681706417
-11.3546 8.7365 1.10657841114
-10.6833 9.6162 19.7424490811
3.5063 23.3428 0.201944769677
3.3075 23.3783 13.2129592757
-6.9514 15.0514 9.16524979092
1.9708 12.9547 0.109993863465
2.044 13.0368 0.628864182475
1.871 13.6414 0.372400443072
2.2138 13.7869 9.78342574408
-7.4387 15.3821 1.10209729607
-7.7994 14.3407 0.539445316969
-7.5104 14.7962 0.885857827194
-6.9107 15.4482 1.63401880344
-7.6594 16.9006 1.00161689782
-7.1094 17.7377 0.362255614173
-7.4661 17.8009 1.19752695168
-6.9759 18.8935 1.14602792287
-7.2891 19.9959 1.25771338945
-7.5342 18.7623 12.6077745923
-11.6461 6.8439 0.498656755695
-11.6301 7.3423 6.2258260986
-13.3007 13.3398 0.779369392522
-12.8248 13.957 0.319470968947
-12.5085 14.0019 0.62877382261
-38.2942 30.1349 9.88800389614
-45.2675 23.1245 4.64960923304
-47.9484 19.3256 9.47630840043
-44.8031 10.3865 0.739342985359
-16.0693 -34.0 22.5548691907
4.4602 -24.6586 2.83836167533
2.9512 -27.0626 1.87082823637
3.4862 -28.8553 0.454139460959
3.4586 -29.3086 1.40848467865
3.2774 -34.0 9.74274753907
-3.3386 -26.8481 3.85711587588
-0.8334 -29.7809 4.1686600593
3.3261 -30.0571 3.19471692017
6.3289 -31.1477 2.68527525777
8.145 -33.1257 6.31806893995
14.4142 -32.3414 2.41379068687
16.573 -33.4212 2.98729116425
19.5101 -32.8759 2.77958470639
22.2896 -32.8976 3.43082820322
25.705 -33.2226 2.15999681713
27.8595 -33.3766 1.77335201525
29.6319 -33.4347 2.14687961935
31.6706 -32.7618 2.89691128791
34.438 -31.9053 2.98704342453
37.0719 -33.3142 0.591976697177
37.6015 -33.0497 0.495801623636
38.0413 -32.8208 0.787375958485
38.7274 -32.4345 1.13981923128
39.5916 -31.6913 2.83150929718
40.6283 -29.0564 2.45291700023
40.1173 -26.6573 0.676367481477
40.1857 -25.9844 1.0878952615
41.0234 -25.2903 7.92413081795
41.0013 -17.3662 1.15667485924
40.801 -16.227 7.35666375812
41.2929 -8.8868 0.0
41.2929 -8.8868 0.834233354644
41.7834 -8.212 0.0
44.5394 -3.353 2.39234105637
44.3987 -0.9648 4.22684498178
44.1148 3.2525 0.652158048329
44.6794 2.9261 1.06813442038
43.8489 3.5978 28.7359350948
23.4585 23.8459 3.16224088899
21.4275 26.2697 1.34172601152
20.4138 27.1487 3.26644395329
17.5687 28.7534 3.15524419974
14.4177 28.917 2.84561313077
11.5749 29.0435 5.96329483591
5.823 30.6172 2.20382466181
4.3197 32.2287 3.93351535652
0.6422 30.8328 3.78651834935
-2.2767 28.4208 2.2300927178
-4.306 27.496 2.87500660521
-6.1153 25.2617 2.05156071565
-7.3829 23.6486 2.65223085345
-9.9528 22.9929 3.5581363563
-13.0251 24.7877 1.36522791138
-11.7461 24.3102 1.58210102396
-13.0107 23.3595 1.29042134204
-13.5257 22.1763 2.13814589306
-15.2332 20.8894 6.41909498683
-18.7313 15.5072 0.742376972973
-18.1344 15.0658 0.553385399157
-18.358 15.572 0.890563085918
-18.3686 14.6815 3.58672400109
-15.7827 12.196 4.03330483103
-13.2408 9.0645 2.73337866019
-13.8319 6.3958 14.7159536725
-12.7939 -8.2835 25.1651431891
-25.1156 -30.2257 6.09760387201
-31.2099 -30.4264 15.2716638059
-46.4767 -30.041 3.70637522385
-49.8116 -28.4237 1.02813571575
-49.0019 -27.7901 17.7007447744
-37.8413 -14.0512 4.24520776877
-42.0833 -14.2162 0.499345421527
-42.2009 -13.7309 1.38460225336
-41.9013 -15.0827 5.57983335325
-41.1632 -20.6135 0.496981136463
-40.9329 -20.1731 5.40938423298
-41.0412 -14.7648 0.476417338056
-41.1484 -14.3006 3.66555212212
-40.0774 -10.795 0.793284822747
-40.8239 -10.5266 44.8167827802
-28.534 6.9393 2.57967033747
-27.5012 9.3032 1.1768571706
-27.006 8.2356 0.899791670333
-27.1088 9.1295 18.9492684294
-19.6333 26.5419 0.508891353827
-19.1308 26.6223 1.26186663321
-17.8922 26.8635 0.568511829252
-17.3259 26.8134 2.04983005393
-15.2761 26.8245 0.574568812241
-14.7065 26.7491 1.94600475077
-12.7605 26.7448 1.54300709655
-11.3298 27.3227 2.95901142951
-8.409 26.8487 1.45248555587
-7.8025 25.5289 12.5809489507
-5.7242 13.1208 12.8014340017
-1.2297 1.1343 0.581844523907
-1.0113 0.595 0.499355074071
-1.4131 0.8915 2.2253214442
0.3321 -0.4892 3.3291658685
2.8398 -2.6789 2.97480547263
4.6656 -5.0275 3.06167682161
6.472 -7.4995 0.641229381735
6.5946 -8.1289 2.53044269842
5.4879 -10.4045 1.13159316011
5.2071 -9.3083 0.241796815529
4.9804 -9.2242 1.40663880225
5.683 -10.4428 1.75047125369
6.8749 -11.7248 13.7162703269
-5.4099 -17.8256 3.54603025932
-8.5113 -16.1064 2.88978156268
-6.2425 -17.8962 0.55642811755
-5.7609 -17.6175 11.5998682773
-7.6807 -6.1776 15.7702704022
4.6327 3.6754 1.86599579046
5.2625 5.4319 2.94308545917
6.5696 8.0688 1.44624281848
7.4566 9.2111 16.3948078211
11.2256 25.1668 0.61096053064
11.8365 25.1754 1.33623687271
13.1702 25.2577 1.04607719122
13.0757 26.2995 2.61975089274
14.4892 28.5052 2.6153455852
16.545 30.1219 0.655668978983
17.1691 30.3229 0.549137150446
17.5406 30.7273 1.2986086901
18.4149 31.6875 0.867946737997
18.8526 32.437 0.247942836154
19.0699 32.5564 0.383571844639
19.3855 32.3384 0.440877239149
19.783 32.1477 0.153241932903
19.8927 32.0407 2.3293072146
22.0936 32.8034 0.697750850949
22.788 32.8717 0.411658110572
23.1712 33.0221 1.09615711009
24.1941 33.4161 3.00611474997
27.1999 33.3726 0.857205564611
28.0462 33.5089 0.87963197418
28.9258 33.5164 0.797063611012
29.7142 33.3992 0.738008326511
30.4347 33.2394 1.08245150007
31.4862 32.9824 4.28028197786
35.5021 31.5014 4.38448375524
39.8243 30.765 1.42454301795
39.3648 29.4166 9.05911818501
35.015 21.4701 1.44005112756
34.9717 22.9095 1.98708867693
36.8167 23.6474 1.79842698212
38.5711 23.2519 0.791589300079
39.2312 22.815 0.715133791678
38.6909 22.3465 0.456134640211
39.1314 22.4649 0.583609227137
39.7076 22.3722 4.6415157869
40.896 17.8854 0.87794720798
41.6317 17.4063 8.49624565794
0.0 0.0 1.95715546904
1.9568 0.0373 4.62648296009
0.1411 -4.218 2.21697718978
-2.052 -4.5425 0.820301438497
-2.0391 -5.3627 1.31414210799
-1.4193 -4.2039 12.8626612662
9.1961 3.0598 1.91070574658
7.3355 3.4945 0.973262045905
6.6 4.1319 1.42173829519
7.2377 2.8612 19.3375439004
13.383 -15.4739 0.687473555855
13.5413 -14.8049 1.28291843077
12.4824 -15.5292 17.0051803463
-0.7086 -26.2611 3.30344352759
-2.3169 -23.3756 2.90003916008
-5.1222 -22.6404 1.48880529956
-6.5663 -22.2783 2.4835998329
-8.433 -20.6401 7.36657864276
-10.6813 -13.625 0.858398928238
-10.9459 -12.8084 1.21442303173
-10.904 -14.0221 1.11056581075
-11.7661 -13.322 0.630038030598
-11.2075 -13.6134 1.02277608498
-10.2159 -13.864 0.748698370507
-10.8777 -14.2141 1.74626929481
-10.6719 -15.9482 10.214243832
-15.7778 -24.7947 0.533312675642
-15.6374 -25.3092 1.17055963539
-14.6969 -24.6123 1.17269383046
-15.4428 -23.7074 0.628629310484
-14.8463 -23.9058 0.800090094927
-15.6459 -23.8778 9.94713850964
-6.9692 -19.0136 4.51452940626
-8.1862 -14.6662 15.2526911675
-11.3845 0.2474 23.4154229364
-16.0185 23.1997 6.41697911793
-21.2533 26.9111 6.64405688266
-27.4538 29.298 12.6814728912
-40.1133 30.0442 1.31775982637
-38.9343 29.4556 6.16369538913
-34.4062 25.2738 4.1235176488
-38.216 26.8514 5.60948724306
-43.7668 27.6607 3.06424101043
-46.4277 26.1411 3.52229489964
-42.4205 15.6137 2.88142632215
-45.2691 15.18 10.3352461528
-37.8741 7.9598 12.2057075706
-26.3624 3.9027 20.9984092886
-19.0088 -15.766 1.50514402301
-17.5046 -15.8193 0.96590780616
-16.5851 -16.1151 0.488792236027
-16.0987 -16.1634 0.476547636653
-15.6269 -16.2305 1.1955012087
-14.4534 -16.4588 0.533138415423
-13.9203 -16.4524 1.87818150614
-12.0442 -16.5408 1.69712984182
-10.4699 -15.9069 0.589076701288
-9.8819 -15.8713 4.88958487604
-5.0624 -16.6962 1.4971076147
-5.4104 -15.2401 12.2928135925
-9.0743 -3.506 15.0239488052
4.3208 3.2977 1.70096255397
4.6639 1.6317 17.836718287
-7.4056 14.7647 1.18824817694
-8.2734 13.953 0.416875341079
-7.8873 14.1102 9.91450628625
-0.1572 7.9019 0.645574356678
0.4819 7.8107 1.01295619846
-0.4046 8.3008 9.85765435233
-9.7319 11.4906 3.16349045518
-6.7154 10.5375 0.82506279155
-5.9623 10.8745 1.27718097778
-4.7613 10.44 10.3107593561
-6.1256 20.6601 2.77479304093
-3.4505 21.3972 1.20208590791
-2.2542 21.515 7.3755921647
5.0981 22.1007 0.179913868281
5.2111 22.2407 5.73194225808
-0.5076 22.6301 2.27973298875
1.7323 23.0544 18.3053430124
17.4965 32.359 5.39855803896
22.8332 33.1739 8.59206649998
31.3687 32.1896 6.07895039049
36.9218 29.7164 0.704436058134
37.3172 29.1334 2.17618641205
38.9749 27.7235 1.06055949857
39.6515 26.9068 1.31837430952
40.3436 25.7847 0.902073261992
40.9427 25.1103 1.19996721622
41.7883 24.2589 2.42836638504
43.8662 23.0022 0.345097348584
44.1359 22.7869 0.242736729812
44.3763 22.7533 0.45374800275
44.8298 22.7383 0.335751842884
45.1655 22.7324 0.485059841669
45.2583 22.2563 1.34086110392
44.9358 20.9548 0.504010813376
45.2205 20.5389 0.366470094278
45.4382 20.2441 1.07179837656
46.3952 19.7615 2.34535564894
48.2256 18.2951 0.306227921653
48.4881 18.1374 0.285399106516
48.7317 17.9887 0.64518067237
49.209 17.5546 0.848745250355
49.8365 16.9831 1.06339348315
50.1872 17.987 0.666274875708
50.1386 17.3225 10.1141564774
48.2815 7.3803 1.07978491377
48.1854 6.3048 0.0
0.0 0.0 13.1722483199
12.7128 3.4486 0.828330755194
11.92 3.6886 7.78444995424
4.4322 5.8171 1.18992588004
3.9828 6.9189 2.33888111925
4.5236 9.1944 1.02363300552
5.3394 8.5761 1.05066395198
4.7337 9.4346 16.8163109825
-1.8848 24.8937 0.617142941303
-2.4477 24.6407 3.29121293143
-6.3352 32.705 5.09310155014
-1.3076 31.8908 1.01530783509
-1.2826 30.8758 10.5470658223
-3.7537 20.6223 8.72162198906
0.0107 28.4897 5.68024976387
3.9744 32.5584 2.61784515394
6.539 33.0837 10.1935591159
12.1939 24.6025 1.52613775591
13.7025 24.3718 1.44164174815
33.7384 15.5976 0.556940786799
33.7824 16.1528 0.217301472614
33.9787 16.246 5.09722063285
31.8924 20.8967 17.1911128788
16.3839 28.3143 5.49909090032
10.9091 28.8306 3.04418544113
8.7123 30.938 5.21095599674
3.5447 30.2672 2.91211237421
2.6705 27.4894 3.48236176466
-0.71 28.3255 5.20931019618
-5.5086 26.2981 2.47673146304
-7.7941 25.3438 1.97646750795
-9.5416 24.4204 4.00092669765
-13.1704 22.7354 1.76989289224
-14.6945 21.8356 0.912593518496
-13.9458 22.3574 0.769552759725
-14.7071 22.4698 0.503532809259
-15.2086 22.4246 0.380476871833
-21.0441 29.4534 0.524198636015
-20.5826 29.2048 2.0179670587
-18.5683 29.3264 8.0349180811
-10.7752 27.37 0.514049180527
-10.6992 27.8784 0.918207389428
-9.7952 27.7175 3.97462324504
-5.8915 26.97 14.2350452788
7.942 30.3272 0.729999041095
8.5802 30.6816 2.87119679576
10.5002 32.8164 0.622420894572
11.1063 32.958 1.02468736696
10.0821 32.9896 0.258594760194
10.31 32.8674 0.874902606008
10.9476 33.4665 2.14849048636
12.938 32.6576 0.374226054678
13.3115 32.6809 0.189841328482
13.4733 32.5816 0.0851
13.5538 32.554 0.058360003427
13.6005 32.519 0.0668006736493
13.6673 32.5193 0.0758003298146
13.7393 32.4956 7.69526500453
17.8078 25.9638 0.600920136125
17.2877 26.2648 0.110851477212
17.1795 26.2889 0.42592170642
17.6054 26.2846 0.552261794804
18.1444 26.1643 0.91178412467
18.3867 25.2853 0.433168893158
18.1382 25.6401 3.6021511795
19.1206 29.1057 3.71010220075
20.5581 32.526 1.3342806976
19.5228 33.3677 0.705576076692
20.2244 33.2929 2.98102674929
23.2032 33.1777 1.1345929887
24.3277 33.0267 0.865757246577
25.1933 33.0432 0.540932796196
25.7208 32.9234 1.20889597981
26.9193 32.7652 0.508667042376
26.4839 33.0282 0.0358912245542
26.4606 33.0009 0.436472186972
26.1697 32.6755 0.221145585531
26.1958 32.8951 0.68494560368
26.8756 32.8113 3.43793486849
30.2416 33.5109 4.8022686722
35.0202 33.0347 3.00006240268
37.8973 32.1846 0.872053467397
38.5995 31.6675 2.12557710987
39.9433 30.0206 2.90387261773
40.744 27.2293 1.94742495876
40.3686 25.3184 0.360860707199
40.2844 24.9675 0.952021034431
40.0781 24.0381 0.207806159678
40.0765 23.8303 0.158564371786
40.062 23.6724 1.39600520415
39.1487 24.7282 0.740377322721
39.2224 23.9915 0.244114931948
39.4193 24.1358 5.99560864633
39.3493 18.1406 0.33304714381
39.4695 18.4512 1.22437525294
39.8535 17.2886 5.57026828797
40.6263 11.7722 5.16812091577
42.2705 6.8726 0.792020839372
41.5154 7.1116 1.14000888154
0.0 0.0 3.95987855496
3.9531 0.2316 0.979748054349
2.9751 0.1731 4.04652420356
-1.0616 0.4549 0.805652530561
-0.4116 -0.0211 0.0476215287449
-0.4511 -0.0477 4.8443605192
3.3367 2.9723 0.779160657374
3.0804 3.7081 12.0456499866
8.905 14.2519 4.76570862412
4.1575 13.8357 1.47977079644
3.0515 14.8188 18.2476469083
-8.8497 28.6513 2.8723587833
-11.218 30.2766 2.76563390925
-13.6004 31.6812 3.53391282434
-17.116 32.0405 3.37995942283
-20.4943 32.1464 9.23299518141
-29.6282 30.7973 18.7049185168
-47.6316 25.7227 5.3139619579
-48.8756 20.5564 3.30025102227
-49.1597 17.2684 9.13877579602
-43.1564 10.378 1.17736885045
-43.4289 9.2326 1.44223943921
-43.4645 7.7908 1.21220172001
-42.6695 8.7059 2.58052890121
-32.306 6.0455 1.07213366704
-33.0282 5.2531 0.906406376853
-33.0316 6.1595 0.970923271943
-33.27 5.2183 0.124134765477
-33.162 5.1571 7.43312064344
-40.0379 2.3334 0.651550619676
-40.4318 1.8144 1.01615434359
-39.9999 2.7342 3.13566257432
-39.8782 5.8675 0.984004090439
-40.8396 6.0772 0.465050201591
-40.7483 5.6212 5.06706040422
-40.315 0.5727 0.266821457158
-40.051 0.6114 0.232303637509
-39.8963 0.4381 0.851686726443
-39.4241 1.1469 0.127592868139
-39.3678 1.2614 11.205590391
-28.7098 4.7215 21.4346556408
-14.186 20.4855 5.54835895018
-17.2312 15.8475 2.19347305431
-15.106 16.3905 1.97267786524
-13.2524 17.0655 0.454450041259
-12.9484 16.7277 1.40736293116
-11.5903 17.0968 0.596915689189
-11.0298 16.8915 0.388111130992
-10.661 16.7706 0.272038986177
-10.3965 16.8342 0.379167153113
-10.1342 17.108 7.57207978365
-2.6354 18.1589 0.357171569417
-2.5902 17.8046 7.96996106515
-4.2849 10.0169 10.3674001842
-3.0762 -0.2798 0.453371922377
-2.6425 -0.1477 1.13977370561
-2.4928 -1.2776 0.992621705384
-2.2131 -0.3252 5.10922331671
-1.955 4.7775 19.2517251666
4.1308 23.042 3.29066525341
7.0618 24.5379 0.550409274995
7.4229 24.9533 2.79752509193
7.3687 27.7503 1.45637435435
8.5938 28.5378 0.956222244042
9.2181 29.2621 1.71749829694
10.1979 30.6727 1.42768363793
11.4455 31.3668 0.861082022806
12.167 31.8368 0.757844687255
12.9121 31.9752 2.82293281712
15.7334 32.0712 3.36020690583
18.804 33.4359 0.912302899261
19.7163 33.4382 1.43455981402
21.1508 33.4251 1.88282405445
23.0069 33.109 2.26766246386
25.2738 33.0502 1.40765127073
26.6747 32.9125 1.46718833829
28.1418 32.8964 0.832775173741
28.9711 32.8204 0.647028755157
29.6181 32.8143 1.61482026864
31.2296 32.9178 1.92472193576
33.1523 32.8296 0.658228653281
33.7959 32.6916 3.19311920385
36.9126 31.9972 2.12154612724
39.034 31.9723 0.801506088561
39.396 31.2572 0.392605463538
39.6416 30.9509 0.345368122443
39.7149 30.6134 0.493137354091
39.8223 30.1321 1.55991100067
40.4996 28.7269 8.15149065938
39.0895 20.6983 10.5762397949
40.1171 10.1721 1.22685882236
0.0 0.0 3.81833110403
3.5691 1.3569 1.21530997692
4.5096 2.1266 0.997878269129
3.5294 1.9396 1.67946088076
1.9967 1.253 4.02696060323
-1.1516 3.7639 22.9441994988
-7.2858 25.8729 4.28595276689
-8.3744 30.0183 4.61163783921
-11.3754 33.5199 4.15609593369
-15.1324 31.7428 1.31079426685
-16.0868 30.8443 0.946179052822
-16.6962 30.1205 6.19251200806
-10.7513 28.3869 3.5397881575
-14.1187 29.4781 1.97007218142
-15.2645 27.8755 0.516609659221
-15.4822 27.407 1.40818054595
-16.3281 26.2812 1.32024166348
-17.1852 25.277 1.47412382112
-18.0822 24.1072 1.87671485314
-19.3264 22.7022 1.82102468407
-20.5833 21.3845 0.965400253781
-21.2819 20.7182 1.33098562727
-22.2326 19.7867 2.75680367273
-24.9694 19.4552 1.47577972611
-24.9056 17.9808 30.5424046205
-51.5 33.0 9.1188422116
-43.1278 29.3862 0.544507355322
-43.3579 28.8927 1.62949015339
-44.8733 28.2937 0.804969744773
-45.1202 29.2982 5.01422756763
-41.0221 26.4089 0.348211674129
-40.846 26.7093 2.88540880986
-43.2348 28.3277 0.622046445211
-42.6805 28.61 4.76788483187
-43.6436 33.2796 0.123876470728
-43.7659 33.2599 0.752885715099
-43.0932 32.9218 0.465952197119
-42.6324 32.9909 1.47615358618
-41.2159 32.5755 0.861319232341
-40.3798 32.7824 0.346698370345
-40.0388 32.845 11.7841924034
-35.3064 22.0528 13.3831088784
-26.2774 12.1743 0.261886177566
-26.0343 12.2717 11.1360777161
-21.9812 1.8994 23.1341947057
-12.7974 -19.3338 0.880001193181
-12.3415 -20.0865 2.44226067609
-9.93 -19.7001 12.8433631585
-0.9559 -10.5122 0.528111172008
-0.6105 -10.9117 0.0922527506365
-0.5801 -10.8246 1.41433682693
-1.983 -11.0041 0.32250680613
-1.8672 -10.7031 10.1037741488
8.7016 9.3149 0.455199143233
8.7181 9.7698 17.2629333513
-2.4561 22.9283 2.25506764865
-3.1342 25.079 3.44842079364
-6.5816 24.9951 1.12884507794
-5.4636 24.839 0.753912740309
-5.9525 24.2651 1.00370380093
-6.8911 24.6207 0.621553867336
-6.4586 24.1743 3.4244739231
-9.6273 22.8757 2.99798285852
-12.0232 21.0736 2.12927612582
-13.3131 19.3795 0.605351674649
-12.767 19.1183 10.8046054116
-4.5187 12.1394 0.67294435134
-4.895 12.6973 0.667680836927
-4.5849 13.2886 0.381136458503
-4.3615 13.5974 0.804653192375
-3.6389 13.2434 0.712653022164
-3.0817 12.7991 1.53070253805
-4.5916 12.5476 2.96887339238
-5.7175 15.2947 2.79061660749
-8.4124 9.593 1.19022307993
-7.9547 10.6917 8.31230406205
-15.4056 14.3766 7.84462819769
-7.5846 14.985 7.08214409978
-3.3825 9.2842 10.9163315509
-0.7043 -1.2985 0.468400523057
-0.4227 -1.6728 0.515860223316
-0.0616 -1.3044 0.45340089325
0.3918 -1.3053 0.35052727426
0.7409 -1.3369 1.92662671527
2.3348 -2.4192 0.251988591012
2.5688 -2.5127 0.328793324141
2.3971 -2.7931 2.08771270533
3.7136 -4.4134 2.00448598149
5.141 -5.8207 2.72043202451
6.1142 -8.3611 0.965349371989
6.7492 -9.0882 0.857561403049
7.3182 -9.7298 2.01676248478
8.2446 -11.5212 1.4128578874
9.1567 -12.6002 2.42128709987
10.3226 -14.7223 1.31740466828
10.4667 -16.0318 12.3880886084
14.7108 -27.6702 6.97293909051
18.2408 -33.6836 10.1031298878
18.334 -23.5809 0.534599335952
18.8577 -23.4735 0.528721703735
19.3527 -23.2877 0.407730413386
19.7407 -23.1624 0.248460902357
19.9356 -23.0083 10.3068525021
27.3517 -30.166 6.12699140688
32.7688 -33.0287 3.96204715393
36.7289 -32.9045 1.78346932971
38.2308 -31.9427 1.36920765773
39.3477 -31.1507 0.742549082553
39.8072 -30.5674 3.16668058541
39.886 -27.4017 0.799571710355
40.4034 -26.7921 2.73843670184
40.6353 -24.0635 1.78518922807
40.125 -22.3528 10.4902468932
0.0 0.0 2.07345101702
2.0726 -0.0594 0.945155278248
2.3501 -0.9629 1.8354270484
0.6859 -0.1888 1.08828176499
-0.4015 -0.145 1.08042306529
0.3027 0.6744 2.52716490162
-1.3961 2.5454 2.70212487128
-3.6602 4.0203 0.946501811937
-3.94 3.1161 0.0
-6.9285 2.7167 1.3324907692
-8.2587 2.7948 0.241721596056
-8.477 2.8986 6.76171695356
-14.1274 6.6126 0.740345250542
-14.1977 5.8756 0.72141915694
-14.2489 6.5952 2.25786452428
-15.6 8.4042 0.391865448847
-15.3962 8.7389 1.75775417223
-14.9969 10.4507 1.78311242775
-13.7202 11.6955 0.997164304415
-14.7114 11.8044 1.16250786234
-14.6321 10.6446 6.58877045662
-13.8543 17.1873 1.03500685988
-13.3755 18.1049 2.61006574821
-10.7666 18.0269 0.31896089102
-10.7008 17.7148 1.52174016179
-11.7852 16.6472 0.255119187832
-11.7574 16.3936 2.06949875332
-10.0729 15.1914 14.0140030783
3.5319 11.8296 9.44295787823
-4.0571 17.4489 0.0666847058927
-4.1037 17.4966 1.48686876691
-3.4149 16.1789 10.4552021793
12.2692 -12.6478 1.4798318891
10.9983 -13.4059 10.808359277
0.3538 -11.531 1.31438405727
-0.8183 -12.1258 19.8551430055
-9.3732 -30.0434 3.29267807415
-12.6481 -30.3851 0.692945055542
-12.1698 -29.8837 11.2625118282
-5.3656 -20.9089 9.28448115944
-12.0272 -14.4417 0.789577228648
-12.7574 -14.1413 1.34971748896
-11.7673 -15.0586 0.341423168517
-12.0756 -14.9119 0.127796283201
-11.9651 -14.8477 0.409083365587
-12.3609 -14.9511 19.6477781749
-7.5469 -34.0 17.2620165314
6.3578 -23.7708 11.7724137614
-3.7278 -29.8429 4.07771140838
-7.7131 -28.9797 8.68823597861
-16.0202 -31.5248 1.24318514309
-15.9195 -32.7639 1.24712094442
-15.8871 -31.5172 0.566313429119
-16.4418 -31.6313 1.43373361891
-15.6463 -32.8241 0.796518486917
-16.413 -32.6082 0.991564425542
-16.6954 -31.6577 0.952373424661
-16.4971 -32.5892 1.11549724339
-4.0968 -0.3271 0.785881734105
-3.3111 -0.3102 8.9690587427
4.7761 -4.1885 1.05191870884
5.2805 -3.2654 1.20469033365
0.7467 -22.7311 1.10746971516
1.0628 -23.7925 3.79323994627
-2.7147 -24.1377 0.251347170265
-2.5819 -24.3511 1.17833598774
-3.6956 -23.9662 1.20198969214
-3.5327 -25.1571 1.14312271432
-3.43 -24.0186 11.9019122535
-5.3348 -12.2701 0.809400302693
-4.5322 -12.1654 12.5599525556
3.4656 -2.481 0.488826042678
3.8499 -2.1789 0.364756425577
4.0074 -1.8499 0.0763888080808
4.0692 -1.8948 1.33911389359
-3.4073 -0.5638 9.2003310397
-4.1313 8.608 16.8492559874
-11.2175 23.8947 1.41754641547
-10.2797 22.8317 10.6562251877
-9.0566 12.2459 3.20578061165
-10.6429 9.4601 0.631089858895
-11.2644 9.5697 1.25315208973
-12.1898 8.7247 1.8005050236
-13.9751 8.9582 1.23311705851
-13.3549 7.8924 10.6802911369
-15.4708 -2.5762 1.58060128116
-16.1433 -4.0066 4.19413688141
-17.2616 -8.0489 1.20429672423
-16.653 -7.0097 10.1006235595
-16.5605 3.0905 2.08031669224
-17.945 1.5378 1.29098620055
-17.9061 2.8282 0.825320113653
-18.6076 2.3934 1.88675226249
-19.3185 0.6457 0.329560995872
-9.3356 18.7722 1.67025633063
-7.9341 19.6808 5.42086623059
-11.9803 23.2883 0.938594507761
-11.0736 23.5309 0.872132948581
-10.2028 23.5791 2.88002524989
-7.324 23.6631 6.33930812155
-3.8065 18.3892 0.440074641396
-4.2277 18.2617 0.796999585947
-3.8662 18.972 0.713329376936
-3.362 19.4766 0.467245213994
-3.8292 19.4701 6.7884572047
-9.7471 22.796 7.0620100007
-9.9025 15.7357 0.404102585985
-9.9936 15.342 0.669153831342
-9.3485 15.5198 0.413757803552
-9.0661 15.8222 1.24340584284
-7.8941 16.2375 1.25663418703
-6.7079 15.8227 0.875976312465
-6.0664 15.2262 2.05694730122
-4.077 14.7034 1.9705885466
-2.1541 14.2725 2.81708971281
0.3973 13.0782 0.794832875515
1.1794 12.9365 0.514177022046
1.6909 12.8841 0.20454637616
1.8608 12.7702 0.694034523637
2.4982 12.4956 0.266332893199
2.7562 12.4295 0.751713309713
3.4541 12.7088 6.82659532857
9.6558 9.8555 0.846586681917
10.0759 9.1205 0.75590492127
10.7667 8.8136 4.86145804569
10.8059 3.9523 7.84964347534
11.0096 -3.8947 0.855919464669
10.1538 -3.909 17.6409877983
-7.4849 -4.1931 8.99170724835
-8.0829 4.7787 22.1836344367
2.9052 24.0498 8.72144603148
5.2874 32.4396 3.71403987189
8.9705 31.9612 1.85646057055
10.7918 31.6016 0.330400015133
11.1222 31.6017 1.96739667835
12.5082 32.998 1.8070665566
13.8617 31.8007 0.496001794352
14.3574 31.7834 0.969176686678
15.0762 31.1333 2.72636162312
17.7601 31.6126 1.55812742098
19.1466 32.3235 1.06985678481
20.1951 32.5362 0.692472533751
20.854 32.7492 0.787591169326
21.6299 32.8844 0.605276407933
22.1692 33.1592 0.323838493697
22.4876 33.2183 0.485964278523
22.9668 33.2991 2.20690041687
24.5812 31.7944 0.515150317868
25.0963 31.7872 0.337712096319
25.4274 31.7207 1.83473544959
27.2415 31.4463 3.92709822643
31.0383 32.4495 0.658634686302
31.665 32.6521 2.0212900262
33.5326 33.4252 3.41262095756
36.9448 33.3716 1.22114420115
37.8852 32.5926 3.49964169595
40.0292 29.8266 0.508575589269
40.1155 29.3254 0.313804079005
40.2049 29.0246 0.474511327578
40.2657 28.554 0.240547084788
40.2548 28.3137 0.169563704843
40.2437 28.1445 1.10279593761
40.0149 27.0657 0.39770895137
40.0369 26.6686 0.843270069432
40.8684 26.809 9.03589245731
39.6325 7.0041 41.727276128
51.5 -33.0 9.66632546214
51.2663 -23.3365 10.1814185898
49.439 -13.3204 0.683888360772
49.081 -13.9031 1.116922222
48.6681 -12.8653 0.53062884392
48.5917 -13.3904 0.751649180137
48.9572 -14.0472 1.31631140692
48.6208 -12.7746 0.625330736491
48.6146 -13.3999 0.64189744508
48.7313 -14.0311 19.1698948067
51.5 -33.0 9.8851274792
51.3048 -23.1168 0.646932948612
51.5848 -23.7 1.05110403862
51.3965 -22.6659 0.246600324412
51.3969 -22.9125 2.16139349957
49.6394 -21.6544 0.815312976715
49.8721 -22.4358 1.11071843417
49.6859 -21.3408 12.0739697652
0.0 0.0 5.63157733233
5.6297 -0.1454 0.386863554758
5.2712 0.0 6.71351559244
-1.4044 0.7125 0.320751695241
-1.285 1.0102 1.06510023003
-0.3273 1.4763 4.68055658336
3.6859 -0.9324 17.8770345623
10.2854 -17.5467 0.321863402704
10.4797 -17.2901 1.12545386845
10.6777 -16.1822 4.73614022702
11.4782 -11.5142 4.80372976446
7.0224 -13.3091 1.28401066974
6.5436 -14.5005 15.9333279201
1.0342 -29.451 0.362895715048
1.3655 -29.3029 0.97841856585
0.4488 -28.9609 2.00205993916
-1.3812 -29.7729 2.91054572546
-2.8061 -32.3108 3.39451623947
-6.2006 -32.3003 1.89975648966
-7.953 -31.5667 3.28245792357
-10.3459 -29.3198 2.56130784171
-11.4054 -26.9879 2.30997296088
-13.5846 -26.2217 7.02192417077
-6.7137 -24.7732 0.718711604192
-7.3278 -24.3998 0.926735388339
-8.1356 -24.854 2.32563881117
-10.2884 -25.7338 0.332432970687
-10.1176 -26.019 12.1461696497
-1.6056 -17.3544 1.20074340306
-0.479 -17.7698 0.38744802232
4.2828 -30.3717 0.560148596356
4.7926 -30.6038 0.425667346645
5.2021 -30.72 1.07781144919
5.8375 -31.5906 2.95980175181
8.7696 -31.1866 2.47175358804
10.0694 -33.289 0.251437089547
10.3084 -33.2109 0.843313761301
10.4615 -32.3816 0.365749121667
10.7236 -32.6367 0.958907571145
11.4019 -33.3145 0.924029117507
12.1634 -32.7911 0.709095882092
12.6898 -32.316 0.25211604471
12.6613 -32.0655 0.396643618378
12.9959 -32.2785 1.10597570046
13.9878 -32.7677 0.0792805776972
14.0449 -32.8227 0.647331893236
13.8002 -33.422 3.53660533563
17.2563 -32.6717 2.55543935361
19.729 -33.3167 0.672867899368
20.3995 -33.3731 0.447586203988
20.8465 -33.3502 0.909107870387
21.7509 -33.4426 1.11548420428
22.8599 -33.3225 1.29853485513
24.1393 -33.5446 2.10377782097
25.1549 -31.7022 3.19118991757
27.9096 -33.3132 2.1868486596
29.8311 -32.2691 1.43276821922
31.2612 -32.3565 1.39180382598
32.6529 -32.3395 2.87250453089
35.1191 -30.8667 1.59539689419
36.3193 -29.8156 1.9802964677
38.0504 -28.8539 1.03555694194
38.7911 -28.1302 0.470234367098
39.1351 -27.8096 0.369549590718
39.3988 -27.5507 2.00509671837
40.3299 -25.7749 2.21202085207
40.3779 -23.5634 6.43641577355
39.6803 -17.1649 1.24382645494
39.8854 -15.9381 5.56824572823
40.5197 -10.4061 3.00404642441
42.3441 -8.0195 42.0289172482
51.5 33.0 10.349319296
51.1842 22.6555 0.781665503908
51.4978 23.3715 0.522088804707
50.9772 23.4109 4.5003624143
49.2437 27.564 3.66011283979
45.8675 26.1506 0.515766274586
45.6153 25.7007 0.404604695969
45.4089 25.3527 0.986468149511
44.9354 24.4873 1.43564996082
44.477 23.1268 1.75374534639
43.6613 21.5743 0.31319428475
43.5142 21.2978 0.221380848313
43.3914 21.1136 0.538176039972
43.1043 20.6584 2.61815210597
45.5861 19.8245 1.64120961489
47.0399 19.0629 2.22024777897
48.9981 18.0165 0.471567704577
49.3372 17.6888 0.345008115847
49.5864 17.4502 1.29798502688
47.0 9.16 16.9173430907
39.2859 24.2162 0.867111232772
40.0976 24.5212 1.21454293049
38.9294 24.8535 22.0296595282
17.1132 27.9128 4.37018972815
14.8783 31.6683 1.03661356348
14.0591 32.3035 3.57237890628
10.5182 31.8303 3.5184079951
7.0063 31.6164 3.40804524031
3.5993 31.7008 2.99455634444
0.8604 32.9115 4.81519001702
-3.8843 32.0906 1.25714948992
-5.0993 32.4134 3.41701761336
-11.956 14.4558 0.470533420705
-11.6267 14.1197 1.92219745084
-9.8767 13.3245 0.846625897312
-9.0302 13.3391 10.4870491226
-16.3021 5.7828 0.990516067512
-15.5733 5.112 7.36470881027
-9.3248 9.0101 0.866507616816
-8.4644 9.1128 0.185380824251
-8.3102 9.2157 16.9072121856
-6.5044 26.0262 17.2651326022
10.02 31.0291 0.855944490023
10.8404 31.2732 0.513827305619
11.3047 31.4933 2.04575652755
12.7991 32.8904 0.504995247502
13.2917 32.7792 0.39267416518
13.6837 32.7562 0.940314979143
14.5902 32.5063 0.743451282869
15.3332 32.5322 1.99868578071
17.2795 32.9868 0.858940865252
18.1165 33.1797 1.3851925534
19.49 33.3593 2.67241908577
22.1624 33.3694 0.866297177647
23.0226 33.2668 2.91950808185
25.8988 32.7658 1.03029844705
26.8908 33.0441 0.0660327948825
26.9556 33.0314 0.0615171520797
27.015 33.0154 0.908752887203
27.8784 32.7319 3.40890569245
31.1245 31.691 4.65155999854
35.4774 30.0511 3.3355270543
38.7086 29.2234 0.64805762861
39.0936 28.7021 0.339179613185
39.4077 28.5741 0.337205886663
39.7311 28.4786 0.268950274214
40.0 28.4734 0.275490870992
40.1819 28.2665 0.337355154103
40.188 27.9292 0.255603305925
40.1867 27.6736 0.984982781575
40.0225 26.7024 8.13846008161
38.5282 18.7023 8.23902990042
43.0318 6.238 3.43566741697
46.4652 6.1132 1.32946886011
45.8871 4.916 3.76488253469
45.0716 1.2405 1.17038326201
44.9183 0.0802 0.71557180632
45.6332 0.0492 1.56472107419
45.7572 1.609 2.44312027539
45.544 4.0428 10.5384633135
37.6689 11.0458 1.4461224879
36.2745 11.4291 0.418637516236
36.3801 11.024 0.901720827086
37.1307 10.5243 1.10824230203
36.6057 11.5003 23.7500355221
19.0606 27.5076 3.60577146808
15.4638 27.7618 3.23297615209
12.768 29.5464 6.01895642533
6.7838 28.9005 4.47523285875
2.5443 30.3338 4.28644460246
-0.3739 27.1941 2.04661530582
-1.8464 25.7727 4.32783851478
-6.1253 25.1237 2.1792325484
-7.02 23.1366 1.36601702039
-8.2405 22.5231 1.22414000833
-9.1285 23.3657 2.73458943536
-10.0838 20.8034 1.70932539032
-11.7918 20.8707 0.915285359874
-12.4795 21.4747 3.62623210096
-16.1042 21.5801 12.4653827683
-26.2312 14.3117 0.546835880315
-26.328 13.7735 53.1167571135
-51.5 -33.0 10.4729049771
-42.3029 -27.9905 1.01160487346
-42.6508 -27.0406 10.1824871657
-43.4146 -16.8868 1.79186255053
-44.9248 -15.9224 3.37773715526
-47.7878 -14.1301 4.6945826364
-51.854 -11.7838 1.44264632533
-50.5881 -12.4757 0.411436471402
-50.866 -12.1723 1.0281224538
-51.8563 -12.4486 1.0593718941
-47.0 -9.16 9.40371375149
-23.3967 34.0 19.3576333907
-16.5087 15.9093 3.34795675749
-18.1381 12.9846 1.32538357467
-18.824 11.8505 1.27627489594
-19.4609 10.7445 0.248518973119
-19.6987 10.6723 0.63057790954
-19.156 10.3512 0.0776463778936
-19.1224 10.4212 33.1405100481
9.2696 27.5147 1.02823361645
10.1977 27.9573 1.25531964455
9.3731 27.0108 12.2952198191
0.7663 18.2304 5.46557729156
-2.9894 14.2596 3.07241938869
-4.7623 11.7503 13.5641758485
-7.5209 -1.5304 5.18932943838
-10.8498 2.4505 1.57373532718
-12.4126 2.2653 0.854852326428
-12.2621 1.4238 0.408244681533
-11.8667 1.3222 1.61227347866
-13.3363 0.6591 4.04682384222
-13.1748 -3.3845 1.4760878192
-14.333 -4.2996 2.70145725304
-16.1357 -6.3116 0.475546359465
-15.8154 -6.6631 0.326057571604
-16.0279 -6.9104 1.20718573964
-15.1108 -6.1254 0.889316332921
-15.7731 -5.5319 0.837359003057
-16.6052 -5.6256 1.25846298714
-15.5857 -6.3634 12.9240081043
-19.4709 5.9628 6.45907809908
-17.3594 -0.1414 0.392118413238
-17.2121 0.222 0.378296140609
-17.127 0.5906 1.30554577476
-17.4974 1.8425 0.275504845692
-17.222 1.8501 0.725820397895
-16.6213 2.2575 1.15276358374
-16.9295 3.3683 5.97587314792
-18.6063 9.1041 0.517132574878
-18.1026 8.987 1.75058686445
-16.4645 8.3696 3.74908848922
-17.348 12.0131 1.00558965786
-18.078 12.7047 2.93616498515
-16.6001 10.1676 0.953705284666
-16.4672 11.112 0.78096233584
-16.6028 10.3429 2.31716321825
-16.3031 12.6406 4.60736050467
-13.1752 16.0235 2.85657450979
-14.8295 13.6947 0.377517059217
-14.4522 13.6819 1.80632956572
-12.8049 14.423 0.228189241639
-12.6022 14.5278 0.162074180547
-12.4624 14.6098 1.39553391216
-11.1097 14.2667 0.756208602173
-10.8133 14.9624 0.114806358709
-10.7662 15.0671 2.36900291684
-9.6343 17.1482 0.204917080791
-9.7113 16.9583 2.50306232443
-11.4721 12.3179 9.82534064549
-21.1059 14.2485 35.7130237737
-51.5 33.0 10.1783416852
-42.1811 28.9065 3.37898989788
-46.0816 31.4656 6.94974087646
-40.7551 27.0016 0.434258172059
-41.1547 27.1716 1.00203633667
-40.9108 26.1997 0.24892062992
-41.097 26.3649 0.677022244834
-40.9524 27.0263 0.935985662283
-40.6614 26.1367 13.9173425229
-32.3177 14.9978 2.22152588326
-30.1412 15.4428 1.06468814683
-29.6523 14.497 17.960187496
-18.3658 0.5262 2.95191470066
-15.756 -0.8532 0.972754079919
-14.8305 -1.1527 1.71129810962
-13.3246 -0.3398 0.92467227708
-12.4015 -0.2859 1.91854054166
-11.2974 1.2831 2.98652240909
-8.5493 0.1138 0.956222578692
-9.4602 -0.1771 0.0228473193176
-9.4716 -0.1573 1.12737813089
-9.8029 0.9203 3.44709057612
-11.3729 3.9891 0.483928259146
-10.9245 4.1711 0.335455883836
-10.5893 4.1842 1.31713043394
-9.277 4.0715 1.07552508571
-9.0756 3.015 8.15194276047
-12.995 -4.1329 6.18269166707
-6.947 -5.4164 0.287450726212
-6.6596 -5.411 0.214401142721
-6.4452 -5.4117 0.512054928694
-6.0079 -5.6781 0.887745171769
-5.1361 -5.5106 0.435134209181
-4.9884 -5.1013 0.324364440098
-4.8882 -4.7928 1.07109592474
-4.36 -5.7246 1.67599897971
-2.6907 -5.8743 3.27802605237
-0.0041 -7.7525 1.20812639239
-1.1898 -7.9842 9.06355448265
-9.6383 -11.2661 1.0712901101
-9.4798 -12.3256 15.2082930022
-3.0796 -26.1216 0.724937880097
-3.7918 -25.9863 1.25150971231
-2.5728 -26.2697 0.325418945361
-2.8521 -26.4367 0.057612498644
-2.8185 -26.3899 10.767617854
7.5559 -29.2732 3.62868285332
7.6664 -32.9002 0.328567953398
7.3601 -33.0191 0.614893169583
7.9657 -33.1256 0.297524318334
8.2631 -33.117 0.279166330348
8.4609 -32.92 0.807157512509
9.252 -32.7598 0.633381630615
9.7925 -33.09 0.478533614284
10.0924 -32.7171 0.743796383428
10.5529 -32.133 0.419559781199
10.7725 -32.4905 2.97551267011
13.7456 -32.6103 2.69162798693
16.3997 -32.1624 1.39393780349
17.7801 -31.9686 0.540009518435
18.2953 -31.8068 1.83321236358
19.9859 -31.0979 3.61407618763
23.0454 -33.0217 0.367660849153
23.4125 -33.042 0.284231032788
23.6967 -33.0462 1.89394554568
25.5625 -32.7209 1.99622806813
27.1876 -31.5616 1.38059874692
28.5255 -31.9023 0.705745109795
29.2295 -31.9519 3.17941834303
32.4089 -31.9411 3.90908252151
36.3179 -31.9665 2.20745790447
38.5067 -31.6801 0.652120333988
39.028 -31.2883 0.418868237039
39.4384 -31.2045 0.543106996825
39.7395 -30.7525 2.81901465942
40.5589 -28.0552 2.07421816837
41.5363 -26.2257 0.624292303332
41.4245 -25.6115 0.388104985796
41.4563 -25.2247 0.338908512729
41.4006 -24.8904 1.03864036124
40.7878 -24.0518 6.11619644959
39.2627 -18.1288 9.95506117811
42.6266 -9.9063 11.0470303421
31.6553 -11.1976 8.63823846221
31.1475 -19.8209 0.610893223076
31.7557 -19.7636 1.39386761208
30.6303 -20.586 17.4605876974
15.0468 -28.4617 4.2726816708
11.8083 -31.2488 3.65871538658
8.1711 -31.645 2.87803962794
5.3062 -31.9197 3.95442352942
1.817 -30.0588 1.2702475861
0.8908 -29.1895 3.54108345002
-2.3 -27.6539 2.45951057123
-4.7589 -27.5991 2.12891596828
-6.5833 -26.5019 2.79977599997
-9.129 -25.3365 1.87353754166
-10.2936 -23.8689 2.31452441119
-12.3247 -22.7591 1.33730361549
-12.5511 -21.4411 0.986836485949
-11.8451 -22.1306 11.8666770286
-20.081 -30.6739 11.5669300702
-12.902 -21.6044 4.21963889095
-11.4234 -17.6523 3.66494069938
-14.2962 -15.3766 1.40279223337
-14.9173 -14.1188 1.29536040159
-13.6789 -13.7389 23.6440573223
7.1296 -2.5118 0.883841099972
8.0046 -2.3871 1.34291142299
6.9093 -1.6101 15.2637606981
-6.1391 6.3096 25.8678502217
-17.1981 29.6943 0.911582673157
-18.0685 29.9652 6.21531273308
-23.8316 32.2926 9.32596095263
-33.0728 31.0381 10.924073812
-43.0596 26.611 6.4590129602
-47.8187 22.2441 0.849665069307
-48.4275 21.6514 2.52891654667
-50.1432 19.7935 3.31863550273
-47.0 9.16 17.1451560602
-40.3887 24.9792 0.190914640612
-40.4093 25.169 0.993514136789
-41.3896 25.3305 1.01602686972
-40.3948 25.1239 25.4323053678
-15.4472 30.0655 5.41400273827
-10.3209 31.8069 0.908217710684
-9.4384 32.0215 7.26276044283
-2.2714 33.197 1.92339899657
-0.3551 33.3621 2.00981651899
1.6229 33.0059 0.862043711189
2.4549 32.7803 1.51001870849
3.941 32.5126 0.290050788656
3.6599 32.4411 14.764381453
-2.4989 19.0226 9.97316706869
-12.1206 21.6469 1.84106299729
-10.6942 20.4829 0.34859496554
-10.4431 20.7247 0.934542032228
-9.6191 21.1656 0.865227241827
-8.8194 21.4959 0.813656745809
-8.0157 21.369 0.367126803707
-7.6885 21.2025 0.22230728733
-7.6147 21.4122 0.492682554999
-7.2948 21.0375 0.319515210906
-7.1157 20.7729 0.287528589883
-6.962 20.5299 0.0983288869051
-6.8856 20.468 6.11039594134
-7.4036 26.5564 4.89620799905
-6.2025 21.8098 0.224349838422
-6.1271 21.5985 0.0898884308462
-6.0674 21.5313 0.789065523262
-5.8756 20.7659 0.36565372964
-5.6884 21.08 0.200212387229
-5.5514 21.226 0.21747204418
-5.3817 21.362 0.130240738634
-5.3189 21.2479 1.43886893427
-6.388 20.2849 0.352162249538
-6.0632 20.421 8.54506537365
-4.6252 28.8442 0.498430065305
-4.7874 28.3729 0.66172913643
-4.171 28.1322 1.20340166196
-3.3744 29.0342 1.78579756971
-1.5924 28.9178 1.44333199577
-0.1499 28.9668 7.02569015258
6.8097 29.9282 15.4401245413
