0.0 0.0 8.47152034171
-8.4713 -0.0611 14.8511233461
-8.5693 14.7897 0.98250342493
-8.424 15.7614 1.18130857103
-8.1603 14.6099 9.70326374216
-8.3453 4.9084 1.64115101377
-7.2516 3.6848 11.4097264634
-1.9925 -6.4406 0.358034146416
-2.2847 -6.2337 20.6516874858
-22.8427 -8.1986 0.335372822393
-23.1485 -8.0609 0.200197127852
-23.3405 -8.0042 0.784738695363
-22.7406 -7.4983 1.27638086009
-21.7939 -8.3544 12.4708354059
-10.2865 -13.1608 13.8215031368
-3.8925 -25.4144 0.781991930905
-3.1312 -25.5931 0.505020207516
-2.7333 -25.9041 2.3968643224
-2.051 -28.2018 0.724860048561
-1.3738 -28.4603 3.15047513401
1.3668 -30.0142 5.30451042981
5.5307 -33.3005 0.78232807696
6.3058 -33.4066 0.604718777615
6.9046 -33.491 0.500380115512
7.3895 -33.3675 1.20800996685
8.5637 -33.0837 3.03933244809
11.3184 -31.7995 8.57068233281
11.4342 -23.2296 8.33613169342
19.6961 -22.1196 0.852055925395
20.3992 -22.6009 1.01490662625
19.5953 -21.9814 0.762801605924
19.4423 -22.7287 0.231287569921
19.4078 -22.5 1.60319910803
20.9361 -22.0157 7.4805858574
25.9695 -27.5496 1.23778843103
26.8691 -26.6994 1.65036699252
28.2991 -25.8755 3.13132090978
30.5633 -23.7125 1.49881095539
32.0551 -23.5677 0.596214902531
32.5065 -23.1782 12.1131254286
27.0644 -34.0 6.79214107038
20.7008 -31.6256 0.894486590173
21.5503 -31.3455 2.88802413598
24.4273 -31.5976 1.90046169127
25.5603 -30.0718 2.71731562392
27.6421 -28.3254 12.629999055
32.7834 -16.7892 0.743335462628
33.4189 -16.4036 1.131626122
32.3007 -16.2298 12.5480353092
19.8263 -14.8724 0.394723042145
19.4371 -14.9382 0.211839679947
19.2652 -15.062 0.645729703514
19.6498 -15.5807 13.3100742673
16.81 -28.5843 0.790497223272
16.6619 -27.8078 11.1867526356
15.9441 -16.6441 0.246141138374
15.8536 -16.4152 0.694296608086
16.5289 -16.2539 1.88153505681
18.3308 -16.7955 5.5762268112
23.8564 -16.0458 5.83035736298
18.0321 -15.7801 12.2830090711
10.3149 -25.3361 3.57351394568
12.8893 -27.8145 0.807105172824
13.4633 -28.3819 0.279801447459
13.4435 -28.661 0.645941955597
13.8834 -29.134 2.52209704016
14.3826 -31.6062 0.483164588934
14.8255 -31.4131 8.73300406103
23.4868 -32.5299 5.82844760978
28.4991 -29.5554 9.97954115027
38.337 -27.88 5.64504825489
39.4392 -22.3436 2.1884641281
38.2212 -20.5254 0.599151733704
38.2806 -19.9292 1.98529674608
40.0385 -19.0066 1.3961136236
39.4244 -17.7528 12.3097902476
31.0181 -8.7603 0.853871243221
30.6914 -9.5492 0.900020294216
31.4272 -9.0309 0.558182165605
31.1595 -8.5411 2.76567122413
33.0929 -10.5187 1.18271836462
33.7826 -11.4795 5.18814806362
35.3278 -16.4322 4.23968177108
34.7992 -12.2256 5.7680533536
30.9374 -16.5101 3.97649660505
31.7504 -20.4026 0.300060010665
31.9305 -20.1626 0.93811724747
32.5774 -20.842 14.6956947522
26.0329 -34.0 6.70144389964
29.2632 -28.1285 2.87010327689
31.6371 -26.5154 0.513200789165
32.0895 -26.2731 0.472198115202
32.4904 -26.0236 1.54130180367
33.4394 -27.2381 5.49426028506
31.1536 -22.2419 5.11774856749
36.0424 -23.7555 0.447585098054
36.4875 -23.7084 0.222310143718
36.5569 -23.9196 1.41094133471
37.603 -22.9728 10.2497015981
39.7393 -12.9482 5.68559500228
39.947 -18.63 2.69096180761
38.6358 -16.2801 0.52233025951
38.4259 -15.8018 0.136217840241
38.5 -15.6875 0.364312860053
38.6225 -15.3444 1.40561654088
39.326 -16.5613 0.52327927534
39.6514 -16.1515 1.0103802502
30.8406 -0.8798 0.25982224693
30.8372 -0.62 1.2929688318
41.7893 2.2627 4.33202118647
41.0683 -2.0089 0.0885262108079
47.0 9.16 17.3366276179
38.809 24.4396 22.2170560012
16.904 28.1502 0.975902049388
15.93 28.0893 3.48866026434
12.498 28.7155 3.62003714898
8.878 28.7319 3.64785648429
5.2302 28.7116 5.01070678647
0.2687 28.0111 2.03738030078
-1.727 28.4211 2.04694506521
-3.5877 29.2742 4.01868259508
-7.0895 27.3026 2.13125480879
-8.278 25.5335 4.26663669065
-8.3316 29.7998 3.79127660294
-10.0474 33.1806 4.24944146095
-14.2966 33.2259 1.54586531431
-15.798 32.8578 4.07661528477
-19.8743 32.9085 2.21879759555
-21.9974 32.2639 1.42407081987
-23.3841 32.588 2.22523638744
-25.3228 31.4957 3.77271415562
-29.0951 31.5516 3.80977831507
-32.8651 32.1007 3.17376092357
-35.9587 32.8095 6.61884220465
-42.4944 33.8553 3.94611538858
-46.2623 32.6828 2.96175882374
-48.1385 30.3911 3.89075693021
-51.7128 28.8541 2.15244624788
-51.0194 26.8164 0.877809284526
-51.8711 27.0289 0.49375087848
-51.9599 27.5146 1.14777860234
-51.5593 26.439 10.8636375975
-43.6001 19.0451 2.59594037297
-41.9822 21.0752 1.68472797804
-40.3252 21.3796 2.51314590305
-38.7224 23.3153 1.45016942803
-38.4023 24.7297 1.33085790376
-38.0997 26.0257 2.39118162631
-35.8248 26.7623 0.470772004265
-25.8071 24.019 13.8736297835
-19.76 11.5326 13.9804609366
-27.062 -0.3894 15.2726277412
-30.8226 -15.1918 7.25357290306
-36.0021 -20.2699 7.17651980907
-42.3317 -23.652 2.32913428123
-41.9794 -17.6983 0.711528228533
-42.0405 -18.4072 3.11018338527
-39.0843 -17.4407 0.503006212685
-39.365 -17.0233 0.263897953762
-39.4427 -16.7711 1.58126321655
-37.8677 -16.6305 8.08152929339
-32.1601 -10.9091 0.451345743306
-31.7138 -10.8418 2.75085459449
-31.5842 -8.094 0.781507805463
-30.886 -7.7429 3.46505497215
-27.4424 -8.1279 2.36349565263
-25.1003 -8.4452 0.99603420122
-24.2096 -8.891 0.791274926938
-23.4631 -8.6286 1.18898031102
-24.1758 -7.6769 0.674673506224
-23.5093 -7.5722 2.81551706086
-20.9977 -8.8446 2.57227248362
-18.4259 -8.8939 2.37237340442
-16.0948 -8.4533 2.11882448778
-13.9868 -8.2394 0.447852218929
-13.5548 -8.1213 1.74901061175
-12.2734 -6.9309 0.505675914
-11.9011 -7.2731 1.31324182845
-10.7964 -7.9832 0.527486492718
-10.2946 -7.8206 0.492248920771
-9.8744 -7.5642 1.98026671183
-7.9645 -8.0874 0.932712442289
-7.311 -7.4219 0.963730133388
-7.9801 -8.1155 8.60441646249
-11.943 -15.753 0.726591253732
-11.5556 -16.3677 0.464108026218
-11.1605 -16.6112 0.755029986159
-10.6993 -17.209 0.696374439508
-10.0899 -17.546 0.279821603884
-9.8616 -17.7078 10.3722346797
-7.6888 -27.8499 0.932675334723
-6.881 -28.3161 22.7587087606
15.5747 -32.0175 1.07357519066
16.6335 -32.195 6.37937287513
22.8947 -33.4172 2.78732797675
25.6813 -33.4809 3.8575613242
29.5249 -33.153 5.49080839221
35.0157 -33.1434 12.1348293803
33.121 -21.1574 0.776763554758
33.1531 -20.3813 14.789590111
31.2505 -5.7146 1.86158701381
33.1044 -5.8836 0.474086785304
33.5582 -5.7464 0.347335932492
33.895 -5.6615 0.356855741162
34.2509 -5.6876 0.394184132101
33.8732 -5.8004 1.48467577605
34.5586 -4.4834 14.8496284886
38.0107 9.9594 0.67380802162
37.7757 9.3279 9.439053006
37.291 -0.0987 1.49014976764
0.0 0.0 1.87070936545
1.7853 0.5588 0.960344990095
0.8672 0.2771 0.0
0.8672 0.2771 0.530072447879
0.7664 0.7975 0.0
0.7664 0.7975 1.2574942147
-0.2763 0.0946 0.429299580713
-4.3183 -2.4727 10.5379776969
-9.7296 6.5698 0.818371853133
-9.2536 7.2355 0.935976180252
-9.8582 6.521 9.99420794911
-12.3104 -3.1677 1.76424818265
-10.6627 -2.5371 12.6870971534
-1.9394 6.6752 15.0509543704
3.8917 20.5507 5.07765046946
6.8519 24.6762 3.26922085519
9.4899 26.6072 6.28010372526
15.2493 29.111 7.73548180594
22.4027 32.0549 2.82595125577
25.0008 33.1666 0.387916601862
25.3485 33.3386 0.350546915548
25.6718 33.4741 1.87564218869
24.4237 32.074 5.01212343224
27.1074 27.8409 4.22263288719
31.2751 28.5198 3.20234165104
34.0209 30.1677 0.878681944733
34.8559 29.8941 4.11135514642
38.9484 30.2874 0.844576846711
38.1815 30.6412 5.90052906526
40.2888 25.1298 0.257163858269
40.5253 25.2308 0.535050474255
40.0227 25.4143 0.0747594810041
40.096 25.3996 0.787853514303
39.906 24.635 0.551063136129
39.3697 24.7617 0.162293099052
39.304 24.9101 9.19236757859
37.9353 34.0 6.32523567703
39.9054 27.9894 1.29655159944
40.5756 26.8795 1.82680090322
42.2883 26.244 11.3773190977
41.8015 14.8771 0.314506152563
42.0971 14.9845 0.448017008606
42.5439 14.9515 0.868082323285
42.3915 14.0969 3.71449497644
43.0237 17.7572 0.409928042466
43.4331 17.778 0.515407605687
43.7401 17.364 23.415048628
27.2626 34.0 6.27639858518
21.3478 31.9004 0.378385055202
31.0984 28.7984 18.6074995376
12.8532 25.1444 0.226307158526
12.7645 24.9362 0.227958263724
12.8921 25.1251 2.63027854038
10.9643 23.3357 4.27264194147
7.4139 20.9587 3.33346120421
4.0805 20.9385 5.39238667104
-1.248 20.1109 3.12714229449
-3.8993 18.4527 2.59318798779
-6.3648 19.2564 3.08029061616
-9.3796 19.8882 0.982717741775
-10.3586 19.9736 1.07266490574
-11.3584 19.585 1.57880832592
-12.9162 19.3283 1.21448287349
-14.1145 19.1307 1.35007371651
-15.1793 19.9607 1.76444512808
-15.9403 18.3688 1.3550015535
-17.1192 19.0368 1.54693871889
-18.1458 17.8796 1.96467506219
-19.9547 17.1129 1.23835196935
-21.1285 16.7183 0.908693507185
-22.0052 16.4793 1.49431500361
-23.4579 16.1291 1.32661175179
-24.7464 15.8134 2.60977661113
-27.1974 14.917 1.22622644728
-28.3677 14.5509 1.60597454837
-29.8893 14.0372 0.992764166356
-28.9543 14.3709 3.82450823244
-32.3944 16.042 1.03074866966
-32.0603 15.0669 1.36538611755
-33.4245 15.1238 1.23758308408
-34.0403 14.0503 1.85716005234
-35.5414 15.1438 3.35674106985
-36.732 18.2823 0.771909353487
-36.3654 18.9616 9.56999819697
-43.9661 24.7766 3.56269221938
-46.8844 22.733 3.34143996056
-47.0 9.16 13.0994621882
-34.3649 5.7031 0.82020929646
-34.7197 4.9636 0.493945351228
-34.3473 5.2881 0.614858723611
-34.3263 5.9026 2.24263277422
-32.1339 5.4306 1.21175948934
-32.4704 4.2665 1.0244058229
-31.6589 4.8917 12.5984179741
-27.189 16.6705 0.729137490464
-27.3832 15.9677 1.30668959589
-26.1343 16.352 16.6301707219
-12.7675 26.246 0.547521926502
-12.22 26.2411 2.62492807711
-9.6071 25.9901 0.889832175188
-8.7694 26.2902 0.583543263178
-8.3287 26.6727 3.32145904837
-5.1617 27.6738 4.1314762991
-1.2957 29.1309 4.7785675678
2.7255 31.7125 1.09638690707
3.785 31.9945 0.449454246837
4.2246 32.0881 0.275314111516
4.4577 32.2346 0.405087768268
4.8126 32.4299 0.390534531124
5.1867 32.542 1.5002403974
6.5414 31.8974 0.55071983803
6.5079 32.4471 0.469405155489
6.0661 32.6057 2.50874467613
3.9805 34.0 6.39342206099
7.5766 28.7138 1.48711148203
8.7232 29.6608 0.999732814306
7.7879 29.3077 0.188708558364
7.6245 29.2133 4.96558249655
6.3037 34.0 6.72214618481
9.8659 28.2993 3.16397777489
9.6199 31.4537 1.33870032494
9.8879 30.1421 9.35200932955
7.4054 21.1256 2.73172473357
8.8413 23.4495 1.15957200725
7.6931 23.6115 0.966412111886
8.4885 24.1604 9.43435759604
15.71 30.2314 0.144790400234
15.6201 30.1179 0.446502586779
15.2867 29.8209 1.02287016283
16.1908 30.2993 0.459547081375
16.5524 30.5829 0.494263087839
16.8224 30.9969 3.37603289232
31.1371 23.9028 0.919333345419
30.2617 24.1836 23.2364811506
8.0916 31.1421 1.03287598965
8.6056 30.2462 5.00245181886
11.408 26.1024 1.92916906983
10.2047 24.5945 2.40641576624
7.8007 24.4867 2.31873812665
5.868 23.2056 2.6045118487
3.6391 21.8582 2.63894418281
1.0047 21.7034 2.27858596502
-0.4295 19.9328 0.991380860215
-0.5619 20.9153 1.03973735145
0.1705 20.1773 6.06713684121
-0.3319 14.131 1.43127962677
-0.7828 12.7726 0.451598106728
-0.9766 13.1805 8.08359551499
1.3508 20.9218 12.178828194
-7.7655 28.9975 2.66993964913
-8.5493 31.5498 0.550671708008
-8.0106 31.664 1.14665577224
-9.1571 31.6451 1.48973771181
-10.5193 31.042 2.82530675326
-13.3208 31.408 0.737465965316
-14.0306 31.2079 1.71235799119
-15.5896 30.4996 1.50017689624
-16.794 29.6052 0.270968669776
-16.9161 29.3633 0.207216143194
-17.0983 29.2646 0.065461820934
-17.0369 29.2873 1.80724812906
-18.3597 28.0559 1.99870344474
-19.9308 26.8204 0.976308747272
-47.0 9.16 17.656860352
-38.8785 24.8382 22.0958903478
-18.0634 32.2517 6.76944379177
-11.3461 31.4131 3.26235550791
-8.1396 30.812 3.72561282073
-4.4204 30.5935 4.45327984524
-0.1057 31.6958 1.99874785053
1.6667 32.6197 1.36497872877
2.8589 31.955 0.958689297948
3.5548 31.2956 0.979524782739
4.45 30.898 1.57685540555
5.9784 30.5101 0.9574471317
6.8585 30.1331 2.22137835589
8.0189 28.2389 2.20013007343
10.2186 28.1954 8.0855523157
16.2854 22.8503 1.45740330726
17.7128 23.1445 1.84522497273
19.3884 23.9173 1.65250954914
21.0114 24.2282 2.1656835526
22.4152 25.8773 3.77333513619
25.5358 27.9986 5.54553509501
45.9224 27.9945 0.995832767085
46.0291 28.9846 1.24347690369
45.2907 27.9841 1.78723246389
27.548 27.1105 4.00151712854
28.2762 31.0452 0.634009085108
28.8958 31.1796 1.76309902445
29.3374 29.4727 4.3912669345
31.6922 25.7662 0.67802210141
32.0603 25.1968 0.486935940345
32.4268 24.8762 0.518342136045
32.8072 24.5241 0.511979032774
33.2909 24.3563 0.749399392847
33.837 24.8695 11.1138320349
27.5005 34.0 8.86274641519
18.8786 31.9479 7.42606269904
26.2675 31.2059 0.461399198092
26.6486 30.9458 0.517612383932
26.2849 31.3141 0.469146480324
26.581 31.678 1.67012408222
25.9084 30.1493 5.38841386124
28.9119 25.6756 3.44625973049
32.2057 26.6893 3.93593278017
36.1115 27.1754 0.759500026333
36.856 27.0252 4.4875171866
41.2105 28.1097 1.37048061643
41.3135 29.0996 31.3305631678
10.9906 21.2176 2.51663879013
8.7268 22.317 4.09497270443
4.9765 20.6726 2.11293190851
3.1415 19.6251 2.71663814484
0.6631 18.5126 2.96091708091
-2.1179 17.4962 3.50916127301
-5.2869 19.0034 1.58102415225
-6.7793 18.4815 1.24175233038
-6.992 19.7049 3.81374642052
-7.644 23.4625 3.54061224084
-9.83 26.2477 11.1810834506
-1.7728 34.0 11.8512886194
5.0947 24.3413 1.61141692308
3.991 23.1672 1.16127944096
4.2523 24.2987 0.62226060457
4.5424 23.7482 6.13626545873
2.5111 29.5385 0.169318280171
2.3939 29.6607 3.82181293629
-1.4237 29.4813 3.19029172647
-4.5324 28.7644 3.99708558327
-8.3354 29.9948 2.67743684333
-10.9716 30.4629 0.751703618456
-11.0329 31.2121 2.46886836628
-8.6319 30.6372 0.0970163903678
-8.6712 30.7259 2.42518298279
-10.8559 31.7788 3.91005933715
-14.688 31.0019 0.239110121074
-14.9271 31.0041 1.92090918578
-16.4068 32.229 2.26543572189
-19.3822 32.2464 14.5241903885
-4.5635 28.2201 5.33810733969
-5.8001 23.0272 1.86986897937
-8.7466 22.7013 1.45802741058
-7.3319 22.3485 15.4341464892
-12.6535 7.8608 2.51073409185
-10.5773 6.449 0.814432673706
-9.763 6.4343 0.192617185111
-9.6137 6.3126 2.06368127869
-7.9448 5.0987 11.1423259556
-2.7955 -4.7824 1.65327532492
-1.2166 -5.2727 5.58339373589
3.5374 -8.2008 14.0243810159
-6.2758 -18.22 9.1866687956
1.4482 -13.2466 1.60962951327
2.7868 -14.1405 0.72569256576
2.0687 -14.0358 2.42516327904
4.3265 -13.1505 0.461582170366
4.7038 -13.4164 0.83043695727
5.4865 -13.6939 8.14236370165
8.0844 -5.9771 0.804478172482
7.7612 -5.2404 1.05948257654
8.2494 -6.1807 0.819772681906
8.0269 -5.3917 17.7471838904
-6.1883 5.2333 0.397147491494
-6.5545 5.387 8.38443686958
-8.0394 13.6389 0.758643064952
-7.2855 13.7236 0.631906203483
-7.9174 13.7208 2.16279103013
-8.6272 11.6778 1.83629515329
-7.3122 10.3961 7.26460768727
-12.5905 5.4047 1.15857894422
-12.0474 4.3813 13.239627636
-3.0037 -5.2882 19.8163942845
4.8903 -23.4644 3.51467561661
6.2673 -26.6981 0.829603718651
6.9525 -27.1658 4.53239762267
9.394 -30.9844 6.28523868202
15.2988 -33.1379 3.3058703317
18.598 -33.3478 4.90917645334
23.5061 -33.4506 7.88314192312
31.2784 -32.1333 6.64423446982
37.8324 -31.042 5.64557860631
39.842 -25.7662 0.863219468038
40.1352 -26.5781 1.58488977535
38.9006 -27.5719 5.5306850299
37.4239 -22.242 0.132294368739
37.3561 -22.3556 0.263357266845
37.6193 -22.3647 0.943519973292
38.1408 -23.151 0.644390820853
38.4281 -23.7278 1.17820331862
38.219 -22.5683 22.1277741316
35.1499 -0.6544 0.742132905887
0.0 0.0 1.79842154402
1.5153 0.9686 0.203078925544
1.5029 0.7659 0.852156347157
0.7769 0.3197 0.427462957459
0.4386 0.581 0.43718441189
0.18 0.2285 8.02420148613
0.6865 -7.7797 6.05310716988
1.2794 -1.7557 0.567872917121
-8.7032 6.1894 9.20160511922
-11.0958 15.0745 2.63925517713
-9.8863 12.7287 9.10602597954
-5.6346 4.6762 1.20986773244
8.6329 -16.4026 0.736011970011
9.2258 -15.9665 1.2217306127
8.1546 -16.554 15.8427917
-2.6916 -28.1019 1.01769434508
-3.7043 -28.2026 3.46685874676
-6.1014 -30.7072 3.11461142681
-9.1819 -30.2475 2.82182422734
-11.2248 -32.1941 0.565334732703
-11.7204 -32.4661 2.43750533333
-14.1545 -32.3373 2.00600572781
-16.1388 -32.6316 4.98885322795
-21.0885 -33.2554 0.972081683811
-22.0603 -33.232 1.86951976989
-23.9219 -33.0601 1.91806882306
-25.737 -33.6801 1.05600686551
-25.5173 -32.6472 6.33290000711
-31.8502 -32.6475 2.93334706607
-34.7176 -33.266 12.5855092726
-47.2683 -32.3306 3.756282516
-48.7298 -28.8703 4.03469025453
-51.1246 -25.6232 12.0624585098
-46.4649 -14.4971 0.54211917509
-46.0203 -14.8073 1.10785253983
-45.263 -13.9987 0.524637026905
-45.6054 -14.3962 19.6265203042
-45.9494 -24.4875 1.08548789491
-46.8153 -23.8329 3.38205137749
-43.9917 -21.9713 9.63770689013
-34.7894 -19.1072 1.67979414513
-33.534 -17.9911 0.613429743328
-33.7211 -18.5753 6.45149360691
-32.9235 -12.1733 33.410867837
-11.2334 13.2398 0.893117534259
-10.3556 13.0751 2.88851131554
-7.8015 11.726 9.72977179845
-11.8432 2.8754 0.536270454155
-11.3242 3.0104 2.36857403726
-9.0653 3.7228 1.56732136143
-9.5936 2.2472 13.8289454696
-11.4572 -11.4556 0.633907390713
-10.8379 -11.3203 2.14323960396
-8.7279 -10.9443 10.1392150239
0.0 0.0 1.86394650406
1.6484 0.8701 0.869830558212
0.8706 0.4807 0.50680647194
0.4302 0.2299 1.64367230615
-0.9759 1.0811 7.31651944643
-0.1664 8.3527 0.149497725735
-0.0205 8.3201 0.840386922792
-0.2382 7.5084 1.56200247119
-0.3248 5.9488 6.17350806673
5.0803 2.966 5.45758361274
0.3623 5.7093 5.36041589804
5.5517 4.3661 2.14956536304
4.8667 6.4036 12.4916923753
9.7435 17.904 12.4354833927
0.1595 25.8279 5.90610932594
-5.1361 28.443 3.65325177068
-8.6686 29.3745 3.00731661453
-11.5667 30.1776 2.82879391968
-14.2567 31.0528 3.90990118034
-17.9757 32.2596 1.83945818653
-19.8118 32.3707 2.17790870791
-21.9021 32.9822 5.27288287752
-26.9799 31.5612 14.8107810034
-41.7147 33.0595 4.55617996352
-46.2678 32.892 3.7459468189
-47.9587 29.5494 2.9377425636
-49.9306 27.3718 1.92021849278
-50.5647 25.5593 3.1499527679
-51.4635 22.5403 0.262046503507
-51.6281 22.7442 0.549790378235
-48.7891 10.1801 0.323535114014
-49.0907 10.2972 0.717557698029
-48.7678 10.938 1.03974554579
-47.7304 10.8682 1.01475736016
-47.7809 9.8547 1.06033113696
-46.8623 10.3843 8.13616870154
-39.129 12.9128 0.293514565226
-39.0308 13.1894 0.791753250704
-39.4588 12.5233 0.332849891092
-39.2732 12.247 0.0916790597683
-39.3068 12.1617 0.794562080646
-38.0911 12.4949 0.832895773792
-30.5506 25.4716 0.721411706309
-29.8349 25.381 0.968038041608
-28.9388 25.7472 1.39505320687
-30.2684 26.1695 8.76452505159
-23.9631 20.0818 7.32900017328
-33.7931 25.0692 20.67667411
-47.0 9.16 18.6477622542
-37.127 24.9797 1.5789316198
-35.5955 25.3638 7.96576360307
-28.2618 22.2541 16.3712174312
-12.9771 28.1188 2.98546527362
-10.2782 29.3951 0.632586847792
-9.6486 29.4565 3.32224650801
-6.3491 29.8446 3.52971124598
-2.8203 29.9248 3.33069902873
0.4936 30.2589 3.48675264394
3.9004 31.0013 4.03055531658
7.68 32.4013 5.36387749674
12.8982 33.6429 5.47028605194
18.3239 32.9459 3.58431657224
21.9019 32.7332 6.81362508288
28.7148 32.8326 5.88305807977
34.5507 33.576 2.99089950517
37.309 32.4196 3.5829637397
40.4344 30.6676 0.921383226459
40.2412 29.7667 1.59825262396
38.9296 30.68 5.15754436239
39.1599 25.5276 0.322349391189
39.3742 25.7684 0.0779946793057
39.4403 25.8098 2.33597312699
39.7189 23.4905 1.27015021553
39.8138 22.2239 0.696040034768
39.9721 21.5461 0.380311714256
40.0411 21.1721 1.5747325646
39.9899 22.746 5.21113461062
36.8731 18.5697 0.426880088549
37.1612 18.2547 1.47642369258
38.4636 17.5593 1.23396677427
38.733 18.7635 0.513270620628
38.6827 18.2527 0.682532849026
39.6543 8.0407 0.304680619666
39.9571 8.0745 7.09417217228
34.463 12.5625 19.6065631432
19.6228 25.376 0.364673881708
19.5076 25.03 5.53434453662
14.0659 26.0384 1.79730687975
12.458 26.8415 3.58221509684
8.9308 27.4669 4.81954160683
4.1247 27.8266 4.18108698905
-0.0549 27.9381 5.64308493379
-5.6943 27.7342 3.2037261712
-8.0426 29.9135 1.90349330705
-9.5865 31.0269 0.639898507578
-9.7372 30.405 1.72408538072
-11.2356 31.2578 2.93156958983
-14.0141 32.1927 4.57470776334
-18.5887 32.1613 4.54329842405
-23.0563 32.9872 1.15598544108
-23.8708 32.1669 2.91791357309
-26.7887 32.1758 2.45987547043
-29.1805 31.6011 4.38903682372
-33.5655 31.7893 12.1132700077
-45.5307 29.9011 3.69800019605
-47.2994 26.6535 7.6107228704
-51.5 33.0 12.5733034545
-47.0 9.16 13.107229972
-34.1277 6.6895 16.5963892657
-17.5622 5.6774 0.451061060168
-17.21 5.3956 1.1462548146
-16.1303 5.0107 0.271969281354
-15.8626 4.9627 0.573024301404
-15.6433 5.4921 0.228556273158
-15.4472 5.3747 0.158852919394
-15.4431 5.5335 0.402230891404
-15.1351 5.7922 0.227138834196
-14.9509 5.6593 1.5991262114
-13.3589 5.8101 2.43282050715
-12.481 3.5412 0.165814595256
-12.4832 3.3754 0.462783513103
-12.0955 3.6281 0.15541701966
-12.0041 3.7538 1.12294650362
-11.7872 4.8556 2.06072933206
-10.3089 6.2913 4.71802656415
-5.7074 7.3334 1.65052665837
-6.8851 6.177 12.1866842993
-14.8526 -3.0444 1.30321609106
-14.4143 -4.2717 0.91232244848
-13.5027 -4.2354 2.22204846932
-11.2815 -4.174 10.5998086445
-1.6884 -8.6827 0.920921473308
-1.3994 -9.5571 20.7494992723
5.9893 -28.9465 4.29565996094
8.837 -32.1626 4.37086632145
13.1928 -32.5252 8.36905620963
21.5606 -32.6702 0.937753741661
21.3938 -33.593 6.95974058425
28.3022 -32.7492 11.3897355092
39.6878 -32.4423 8.27066380468
39.8002 -24.1724 12.7132014481
41.6757 -11.5983 2.95607873373
0.0 0.0 1.80043415042
1.5363 0.9388 3.03385187015
-0.2566 3.3862 1.02373497547
-0.7199 2.4733 0.804799664513
-0.847 1.6786 6.02562004195
-1.6187 7.6546 0.828595588933
-15.5752 34.0 6.17962766273
-18.5166 28.5653 2.60343772923
-14.2696 32.2759 0.663131133336
-14.6577 31.7382 27.5173569436
-33.3523 11.5462 3.16242566553
0.0 0.0 7.68686712842
-1.8884 7.4513 1.06749224353
-1.0749 8.1425 1.2542840388
-1.7336 7.0751 0.447724669859
-1.2859 7.0798 0.206155402549
-1.4493 6.9541 4.08034463495
-4.064 3.8216 1.53543460948
-5.0002 2.6046 0.265916076987
-5.0646 2.8626 7.61786319777
-11.3687 -1.4141 0.939450440417
-10.7119 -2.0858 13.1612816036
-0.5702 -10.4742 0.587723829702
-0.8473 -9.9559 1.39522274207
-0.3456 -11.2578 16.4228251763
7.3303 -25.7764 1.32578919893
8.2289 -26.7512 0.572105034063
8.2265 -26.1791 1.55039564305
9.7489 -26.4724 1.47268099057
11.1966 -26.7425 3.01527599068
13.5377 -28.6428 7.14562905908
18.8645 -33.4057 5.88709290992
24.7342 -32.9535 4.41232478972
29.1196 -32.4668 6.68433619292
35.8011 -32.2721 0.749520013075
36.4136 -31.8401 2.21994255782
38.4972 -31.0741 0.376742936231
38.8354 -30.9081 0.355721970083
39.091 -30.6607 2.05920482954
40.0852 -28.8574 1.36233359351
39.2293 -29.9173 4.80802949242
39.1515 -25.1099 2.68014339355
40.624 -22.8705 1.37045117388
40.2179 -24.1794 0.505627629783
39.7788 -23.9287 0.142465223827
39.8935 -24.0132 2.74439321527
31.9769 -34.0 17.8999732938
34.5683 -16.2886 0.912516224513
35.3768 -16.7117 0.486440181317
35.1302 -17.131 1.7416153565
34.2183 -15.6472 18.9197147045
23.19 -0.2741 0.476129499191
23.4799 -0.6518 11.8955567877
11.9119 2.1205 5.40610370692
8.8784 6.5953 1.00961064277
8.3982 5.7072 1.28481429397
8.1203 6.9616 17.3175149352
1.4451 22.9409 5.27606840365
-1.6071 27.2445 2.93803358898
-3.917 29.0601 3.66041766196
-7.0865 30.8912 2.93336153414
-9.7315 32.1595 2.12024249792
-11.8451 31.9918 1.7371978874
-13.5792 32.0955 3.39512269734
-16.9495 32.5053 1.86809606819
-18.7939 32.8019 2.39492790079
-20.8622 31.5945 4.08177888304
-24.828 32.5606 2.59895038814
-27.4174 32.7832 3.82127019982
-31.2369 32.8995 16.7459364781
-47.9591 32.0082 4.31567814949
-49.2724 27.8972 3.01463769133
-50.0884 24.9951 1.56339862159
-50.147 23.4328 1.81692965466
-50.3009 21.6224 1.57439535378
-50.3821 20.0501 11.8034678349
-42.1139 11.6264 1.32046588748
-42.4589 10.3518 11.5739216604
0.0 0.0 7.63535166512
-2.3633 7.2604 0.350542793393
-2.6813 7.1129 0.819237114638
-1.9292 7.4377 1.45064896167
-2.3077 8.8381 10.6632296801
0.0359 -1.5644 0.690443169276
0.545 -2.0308 1.25924620706
-0.4424 -1.2493 15.5810805675
-12.2982 8.8606 0.655205982879
-12.9534 8.8578 1.12621699952
-12.1162 8.1045 14.2110072933
-2.2964 -2.168 0.895134224572
-1.8516 -2.9448 1.31478820348
-3.1635 -3.0319 11.3854823899
-14.5118 -3.9513 0.8432631677
-13.7369 -4.2839 10.0164637213
-3.8781 -6.0541 0.596244287184
-3.379 -6.3803 1.45817253437
-2.0935 -7.0686 0.614937273224
-1.5342 -7.3242 4.13932541002
1.2597 -10.3784 0.765502710642
1.9153 -10.7736 2.08308775859
3.5047 -12.1201 0.818302492969
4.2188 -12.5197 0.320098016239
4.5181 -12.6332 1.00460380748
5.299 -13.2652 0.649416491937
5.0043 -13.8439 8.68168012829
5.0416 -5.1623 20.7453767428
-6.1028 12.3355 1.23420946358
-5.5908 13.4585 1.13273984657
-5.9108 12.3719 16.592850162
-11.2331 -3.3442 0.76938230419
-10.4668 -3.413 14.4939263997
2.159 -10.5308 7.77822541522
3.0884 -2.8083 10.4616441887
5.2721 7.4229 0.171750778746
5.2404 7.2541 0.9579709077
12.1548 21.8597 0.620755426879
12.7669 21.7564 1.59573713374
12.7341 23.3518 3.69813419172
9.0436 23.5893 4.17734662794
13.1613 22.8859 3.55224117706
11.791 26.1632 13.8118319205
-1.6972 29.1356 0.971217962149
-2.5464 29.6069 2.6767348113
-4.9317 30.8215 1.61945256182
-4.9603 32.4407 0.911863290192
-5.8548 32.6178 1.14873331979
-7.003 32.6528 0.704536194954
-7.706 32.6993 1.45184236403
-6.784 31.5778 1.14284502011
-6.2983 32.6123 0.624361954318
-6.7014 33.0891 1.64014760311
-7.941 32.0151 6.37367823552
-1.7115 30.6671 2.81681957001
-4.5283 30.6566 3.31337028568
-7.8312 30.3934 3.27545257484
-10.6171 32.116 2.02186480755
-12.6362 32.0103 4.96783300545
-17.4783 30.8997 1.03787554649
-17.2176 29.8951 0.0535555786076
-17.1974 29.8455 1.72489148644
-18.9184 29.7297 5.39535303757
-23.7948 27.4209 0.339399661167
-23.459 27.4702 1.85191690148
-24.9204 28.6077 3.08733015079
-27.0409 30.8516 3.9010969547
-30.9418 30.8124 2.318397233
-33.2181 31.2522 3.4846335948
-36.6658 30.7462 6.71246017865
-43.3729 30.478 3.23793579924
-45.9179 28.4762 3.20122355514
-48.7427 26.9701 1.43020268494
-49.5601 25.7965 1.06913509436
-49.4673 24.7314 2.43628867337
-50.1608 22.3959 11.7633240209
-48.2319 34.0 8.50331696987
-40.9244 29.6518 18.425831251
-27.1992 17.3583 3.61688510323
-30.7388 16.6146 0.611903145931
-30.3483 16.1435 2.2863226041
-24.566 7.6015 11.9898757458
-12.6734 9.1257 3.26620705559
-10.3696 6.8104 6.28845243045
-4.0865 7.0698 9.14288062976
-1.9804 -1.8272 1.51833091584
-1.3663 -3.2158 23.5531206147
7.1067 -25.1921 0.888700005626
7.1444 -26.08 1.145607699
6.8196 -24.9814 14.2332758763
6.6617 -10.749 0.902728752173
6.7265 -9.8486 0.928865167826
6.7804 -10.7759 13.9546285404
11.8121 -23.7918 0.13332400384
11.9446 -23.777 0.74012042939
11.7022 -24.4763 1.23755294432
11.6197 -23.2415 6.96064446011
12.1164 -16.2986 5.96007641646
15.7472 -11.5721 1.68268931476
16.5869 -10.1139 0.691415996344
17.5355 -10.2635 1.04832193529
18.3943 -10.8647 0.85876938115
18.2581 -10.0168 17.2786331358
19.4129 7.2232 5.37520310407
14.715 9.8352 22.0170865032
4.175 29.1655 2.71900626149
1.4639 29.3727 2.70839279648
-1.2166 29.7604 2.80198325655
-4.0185 29.7388 3.32126164281
-6.9954 31.2115 2.53252492584
-9.1597 32.5266 1.82399645011
-10.983 32.4762 2.61851940799
-13.594 32.6745 1.89548850696
-15.4618 32.3517 2.81405944678
-18.2642 32.0958 3.63326725276
-21.8969 32.0316 13.0647001531
-34.9616 32.0336 3.13921727346
-38.0651 31.5614 4.9690862983
-42.9209 30.5064 8.00277138496
-49.0059 25.3086 3.004588025
-50.5693 22.7428 2.49968658835
-49.8363 20.353 12.7559596538
-51.5 33.0 9.62542408936
-43.7123 27.3431 2.50756652753
-45.7145 29.8994 7.00174014442
-41.2669 24.4917 7.80175174817
-36.6222 18.2232 24.5576539484
-22.6873 -1.998 0.962207233396
-23.1333 -2.8506 0.590550802218
-23.1588 -2.2606 0.758055176092
-23.5807 -1.6308 1.29076972772
-23.0239 -2.7953 20.6496922101
-14.1193 -21.4264 0.849310432057
-13.5207 -20.8239 15.5006457117
-3.0409 -9.4027 0.520766684802
-3.0046 -9.9222 12.2770730746
-7.2104 -21.4564 12.3963363076
0.3275 -11.6152 0.427178112735
0.2242 -11.2007 6.99207495669
-2.1842 -17.7649 13.5319575321
2.5905 -30.4265 1.38617789623
3.8965 -30.8911 3.46351621622
7.1728 -32.0144 1.12763473696
8.1755 -32.5303 3.91683324383
12.0876 -32.7228 11.0572905655
18.4348 -23.6687 1.69157728171
19.9801 -22.9806 0.55891739998
19.458 -22.7811 0.235927976298
19.6929 -22.7591 0.686665690129
20.3533 -22.9472 0.884148630039
20.6519 -22.115 1.60593853245
19.111 -21.6626 3.30425313952
15.807 -21.7035 0.240157552453
15.7688 -21.4664 0.991090480229
15.4685 -20.5219 0.698842078012
16.1056 -20.8091 16.5026338737
28.6987 -31.4745 0.883816095124
29.5295 -31.776 0.782689836398
30.2682 -32.0347 4.99518264731
35.26 -32.2185 5.53912837999
40.6511 -30.9465 0.594410169832
40.6319 -30.3524 0.401033714293
40.6371 -29.9514 1.06499741314
41.1614 -29.0244 9.45358582232
36.1425 -21.0131 1.0321510403
36.5269 -20.0552 0.698978147012
36.0428 -20.5594 0.170097677821
36.1819 -20.4615 0.158851502983
36.1157 -20.3171 0.341529339882
36.4534 -20.2661 1.12922363596
35.9583 -21.281 1.09186039401
34.8729 -21.1624 1.23331235297
35.0209 -19.938 5.30017446222
31.0247 -16.4563 8.98646614415
37.6307 -22.5487 2.57456004008
38.5501 -20.1439 0.77403943052
38.6271 -19.3737 0.952340800344
38.5549 -18.4241 1.21424645357
39.3972 -17.5495 0.27703294028
39.5354 -17.3094 1.34956528186
39.6907 -15.9688 0.466034934313
39.8537 -16.4054 0.936254879827
40.7055 -16.794 1.17795222738
40.4812 -15.6376 18.9802549227
31.9359 1.3102 0.737769835382
12.5123 9.4826 0.583811313696
12.9861 9.1415 7.44383532462
17.1408 2.965 4.06052840896
21.1998 3.0764 2.12386961935
22.0048 1.111 1.85736781495
23.6656 0.2794 0.509167968356
24.0205 -0.0857 0.582994931367
24.1415 -0.656 2.17301002299
24.1349 -2.829 0.538733412738
24.6074 -3.0878 1.61548765393
25.7114 -4.2672 2.02612033206
25.1452 -6.2126 1.31054384131
26.3948 -5.8176 13.7552704855
29.9875 -19.0954 1.17068042181
30.1748 -17.9398 8.5950554559
29.895 -9.3493 0.44075155133
30.1903 -9.0221 8.46351733146
30.7204 -17.469 0.663514679566
31.0637 -18.0368 3.65119940978
32.73 -21.2856 0.366860259499
32.8731 -21.6234 0.280056726397
32.9902 -21.8778 1.79324301198
33.6539 -23.5437 1.22170282802
32.4897 -23.9141 0.213557228864
32.2902 -23.8379 0.412406413626
31.9429 -24.0603 0.750147852093
32.4031 -24.6527 0.407753847315
31.9955 -24.6639 0.626311879178
32.6131 -24.768 0.353712029764
32.9609 -24.8324 0.234735532036
33.1908 -24.8798 0.399300901577
32.8488 -24.6737 3.288129044
36.0669 -25.3487 8.76999633352
34.6289 -34.0 9.45575179137
44.0226 -32.9185 5.25126924181
39.0457 -31.2433 0.6089399642
39.1485 -31.8435 1.26613652502
41.1177 -15.1068 0.0
41.1177 -15.1068 3.40759414397
39.5145 -18.1137 11.6705378599
47.0 -9.16 15.5176518974
40.5804 -23.2875 1.19262725526
39.4255 -23.5851 23.0410321861
17.2663 -29.8985 5.74989469817
11.9461 -32.0795 0.449580092976
11.5056 -31.9896 2.5702344504
8.9369 -32.0784 3.66575059163
5.3143 -31.5176 2.54935785052
2.9662 -30.5248 2.65426989773
0.3125 -30.4698 3.00398993341
-2.6911 -30.4214 2.5916490889
-4.8939 -31.7868 2.52786954173
-7.2278 -30.8157 3.58058063587
-10.7315 -30.0777 1.02480331772
-10.6585 -29.0555 3.27429187001
-10.905 -32.3205 2.13824086576
-13.0096 -31.9427 1.87246250964
-14.8465 -32.3059 4.48130097405
-19.3036 -31.8408 4.2682062333
-23.5642 -32.0955 4.77667424156
-28.2401 -31.1195 4.20268352603
-32.424 -31.5164 16.2508891775
-48.6045 -33.0273 0.255677003268
-48.8553 -32.9776 3.48040082749
-51.3077 -30.508 2.62989868436
-49.1524 -29.001 1.35093366232
-47.8248 -28.751 1.82786163864
-46.1712 -27.9721 0.947115674034
-46.4755 -28.869 1.23665919719
-46.4876 -27.6324 1.81745480549
-47.1002 -25.9213 3.09833795768
-50.1949 -25.7712 1.70861403775
-40.5551 -19.0124 0.971682221717
-40.6954 -18.0509 1.13694966028
-39.7127 -18.6227 18.8948658966
-23.3738 -28.1125 8.04425631429
-15.3296 -28.1426 0.562334171112
-14.7682 -28.175 1.98146956828
-12.7915 -28.3124 6.54122074998
-7.3916 -32.0041 5.97400702544
-1.4261 -32.3228 4.40754742913
2.9594 -32.7631 6.5039892812
9.4263 -32.0695 5.2531855526
14.6584 -31.5993 5.41136376988
19.7552 -33.4174 2.35490271986
22.1081 -33.3203 3.72122320884
25.8277 -33.2104 9.53876445091
29.3268 -24.3366 1.41406814899
30.5335 -25.0738 13.0156235609
42.0183 -31.198 0.598411313396
42.3926 -31.6649 1.30597700592
41.5739 -30.6474 14.024802948
35.1601 -18.1751 0.570013061254
35.7193 -18.2856 1.79490962447
37.4943 -18.5522 1.39548096368
36.6557 -17.4368 8.66106188005
30.069 -11.8128 0.443668637611
30.4971 -11.6963 0.351047760283
30.8374 -11.6101 1.17149581732
31.9741 -11.8935 0.541599944609
32.4272 -11.5968 0.269855164857
21.8811 -23.7184 5.59627223248
16.3064 -24.2093 5.68559089014
11.6963 -27.5369 3.42077182226
8.9894 -29.6284 5.4065079913
3.7549 -30.9813 4.06133832745
-0.2641 -30.3964 0.728390128983
-0.9918 -30.4281 1.36756204978
-2.1278 -29.6667 1.10635083495
-3.1959 -29.3783 0.635220166556
-3.8188 -29.2538 1.69709660892
-5.2085 -28.2797 0.836912498413
-6.0127 -28.048 1.63789861103
-7.2258 -26.9475 1.59408000113
-8.7561 -27.3939 0.8702814832
-9.013 -26.5624 1.31008670324
-9.7844 -25.5035 15.8681873098
5.9259 -27.7364 1.05575103126
6.2839 -26.7432 0.926086173096
5.6217 -27.3906 13.1385201983
-6.9301 -31.273 0.724081500938
-7.506 -30.8341 0.143012237239
-7.6149 -30.7414 0.667934704893
-7.8155 -30.1043 1.16450988832
-8.8673 -29.6045 0.486815324327
-9.3303 -29.4541 0.942001454351
-9.7378 -30.3034 1.45682559354
-10.5978 -31.4793 1.75100406053
-12.2679 -32.0054 0.592740794952
-12.5121 -32.5455 1.05330000475
-12.226 -31.5318 11.640808962
-2.524 -25.0991 0.37232685909
0.3642 -1.4025 1.14646138182
0.5855 -2.5274 1.10843082779
1.1544 -1.5761 29.848694613
9.0565 27.2076 0.195328466947
8.9504 27.3716 0.489418031952
9.418 27.2271 0.413557214905
9.7991 27.0665 0.360008472123
10.1254 26.9144 1.39069919465
11.4299 26.4324 4.30170251877
15.3669 28.1658 3.35306546312
18.6985 28.5446 0.948440725612
19.4676 29.0996 1.32753869247
20.7769 28.8803 1.30511150865
19.2006 27.6478 0.132164291698
