0.0 0.0 9.19153773533
-3.8825 -8.3313 0.602298680058
-3.3494 -8.051 13.9167536976
0.3798 5.3568 13.5652478415
-2.8798 -7.811 0.378665036675
-2.5383 -7.6474 9.13949209201
-8.734 -14.3663 1.11109098187
-7.6231 -14.3457 7.22479780271
-1.0666 -11.3109 8.81893978038
-8.6383 -15.8323 0.710377265965
-7.9402 -15.9638 21.894369911
8.257 -30.6952 5.53173576827
13.2455 -33.0858 2.57308963894
15.8025 -32.7985 1.28153809542
15.3567 -34.0 6.96574679126
16.9923 -27.229 0.431285636209
17.3626 -27.4501 0.459754293074
17.8181 -27.3877 1.69497314728
18.9727 -26.1468 1.0801742452
19.7813 -25.4306 0.307662038607
20.0281 -25.2469 1.28360220084
20.6987 -26.3414 0.969007172316
19.744 -26.1755 0.976131968537
19.7519 -25.1994 11.5200616774
13.6931 -15.4013 0.574045155018
13.4351 -15.9141 1.12789741112
14.194 -15.0797 0.943411511484
13.8408 -15.9545 15.8273432527
2.5228 -27.0183 12.287279994
10.1134 -17.356 0.0761554331614
10.1412 -17.4269 1.18475873071
10.307 -16.2538 1.17148443438
9.1617 -16.5001 0.130427949459
9.059 -16.4197 1.1733200629
10.2316 -16.4608 1.37305123721
9.2415 -17.4121 0.307640602002
9.5172 -17.2756 8.52789206604
13.445 -24.8451 9.32650696724
14.48 -15.5762 5.0470008718
12.1188 -11.1156 15.1224668494
6.2433 2.8188 25.3975368453
-3.5902 26.2354 8.02954792314
-10.0206 31.0441 3.17337076624
-13.1067 30.305 2.77103804557
-15.7283 31.2027 1.2699285098
-15.6772 29.9338 5.36673552357
-20.9445 28.9055 0.402653299999
-20.6023 29.1177 0.0624647900821
-20.5451 29.1428 4.85275808793
-16.0966 27.2037 0.378405311802
-16.4663 27.2844 6.25214755104
-22.4843 28.9794 1.71883420085
-23.8769 29.9869 1.03495516811
-23.3377 30.8703 8.83051633485
-16.1152 25.7896 0.520546059441
-16.634 25.747 10.6944252529
-25.429 31.8313 2.35793443717
-27.4274 33.0828 2.42601043897
-29.8366 32.7977 7.09497734598
-36.9311 32.7154 14.7488630918
-51.1416 28.7669 1.72570020861
-50.8553 22.4774 1.0312822698
-51.1807 21.4988 1.48512036213
-49.7082 21.3056 0.586370326671
-50.1752 21.6602 9.3742437871
-41.5259 18.0455 1.36112646363
-40.5357 17.1116 8.26176017868
-36.6907 9.7991 13.7479381181
-29.9402 -2.1774 0.847118061429
-30.0376 -1.3359 1.34448108205
-29.1743 -2.3666 19.6594063362
-16.2733 -17.2009 2.64383442938
-13.7076 -16.5629 2.13026514077
-11.5857 -16.7515 13.1436778605
-1.8154 -7.9596 0.679898705691
-1.3314 -7.4821 2.23272107528
0.2322 -5.8883 3.82545785234
4.0459 -5.5886 14.7113375497
2.5096 -20.2195 3.24997343066
5.6883 -20.8964 1.3903640962
6.2979 -22.146 1.76600716873
6.4983 -23.9006 0.634908914727
7.1165 -24.0453 0.322813026379
7.4393 -24.0424 0.71767324041
8.0501 -24.4192 0.670273257709
8.7041 -24.566 0.685671699868
9.3723 -24.4122 0.658766460895
9.9717 -24.1389 0.246083563043
10.2001 -24.0473 0.24008358961
13.0872 -26.1781 2.22895385327
12.8854 -28.3979 5.23164424727
7.9242 -26.7376 5.13687424413
3.3296 -29.0348 4.6822625738
-1.3413 -28.7088 0.929788900773
-1.4731 -29.6292 1.12344182315
-1.6854 -28.526 18.670027188
-2.3986 -9.8696 0.650066342768
-2.8409 -9.3932 1.29798353225
-3.0094 -10.6802 15.0744152159
-7.6536 -14.1511 3.83990820724
-3.8188 -13.9531 1.56182529433
-4.5044 -12.5498 12.1767931891
-12.3355 -3.2252 13.2465244985
-0.0275 1.6721 13.3415186962
-10.5419 9.8845 1.85002199176
-8.8575 10.6496 1.4076949421
-8.6674 9.2548 0.983778638719
-7.8214 9.7569 21.793491322
4.3654 27.8245 2.10999494075
5.6915 29.4657 2.47390804194
7.7799 30.7919 2.43573698498
9.7924 32.164 1.25514595167
10.8244 32.8784 0.977673283874
11.7708 33.1237 0.309130037363
12.0785 33.1534 1.69783787506
10.5458 32.423 17.2663782274
-6.3067 28.6652 8.49809688342
-5.8497 20.1794 0.292486786026
-5.7463 20.453 7.05979258406
-7.1746 27.3668 9.28888986962
-5.2751 18.2742 0.47321015416
-4.9303 18.5983 9.99548016305
-5.8616 28.5503 8.42432729718
-5.362 20.1408 0.296939387754
-5.08 20.2338 1.44350041566
-3.6817 20.5922 1.32985145787
-2.4134 20.9921 1.42641286099
-1.4608 19.9304 0.995695199346
-1.715 20.8931 9.84999990711
1.3801 30.8317 1.20457897209
0.2096 31.1162 6.89790388524
6.6547 28.6582 4.747215408
1.9489 29.2839 2.10849461465
1.1284 31.2262 0.142500982453
0.9906 31.1899 1.61067593885
-0.5381 31.6972 2.94923606719
-3.4308 31.1225 0.92464293649
-3.8098 31.9659 1.2465540983
-3.5822 30.7403 18.0582197298
-3.2688 12.6848 1.89546094658
-5.0112 11.9386 8.47357927797
-11.3769 9.4981 0.816627614032
-0.99 7.8031 0.466721597957
-1.0264 7.3378 15.9948367231
-13.563 -2.5954 1.88025362119
-12.3032 -3.9912 2.69723629851
-9.7269 -4.7898 11.8815756552
-13.8907 -15.9179 0.615845573176
-13.3443 -16.202 1.81086014093
-11.6589 -15.5397 0.0855095316324
-11.7031 -15.4665 1.01423422344
-11.6866 -14.4524 1.20186480521
-11.3216 -15.5975 0.497412555129
-10.8815 -15.8293 1.00221790046
-10.6241 -16.7979 0.578101695206
-10.1195 -17.08 0.558052972396
-9.6069 -17.3006 0.349768066009
-9.2572 -17.3075 0.124827440893
-9.133 -17.295 0.147619138326
-9.1585 -17.1496 0.173633003775
-8.9956 -17.2097 0.456466647193
-8.559 -17.3429 0.124353729337
-8.4986 -17.4516 1.09747507033
-9.5723 -17.6788 0.262987471184
-9.4252 -17.4608 0.342907057379
-9.5607 -17.7758 0.290820941474
-9.3966 -17.5357 0.538422454955
-9.3301 -17.0014 0.110149443939
-9.436 -17.0317 11.7562359291
-13.1771 -5.8866 0.731741006094
-13.223 -5.1563 2.28371180318
-11.5256 -3.6285 3.81824700222
-8.8435 -0.9109 0.560227418108
-8.6161 -0.3989 0.407712153363
-8.4479 -0.0275 0.113589876309
-8.4058 0.078 0.825642107696
-7.7991 0.638 2.63233807099
-6.2657 2.7776 1.20518782768
-5.336 3.5445 1.21448557422
-4.578 4.4934 11.2951987039
6.6296 3.0894 0.645772529611
6.9942 2.5564 0.974745105143
7.4661 3.4093 1.6604621435
5.9823 2.664 16.68916728
-6.8492 13.3355 8.90070512375
0.5999 8.4638 0.81870484303
0.8918 7.6989 0.446822738902
0.6702 8.0869 9.92909770926
-5.8964 15.5345 0.367077539493
-5.548 15.6501 1.58307537723
-4.3811 16.7199 8.37490326929
3.012 20.6545 0.115968314638
2.9924 20.7688 6.96356721372
-3.5391 18.3541 6.20318587582
2.4084 20.1167 2.14480464612
12.8411 23.0278 1.3566057128
11.6526 23.6819 10.7910998536
1.6524 27.737 3.45822065953
-1.5694 28.9937 1.38698517656
-1.2122 27.6535 4.77285587987
-0.7612 22.902 7.23032454113
-4.9821 28.7724 5.24519369042
-4.2103 23.5843 0.449399788607
-4.0254 23.9939 9.02607032157
-10.3095 30.4731 1.35195865321
-11.6099 30.8429 1.93645603358
-12.758 32.4023 1.49170707915
-14.1456 32.9498 2.30474459539
-16.4498 32.8997 2.74792853801
-19.1513 32.3967 2.79490925255
-21.946 32.3625 0.612396579024
-22.0551 32.9651 1.37560128671
-21.7472 31.6244 0.745016946116
-22.466 31.8203 1.55459492151
-21.9156 30.3664 11.5595719168
-12.8085 23.2471 1.25081703298
-12.23 22.1381 10.1246987116
-15.6744 12.6173 0.626369675192
-15.4328 13.1952 6.55955675103
-11.8789 18.7086 1.13583605331
-12.6724 19.5213 1.39272405379
-13.8474 18.7736 7.51502432797
-16.529 11.7533 0.933690682185
-16.572 10.8206 1.13072253449
-16.9888 11.8717 0.902983200287
-16.3667 12.5262 0.980665539315
-15.959 13.4181 5.04035017137
-11.2771 15.2849 1.11364998541
-10.7341 14.3126 1.047950266
-11.2311 15.2352 1.08325654395
-10.1518 15.3277 0.0928203641449
-10.0619 15.3508 1.11276289029
-11.1734 15.4038 4.86757277193
-14.3397 11.7068 0.697444392049
-14.9345 11.3426 1.49657990432
-13.445 11.1972 0.485502481971
-13.7871 10.8527 0.182396518607
-13.9216 10.7295 1.34556648665
-14.5042 11.9424 1.06192160257
-13.4657 11.7206 0.525041141245
-13.3991 11.1998 0.19301860014
-13.6982 10.4078 4.01557760727
-11.0626 7.3782 0.539512048058
-10.6455 7.7204 0.302890953975
-10.3477 7.6651 0.221985224734
-10.1317 7.6139 2.12293787238
-8.3797 6.415 1.23416890659
-8.9157 7.5267 7.59629718745
-13.2167 13.7881 1.23706824792
-14.2855 14.411 0.749803654299
-14.3101 13.6616 1.15424749946
-13.2626 14.1464 18.2086432603
1.1767 25.2397 1.94456573044
3.1045 25.4945 3.76127813516
5.004 28.7409 0.363314312958
5.1967 29.0489 0.802420718825
5.0618 29.8399 0.288398144932
5.2548 30.0542 1.3709823996
5.6305 31.3727 9.17932556401
-2.9529 28.1192 1.66887460284
-1.8217 26.8922 0.97394380228
-1.102 26.236 9.41550684191
7.977 23.7413 0.711131977906
7.266 23.755 1.00708943496
8.2637 23.6178 0.432177613951
8.4662 23.236 2.24078356161
10.5793 23.9816 5.79051731799
12.4977 29.4451 5.0804271966
15.8254 33.284 1.11984938719
16.9187 33.0416 0.574898008346
17.4593 33.2372 0.635873517297
18.0646 33.432 0.958762619213
17.2922 34.0 7.45497581552
19.4693 26.87 3.29290961461
21.8795 29.1137 0.890115722814
22.7069 28.7855 0.95928253398
23.3726 29.4762 1.50442233432
24.7426 28.8546 5.21644264322
27.005 24.1543 0.500792821434
26.7826 23.7056 1.3250484444
28.1049 23.7909 0.709964308962
27.7035 24.3765 0.90974097962
27.0431 25.0022 1.17931968948
26.7344 23.864 0.757620234682
27.3213 23.3849 0.17976078549
27.4468 23.5136 0.733732219546
26.8444 23.9325 1.03962070968
27.8835 23.8996 1.58379491412
29.3512 23.3044 2.2190915078
31.4366 24.063 2.74210754348
33.7253 22.5527 2.70181753825
36.3128 23.3303 2.90292489224
39.0565 24.2785 2.47705525574
41.4808 23.77 6.91180273807
39.6043 17.1178 7.34318340367
39.02 9.7979 0.761048920898
0.0 0.0 10.9605448952
10.9278 -0.8466 0.395842923393
10.5399 -0.7677 10.5560197731
0.0207 0.1132 1.05741615743
0.0714 1.1694 11.7164371112
4.3601 12.0727 1.17888671636
3.9284 13.1697 20.0300709487
-9.083 28.3982 3.32662050886
-12.3454 29.0487 6.50711847134
-18.6196 30.7741 12.672081668
-31.2804 31.3087 18.8394362872
-50.0765 30.0316 2.87393579956
-51.3038 27.4329 1.0273881837
-51.6896 28.3851 1.14008086117
-51.3102 27.31 16.5739882617
-49.1829 10.8731 1.62875528242
-47.6225 10.4062 0.145666468345
-47.6181 10.5518 21.0532794353
-42.6278 -9.9015 15.7025478137
-30.125 -19.4015 0.619351983932
-29.7168 -19.8673 17.870893516
-15.4509 -30.6308 2.14375033294
-13.4116 -29.9698 3.25888929698
-10.1649 -29.6882 0.54375262758
-9.6315 -29.5826 0.439697077543
-9.2021 -29.488 1.80684748941
-7.3953 -29.5011 1.29575420895
-6.1097 -29.663 2.19885773301
-3.914 -29.7808 2.5853306365
-1.3803 -29.2667 0.680905044775
-0.8391 -28.8535 0.583575642055
-0.5104 -28.3713 3.73118270258
0.9652 -24.9443 4.17395182052
5.0718 -24.1975 1.10621217675
5.4735 -25.2282 0.295690716797
5.5927 -24.9576 0.232614401962
5.7866 -25.0861 0.364005837865
5.5991 -24.7741 0.408706178079
5.9998 -24.6936 1.34035841848
7.3136 -24.4281 0.63325055073
7.4161 -25.053 5.98979513923
11.0866 -29.7864 0.165085583865
11.1935 -29.6606 0.676402668534
11.8699 -29.6587 0.198883483477
11.9629 -29.8345 1.21578492341
11.2362 -30.8092 0.275217895494
11.0029 -30.6632 0.411465928116
11.2943 -30.9537 4.28266829558
8.2841 -34.0 15.9765111989
-3.2887 -22.9855 1.16303040373
-3.4893 -21.8399 14.7498992485
-1.6921 -7.1999 0.748536739245
-1.7512 -6.4537 0.922960670885
-2.3254 -7.1763 7.2178583645
4.8882 -6.9284 0.768279799292
4.9558 -6.1631 14.7308852826
-4.0807 5.4705 0.716223016944
-3.4561 5.12 2.27184313719
-1.1843 5.106 0.416594107015
-0.9015 4.8001 0.282237524082
-0.7746 4.548 0.0362794707789
-0.7722 4.5842 0.0210667985228
-0.7912 4.5933 0.446385886874
-1.0918 4.9233 0.0594763818671
-1.043 4.9573 0.0482321469562
-1.0095 4.992 0.845415619681
-0.5309 5.6889 8.72857548114
8.1719 6.3592 0.0373760618578
8.1615 6.3951 1.19286750731
8.3107 7.5786 27.3665096783
1.1808 34.0 13.1645013901
-4.8135 22.2794 7.22797293645
-6.9849 15.3853 20.645034619
-5.309 -5.1916 0.719945900745
-4.6121 -5.3723 2.85420367178
-1.9165 -6.3105 8.40505508489
4.1888 -12.0872 0.809752264585
4.9985 -12.0964 3.17954693785
8.1658 -12.3752 1.25192572064
8.8182 -11.3067 1.21372659195
9.3132 -12.4149 12.3591576189
12.2351 -24.4237 2.13051402483
14.2175 -25.2042 0.745647751958
14.7431 -24.6753 0.339436724589
15.0056 -24.4601 0.235600191002
15.1683 -24.2897 7.58070526073
9.3454 -27.0954 7.070368885
3.1638 -30.5273 5.53025666312
-2.3422 -30.0099 1.65614087867
-3.9903 -29.8469 2.58898906912
-6.5745 -29.6895 1.89820533399
-8.4727 -29.694 2.93652891694
-10.3935 -27.4728 0.825867604402
-10.4374 -28.2975 1.20038754159
-9.9973 -27.1807 14.8346866512
-7.5775 -12.5447 7.83968094057
-14.7985 -9.4922 0.312851801977
-15.107 -9.4402 6.52370060089
-8.8603 -7.5594 0.730876131776
-8.5669 -6.89 14.1620605005
-9.802 7.2181 1.37730581208
-9.3197 8.5082 0.441706248541
-9.0897 8.1311 1.15630979413
-10.0544 8.7686 25.3153063021
-19.0335 32.438 12.0938065943
-30.543 28.7243 11.8224114782
-41.3126 23.8473 6.79387406418
-47.6698 21.4509 3.33069198816
-48.1249 16.9474 8.3737735084
-41.1675 12.2875 9.41696939041
-36.0 20.16 4.46800546329
-35.0651 15.7909 0.990566065439
-35.8868 15.2377 0.663517068356
-35.7827 14.5824 1.33754300865
-34.653 15.2985 23.42015723
-15.3662 28.5847 7.20059702247
-8.9544 31.8615 5.24218459995
-3.7467 32.4618 0.907290102448
-2.8609 32.6581 1.57963076698
-1.2815 32.6851 1.05300661441
-0.2693 32.9754 0.623743184332
-0.0873 33.572 0.842486326299
-0.8018 33.1256 10.1856848272
-6.0522 24.3974 7.4003248476
-7.3938 17.1197 21.690049786
-4.8844 -4.4247 27.271093932
9.0983 -27.8383 0.989271070031
10.0226 -28.1909 4.99898008498
14.6493 -30.0839 8.52990837993
22.7369 -32.795 15.5116233183
38.2088 -33.9044 0.694396500567
38.6963 -33.4099 0.911620502183
39.345 -32.7694 0.627854282457
39.9004 -32.4766 4.04966715916
43.9421 -32.2227 4.46449388173
48.3722 -32.7758 0.948893634714
48.695 -31.8835 1.13665970281
36.4083 -15.5104 18.6210543163
34.1996 -34.0 5.24169706297
30.8369 -29.9791 5.30962751424
32.3566 -24.8916 2.8991603888
29.5696 -24.093 17.8723345417
16.585 -11.8121 0.849927643979
16.8056 -10.9913 1.24820531164
16.2249 -12.0962 15.2814937035
8.0983 -25.0377 0.696866543895
8.183 -25.7294 1.1203190126
7.6268 -24.7569 15.4987824209
1.119 -10.6906 1.69177541358
-0.5721 -10.7384 2.61028197136
-3.1715 -10.9765 1.12523317139
-2.5878 -11.9385 14.4838970643
0.5806 -26.0716 4.79113728879
-4.2048 -25.8372 0.686806996179
-4.1641 -26.5228 1.19288742554
-4.1337 -25.3303 15.224599396
-3.9426 -10.1069 1.16154250891
-4.0062 -8.9471 1.09653090244
-4.5003 -9.926 19.0422747656
-9.4072 -28.3252 2.94792098944
-12.3382 -28.0098 0.79847169643
-12.3275 -28.8082 1.27367941414
-11.9805 -27.5827 18.4392103619
-7.5596 -9.6813 0.449253892582
-7.9771 -9.5154 6.66546630327
-14.5701 -8.5352 0.238660470124
-3.5651 -4.4845 9.96016919987
1.9581 3.804 0.813789069723
2.394 3.1168 1.33289234374
2.465 4.4478 17.1541200427
4.223 21.5116 4.95525218834
7.0506 25.5809 4.03149057918
9.4221 28.8411 0.431807966578
9.8425 28.7425 1.05372623579
10.8628 29.0058 0.878089858727
10.3642 29.7286 1.36136297144
11.7127 29.5419 1.02728766176
12.349 30.3484 2.63189674949
14.0235 32.3789 1.65678278902
13.6815 34.0 7.77024661449
16.3962 26.7194 1.48792583821
16.6603 28.1837 0.328479557964
16.9684 28.2976 0.185735968514
17.1081 28.42 1.7487222907
15.661 27.4382 9.03980226554
24.12 30.6262 9.15953785406
15.7593 26.8851 2.41904270529
16.8324 29.0531 2.7113474473
18.5677 31.1364 2.26524403983
19.4461 33.2244 0.703783219465
20.136 33.3635 1.40206348644
19.6831 32.0366 5.35470755971
23.469 28.2498 1.00106457334
24.2162 28.916 0.777994665791
23.4391 28.8787 1.37802461879
24.7927 29.137 2.68268641477
26.4335 31.2594 1.39912218551
26.9127 32.5739 0.826782885648
27.7264 32.7204 1.1901931818
26.9005 31.8634 7.21807765267
25.2153 24.8448 9.30119795779
17.4052 19.7936 0.555808645129
17.8862 20.0721 2.43860711268
19.9458 21.3778 0.74097499283
20.6195 21.0693 0.283874919639
20.9019 21.0404 0.423200189036
21.2291 20.772 0.588631650525
21.302 20.1879 1.13267155434
20.6563 21.1185 0.575342419781
20.673 21.6936 0.324031603397
20.3498 21.6704 1.03407381265
21.3834 21.6391 0.863388128248
20.5225 21.5736 0.583359271804
20.0923 21.1796 1.22182997999
2.8275 19.4153 6.92294870774
-3.6325 16.9262 0.613987768608
-3.0462 16.7439 6.45313494822
1.1853 21.616 0.906846668407
1.1945 20.7092 0.348574826974
1.487 20.8988 0.490001969384
1.9758 20.9331 0.253928021297
2.1128 20.7193 0.484907455088
2.3996 20.3283 8.87951490792
11.0348 18.2597 1.04335514567
11.4518 19.2161 0.393064791097
11.775 19.4398 0.826300006051
11.7751 20.2661 0.510045262697
12.2395 20.477 0.521238620979
12.7504 20.3737 0.992609177874
13.7051 20.102 1.47235610502
12.3672 20.7167 0.414830387026
12.3316 21.13 1.48429383883
13.796 20.8878 0.933548252636
12.9413 21.2633 0.52598616902
12.4265 21.1554 1.25232693814
13.6615 20.9478 1.21142725741
12.4615 21.1138 0.581919796879
13.0434 21.109 1.7088299301
12.1657 19.6428 7.05767454974
7.7663 14.1241 1.00509331905
8.626 14.6448 22.2935236964
22.5498 32.0554 0.86825102361
23.4018 32.2226 3.76613000838
27.1328 31.7094 1.59211078132
28.6943 32.0201 1.21752511678
29.8613 31.673 1.74440045001
31.5055 31.0903 1.67763105002
33.147 30.744 1.16389778331
34.2843 30.4966 0.700531405434
34.9838 30.5346 1.72208153407
35.4197 28.8686 3.95412122222
33.9355 25.2036 2.64578837589
36.4768 24.4674 0.327498473279
36.6247 24.7596 0.847057926
37.0639 25.4839 0.442291171063
37.4671 25.6657 0.683081254318
38.1131 25.8877 0.69082473899
38.6592 26.3108 0.2998207798
38.9579 26.3367 1.13342705985
39.75 27.1474 1.09667388954
40.4781 27.9675 0.758757833567
40.0417 28.5882 0.923286141995
40.1484 29.5053 0.392851689573
39.9762 29.8584 0.530785163696
40.5047 29.8092 0.726071022697
39.8055 29.6135 6.38681478438
35.1633 34.0 8.98777627503
42.5044 28.8146 0.523489952148
42.0401 28.5728 0.693846164506
41.6988 27.9687 0.341257219704
41.4228 27.768 1.22610466111
40.3128 28.2888 4.3519351707
38.6511 24.2666 0.809650325758
38.8225 23.4753 1.57341784024
37.6904 24.568 3.54916483697
36.2524 21.3232 2.34528638976
38.5884 21.1147 0.294595179866
38.693 21.3901 0.887202846028
39.5775 21.3209 1.16772847871
39.4472 8.6986 0.664116443103
39.9949 8.323 1.34768628397
0.0 0.0 13.8900714199
13.8234 1.3593 8.44322254178
8.5089 7.9201 1.43475003049
7.114 7.5843 1.395796905
5.799 8.0523 0.0823165232502
5.727 8.0124 1.09995100345
6.722 8.4813 0.856016004523
6.5326 7.6465 0.985060246888
7.0151 8.5053 1.03701556401
5.9883 8.6505 8.03058438534
3.4357 1.0364 17.3455365446
-0.9194 -15.7535 4.76100788069
-4.3894 -19.0133 2.55005022107
-2.3216 -17.521 15.8018091815
-0.3466 -1.8431 9.91194736114
8.8877 1.7589 1.06126763825
8.6179 2.7853 1.92058296358
6.7973 2.1737 2.08861407876
4.7104 2.2583 1.96555816246
2.9496 3.1318 0.908814711589
3.0913 2.2341 1.09116019447
2.4002 3.0785 15.7029547974
-2.5602 17.9774 6.00233199515
-5.5455 23.1847 0.961557330584
-6.492 23.3542 0.954795444061
-6.5055 24.3089 0.699376415101
-5.8774 24.6165 2.67658510233
-8.394 25.528 4.12547578832
-10.1262 29.2722 3.36310939013
-11.5531 32.3176 2.98780386237
-14.3705 33.3122 2.46308563595
-15.2379 31.0069 10.071736536
-7.9212 24.0855 0.941561644291
-16.0821 -9.1447 7.41758439655
-8.9719 -7.0315 0.0841979809734
-8.9938 -6.9502 1.31447169996
-8.0494 -7.8645 0.845077327823
-8.5134 -7.1582 5.13262452357
-10.8691 -2.5981 0.51224920693
-10.43 -2.8619 0.329722322569
-10.4595 -3.1903 0.14315673229
-10.4139 -3.326 0.497397104937
-10.9011 -3.4262 0.888547635189
-10.044 -3.1919 7.80082173172
-11.6652 4.4386 0.559538041602
-11.1351 4.6177 0.453082001408
-10.7102 4.775 2.25503905953
-8.5348 5.369 0.347845856666
-8.3103 5.1033 1.14131421178
-8.7941 4.0696 9.09639132019
-12.2254 -4.3548 1.53311302258
-10.9069 -5.1371 0.888374183551
-10.0399 -5.3308 1.41153239424
-8.6488 -5.5701 1.35847535863
-9.0707 -4.2788 8.75205331451
-13.2768 3.3963 0.752630971991
-12.5301 3.302 0.500336736608
-12.035 3.3742 0.403733488826
-11.6482 3.4899 0.35996223413
-11.3162 3.629 1.17367201551
-10.5684 4.5336 2.26623786263
-8.3022 4.5205 1.25057566344
-7.064 4.345 1.39366074064
-7.6141 3.0645 0.723427066123
-6.9297 3.2989 0.433992269516
-7.3397 3.1566 0.369838559374
-7.2431 2.7996 1.37422906751
-6.4543 3.9249 0.899546891496
-7.0149 3.2214 0.554227281898
-6.8081 3.7356 1.13586175655
-5.9474 4.4768 12.6284943093
-1.3898 16.2542 19.4197654231
13.3872 28.8545 7.07690933812
20.2305 30.6578 10.0392865125
30.2563 31.178 7.8071092435
36.7588 26.8573 1.08710402906
37.7974 26.5362 3.54340307755
40.8298 24.7031 0.15081889802
40.8895 24.5646 0.110387408702
40.8772 24.4549 0.948290388014
40.5251 25.3354 2.00271324957
38.7511 26.2648 1.24761087684
30.6124 5.4602 0.8045604825
30.8178 4.6823 0.725387268981
30.0928 4.706 8.83320396232
22.0498 8.3578 1.43703399055
20.6863 7.904 1.56078996024
19.1472 7.6447 0.732081149873
19.2132 6.9156 0.278312144902
18.9461 6.9938 0.65661118632
18.3149 7.1747 0.79604579014
17.7826 6.5828 1.52234925362
16.2739 6.3794 0.734087188282
16.3903 7.1042 1.16034369477
16.3198 5.946 0.913065611005
16.2757 6.858 17.6615564006
0.0 0.0 10.7643821397
10.7611 0.2658 11.8627998592
-0.7094 3.2913 0.917000643402
0.1653 3.016 4.48666853021
2.7324 -0.6637 8.64037678924
8.3715 5.8828 2.87509519147
5.5271 5.4638 3.68810375803
2.6848 7.814 2.08084786806
1.1744 9.2453 2.081038534
-0.8989 9.066 1.66490288606
-2.5638 9.0629 5.4761455943
-2.8642 3.595 0.373565322266
-2.7266 3.9423 4.79115937952
-0.807 8.3321 4.386965107
-2.0787 4.1335 1.069027806
-3.1389 3.9964 0.777056651731
-2.8987 3.2574 21.6194542174
10.4298 -13.7647 0.817035109405
11.2157 -13.5413 1.18774519574
10.0314 -13.6317 17.5814336972
-2.5649 -25.8971 0.407352194053
-2.9614 -25.9905 4.57013927249
-7.4573 -26.8109 1.4224902671
-6.2057 -26.1349 16.5319356792
6.8352 -15.9742 0.123091226332
6.8948 -16.0819 1.12634195962
5.8673 -15.6205 14.6041523609
-3.3454 -4.2888 2.79041171514
-5.3477 -2.3453 0.506577614981
-5.1695 -2.8195 1.44161960655
-5.3545 -1.3898 0.144463317143
-5.3347 -1.2467 1.35522619883
-6.043 -0.0913 7.27340182102
-13.3043 -0.5107 1.05318967902
-14.3572 -0.5354 0.0666556824284
-14.3809 -0.5977 1.10796888945
-13.375 -0.1332 0.86124515093
-14.2311 -0.0392 1.64158254438
-12.9421 -1.0557 3.71662143351
-16.5493 -0.1605 0.173128911508
-16.3764 -0.1516 4.5399381009
-11.8928 -0.8646 2.48432945682
-13.7214 -2.5463 13.8113626355
-7.9777 -15.1067 0.836311867667
-7.225 -14.7422 1.02043989044
-7.6159 -13.7996 0.954645447273
-8.3356 -14.4268 20.2542052621
-20.0278 -30.9654 14.1061571
-47.0 -9.16 11.8843728829
-35.3329 -6.8979 0.327103439297
-35.5574 -7.1358 0.542535390551
-35.045 -7.3141 1.0293664945
-35.0333 -6.2848 0.77347207448
-34.2741 -6.1369 1.40043779583
-33.5692 -7.347 21.2275170117
-19.0914 -22.8712 0.470026658818
-18.6223 -22.8417 0.944134651414
-17.9191 -23.4717 0.765753811613
-17.155 -23.522 0.864254962381
-16.489 -22.9712 1.32048823168
-15.2244 -22.5911 0.788284441049
-14.4938 -22.8871 2.67559609246
-12.1385 -24.1565 2.3085316567
-9.8306 -24.2105 2.05140029492
-7.7975 -23.9371 0.972999948613
-6.8642 -24.2122 0.473455436129
-6.508 -23.9003 1.28146818923
-6.8514 -22.6657 0.482873948355
-6.454 -22.94 0.233441812879
-6.5268 -22.7182 1.01545131838
-6.8915 -23.6659 15.2573806192
-13.8355 -10.0803 0.684492841453
-13.5546 -9.4561 1.31298413166
-12.8959 -10.5919 0.523900343577
-12.8965 -10.068 0.741230901946
-12.915 -9.327 1.31782133083
-12.8859 -10.6445 15.5039141835
-11.3485 -26.072 0.481229976207
-11.2887 -26.5495 2.77311371747
-9.7907 -28.8832 4.9364151041
-6.5375 -32.596 2.41372287142
-4.2694 -33.4217 0.42543953742
-3.844 -33.4159 1.71794324703
-2.1586 -33.0831 2.18500864072
-0.001 -33.4281 0.602173396955
-0.5158 -33.1157 0.988692798598
0.4449 -32.8821 2.04579162184
2.4905 -32.9101 0.403047044401
2.8901 -32.8575 0.905191979637
3.7407 -33.1671 1.74092988084
4.5261 -31.6134 6.46354236313
7.8543 -26.0726 0.544167327207
8.3915 -26.1594 7.01596186492
14.1075 -30.2277 7.72333420551
21.706 -31.6107 10.8731744518
32.5545 -32.3428 0.991497816437
33.5351 -32.1962 6.2410172408
39.6843 -31.1296 0.827725582545
40.1785 -30.4656 1.52919243066
39.0792 -29.4026 4.65718257426
38.866 -24.7503 0.240883083673
39.0331 -24.5768 0.105259916397
39.1008 -24.4962 0.253426222006
39.3454 -24.4299 0.188172367791
39.5274 -24.3821 0.658345957685
39.8976 -23.8377 0.985729628245
40.7925 -24.251 0.69107604502
41.0816 -23.6233 1.07308401349
40.5897 -22.6696 4.35681477458
38.128 -19.0749 1.13296715751
39.2433 -19.2742 0.681728428335
39.7111 -18.7783 0.955768601702
38.887 -19.2624 0.326349046268
26.6935 -34.0 8.40405301863
26.581 -25.5967 1.25842784855
25.4241 -25.1015 2.54952066475
22.876 -25.0164 2.76328326633
20.3481 -26.1324 2.91708658939
17.6982 -27.352 1.20664850309
18.8188 -26.9045 5.65482264001
22.1523 -22.3367 2.02785857988
20.7124 -20.9088 2.89513773075
18.6266 -18.901 0.809787688225
19.2909 -18.4379 3.97868702464
16.3109 -15.8017 3.7566621887
12.5671 -15.4911 3.49349649635
9.6352 -13.5915 19.2473421838
6.9885 5.473 23.023360789
-2.8336 26.2961 6.49999071153
-8.3191 29.7831 2.82795177646
-10.7936 31.1521 3.29596899409
-14.0891 31.0965 13.9254431614
-27.9781 30.0897 17.6212118085
-45.5993 30.0693 5.24208753838
-24.3732 1.9436 9.54002775939
-14.8965 3.041 6.21795591895
-8.7899 4.2125 9.48401214518
-6.655 13.4531 15.0788214559
2.2445 25.6256 0.5226357814
2.3605 25.116 14.6267329889
0.7958 10.5732 0.71160129286
0.8464 9.8634 1.25801968586
1.5157 10.9286 16.4466604735
8.6904 25.7278 0.30158622316
8.4759 25.9398 10.029716818
5.9668 16.229 1.71468848774
7.6538 16.5359 1.81482766399
8.955 15.2708 0.359806753689
12.0125 34.0 4.21469102664
9.5059 30.6117 3.09034138729
6.7742 32.0567 3.5085891552
3.3747 32.9248 1.32475263351
2.0612 32.7525 2.86511448288
-0.7644 32.2783 4.47624259955
-5.2378 32.1188 1.03377366962
-4.9362 31.13 16.3110871695
-3.3441 14.8968 0.451604162957
-3.7295 15.1322 0.620321287721
-3.3204 15.5985 2.08402956073
-5.154 14.608 0.386673828957
-5.0216 14.9713 1.06102418917
-4.5628 14.0146 0.913735459529
-5.3096 14.5411 15.0692078468
-11.3484 28.3474 3.50147999138
-14.8051 28.9056 2.81045807832
-16.5501 31.1087 3.37950294126
-19.6544 32.4445 3.78794815434
-23.4423 32.4254 1.9067323357
-25.3231 32.7388 1.69285449168
-27.0043 32.9371 9.68121613228
-36.5015 31.0585 12.8359700237
-49.2277 29.3834 3.05728146071
-50.4385 26.5761 1.064646129
-49.5082 26.0584 1.2762014026
-50.0361 27.2203 0.967572643268
-49.483 26.4264 20.5520521452
-34.0117 12.8977 0.994254152619
-33.0201 12.9703 0.298963041194
-33.1532 13.238 3.95366275876
-36.9332 14.3969 8.95988421856
-35.9296 23.3004 0.290442920382
-36.1774 23.1489 11.4586909204
-46.1655 17.5329 0.918468970624
-46.926 17.0179 2.33055831937
-33.624 -34.0 3.23493009662
-35.0072 -31.0757 0.845629570202
-35.7908 -31.3936 2.47111372867
-37.9863 -32.5277 0.2956460891
-38.2157 -32.7142 6.01452772626
-44.0241 -31.1531 5.45104583176
-49.0146 -28.9602 2.0462303927
-50.8997 -28.1643 1.41598628878
-50.0283 -27.0482 1.64431756361
-50.4913 -21.3113 8.67723325778
-42.2887 -18.4808 1.22883667344
-41.0928 -18.1982 22.1705757356
-19.8309 -11.916 0.594516610365
-19.8115 -12.5102 0.412007584882
-19.8995 -12.9127 6.83338152894
-13.1521 -13.9933 0.614695794682
-12.5537 -14.1339 0.582175815369
-11.9775 -14.2171 2.13293210628
-9.8471 -14.321 7.41097630276
-2.5691 -12.9234 1.25874891063
-9.7349 -34.0 4.06172460908
-10.5063 -30.0122 1.49067762444
-11.9036 -29.4929 2.36393029508
-14.1156 -28.6591 0.801828416807
-14.2976 -29.44 1.28153277367
-13.8321 -28.246 17.0308588163
-8.665 -12.0179 0.880581154693
-8.4919 -11.1545 1.14501248901
-8.5563 -12.2977 12.2728556807
-9.2783 -24.5493 13.4705461099
-20.4246 -32.1134 14.707859638
-35.0769 -30.8362 15.8272649201
-50.4407 -27.0341 0.736353861944
-50.0102 -27.6315 1.46444826471
-49.5243 -21.3555 1.17377223089
-49.9224 -20.2513 1.07840019473
-48.8451 -20.3 1.16662895558
-49.9405 -19.8986 12.8063970468
-37.1961 -18.64 0.861609517125
-36.3347 -18.621 22.0439512597
-16.9464 -29.1105 1.09353935915
-16.0592 -28.4712 18.0290390121
-5.5533 -13.8195 0.497284475929
-5.3789 -14.2852 14.9773572976
-8.8098 -28.8643 0.500809354945
-8.3599 -28.6443 13.0339057312
-3.3184 -16.6249 0.242877458814
-3.2845 -16.3844 10.086958614
-1.9997 -26.3892 9.30114025967
-11.0095 -24.0795 1.62216819412
-9.4008 -24.2881 0.851176039371
-8.5537 -24.3713 0.760535554724
-7.9389 -24.819 1.76175494891
-6.2718 -25.3887 1.7218884749
-4.5512 -25.3221 1.30395494554
-3.2637 -25.1156 0.473897974252
-2.8189 -25.2791 1.12265646126
-1.7097 -25.4524 1.2103234485
-0.6739 -26.0785 2.26330573277
1.5891 -26.1157 0.542701409617
2.082 -25.8886 0.915185910075
2.9665 -25.6536 0.361639281605
3.3241 -25.7075 1.2483554622
4.5597 -25.8855 0.630894000605
5.1415 -25.6415 0.525244295543
4.6381 -25.4916 4.91794032599
1.3789 -29.1745 11.0181144712
-5.4616 -20.537 0.486032262304
-5.4172 -21.021 0.960680841903
-4.4644 -21.1438 1.03662048021
-4.1535 -20.1549 1.23055352179
-2.9841 -20.538 0.82168383214
-2.1745 -20.3976 0.873792217864
-2.1373 -19.5246 0.229742138059
9.7733 -21.9753 6.54870872844
3.5757 -19.8598 1.68233121887
1.909 -20.0886 9.32047291182
-4.2117 -13.0595 1.17923779621
-4.859 -12.0738 1.1563292135
-5.0544 -13.2135 15.1955441643
-4.0498 -28.3758 0.889387407152
-4.6388 -29.0422 1.41897064804
-4.5455 -27.6263 5.64281014478
-4.5348 -21.9835 0.459058601924
-4.4802 -22.4393 7.41665167107
-8.0837 -28.9217 1.54389936524
-7.6448 -27.4415 2.788270073
-7.4942 -24.6573 3.9419793518
-9.4606 -28.0738 1.17294861354
-9.0683 -26.9684 3.58343505034
-7.9293 -23.5708 6.23409536822
-11.4852 -28.6913 5.53708497768
-9.9154 -23.3814 0.512767237643
-10.3214 -23.6946 7.58308744839
-14.5333 -30.0004 2.66476426162
-17.1672 -30.4048 2.29408283416
-18.4934 -32.2767 3.38330627937
-21.8677 -32.03 3.78963873344
-25.6235 -32.5353 3.70662392077
-29.3168 -32.8493 2.6810192931
-31.8322 -31.9216 7.60162953188
-39.4237 -32.3139 2.8175379678
-42.2023 -31.8471 6.18645791548
-48.2968 -30.7844 0.763901616702
-48.5526 -31.5042 1.16810791454
-48.1303 -30.4151 14.4402546103
-45.4642 -16.2231 0.487494533303
-44.9768 -16.2135 1.81995800501
-44.7401 -18.018 3.74609307012
-45.5853 -21.6675 1.06337562507
-44.7037 -21.0729 16.8323300553
-37.7031 6.8026 0.952378758688
-38.3492 6.1029 0.697615316632
-38.7559 5.5361 0.376175623878
-39.1226 5.62 14.8715241573
-36.0 20.16 9.94779437916
-28.679 26.8951 15.3764325398
-13.4484 29.0078 0.530291853605
-12.9243 29.0886 0.521858927297
-12.4968 29.3879 1.56408543565
-11.2183 30.2889 0.884212943809
-10.3405 30.1826 2.55418426313
-7.7895 30.3101 2.16950697164
-5.789 31.1496 3.55070521587
-2.2457 30.9204 0.804181876195
-1.5442 30.5272 0.629224173089
-1.1101 30.0717 0.40813551671
-0.9015 29.7209 0.317283091261
-0.7405 29.4475 1.56506165054
0.4701 30.4394 0.605445497134
0.6808 29.8718 0.419880042393
0.7478 29.4573 0.269914968092
0.7906 29.1908 4.82071505484
1.1236 34.0 13.2171169806
-9.1456 25.6792 0.290109841267
-9.055 25.9548 0.109656053184
-9.1576 25.9161 1.34492544403
-9.215 24.5724 17.4114916547
-11.3508 7.2924 0.941944334873
-10.4351 7.0716 14.4066930619
1.3676 -1.1897 9.29570309552
-6.9404 2.9801 1.41468002389
-6.0918 1.8482 9.10976767047
0.7892 -4.1217 4.98490454472
5.6188 -5.3563 6.67457357814
11.5111 -2.2209 0.283053369526
11.7631 -2.3498 1.30388491823
11.1199 -3.484 19.1228442785
8.8978 -22.4773 0.598415649862
8.2998 -22.455 12.2077001479
-3.7181 -24.5993 0.775392861716
-3.1484 -25.1253 0.600144890839
-2.7494 -25.5736 2.86705060472
0.0732 -26.0765 0.722089308881
0.7083 -25.7329 0.738216946432
1.4382 -25.8434 0.500775438695
1.9384 -25.8194 0.320351338377
2.1617 -25.5897 1.42960510981
0.7848 -25.2051 11.8395823659
-9.0254 -18.5767 0.31275479213
-8.9044 -18.8651 9.19779787667
-4.7881 -27.0904 1.67308580174
-3.1232 -26.9251 0.53098829554
-2.9208 -27.416 0.327535830101
-2.6962 -27.6544 0.190352961627
-2.5067 -27.6724 0.801547459605
-1.9694 -27.0776 17.780293938
-18.3468 -34.0 6.29622015022
-20.6981 -28.1593 0.507795313094
-20.1963 -28.0815 0.660054368973
-19.5867 -27.8284 9.59477419067
-10.9191 -23.7135 0.835215235733
-10.4398 -24.3975 2.58648853274
-8.7181 -22.4673 0.864197211289
-9.5792 -22.3942 1.65417542298
-9.756 -20.7495 8.67912371729
-8.1945 -12.212 9.07469228679
-10.9822 -3.5761 7.6879992833
-5.4955 1.8092 0.266314043941
-5.5209 1.5441 0.606242096856
-6.0677 1.8059 0.498704852593
-6.0699 2.3046 27.1997949597
4.9693 -22.5543 0.665557120013
5.5665 -22.8481 1.74982382256
7.1811 -23.5226 0.468979797006
7.6078 -23.328 0.565852312887
8.1168 -23.5752 0.332182434816
8.4489 -23.5826 0.344866727882
8.733 -23.3871 0.335211694307
8.9738 -23.1539 0.375474659598
9.2399 -23.4188 3.74701343739
12.5776 -21.7159 0.934961560707
12.61 -22.6503 0.916362357367
13.4591 -22.3057 1.83369934286
14.9699 -21.2665 0.802210109635
15.6984 -20.9306 0.192026664815
15.8744 -21.0074 0.451173226156
16.1892 -20.6842 0.344065226374
16.5234 -20.6024 0.615652377564
17.0102 -20.2255 1.39421101703
15.6446 -20.5065 0.128673112965
15.7667 -20.5471 1.06163184768
16.745 -20.1348 0.707693415258
17.0864 -19.5149 1.90570650941
18.1307 -17.9208 0.244276441762
17.926 -18.0541 1.02199680039
18.6999 -17.3866 0.530747416386
18.2548 -17.0975 0.0299896648864
18.2341 -17.0758 0.0578972365489
18.2194 -17.0198 0.896170709184
18.9519 -17.5361 1.18416690124
17.851 -17.9723 3.47467439194
21.1008 -19.202 0.746030455142
21.6396 -18.686 0.373507402872
21.3289 -18.8933 1.33875608309
20.9093 -20.1646 0.897574091649
21.8023 -20.0741 0.147510711475
21.9473 -20.047 0.923149180794
21.2044 -20.595 0.113048352487
21.1737 -20.7038 17.5450364961
3.8879 -23.7087 13.0046115148
9.4547 -11.9558 0.504989603853
9.914 -12.1657 1.17737341995
9.2549 -13.1413 13.7219916503
-0.6093 -22.6802 0.188142632064
-0.7351 -22.8201 1.85804612429
0.9771 -22.0985 2.22275101845
3.1236 -21.5213 2.79619071238
5.7381 -20.5298 9.06846774764
14.8058 -20.6478 0.768097265976
15.5653 -20.7624 2.68947513839
18.2287 -21.136 1.54503192524
19.678 -20.6006 1.33625851541
31.5041 -34.0 4.7019124726
27.9022 -30.9777 5.01059034945
30.1516 -26.5004 0.757771528892
30.5391 -27.1516 0.799322094027
31.0516 -26.5382 1.36700625456
29.7595 -26.9845 1.07373260172
30.8018 -26.7266 0.828620160266
29.9734 -26.7457 2.857698714
27.1497 -27.1852 0.976817239815
26.4911 -27.9066 0.864374878163
25.7938 -27.3958 1.4071744206
26.957 -26.6039 0.835552541735
26.1772 -26.904 16.6430450234
9.8025 -29.8806 8.28031680855
2.5066 -33.7964 4.47165691215
-1.9179 -33.1487 3.20636408725
-4.9958 -32.2502 1.84763367852
-6.8068 -31.8841 3.17442660334
-8.6667 -29.3116 1.37945846259
-9.5045 -30.4075 1.68636250255
-10.945 -31.2843 2.23739502994
-12.7424 -32.6167 1.40049443055
-13.5497 -31.4723 0.761068492319
-12.8036 -31.3221 14.7176160549
-2.0783 -21.2436 1.10625698642
-0.9767 -21.345 0.841430900312
-6.4641 -11.3007 0.341375687476
-6.1235 -11.2777 9.49909431525
3.043 -8.7861 0.969688743876
3.4881 -7.9246 6.92426426417
4.6375 -1.0964 0.293073113745
4.5198 -1.3648 3.99700003127
6.6643 -4.7378 0.249906482509
6.736 -4.4984 0.0895361937989
6.6672 -4.5557 0.596446342935
7.2154 -4.7907 6.05335148575
6.0168 1.1428 0.551874668743
5.7666 0.6509 0.818506524104
6.4749 1.0611 0.886840977853
5.6705 0.6877 21.2507124986
-9.5386 -14.154 0.985500020294
-8.8588 -14.8675 1.32105728869
-9.5358 -13.7331 10.7971310935
-12.9374 -3.4858 0.459477115861
-12.8403 -3.9349 7.30115875255
-10.6355 -10.8952 0.32636353963
-10.3095 -10.9106 0.195893159656
-10.1153 -10.9363 0.677010553832
-9.8373 -11.5536 3.34008613661
-6.5021 -11.373 6.74149473411
-9.8758 -17.2096 0.929766556723
-9.1606 -16.6155 3.0803642658
-7.0701 -14.3531 2.3366095994
-4.747 -14.1022 10.4809229675
3.5745 -20.4742 0.318155496574
3.8669 -20.3488 1.29321509425
4.8021 -21.242 7.80244910909
-1.0052 -26.4529 10.2840907605
10.3089 -34.0 5.68741569872
6.5891 -29.6977 2.29167773694
7.0414 -31.9443 0.809265160501
6.4011 -32.4392 2.0308872076
4.3749 -32.3013 3.25783011988
1.1259 -32.0616 7.87935026826
-6.6509 -30.7945 0.417635726441
-6.2347 -30.7599 4.82893796709
-1.408 -30.6129 5.83468469499
-7.2423 -30.6799 0.385145089544
-7.1766 -31.0594 1.07461186016
-6.3454 -30.3783 5.4565136745
-1.7222 -27.4801 0.47052568474
-2.1143 -27.7402 5.96179553658
-7.8042 -29.5201 2.96786671028
-5.1382 -28.216 0.183653205798
-4.9585 -28.1781 1.91053689313
-3.8934 -26.592 3.05547551127
-6.7886 -27.5686 2.43709200688
-4.483 -26.7789 0.730994528023
-4.5396 -27.5077 0.681081001056
-5.0489 -27.9599 1.02342292822
-4.8157 -26.9634 0.659025045048
-5.1906 -27.5054 3.32223994468
-7.5282 -29.8661 3.40161761813
-10.5463 -31.4352 3.09776992367
-13.403 -32.6333 0.912840210552
-12.8548 -31.9034 9.17893034727
-6.3974 -25.38 1.30900035523
-7.5962 -25.9057 10.7168324051
-17.155 -30.7513 3.67279565454
-20.8144 -31.0647 10.6699300335
-31.354 -29.4021 17.2463201234
-48.5558 -28.1637 3.57864730031
-49.7981 -24.8076 12.5201691143
-46.1943 -3.1603 4.75702214626
-41.7362 -4.82 8.49658656462
-35.5593 -10.6542 0.397941465545
-35.2403 -10.4163 2.43357436295
-32.844 -9.992 0.958680181291
-32.0153 -9.51 1.23859840546
-31.2513 -10.4849 0.572602479911
-30.9645 -10.9805 0.731356718708
-31.6912 -10.8981 1.12849094369
-30.6778 -11.3946 19.3649698778
-16.1772 -24.2295 1.15135916203
4.3839 -3.9087 0.529672899061
3.8886 -3.721 8.60348288195
-4.7055 -3.3193 3.25231625154
-7.1405 -1.1633 1.62932930066
-8.5671 -0.3762 0.867217072018
-9.2763 -0.8753 1.18919278925
-8.2145 -0.3398 13.6133782971
-0.5116 10.8847 0.927060154467
-1.4373 10.9349 1.18725761737
-1.1201 9.7908 7.58718150172
-4.2234 2.8673 11.8619361674
5.6996 9.3665 0.760298263841
5.0363 9.7381 2.70267734663
2.3741 10.2041 2.74841054612
-0.3117 9.6208 1.70315201905
-1.2679 11.0302 0.975588950327
-1.2487 10.0548 0.879617558943
-1.4339 10.9147 18.9832561214
-10.3575 27.6698 5.62133234207
-15.3988 30.1567 3.97515817295
-19.2873 30.9822 3.29862293238
-22.5771 30.7411 6.14569485087
-28.7225 30.8013 11.122966447
-39.7548 29.384 11.9766750282
-50.3431 23.7868 11.0070032729
-48.2762 12.9756 0.61872763798
-48.2992 13.5939 5.8206666534
-48.079 19.4104 16.1924333267
-34.4588 10.6534 0.88952627842
-35.2254 10.2022 10.5394398646
0.0 0.0 7.14131788188
-1.8325 -6.9022 1.25219621865
-0.8206 -7.6398 0.996982366945
-0.9984 -6.6588 15.6482200521
-1.1586 8.9886 0.29261855717
-1.3287 8.7505 0.226481014657
-1.1088 8.8047 7.49927076521
-4.2003 1.9723 0.512840959753
-4.699 2.0919 8.20409657732
-12.3733 4.9923 3.85883835888
-10.1455 8.1431 9.74225188804
-1.1966 4.2923 0.347252890557
-1.0882 3.9624 1.25786632835
-1.9525 3.0485 12.3562344219
3.5185 7.4126 4.5120064007
2.4865 3.0202 15.3707806389
-2.1059 -11.6485 17.5457808746
-10.105 -27.2648 5.15469309271
-14.2592 -30.3166 0.746140985337
-14.9701 -30.5432 0.142869030934
-15.1117 -30.5242 0.10934212363
-15.2196 -30.5065 0.0858008158469
-15.3043 -30.4928 0.0786853226466
-15.3816 -30.4781 0.105078875137
-15.451 -30.557 1.16761533477
-14.5329 -29.8356 12.1181434502
-7.2811 -20.1268 3.08931905928
-9.0488 -17.5932 2.47980938985
-10.3343 -15.4726 8.94715018986
-17.7537 -10.4722 0.90075118096
-18.1067 -9.6435 23.2295952175
-0.2161 5.1734 0.700613195708
0.2493 4.6497 0.529182057519
-0.2769 4.5936 1.53284630019
-7.3632 -8.591 0.8598303321
-6.8258 -9.2622 8.46335817333
-1.6444 -15.9541 19.8946091535
11.3895 -30.9845 0.970348411654
12.3297 -31.2245 0.789493369193
13.0944 -31.4208 5.36557003123
18.2244 -32.9932 4.50115850088
22.7067 -33.4048 0.569280949971
23.2759 -33.4144 0.902519722776
24.1783 -33.4291 0.626095240359
24.7165 -33.1092 2.41398542249
27.0976 -33.5063 0.589253095028
27.6831 -33.5727 0.341729264184
28.0223 -33.6142 0.117826737203
27.9288 -33.5425 0.0507424871286
27.9794 -33.5387 0.0860225551818
28.0462 -33.5929 0.21720112799
28.2634 -33.5936 0.182538461701
28.4432 -33.5621 0.653226392608
29.0926 -33.6327 0.144395048392
29.2173 -33.5599 0.854784446513
30.0714 -33.5257 1.50799290449
31.578 -33.5905 0.387608836329
31.9449 -33.4655 0.485278167652
32.4228 -33.5498 0.420807319328
32.843 -33.5272 0.164997606043
32.982 -33.6161 1.05459475155
34.0348 -33.5546 0.336952993754
34.3692 -33.596 0.430083015242
34.799 -33.5804 0.350263129661
34.8341 -33.2319 1.44859018704
36.2713 -33.4132 1.13671534256
37.4049 -33.4973 0.522290359857
37.927 -33.5114 0.498076429878
38.4243 -33.5392 0.575605003453
38.9999 -33.5416 0.257988468735
39.2548 -33.5814 0.049040799341
39.2952 -33.6092 0.0307405269961
39.3245 -33.5999 0.207788450112
39.4743 -33.4559 0.854292063641
40.328 -33.4877 0.223467156423
40.4949 -33.3391 0.0829710792988
40.4523 -33.2679 1.13630286896
39.3737 -33.6254 0.0635314882558
