0.0 0.0 7.54491566686
-4.1699 6.2879 0.261138928542
-3.9164 6.2252 1.12264865385
-3.4304 7.2372 0.909909885648
-3.6648 6.358 21.1925704647
-5.3445 -14.7679 12.6433575307
5.2233 -21.7088 1.28822355979
5.6046 -22.9393 1.25485082779
4.5422 -22.2715 0.735569989872
5.0486 -22.805 0.535845808046
14.0056 -25.6059 2.35590398149
12.0217 -26.8765 8.43422571254
3.5906 -26.6469 1.49715223341
2.139 -26.2804 4.46834289195
-1.9774 -24.5422 2.72193384563
-4.6893 -24.7757 2.74010894126
-7.4294 -24.7687 0.621024604988
-8.046 -24.8427 2.14486452952
-10.1853 -24.9971 8.52204202348
-12.9957 -16.9518 0.930650165207
-13.8 -17.42 0.980011683604
-12.8221 -17.3557 0.587228107297
-8.5714 -21.0674 7.4878444228
-15.6117 -23.6173 0.471905159963
-15.2055 -23.8575 2.59097167294
-13.209 -22.2061 0.465242152003
-12.7439 -22.1946 1.15518796739
-11.6389 -21.8578 0.546595142679
-11.0929 -21.8833 7.04104138889
-10.4629 -14.8705 0.594376311776
-9.8885 -14.7177 0.361042338237
-9.5339 -14.6498 1.3819114769
-8.4976 -15.564 1.87135547131
-8.7345 -17.4203 1.57462852127
-9.2358 -18.913 6.72775807234
-7.9606 -25.5188 0.765809819733
-8.1284 -26.266 1.12080028551
-8.1292 -25.1452 5.79663881918
-9.9184 -19.6316 0.488366020521
-9.7325 -20.0832 1.12531425389
-9.0766 -19.1688 0.182690585417
-9.2287 -19.0676 0.509848457877
-9.5704 -19.446 0.990330419608
-8.9901 -20.2485 0.372756555945
-8.6653 -20.0656 0.271550879211
-8.4325 -19.9258 0.12814523011
-8.3483 -19.8292 0.0661250330813
-8.3067 -19.8806 8.03233376423
-8.2058 -27.9123 0.670142857904
-7.5374 -27.9606 1.4338462714
-6.1201 -27.7434 4.38135962916
-2.3197 -25.5632 3.00660778952
-5.3053 -25.918 2.1684590289
-3.4669 -27.068 0.521983457592
-2.9617 -27.1993 3.70983893047
-0.6377 -24.3076 0.562272291688
-0.132 -24.5534 1.01665928413
0.5663 -25.2923 1.74556590251
2.2519 -24.8387 1.79855414153
4.0395 -24.6405 1.09141649245
4.0335 -23.5491 1.11714966768
5.0832 -23.1668 6.61150736217
4.0764 -16.6324 0.542844775235
3.7378 -17.0567 11.4768389607
0.068 -27.931 1.85481720124
1.6078 -28.9651 0.439800466121
1.8107 -29.3553 1.70258336653
3.4883 -29.0647 11.8355923899
-4.6378 -20.4596 0.417896219174
-4.2728 -20.6631 8.7213920953
-0.7946 -28.6609 1.52888477329
0.4906 -29.489 0.565960723019
1.0431 -29.6117 6.71362209988
-4.0378 -34.0 8.59024850455
-9.3102 -27.2181 1.57103506326
-9.5416 -25.6642 16.7147677654
-13.9855 -9.551 0.885811548807
-14.7716 -9.1427 0.683655424904
-14.2141 -9.5384 1.23279366076
-13.0652 -9.9854 0.597761432346
-13.5979 -10.2566 1.33220587748
-12.3628 -10.7559 7.34006518023
-18.283 -15.095 1.75815222606
-16.7037 -14.3224 6.81311523754
-10.5255 -11.4504 0.468252933787
-10.2671 -11.0599 0.8991073184
-9.6357 -10.4198 0.431647645656
-10.0645 -10.3703 0.404360952615
-10.3418 -10.076 1.45723388651
-9.6512 -8.7928 0.259659334514
-9.7411 -8.5492 18.5421104926
-16.9357 8.5402 2.58222386326
-14.8839 10.108 2.4852969903
-12.9136 11.6228 1.66796360872
-11.2702 11.3376 5.9775102593
-5.2945 11.1905 0.797665920044
-5.9999 10.8181 0.783591149771
-5.2209 10.7334 10.6913995927
5.0036 7.6084 13.6488086385
0.3986 -5.2401 1.3983175748
-1.6458 0.7899 0.629762891889
-2.0165 0.2808 17.7355276643
-10.6842 -15.1924 0.607727323723
-10.0857 -15.2979 0.356759933288
-9.7355 -15.2298 2.47693367089
-7.2976 -15.6678 1.07258995893
-6.9625 -14.6489 0.36047603249
-6.6561 -14.459 1.19899563385
-5.4699 -14.2843 1.02881849225
-5.9389 -13.3686 10.8483879729
-10.5958 -3.5706 0.363553847456
-10.7356 -3.235 0.193755980553
-10.8739 -3.3707 2.8654853219
-9.7842 -0.7205 12.5308715515
0.2236 6.8205 2.63744716345
2.5171 5.5182 2.20822032642
4.5197 6.4487 0.333024023157
4.5967 6.1247 1.5251434621
4.954 4.642 20.3315023461
-6.6601 -12.0458 0.591349313012
-6.0877 -12.1943 0.321746126628
-5.7698 -12.2439 0.293256065581
-5.4804 -12.2913 1.23894577767
-4.5762 -13.1383 0.413261418475
-4.3052 -12.8263 5.08391568085
-9.3788 -13.15 4.475046964
-4.9475 -13.7742 0.727104703602
-4.235 -13.9192 0.845950855547
-4.0853 -13.0866 0.63593474508
-3.4535 -13.159 0.68685745246
-2.8631 -12.808 3.79699640505
0.8452 -11.9921 0.891965851364
1.737 -12.0093 1.32109719552
3.0542 -12.1107 1.17102007242
2.2143 -11.2947 13.5668233279
-4.8482 0.2889 12.4413115969
-4.9494 12.7298 1.5446299395
-3.7703 13.7276 1.57259513544
-2.6792 12.5951 0.396109505061
-2.3377 12.3944 1.43564196094
-1.4957 11.2316 1.23856477021
-2.497 11.9606 6.09238883362
-7.3511 15.6423 0.378823652905
-7.0167 15.8203 1.47852728078
-6.1333 17.0059 2.78826909928
-3.7544 15.5515 0.381617111776
-4.1273 15.4704 3.80748353903
-7.6124 17.0037 1.39866528162
-6.2753 17.4141 2.47898180106
-3.9442 18.2575 2.40014130626
-6.1844 17.396 2.09321190996
-4.3171 18.3419 1.61231725476
-5.8348 17.7977 1.31001131675
-4.823 18.6298 0.292327299444
-4.58 18.7923 0.185787459211
-4.5857 18.978 0.391483843856
-4.1975 19.0286 1.09002437129
-3.1448 18.7458 0.66430271714
-2.6145 18.3457 2.67053454574
-0.3719 19.7957 0.616732202824
0.1087 20.1822 0.330852912939
0.4129 20.3123 0.578924675584
0.9542 20.5176 1.18759375209
1.5478 21.5462 5.11639320713
9.4394 23.2417 2.76100269467
6.7526 23.8775 1.65984329983
6.1179 22.3438 9.25862060784
13.3239 16.5304 0.22870218626
13.0952 16.5314 6.57497715661
7.2597 13.502 0.92400034632
7.2605 12.578 1.01382306642
6.2666 12.778 0.323336743968
6.4469 13.0464 2.10871815566
4.7094 14.2413 0.712698737195
4.9739 14.9031 1.20795215551
4.5224 13.7827 0.975224692058
4.9368 14.6655 0.999876197336
4.9133 13.6659 1.17673217004
4.8275 14.8395 14.6587010492
-3.6984 26.7637 4.46186737813
-8.1573 26.9264 3.19825728171
-10.7381 28.8154 2.80048410101
-12.4689 31.017 3.4945358905
-14.2892 34.0 6.66725157242
-20.3075 31.1308 2.86864518022
-22.7106 32.6974 0.890996391687
-23.5822 32.5125 1.38284108993
-24.9604 32.6257 0.763801466351
-25.5206 32.1065 1.11244959436
-26.5523 32.5226 1.68860313869
-28.2057 32.1796 2.29305224755
-30.4751 31.8511 1.77309880435
-32.183 31.3747 2.72324938263
-34.8586 30.8675 3.09245822284
-37.9321 30.5256 8.41660070634
-46.346 30.7388 3.33799818155
-48.8635 28.5469 3.87327013517
-39.3714 15.2635 0.639698874471
-39.7818 14.7728 10.5831228099
-42.6272 -9.9037 9.99065573423
-32.7934 -8.1403 0.613830204535
-33.397 -8.2519 0.930015940724
-32.4979 -8.0141 0.823756565983
-32.8811 -8.7433 0.567991311553
-32.8373 -8.177 12.8878076821
-34.8186 4.5576 0.218996917787
-35.0367 4.5378 0.860964720532
-35.4579 3.7869 1.28626522926
-34.7699 4.8737 13.6817044004
-24.752 14.192 9.73262508525
-16.8952 19.9361 1.98542711022
-14.9332 19.632 2.49006965766
-13.4111 21.6027 0.838216988613
-12.6245 21.8923 1.82487595469
-11.4345 23.2758 1.04061609155
-10.7309 24.0425 1.5481023545
-9.8472 25.3136 2.58896364015
-8.8635 27.7084 2.69171963808
-6.5945 29.1565 0.469030841203
-6.2073 29.4212 2.30919550493
-4.2575 30.6584 5.10541776547
0.8205 31.1868 1.52049952976
2.1196 31.9769 1.45809914958
3.3708 32.7256 0.0550272659688
3.4228 32.7436 0.883603536661
4.2843 32.94 0.515676303508
4.6197 32.5483 1.51190767245
3.1438 32.2203 14.1241959506
-10.9592 32.9938 0.35656697828
-10.6977 33.2362 0.578463283191
-10.2713 32.8453 1.6046389812
-8.6768 33.0254 0.515382314404
-8.1806 32.8861 1.49561316188
-8.8594 31.5534 10.3688587887
-11.3741 21.4941 0.876704157627
-10.4974 21.4968 0.284920006318
-10.2164 21.5439 15.7535604007
-0.5717 34.0 9.6173179884
-7.6182 27.4548 5.21045209651
-2.8726 29.6061 2.05050002195
-1.5241 31.1508 0.224133754709
-1.3204 31.2443 1.30288424659
-1.9548 30.1063 0.444534205658
-2.2869 30.4018 1.03190984102
-2.0013 31.3934 1.66332203136
-0.6456 30.4297 13.1042506943
-10.7405 22.0742 9.2077124222
-4.0143 28.3623 14.2809301899
-1.8133 14.252 1.03177802361
-2.6568 13.6578 0.116521628894
-2.6743 13.5426 0.260158663127
-2.4226 13.6084 1.07776514139
-1.6049 14.3105 0.972024207517
-2.1904 13.5346 12.6970832257
-9.7316 3.3196 0.966377493529
-9.0971 2.5907 8.98396838652
-2.5265 8.7176 1.69441195699
-1.9917 10.3254 14.0551463201
-9.7025 22.0766 1.44245181895
-9.4451 20.6573 0.542107590797
-9.9871 20.6681 2.95824782092
-9.7012 17.7237 0.7888
-9.0052 18.0949 2.60048050368
-7.2719 20.0335 0.298336521398
-6.9817 19.9643 0.2934472525
-6.7665 19.7648 0.279752604992
-6.8419 19.4954 0.855120090981
-7.6968 19.476 7.42746223282
-8.3677 26.8731 1.17559416467
-7.3969 27.5361 25.9405310426
18.264 31.3347 13.7160695321
31.7305 33.9393 6.64341392057
37.8681 31.3967 0.611606572888
38.1855 30.8739 2.5427302354
40.2271 29.3582 0.254492160979
40.4973 28.4151 8.0616841367
36.3359 21.5105 10.2600099654
38.3816 11.4565 0.864476795524
38.4443 12.3187 1.06111037126
0.0 0.0 4.07367216158
4.0322 0.5798 1.0317679051
3.0832 0.1749 2.75719314158
0.3341 -0.0362 4.13062040982
-1.9895 3.3789 2.83598406378
-4.2239 5.1254 2.05362458595
-5.6034 6.6467 4.18617007418
-8.4339 9.7309 13.506810585
-11.2372 22.9436 2.20890796775
-13.2587 23.834 1.97479020911
-14.7748 25.0994 1.18981563698
-15.4838 26.0549 2.49643686281
-17.1488 27.915 2.88412244019
-19.1648 29.9775 2.92575822822
-21.0948 32.1764 2.85318598412
-23.9383 32.4113 1.01400343688
-24.9474 32.3117 2.67543905929
-27.622 32.3787 2.81936075911
-30.2498 31.3572 2.57793220431
-32.7187 30.6154 2.2038824946
-34.6934 31.594 2.99649642249
-37.5393 30.656 9.06709763155
-46.6054 30.7905 3.58781528231
-49.3581 28.4894 2.18171206166
-51.0685 27.135 0.750235936223
-50.8625 27.8564 1.22308722911
-50.8411 26.6335 0.36252466123
-51.0109 26.9538 2.24489118222
-50.847 24.7149 10.0914831759
-40.7608 25.0414 9.1923084549
-43.4193 15.0746 16.3941881485
-33.5585 1.9775 0.619222811272
-33.022 2.2867 1.39263320368
-34.346 2.7185 0.214313438683
-34.4037 2.9249 7.98121766712
0.0 0.0 7.32281487203
-2.0978 7.0159 1.06216829646
-1.7721 8.0269 1.20339401694
-1.4721 6.8615 21.802728979
-5.6648 -14.5343 0.406299298547
-5.4242 -14.2069 14.2095626776
-10.5877 -0.9687 2.47314614408
-8.9084 0.8469 0.686098025066
-9.4179 1.3064 0.0802920294923
-9.4694 1.2448 1.43318095508
-10.3788 0.1371 0.241430818248
-10.156 0.0441 0.420760038502
-10.2461 0.4551 0.496096694204
-10.2089 0.9498 42.231950692
-36.5 34.0 8.11654803473
-31.164 27.884 0.418881952345
-30.7468 27.8465 1.19330593311
-31.8421 28.3201 1.16306863082
-30.7713 28.7741 1.61988306368
-29.2128 28.3324 0.433425541472
-28.9749 27.9701 1.61010803675
-28.5244 29.5159 0.964251969145
-27.8363 28.8404 1.33964804706
-27.1648 27.6812 0.542100922338
-26.6258 27.7391 2.78636902258
-25.8675 25.0579 1.94276759804
-24.474 23.7042 9.72534789969
-23.9001 13.9958 17.6033222643
-13.3756 -0.1149 2.60291844859
-10.7918 0.2 1.80072658946
-8.9978 0.0445 11.3371187848
2.3047 0.9298 3.14973381732
5.4433 0.6652 0.553753528205
5.8789 1.0071 1.53187752121
7.2314 1.7264 0.335647583039
7.5593 1.7981 0.554032490022
14.2985 -4.9475 0.912754298812
14.9845 -4.3454 4.73598959564
11.7142 -7.771 2.31108640254
9.4062 -7.6516 2.66296119574
6.7434 -7.6809 4.60526138238
2.1512 -8.0275 1.41504619359
0.7409 -7.9117 3.59166066604
-2.8438 -8.1352 0.921615809326
-2.4789 -7.2889 1.30484016263
-2.775 -8.5597 16.8749533481
-8.4829 -24.44 3.35711914593
-11.4589 -25.9936 3.0885498798
-14.1145 -27.5706 2.83789815533
-16.5608 -29.0091 2.75699430721
-19.0089 -30.2771 2.8903897661
-21.5219 -31.7051 3.4655259067
-24.9828 -31.8841 3.96644023401
-28.9106 -32.4364 1.90873718725
-30.8172 -32.3461 1.78694960198
-32.5994 -32.4763 4.84016646098
-37.4385 -32.5779 10.3887992593
-47.7159 -31.0606 3.36155324962
-49.6884 -28.3386 3.28817066011
-50.6309 -25.1884 1.67565463327
-51.0382 -23.563 1.18272324743
-50.3734 -24.5412 0.501242496203
-50.3354 -24.0414 9.0339806907
-51.5 -33.0 8.98015816008
-49.0423 -24.3627 0.948429913067
-49.0106 -25.3106 0.698735751196
-49.6613 -25.056 0.272381295246
-49.6844 -25.3274 0.473012526261
-49.2486 -25.5113 0.91974793286
-49.8035 -24.7778 1.14441414269
-43.9293 -19.6301 0.618529869934
-43.3245 -19.5005 1.22145909878
-44.5253 -19.7242 0.894293162224
-43.6598 -19.4991 24.2505510803
-20.7667 -11.4994 11.5541717912
-9.225 -10.9627 4.29118107751
-4.937 -10.7975 5.45927188277
0.5215 -10.7057 2.96326930939
3.2661 -9.5885 0.928463171052
4.0976 -9.1754 0.786636161132
4.8474 -8.9375 4.74734580266
7.553 -5.0366 1.16429391478
6.4554 -4.6482 16.8981932469
-8.0747 3.9788 8.50561044605
-11.0072 -4.0053 0.797693004858
-11.7839 -3.8235 0.524921822751
-12.3083 -3.8469 8.21463932075
-10.9254 4.2505 1.1898604456
-9.8746 3.6923 0.61283441483
-9.3197 3.4322 2.02315150693
-7.2968 3.4003 0.562296763284
-7.0826 2.8804 8.1323442555
-11.2873 -4.0806 2.17188614112
-9.1302 -3.8276 0.553309840867
-8.5769 -3.8243 0.425632752499
-8.1519 -3.8011 0.285632788734
-7.9864 -4.0339 0.443305143214
-7.8557 -4.4575 0.35134434676
-7.7683 -4.7978 1.40153872583
-6.9077 -3.6916 0.706294910077
-6.3504 -4.1255 3.05564731767
-5.3706 -7.0198 1.15090094274
-4.5259 -6.2381 1.32501635084
-4.9562 -7.4913 18.1057413251
-8.1255 -25.3175 11.3838989288
-10.0274 -14.0936 3.02390490922
-7.0331 -14.5157 0.483192311611
-6.8472 -14.0697 0.756414119382
-6.5298 -13.3831 1.21837585744
-5.5825 -12.6169 0.471204170185
-5.1241 -12.726 0.41502291503
-4.7092 -12.7361 1.4410951183
-5.6077 -13.8628 12.0426093937
-10.3662 -24.9254 1.02646706718
-9.3452 -25.0312 20.2880103098
9.7761 -31.812 2.0786338807
11.7441 -32.4811 2.67495417718
14.3957 -32.8338 3.336098795
17.6608 -33.5184 1.31094650158
18.7451 -32.7816 0.816120291379
19.4039 -33.2633 0.355221803948
19.7217 -33.1046 0.312013541373
20.0158 -33.0004 0.210658515138
20.1663 -32.853 0.570208216356
20.7209 -32.7205 1.48057965
21.2652 -31.3436 14.1757802783
13.4057 -19.5461 15.1822441194
20.3506 -6.0454 0.622552656407
25.3974 -10.7337 0.657963600817
25.5383 -11.3764 13.7606577641
12.1456 -8.2155 1.23238164949
11.1999 -7.4253 1.90142065046
11.6254 -9.2785 5.77279589974
9.9309 -14.797 1.80146674962
9.5807 -13.0299 2.7784875832
6.8036 -13.1177 1.75366236488
5.0548 -12.9872 0.904080803911
4.1815 -12.7533 0.744762579618
4.7028 -12.2214 1.02810522808
4.1958 -13.1158 14.7901415169
-3.9995 -25.4278 1.39070581361
-5.3424 -25.0663 3.40262819744
-8.388 -26.5836 2.72972410511
-10.586 -24.9649 1.01402282026
-11.4522 -24.4377 1.86693327412
-13.2034 -25.0848 1.36350044371
-13.7999 -26.3109 8.24611277451
-21.2182 -29.9119 5.69026512739
-17.2601 -34.0 5.7341907511
-21.5367 -30.1801 2.68461709188
-22.8549 -32.5188 0.65551046521
-22.7358 -33.1634 1.75080075965
-24.4249 -32.7027 2.62160842614
-26.8456 -31.6962 1.41843817278
-27.891 -30.7375 0.385641971264
-27.8367 -31.1193 1.60323465843
-26.3116 -31.6137 1.36796361428
-27.5943 -32.0891 0.216032080951
-27.4458 -31.9322 2.53653410188
-29.9197 -31.372 3.16860131919
-33.0191 -30.7134 2.81833477252
-35.6896 -29.8126 4.88009756972
-40.4661 -30.8128 4.41888649322
-44.8783 -31.0558 3.47491734146
-48.194 -30.016 0.699514009867
-47.8867 -30.6444 0.917597090231
-48.6688 -30.1645 0.841138002946
-48.3955 -29.369 2.50143824229
-50.0623 -27.5038 0.743525984751
-50.1503 -28.2421 1.08341231763
-50.685 -21.7321 0.71301406017
-50.2502 -21.167 0.330607516551
-50.0064 -21.3903 0.525307881152
-49.6473 -21.7737 0.259246620036
-49.6882 -21.5177 8.26150500817
-47.0472 -13.6897 2.86242141202
-45.1085 -2.9822 0.938932100846
-44.1892 -2.7912 4.73024529279
-39.7214 -4.3449 17.0823259599
-22.876 -1.5097 2.04205547427
-20.836 -1.4181 1.06832687882
-20.4104 -1.2267 1.69120293578
-20.7103 -2.8911 14.1259278053
-22.5547 11.1139 0.85178603534
-22.2523 10.3176 16.4719812846
-25.7285 -5.7834 0.308264334622
-26.0318 -5.7283 0.214537875444
-25.8807 -5.8806 0.445796366069
-25.8291 -5.4378 9.86615840791
-16.6433 -1.8375 0.470508575905
-16.1999 -1.9949 1.22494109246
-17.3991 -1.7451 0.732134864625
-16.6686 -1.6962 12.3963185059
-4.6457 -4.7159 16.9583433584
-18.0146 -15.1494 0.372354051945
-17.7373 -15.3979 0.10893121683
-17.6313 -15.423 0.400824562621
-17.4706 -15.0558 0.119120107455
-17.3754 -14.9842 1.0952260132
-16.3093 -15.2351 0.668654245481
-15.6918 -14.9786 0.538847854222
-15.1728 -14.8337 0.81650323943
-14.3563 -14.8314 0.593516579381
-13.8676 -14.4946 0.366138143328
-13.5043 -14.4491 0.702187759791
-12.8374 -14.2293 0.755553055715
-12.2475 -14.7014 0.771285991056
-11.6323 -15.1666 0.569158150254
-11.3351 -14.6812 0.348104151081
-11.0938 -14.4303 1.45194581166
-9.7088 -14.8661 1.26377246765
-9.5142 -13.6174 10.4870164036
-13.495 -3.9153 2.43318253528
-11.1323 -3.3339 11.2689476603
-4.7942 5.9837 1.39487558227
-3.6484 6.7792 17.7795316634
1.614 23.7621 0.298748807529
1.8438 23.5712 2.10882217837
3.9415 23.7875 1.82321079692
5.1359 25.165 3.08716359301
6.7256 27.8114 7.12104995208
-0.3415 28.6863 10.2472305844
-1.5451 18.51 0.214401492532
-1.5459 18.7244 8.7526305543
-1.2348 27.4715 0.532585589366
-0.9133 27.8961 0.437081594213
-1.3337 27.7765 7.50606379203
-0.9048 20.2827 8.6444263222
-0.2068 28.8989 0.64767213928
0.44 28.9325 8.21780820536
-3.5627 21.7554 1.24842676197
-3.2004 20.5607 0.852390168878
-3.0466 21.3991 8.0307599547
-1.2395 29.2239 0.50726487164
-0.9524 29.6421 1.03086039792
-0.1824 30.3275 0.455471019934
0.2725 30.3503 0.25671495866
0.5281 30.3742 0.480026020128
0.0524 30.3099 1.15435771319
8.1502 25.62 0.131444436931
8.2812 25.6092 0.589565984433
7.899 26.0581 1.29144660362
7.4147 24.8609 1.44872664433
8.7382 25.4501 4.60541444932
13.2414 26.415 3.91755949029
9.747 24.644 12.2965980324
-1.5559 29.4866 0.492271114326
-1.4593 29.9693 1.4962679506
-2.5106 31.034 3.05523324969
-5.4196 30.1001 1.2257354527
-6.5728 29.6847 3.34655015501
-9.8943 29.276 1.87692383703
-10.239 31.121 1.20823378532
-10.9432 32.1028 5.22918721027
-16.04 30.9336 5.97940037127
-22.0048 30.516 7.810618512
-29.8125 30.3025 15.0755210699
-47.2133 17.3766 25.1773298404
-26.7383 2.7249 1.5634604728
-25.2046 3.0285 8.14409157365
-23.578 -4.9515 2.75139237841
-25.1329 -2.6816 1.23005953108
-26.0226 -1.8322 0.787137732547
-25.7451 -1.0956 1.06491485575
-25.9653 -2.1375 1.16219593873
-24.8665 -2.5161 0.456277601905
-25.0508 -2.9335 1.12208770602
-12.2816 -15.6755 2.82775978647
-14.9981 -14.8901 0.281483960467
-15.272 -14.8252 0.741287056409
-15.0295 -14.1247 0.246832027906
-14.8258 -13.9853 1.82513386358
-14.0267 -15.6262 1.05765423934
-15.0732 -15.7794 0.460144466445
-14.8319 -16.1712 0.350595379319
-14.6615 -16.4776 2.66894298365
-12.7176 -18.3064 0.49729408804
-12.2206 -18.2893 1.39541381676
-10.941 -17.7327 0.368893941398
-10.6015 -17.5884 0.329420734017
-10.3814 -17.3433 3.32418878074
-30.0638 5.3906 0.243558227124
-30.1107 5.1516 7.14609959698
-25.3443 -0.1727 0.18636182549
-25.3491 0.0136 0.241350284856
-25.2155 0.2146 0.14207677502
-25.1489 0.3401 0.80177200001
-24.3792 0.5646 1.24075597923
-25.1858 -0.3782 5.70826430012
-26.6152 -5.9046 1.49831877116
-25.1169 -5.8971 0.492274323929
-24.6254 -5.8695 8.05420279171
-16.7204 -4.3264 1.48585310176
-16.3694 -5.7702 0.541744303154
-15.8309 -5.8294 2.12076717487
-13.8019 -6.4465 1.04425001796
-14.6478 -7.0588 0.593275661055
-14.2354 -6.6323 0.396291660271
-13.9202 -6.8725 1.04550348636
-12.8825 -7.0 0.576228019104
-12.3112 -6.9248 0.344596140431
-11.9721 -6.8635 1.14165578438
-10.9293 -7.3282 0.704958927882
-10.3823 -6.8835 0.742812365271
-9.8228 -6.3949 1.50090441068
-8.4882 -5.7082 7.99323213975
-12.7234 1.0708 0.398552706678
-12.3435 1.1913 0.313991990344
-12.0464 1.2929 1.99471562384
-10.2963 2.25 0.465247310578
-9.9358 1.9559 0.311900400769
-9.6477 2.0754 1.66252500132
-8.1394 1.3761 3.85323254684
-4.7903 -0.5294 0.931188412729
-4.9528 -1.4463 8.19006405897
-10.6601 -7.3203 0.403266673555
-10.2602 -7.2683 0.358419935271
-9.9825 -7.4949 0.298938689366
-9.6872 -7.5414 0.554635817451
-9.1917 -7.7906 2.02313129826
-7.273 -8.4322 1.0808539448
-6.206 -8.6047 0.358805365066
-5.8475 -8.5899 0.474796208915
-5.5025 -8.2637 0.915058910672
-4.8445 -7.6278 1.00716998069
-5.4156 -8.4574 18.2248110885
-12.2096 -25.3685 0.9637633942
-12.1268 -24.4083 0.151601616086
-12.0379 -24.2855 0.0640702739186
-11.9739 -24.2825 0.264327751097
-12.0435 -24.0275 8.62306547117
-10.4989 -15.5439 0.464707477883
-10.1091 -15.2909 2.45358997593
-8.4007 -13.5298 0.669591591942
-7.7396 -13.4235 0.522131171259
-7.226 -13.3295 0.25465309737
-6.9736 -13.2957 0.241968138398
-6.7859 -13.143 0.576997279023
-6.2134 -13.2149 0.852307602923
-5.7049 -12.5309 1.40377344682
-5.5482 -13.9259 11.9389524205
-6.8723 -25.7912 1.15752958494
-6.728 -26.9397 0.669714692985
-7.3124 -27.2668 0.569019200028
-7.341 -26.6985 7.57192183333
-5.8279 -19.2793 5.62453241168
-9.231 -23.7575 0.953554072929
-8.8214 -24.6186 1.02484891569
-9.0875 -23.6289 19.5881368435
-15.5893 -5.1513 0.479535076923
-15.1098 -5.1571 2.52118638938
-12.7682 -4.2226 2.70609625291
-10.586 -2.6223 1.47787986318
-9.114 -2.4906 1.27321292014
-7.9955 -1.8823 5.12861384879
-3.1295 -0.2622 0.911262975216
-2.9384 -1.1532 0.582751765334
-2.3625 -1.0641 0.882209708629
-1.8274 -0.3627 7.93776571713
6.1103 -0.395 0.389660326438
6.4244 -0.1644 0.293344336915
6.6641 0.0047 0.350399115296
7.0114 -0.0418 0.261502753332
7.2702 -0.0793 0.8144018971
8.0615 -0.2719 0.781187717517
8.8171 -0.0736 0.651018417558
9.4264 0.1557 0.467252073297
9.7275 0.513 0.0
9.7275 0.513 1.25330383387
10.6078 -0.3791 1.74466505668
11.7718 -1.6787 2.05863430944
13.5657 -0.6688 2.34474945783
15.8796 -0.2897 2.27059592618
16.0091 1.9772 0.215831786352
16.2247 1.9672 0.265266205914
16.2593 1.7042 0.760631770307
16.9378 1.3604 0.525858925949
17.4634 1.3769 5.14196626302
22.4671 0.1925 3.49271152688
19.1341 1.2366 0.445030380985
19.5243 1.0226 0.707043534728
20.2303 0.9842 1.00489414865
20.4327 -0.0001 0.377003779822
20.6511 0.3072 0.652602053322
21.1199 0.7612 1.00756221644
22.113 0.9313 4.77942280197
26.8204 0.1047 0.850194007271
26.278 0.7594 0.968639974397
27.0876 0.2276 0.63529820557
26.9342 -0.3889 0.347850542619
26.9474 -0.7365 1.38841746604
27.9399 0.2344 0.714686203869
27.516 0.8098 0.368186270792
27.6312 1.1595 1.459918508
27.7186 -0.2978 0.619630163888
27.2021 -0.6401 0.935944448138
27.2697 -1.5736 0.824268851771
27.958 -1.1201 1.2482687411
26.9274 -1.8244 22.6168711196
8.2292 -14.5484 12.4073259831
20.5271 -16.1926 10.91968886
10.0587 -19.2994 0.709767151959
10.6792 -19.644 0.364466322175
11.0231 -19.7647 0.267082103481
11.2792 -19.8405 2.3898570271
13.6322 -20.2586 0.0668216282352
13.6795 -20.3058 0.762097270694
13.2687 -19.6639 10.403120057
15.1983 -9.4413 0.972497002566
15.7194 -8.6202 1.01344160167
14.7662 -8.9644 20.3004548033
-4.6227 -14.9793 0.312852425274
-4.7087 -15.2801 1.1942211688
-5.1253 -14.1609 1.13645556446
-4.8303 -15.2584 10.1351083763
0.1455 -24.088 8.22506846962
-4.4527 -17.2683 7.99752394682
-2.0779 -24.9051 6.91052021558
-5.8813 -19.1354 0.137222629329
-5.7442 -19.1412 1.14765740968
-6.0549 -18.0364 12.6220563859
-11.7395 -6.7669 0.938216185109
-11.2135 -7.5438 1.03295624302
-10.1923 -7.6992 0.654817867808
-9.9273 -7.1004 15.4699074962
0.0 0.0 10.2269827769
7.8026 6.6114 0.759353014085
8.0316 7.3354 1.31105264959
6.7667 6.9906 8.1048872577
0.4478 1.9151 0.733739769946
-0.1236 1.4548 3.12692504707
-1.9536 3.9903 22.4056432769
-8.5947 25.3891 4.08517182013
-11.5735 28.1847 4.04412073262
-15.061 30.2322 3.57450455448
-18.423 31.4463 1.2899090278
-19.3649 32.3276 1.16077078702
-18.222 32.5305 0.610587397512
-18.0451 31.9461 1.3343814035
-19.1448 31.1903 7.89102369848
-26.9763 32.1577 5.16853034624
-29.596 26.9062 1.32749939736
-30.8867 27.2166 0.775394931632
-30.5228 27.9013 1.36395293541
-29.4609 27.0453 7.09536443743
-29.3638 19.9506 0.464490871816
-29.0147 19.6442 16.0764575557
-34.1852 4.4219 0.193708363268
-34.187 4.2282 0.262944100523
-34.3476 4.4364 1.15332064059
-34.3911 5.5889 14.3369120085
-33.8448 19.9154 1.13980816368
-33.3227 20.9286 2.54000052165
-34.4919 23.1835 0.185278412126
-34.3099 23.1488 1.41084128094
-33.7723 21.8444 2.4971344257
-34.1018 24.3197 2.87807560707
-31.2506 23.9273 2.32434087431
-28.9295 23.8046 2.96811598493
-25.967 23.6221 3.82148227394
-22.3751 22.3175 0.292584363902
-22.2471 22.0544 0.390106652084
-22.0167 22.3692 0.586515651965
-21.5532 22.7286 0.643835017687
-21.1365 22.2378 0.3548758938
-20.8376 22.4291 1.98154681499
-19.3193 21.1558 0.498639799856
-18.8216 21.1864 0.24934032967
-18.5744 21.219 0.274811644586
-18.3044 21.1678 1.3417492016
-17.018 21.5492 1.18164767169
-15.8851 21.2133 2.84548149353
-13.0749 20.7666 0.591134612419
-12.5082 20.5984 0.922804692229
-11.5855 20.5845 2.21934617624
-9.4219 20.0902 0.633300789515
-8.8561 19.8057 0.34787129804
-8.5151 19.7369 0.247812348361
-8.2721 19.6883 0.202105640693
-8.0759 19.6398 0.985889699713
-7.8958 18.6705 12.2837657325
-9.4034 6.4796 1.28491220323
-8.9658 5.2715 10.4492251244
-0.4491 -0.7826 1.39002774792
0.5726 -1.7251 0.806422420323
0.293 -0.9687 1.11811005272
-0.4167 -1.8327 16.2982027577
-11.7235 -13.571 1.09580438492
-11.4137 -14.6221 0.518511147421
-10.9071 -14.5116 0.495160832457
-10.4268 -14.3912 1.1173314638
-9.3444 -14.114 2.97799027869
-6.4845 -13.2837 0.551479646043
-5.9361 -13.3419 0.884620822726
-5.3883 -14.0365 0.868340584103
-6.0199 -13.4406 9.72700727871
-10.1377 -4.6282 5.92258152582
-10.2609 1.2931 2.85088604472
-7.8629 2.8349 1.03250832926
-6.8478 2.6461 2.59087709087
-4.9815 4.4432 0.651725663144
-4.3412 4.5647 0.32697652821
-4.2213 4.8689 0.187400586979
-4.0906 5.0032 0.195571061254
-4.1666 4.823 0.67402001454
-3.9573 5.4637 0.583776952269
-4.1925 5.998 1.65617959473
-3.3312 7.4126 0.699650269778
-2.6359 7.4905 0.462160837804
-2.2667 7.2125 0.37721094894
-1.897 7.1376 0.766678322375
-1.1468 6.9795 1.49607454694
-1.6827 8.3763 17.6750248486
-10.3155 23.7997 2.41018141433
-9.1721 21.678 17.7783368722
-16.3866 5.4293 0.24981787366
-16.1922 5.5862 0.362150811127
-15.8927 5.3826 2.00113134252
-15.2868 3.4754 2.11440633039
-14.6251 1.4672 1.0788744598
-14.2918 0.4411 0.597495815885
-13.7364 0.2208 0.290320805317
-13.5168 0.0309 0.475629362004
-13.1445 -0.2651 0.128612013436
-13.0309 -0.2048 15.5978745183
-22.3566 -12.7078 2.19014200681
-20.2001 -12.3254 0.914441496215
-20.3392 -13.2292 22.8940182275
-29.9678 -34.0 15.7571453792
-30.7133 -18.2605 3.95064695715
-29.908 -14.3928 13.6301296017
-29.058 -0.7892 1.80484271337
-27.2921 -1.1621 0.514285543254
-26.779 -1.1272 0.256400487519
-27.0354 -1.1277 2.51593873137
-24.5497 -0.7388 0.472661781827
-24.0787 -0.7784 0.339752645317
-24.0656 -1.1179 2.79237331673
-21.3051 -0.6972 1.41686689918
-19.8885 -0.6697 1.1764636246
-19.98 -1.8426 0.573121182648
-19.5842 -1.4281 0.461349596293
-19.1686 -1.2278 1.23355079344
-18.097 -0.6168 1.97441425491
-16.1948 -0.0877 2.31874199729
-13.9217 0.3701 1.08740360492
-13.3771 -0.5711 1.65706084378
-11.8421 -1.1953 1.56806490299
-11.3036 -2.668 2.6312482304
-8.8221 -3.543 8.91008463989
-15.1423 -9.8235 0.68778911012
-14.5942 -10.239 0.500897274898
-14.095 -10.2802 1.2967806638
-12.8297 -10.5642 1.15415737229
-11.6765 -10.5172 1.05211567805
-10.7791 -11.0664 1.18382601762
-9.9601 -11.9212 11.9659967742
1.7405 -14.4274 0.552801628073
1.1897 -14.3804 10.3942509735
-9.1982 -14.0171 0.943090393335
-9.4857 -13.1189 0.88660975068
-8.7496 -13.6131 1.57906346928
-7.4196 -14.4643 0.692528656447
-6.8283 -14.1038 10.3389341627
-8.8662 -3.9677 0.739917630551
-8.1279 -3.9188 1.47500504745
-6.6689 -3.7021 0.536959598108
-6.132 -3.6941 1.71769469057
-4.4391 -3.4033 0.590681318479
-3.9732 -3.7664 0.997440424286
-4.5724 -2.969 0.559655724531
-4.0767 -3.2288 0.932956697816
-3.4675 -3.9354 1.22450563494
-2.3326 -4.3952 1.04351761365
-1.7136 -5.2353 0.155149766355
-1.6004 -5.3414 0.0955751013601
-1.521 -5.3946 0.217293212043
-1.6707 -5.5521 0.156470124944
-1.7738 -5.6698 0.202391526502
-1.937 -5.7895 0.333902291097
-1.7513 -6.067 1.70544108078
-0.3881 -5.0422 1.18902187112
-0.9776 -6.0748 17.8965945378
-8.9762 -22.0845 1.89043761336
-7.2223 -22.7899 1.23566987905
-8.1545 -21.9788 0.810280179938
-7.4591 -21.5629 6.3082865661
-12.7885 -18.1877 0.594647164292
-12.1959 -18.1384 0.187909472885
-12.0153 -18.0865 0.174503782194
-11.8952 -18.2131 0.857571087432
-11.2471 -17.6515 0.432044557887
-10.9406 -17.956 0.209898666027
-10.8333 -18.1364 0.341377928402
-10.4941 -18.1749 0.420748523467
-10.3377 -17.7843 1.88306627074
-8.8604 -18.952 0.906263234386
-8.1252 -18.4221 2.11428277437
-6.2729 -17.4027 2.05775981349
-4.5308 -16.3075 0.387383634141
-4.3056 -15.9923 10.7330216552
-8.7789 -25.7487 1.62698598949
-7.3124 -25.0441 7.06564266362
-8.6781 -18.1117 8.48554728229
-3.2093 -11.6235 1.04785611608
-3.6081 -10.6545 15.6939923273
-12.5027 2.2756 1.29721508625
-11.283 1.8339 2.86209080394
-8.5241 2.5955 8.15966764152
-15.33 7.0966 0.848795246217
-14.5369 6.7942 2.0412408971
-12.4983 6.6904 0.731067555018
-11.9002 7.1108 0.41502310779
-11.4935 7.1935 0.421201721269
-11.364 7.5943 1.73311443361
-9.821 8.3835 0.950923556339
-9.9975 7.4491 0.772746252013
-9.3381 7.0462 0.371296377575
-8.9681 7.0152 1.21925756098
-8.9347 8.234 0.307461379689
-9.0732 8.5085 0.290652386882
-8.8623 8.7085 1.25693955304
-8.7925 7.4535 0.211174832781
-8.6985 7.2644 0.129248172134
-8.783 7.1666 0.786348243465
-8.8064 7.9526 6.64085911987
-9.0805 14.5878 12.167171004
-13.8673 3.4018 2.5880586025
-11.6631 2.0455 21.189658191
-19.536 -17.6273 0.479333912842
-19.7334 -17.1905 18.1956190235
-35.796 -8.6422 10.1087957601
-25.8586 -6.7886 5.89286939699
-20.6164 -4.0969 0.818310943346
-19.8076 -3.9725 1.17584982885
-19.2087 -2.9606 0.98718327579
-18.2558 -2.7027 1.62096718042
-16.6402 -2.8345 0.653457037608
-15.9981 -2.9558 0.513483670626
-15.4953 -3.06 0.27181541531
-15.2544 -3.1859 0.37152734758
-14.8888 -3.252 0.83052269084
-14.2323 -3.7607 2.46568283646
-11.7962 -4.1415 0.619245742819
-11.211 -4.344 1.55526075627
-9.6689 -4.5459 2.25803100289
-7.4288 -4.2619 10.0208265308
-3.7044 -13.5649 0.713841530033
-4.1762 -13.0292 15.5405811642
-11.3198 0.7722 13.908146521
-1.9172 -9.4761 1.04173377117
-1.8025 -10.5115 1.20567126946
-2.288 -9.4079 11.4817249384
-8.0314 0.5341 0.567910855681
-7.5349 0.2584 0.456944471462
-7.103 0.1092 1.90981282853
-5.1932 0.1162 0.783027521866
-4.4785 -0.2037 0.59319181552
-4.9107 -0.61 9.37741723504
-11.3837 -7.395 0.420316928044
-10.9763 -7.4984 2.64837366133
-8.4354 -8.2452 2.6081775438
-6.1483 -6.9915 3.17937054305
-3.1987 -8.1782 10.7930672573
7.4222 -6.2581 13.7898063587
7.7668 7.5274 0.792826904185
6.9927 7.3561 10.28441612
4.792 -2.6901 0.926608617486
5.0327 -3.5849 0.267615433038
4.8098 -3.4368 0.88359294927
5.4023 -2.7813 1.12031513424
4.4449 -3.3631 19.6493890167
-7.0763 -19.2804 0.44480793608
-7.2814 -18.8857 0.429791484327
-7.6348 -18.6411 4.72952645621
-9.8091 -14.441 6.72600633437
-6.4831 -20.2871 0.594402725431
-6.9597 -19.9319 4.18465244674
-10.1506 -17.2246 3.46051276692
-7.47 -19.4131 1.34947193005
-6.8865 -18.1963 0.261061716841
-6.6636 -18.0604 0.680813234301
-6.1041 -17.6725 2.55387451728
-4.7493 -15.5076 1.80707861755
-5.3345 -13.7979 10.122266304
-8.2017 -4.0902 15.1613614643
-4.3018 10.561 0.948001909281
-4.2879 11.5089 1.89801523966
-3.1811 13.0508 3.8617760642
-3.8585 9.2489 5.19038343285
-9.0358 9.6172 4.66194638429
-4.3758 9.7519 4.20775486453
-8.5208 10.4759 0.810874793048
-7.7176 10.5872 3.01272740884
-4.7056 10.6534 1.13219769034
-3.8976 11.4465 0.389240966498
-4.2798 11.3728 0.350162619364
-4.5623 11.1659 1.00585228538
-3.5654 11.032 0.156689884804
-3.42 10.9736 0.166769301731
-3.266 11.0376 0.43737162688
-3.3745 11.4613 1.18376376444
-3.1501 10.299 1.01471167333
-2.2318 9.8673 0.733274655228
-1.5394 10.1087 0.293800017018
-1.2467 10.1341 0.486318578712
-0.7607 10.1517 2.54400362618
1.4647 8.919 6.49952938681
5.7622 4.043 0.97245965469
6.6549 4.4287 1.12216292044
5.626 3.9808 16.221174287
-8.441 -4.0967 2.47445517236
-6.5204 -5.6569 3.07694629462
-3.8269 -7.1444 3.27374761703
-0.6084 -7.7433 15.3191976585
-9.7813 -20.0126 0.707006888227
-9.1438 -19.7069 5.67522996979
-7.4402 -14.2934 0.711042368639
-7.154 -14.9443 12.5778919541
-15.1 -24.6944 0.247878841372
-15.3474 -24.679 0.057834591725
-15.3494 -24.6212 0.881948581268
-14.8357 -23.9043 5.77405902377
-14.0892 -18.1787 0.378852081953
-13.7129 -18.1348 0.764545126203
-12.962 -17.991 2.0068846504
-11.377 -16.76 2.46039107664
-8.9546 -16.3293 1.07535156112
-9.3273 -15.3206 10.2953993619
-11.3592 -5.2277 1.32701644677
-10.272 -4.4668 11.8986013312
-0.276 1.9874 0.766615796863
0.1753 2.6071 1.16877543609
-0.4568 1.624 14.4298353289
-10.6867 -8.5529 0.899032479947
-10.4671 -9.4247 4.97935459673
-9.2167 -14.2445 13.8324121411
-7.5847 -27.9803 0.369441010176
-7.2868 -27.7618 0.296257793146
-7.058 -27.5736 0.266106914604
-7.2913 -27.7016 1.72800966722
-5.5667 -27.8101 8.58555932773
-10.4226 -20.7297 0.186990721695
-10.3183 -20.8849 0.149889559343
-10.3915 -21.0157 0.326639526083
-10.6888 -20.8804 1.64958822741
-9.1002 -20.436 1.46578809178
-9.8505 -19.1768 12.4710860032
-15.7988 -8.2157 9.17491481432
-6.624 -8.1698 0.342750652808
-6.6395 -7.8274 0.846458061572
-5.8092 -7.6628 1.4835559612
-6.1102 -9.1155 19.0126858834
-13.6737 -26.559 0.353966580343
-13.9472 -26.3343 8.75559074078
-13.1913 -17.6114 0.494485237393
-12.7267 -17.4421 0.223843003018
-12.503 -17.4341 0.26033488049
-12.265 -17.3286 0.585252466889
-11.9108 -17.7945 0.565159703093
-11.3715 -17.9635 0.386270060968
-10.9881 -18.0105 0.170921765729
-10.8445 -18.1032 1.42525158481
-10.7133 -19.5224 0.884554724141
-9.8368 -19.6415 2.77631484166
-7.9987 -17.5608 0.797661137326
-7.2014 -17.5848 1.32296419075
-5.8834 -17.6993 2.15217146157
-4.536 -16.0211 2.83606064992
-2.8359 -13.7511 1.30467407807
-1.6553 -14.3064 1.01055376898
-2.1619 -13.432 11.2367052573
-7.0017 -3.291 0.629464065694
-6.6432 -2.7736 13.4265612906
-7.0629 10.6464 0.659020462505
-6.7255 10.0803 0.400944198112
-6.4263 9.8134 2.12247114939
-5.518 7.8951 1.52614869852
-8.4749 4.5377 3.63094413342
-12.017 3.7394 8.79985546984
-20.816 3.6167 4.1758267421
-24.9527 4.187 3.66375359024
-28.6161 4.2379 7.64993236179
-36.0244 6.1454 0.547388436122
-35.6263 6.5211 1.44930627888
0.0 0.0 7.55122991042
-1.289 -7.4404 8.17390857057
-0.6214 0.7062 0.668915360864
0.0396 0.8088 8.36018760854
-2.7771 -7.0626 0.320106482284
-2.7591 -6.743 1.29077844729
-1.8043 -7.6116 1.09949938608
-2.2894 -6.6249 12.8724438274
-7.6234 5.0904 11.2203500837
-10.041 16.0472 0.564126696762
-10.3377 16.527 1.01077620174
-9.9679 15.5863 0.154470223668
-10.0468 15.7191 0.937631617428
-9.258 15.2122 2.54370177694
-6.7587 14.739 1.01456075225
-7.5921 15.3176 0.619342393188
-7.0267 15.0648 1.09577437915
-7.8549 15.7823 0.374127277808
-7.4928 15.6882 0.28954158596
-7.2325 15.5614 2.8680350085
-9.6365 17.1255 0.567444807889
-9.1421 17.404 2.24976095841
-7.9615 19.3191 0.173654657294
-7.801 19.2528 1.08310537345
-8.5036 20.0771 0.617072572717
-7.892 20.1591 0.673889939085
-7.6998 20.805 0.354595487845
-7.4448 21.0514 0.184119797958
-7.6091 20.9683 0.341003841621
-7.2762 20.8944 0.307305450651
-7.077 21.1284 2.99352214791
-8.7269 18.6306 0.573900078411
-9.2852 18.7635 0.513803123774
-8.9445 19.1481 0.290452147522
-8.9539 19.4384 0.334936800009
-8.9368 19.7729 1.87372030463
-7.0821 20.0392 6.1816813716
-7.3148 26.2165 1.29208906814
-7.1078 27.4919 1.16251951381
-6.1427 28.14 1.41332885416
-7.3369 27.3841 0.415194857868
-7.6658 27.6375 0.440038589217
-7.5994 28.0725 26.7439538156
-33.6782 34.0 8.48793624682
-28.4515 27.3122 1.38340010843
-27.553 26.2603 11.4140759109
-33.0491 16.2566 2.84818427775
-36.7553 19.3854 3.10737688091
-42.6264 -9.907 10.5200822744
-20.8522 -8.3314 1.11648682034
-20.9533 -9.4433 0.805000055901
-20.168 -9.2663 1.00350478823
-19.2311 -9.6258 0.907914092852
-20.0723 -9.9674 9.54777470671
-23.7062 -18.7966 0.180410254697
-23.7747 -18.6297 7.35338827004
-21.6924 -11.5773 1.24876563454
-20.518 -12.0018 1.46702138021
-19.0702 -11.7651 2.16842470471
-16.9023 -11.8128 0.657317313023
-16.3085 -11.5309 0.548144944335
-15.7777 -11.3941 1.48389780308
-14.4064 -11.9611 10.6605683193
-4.0304 -14.4078 0.115493073385
-4.1436 -14.4307 0.828328944321
-3.4664 -14.9077 0.985218371733
-4.3074 -14.3945 1.07964043088
-3.3349 -14.8634 0.28204272726
-3.3002 -14.5835 1.3796193388
-4.6796 -14.6081 6.03636333979
-6.753 -8.939 0.701455522467
-6.1074 -9.2133 11.4372528869
-11.795 0.7095 0.673760677095
-11.1954 0.4022 1.91429967351
-9.4572 -0.3998 5.11621419606
-5.3985 -3.5147 10.7356308455
5.3056 -2.6925 0.719351096475
5.925 -2.3267 1.32165321094
7.2011 -1.9827 1.58016773793
5.6623 -1.6235 10.4916973126
-2.8252 -7.791 0.903991310799
-2.855 -6.8875 9.23467409333
-9.6215 -0.6031 6.43002515236
-7.211 -6.5642 0.0275223545504
-7.2328 -6.5474 0.683786779632
-6.5508 -6.498 0.503370688459
-6.1065 -6.7346 2.65044633411
-3.6354 -7.693 1.45980378476
-2.4524 -6.8377 1.02148461565
-2.8453 -7.7806 17.4801135237
-9.3897 -23.9894 0.691126999907
-9.6864 -24.6136 1.04982953378
-9.893 -23.5843 1.46615580345
-10.128 -22.1371 0.802907740653
-9.5302 -22.6731 1.04105510421
-10.1869 -21.8653 18.814968195
-18.4942 -4.9836 3.14308288946
-16.3259 -2.7082 2.28483685413
-14.0743 -2.3199 12.0164341237
-4.562 5.0225 1.00046651618
-4.7719 6.0007 16.7843059344
1.0908 21.7278 0.558485613064
1.6135 21.9245 2.22106101897
3.8301 22.0652 1.19204859381
5.0217 22.0325 1.44193054271
6.4522 22.2137 1.85029751662
8.2585 21.8126 1.28050466614
9.5361 21.7264 1.02375227961
10.5444 21.9036 4.13047648583
13.664 19.1964 1.29674130034
14.671 20.0134 0.660259721625
14.3821 19.4197 1.31532291472
13.1235 19.0376 10.2344402802
19.8028 26.792 0.316227892508
19.4866 26.7878 6.7996464739
14.2785 22.4162 0.372255826012
14.5381 22.1494 0.34978098862
14.8524 21.9959 0.580054799135
15.4053 22.1713 20.2011941355
-0.9706 34.0 11.1768218242
-3.1251 23.0328 8.8145704382
1.7473 15.6873 0.226533220522
1.8614 15.883 1.7214881934
1.1882 14.2986 0.235710436765
1.0536 14.4921 11.5552722313
-8.4317 7.8926 0.271617838148
-8.6901 7.8089 1.03908793179
-8.0699 8.6426 17.0656772482
-7.6834 25.7039 0.862182005147
-8.3793 25.1949 6.21108763825
-8.9392 19.0091 1.16195504216
-9.4928 17.9875 1.82020769419
-8.3849 19.4317 0.282846000502
-8.293 19.6992 0.342764481824
-8.5455 19.931 0.346679982116
-8.6905 20.2459 0.452155061898
-8.9723 19.8923 0.538639044259
-8.7644 20.3892 0.228631275201
-8.8893 20.1977 0.942876301537
-8.4427 19.3673 0.379874347647
-8.2223 19.6767 0.373143216473
-8.0118 19.9848 1.22298929676
-6.8617 19.5689 1.23146505026
-5.7281 19.0878 0.763834517419
-6.439 19.3672 1.03654736988
-5.9232 18.4681 0.756129916086
-6.4618 17.9374 1.38789652712
-5.4589 18.8968 13.9849440078
5.2202 27.9265 0.752232816354
5.6252 28.5604 4.45045741919
6.3142 32.9572 2.95997699991
9.2402 33.4044 0.951220573789
10.1645 33.6291 0.539292620013
10.6067 33.3204 0.198752534575
10.7923 33.3915 0.219303283149
-3.0475 26.4083 2.34406607415
-1.0235 27.5907 1.29956328049
-1.0441 26.2913 0.37407467169
-0.691 26.1678 1.2289705326
0.4631 25.7454 0.690634085461
1.0961 25.4692 1.01497019661
1.7262 24.6735 1.7267270427
2.6854 23.2377 0.30933764724
2.9621 23.376 0.443307624568
3.1302 22.9658 0.313464511548
3.443 22.9454 0.746851337282
4.0334 22.488 1.22302187225
4.7029 21.4645 1.02588530548
5.2804 20.6166 0.297388970878
5.5118 20.4298 0.302192422142
5.6217 20.1483 25.4522284152
-15.7312 34.0 6.5357600698
-18.2724 27.9785 2.76450221559
-15.7433 26.8622 0.59039221709
-15.3492 26.4226 0.501720280635
-15.0874 25.9946 1.15524754057
-14.6052 24.9448 2.17566869261
-13.6007 23.0149 1.96630070183
-12.8261 21.2076 0.473216705115
-12.5354 20.8342 0.358281286143
-12.3212 20.547 0.216145899799
-12.5109 20.4434 0.439349257425
-12.0738 20.4878 0.662975783871
-11.7221 19.9258 0.376194962752
-11.3509 19.8647 1.97532309256
-9.6633 18.8381 2.36684689196
-7.3048 18.6395 1.50022215022
-5.8997 18.1138 1.20290212403
-4.7251 17.8544 1.18928486915
-3.7988 18.6003 2.56315738299
-1.6824 17.1544 0.45843149979
-1.2962 17.4014 0.991537679566
-0.7423 18.2238 10.5264842379
-6.9919 26.6943 0.370052212532
-7.1861 27.0093 0.326477717463
-7.0668 27.3132 1.21963096058
-6.1856 26.47 8.59240323193
-3.3405 18.3623 8.4555059139
-7.5056 25.7208 1.74318127858
-5.7655 25.8244 0.762500655737
-5.3072 25.215 1.14739960345
-4.4483 24.4542 19.0531140101
12.8689 32.4 0.828387475762
13.6904 32.5066 4.08597542822
17.6508 31.5014 1.20646151203
18.8305 31.2487 1.26324631011
18.9895 29.9955 13.0370367216
9.9537 20.5977 10.5220368076
4.8614 29.8054 1.33837443565
5.2876 28.5367 8.44417340656
8.967 20.9363 0.44446287809
8.7157 21.3029 7.86802732392
3.6158 27.2943 2.54471822016
5.9027 26.1782 0.631896961537
6.1226 26.7706 1.20914325454
7.2947 27.0676 0.661157197647
6.9175 26.5246 1.37374596269
8.2854 26.398 8.87118866274
15.1827 31.977 0.684551546635
15.8296 31.7531 2.18360447426
17.8793 31.0002 0.682412580482
18.4635 31.3529 0.510698443311
18.8958 31.6248 0.785368461297
19.6619 31.7977 0.335316119505
19.9968 31.8144 3.27067418127
17.5636 34.0 18.6640192566
12.9641 15.9116 0.975997976432
13.7283 16.5187 0.319563765155
13.4097 16.4939 16.6494464437
-2.9035 19.8231 1.04393013655
-2.4668 18.8749 0.90465412175
-2.0556 19.6807 12.5888924771
6.086 29.2825 4.35497378408
8.6255 32.8204 5.22971811955
13.8324 32.3324 1.8734830557
15.6664 31.9498 0.996428346646
16.0114 32.4391 0.0840244012177
16.0721 32.381 1.01433977049
15.1282 32.0096 0.847200714117
15.8053 32.5188 0.679652595081
15.3807 31.9881 1.066114295
16.152 31.2521 5.86851894263
12.1217 26.9864 1.29624431725
11.8559 28.2551 3.23226791124
9.8131 30.76 2.80754734421
7.0076 30.6528 3.39660709091
3.6163 30.463 8.70183483008
-5.0827 30.6851 1.26762780421
-6.3502 30.7031 2.76485836889
-9.102 30.4347 3.70608518655
-12.597 31.6676 1.71968196188
-13.5519 30.2374 8.87637720075
-21.863 33.3544 1.06859718323
-22.2017 32.3409 1.71262330943
-23.9101 32.4611 0.767948754801
-24.6649 32.6026 1.58116649661
-26.2214 32.8808 1.93854244472
-28.0474 32.2299 2.86986334518
-30.8145 31.4688 1.93716626545
-32.7512 31.5113 1.65665628602
-34.383 31.2254 3.08455594373
-37.2134 29.9993 9.74691740501
-46.9583 30.1976 2.89641726966
-49.6703 29.1806 3.46969288122
-50.9278 25.9468 1.01846814874
-51.6202 26.6937 0.653264915635
-51.9694 26.1416 1.64035465677
-50.7466 25.0482 7.50346531411
-47.121 18.4788 4.23276069959
-51.3525 18.5821 0.177714884014
-51.2698 18.7394 1.24471330434
-50.1847 17.06 8.65705942974
0.0 0.0 6.97399864712
-1.7017 6.7632 0.630564231463
-2.3322 6.7722 0.227564430437
-2.2276 6.9743 1.2684675794
-1.0146 7.3453 0.979226863398
-1.7221 6.6683 11.0930630238
-8.4638 -2.1411 0.373719038851
-8.1022 -2.2355 0.0974935895329
-8.1892 -2.1915 10.377774641
-14.4761 6.0652 3.57496878308
-11.0037 6.9154 1.86858545429
-12.1123 8.4196 0.24266672619
-11.909 8.5521 0.923348525747
-12.3325 7.7316 0.340700821836
-12.1624 8.0268 0.9563294882
-11.3184 8.4765 0.399813656595
-11.6798 8.6475 1.47424075374
-11.768 7.1759 7.80364931298
-18.0726 11.7747 0.36494718796
-17.8127 11.5185 10.9521336022
-9.7839 4.0695 10.2612412826
-16.891 11.471 3.24701291651
-13.6588 11.1612 1.55546398223
-13.0366 12.5868 1.72322532769
-12.6393 14.2636 1.2798316022
-11.3716 14.0878 2.74113072472
-8.6667 14.532 0.124387981735
-8.7308 14.4254 8.49686157649
-11.7412 22.3711 2.77758735956
-9.5289 20.6916 0.919643343911
-8.9791 21.4288 16.0936518432
4.8455 29.6681 0.675992499958
5.5124 29.5576 0.367775393413
5.8531 29.6961 0.730595223089
6.5718 29.5648 2.32982258981
8.6819 30.5525 3.02492298249
10.6066 32.8861 1.40413928796
11.9533 33.2836 1.18126290469
13.1335 33.2335 7.80258070448
16.1702 26.0461 0.377499165562
16.2983 25.691 0.071673286516
16.3638 25.6619 0.29056202436
16.1093 25.5217 0.158911705044
16.1175 25.363 0.656620103256
15.6539 24.898 1.505050544
17.1322 24.6155 1.57279720244
16.7482 26.1407 8.72226815112
8.0903 27.1984 5.54718039097
13.5033 25.9857 2.21218169462
12.8754 28.1069 0.159416749434
13.0255 28.1606 9.53187991951
5.4917 34.0 6.68853158922
11.3298 30.7361 1.25408153244
10.0758 30.7218 0.342300993279
10.2052 30.4049 7.95829434804
2.2479 30.2791 7.48268968286
6.3562 24.0251 8.15271572238
-1.2204 27.0354 0.537726510412
-0.9218 26.5882 7.88799998289
5.3485 21.8024 1.12203932641
5.0885 20.7109 20.4311906437
-7.3369 4.4923 0.362202664264
-7.1615 4.1754 0.661505253192
-6.6253 3.788 0.699235296592
-8.5938 -0.8475 36.0757299682
-31.2495 -28.922 18.4685999751
-49.6893 -27.891 3.04048696758
-50.8515 -25.0814 3.06875672871
-51.6446 -22.1169 0.137283939337
-51.6494 -22.2541 0.114847594664
-51.7 -22.151 1.0330872422
-51.533 -21.1315 11.2830339275
-45.156 -11.8234 0.781454880335
-45.8663 -11.4976 0.593489359635
-45.4352 -11.9055 8.11849650428
-48.597 -19.383 0.846850429533
-48.9087 -18.5956 2.6757935365
-50.8995 -16.8077 0.272752048572
-51.0873 -17.0055 0.62342037182
-50.8537 -16.4275 0.903590227924
-51.414 -17.1364 1.06107985091
-50.5034 -16.5917 12.45420896
-41.0413 -8.4938 1.16022167709
-42.0316 -7.8893 5.64132829483
-46.1486 -2.9561 7.00065654064
-44.5946 3.8699 0.872146776638
-45.105 4.5771 0.485697024903
-44.8366 4.9819 1.06408277873
-45.5706 4.2115 0.408149543672
-45.2205 4.4213 28.5989166879
-26.3751 25.9329 9.40107539434
-18.092 30.3793 1.40620917719
-17.9412 31.7774 0.960410584073
-17.3997 30.9842 20.2304228947
-5.2948 14.7749 0.246362030354
-5.0828 14.9004 0.155931908216
-5.2328 14.8578 13.8781252455
-9.334 28.1161 1.01631747992
-9.4011 29.1302 0.405542809084
-9.749 28.9218 1.5823037635
-8.8884 27.594 14.5207585677
0.2659 16.3223 0.369640758034
0.5236 16.5873 0.202453994774
0.3427 16.4964 15.0351778323
-9.5811 27.7913 0.481564388218
-9.9066 28.1462 1.42931415721
-9.0876 26.9748 22.851765995
5.6999 9.5526 0.251553970352
5.6911 9.3012 0.78756654322
4.9652 9.6067 0.18040249444
5.0843 9.7422 1.05229427443
6.0075 9.2372 1.24666522371
6.1482 10.4759 15.7682495544
5.0167 26.2035 1.15990663417
5.3391 27.3177 0.969863212005
5.789 26.4585 11.5493192544
8.2822 15.1815 1.11987169354
9.4016 15.214 5.51830631444
7.6493 9.9813 8.09272860412
14.3292 5.4128 1.04304901611
13.3682 5.0073 25.1218148964
-7.7853 -8.5439 0.456408380729
-7.3363 -8.6258 0.190512702989
-7.5113 -8.7011 10.8739675395
-12.2227 1.0992 0.694396061337
-11.5285 1.0827 2.75612981733
-8.7974 0.7121 7.55978738921
-13.1838 -5.445 4.38317917726
-11.0947 -9.2983 2.66755285796
-8.6082 -8.3323 0.388005154605
-8.3738 -8.6415 2.59075066342
-5.8068 -8.2915 1.80136376393
-4.3138 -7.2836 0.890090444843
-4.6828 -8.0936 17.0089068814
