0.0 0.0 7.2341988893
-1.9654 -6.9621 1.29171878131
-1.52 -8.1746 11.7337427162
3.0022 -19.0019 9.69907661017
0.5444 -9.6194 0.727526996063
-0.0568 -10.0291 12.2468346412
-5.83 -20.8298 0.726957667268
-6.1632 -20.1837 19.399142903
-10.1531 -1.1993 0.987433850949
-9.1875 -0.9928 0.691869821571
-9.4911 -1.6145 0.25151248478
-9.5204 -1.3647 1.47421504876
-8.4503 -2.3787 7.0031331995
-12.9448 2.9919 10.9818620106
-6.6249 -5.9892 0.906430984687
-6.8641 -5.1149 0.0643386353601
-6.8716 -5.051 4.7935389067
-11.4186 -6.5685 0.434614771953
-11.2716 -6.9775 0.242195623412
-11.11 -7.1579 0.263671936315
-11.124 -7.4212 0.655302754458
-11.0959 -8.0759 1.61404468649
-11.9659 -9.4354 0.604500454921
-11.4067 -9.665 0.449213635145
-11.0087 -9.8733 1.58985856289
-9.4198 -9.8181 1.67911070808
-11.0052 -9.265 7.92794976901
-18.9325 -9.1635 0.196576143008
-19.0718 -9.0248 8.22812084014
-10.8468 -9.2514 1.24804359299
-10.1109 -10.2594 0.384471715475
-10.4634 -10.4129 1.05197835054
-11.1411 -11.2175 0.519352982084
-10.8475 -11.6459 0.263824581872
-10.6946 -11.8609 2.21109841482
-9.1552 -13.4481 1.224754555
-10.3746 -13.5625 0.662704519375
-9.7558 -13.7997 1.75846274058
-8.0133 -13.5633 0.50103897054
-7.7092 -13.1651 1.11319827973
-6.9096 -12.3906 0.642574983951
-6.2865 -12.2336 1.49027343129
-5.3218 -13.3695 1.05174295814
-4.6408 -12.568 16.8407370842
1.0007 3.2997 3.00326953835
4.0013 3.1731 1.16261180538
4.0978 4.3317 19.0723238167
7.8574 23.0298 0.376096011678
7.5013 22.9088 1.48443326896
8.6751 23.8175 3.94545161167
11.207 26.8434 5.30944231064
13.9928 31.3633 1.55439320958
15.372 32.0802 2.37849789573
17.7038 31.6112 1.05295432475
18.6918 31.9753 3.61950573007
22.2116 32.819 3.02855144417
25.2333 33.0226 3.62387200657
28.8569 32.9782 0.944464615536
29.7723 32.7457 2.22011773562
31.9703 33.0583 4.29654955749
36.0416 31.6854 1.31457500737
37.3128 31.3505 1.65035549201
38.9118 30.942 2.01165516429
39.9757 29.2347 0.987500126582
40.1894 28.2706 0.807643566185
40.1107 27.4668 0.631557004553
40.0819 26.8359 0.648602289543
40.0621 26.1876 0.402010858062
40.3189 25.8783 0.601597182507
40.6943 25.4082 1.60978371839
41.0872 23.8471 1.06452857641
41.0794 22.7826 1.48302355005
40.9373 21.3064 5.481793846
40.8912 15.8248 1.05303365568
40.814 16.875 1.46313859904
41.1824 15.459 0.394434278429
41.1876 15.8534 0.0
41.1876 15.8534 0.958627732751
40.9519 16.7826 1.28676116276
41.0192 15.4976 0.500694287964
40.5226 15.4337 0.390587890237
40.1399 15.5118 0.943803311077
40.1374 16.4556 1.00470784311
40.4953 15.5168 0.281825939189
40.2228 15.4449 1.0725237713
40.066 16.5059 1.245236335
41.1512 17.1166 1.2267360148
41.5742 15.9651 10.2764132191
40.9158 5.7098 0.0
38.0249 6.7245 0.640879310011
26.2314 4.8845 2.37554103732
29.675 31.3335 1.36206455794
28.3355 31.0866 15.9299584334
12.4755 29.5953 0.396110906187
12.8148 29.3909 4.6057711895
8.3433 30.4949 3.05954611176
5.2937 30.2484 0.542980340344
5.6623 30.6471 1.02962111964
4.649 30.4645 4.25878090538
0.4348 29.8499 3.84722592136
-3.4097 29.9947 2.63497000552
-6.0434 29.9129 2.78762767241
-8.6134 30.9927 2.34758449475
-10.797 31.8547 3.95302146339
-14.5615 33.0609 0.258012402803
-14.7839 33.1917 2.01121641302
-16.6614 32.4706 0.346914009518
-16.3917 32.2524 0.187474824977
-16.5633 32.3279 0.061635866182
-16.574 32.2672 3.73345714854
-20.2958 32.562 10.5561873046
-20.6453 22.0116 0.6591184719
-19.9923 22.1012 3.34222903464
-23.1727 23.1286 12.1038021716
-35.1201 25.0681 17.0812369063
-52.1985 25.3794 1.9833564909
-51.4609 23.5383 10.7874455364
-46.2835 14.0745 1.02495714057
-45.327 14.4428 1.40677222748
-45.9443 15.7069 1.02558803133
-46.6502 14.9629 1.06134077939
-47.2258 15.8546 1.81584635088
-48.9424 15.2625 2.13253284383
-47.0 9.16 9.80083647706
-45.8867 18.8974 28.132306336
-21.2664 32.5087 9.28001993963
-12.0152 31.7779 0.611495020421
-11.4042 31.8025 2.16668291404
-9.252 32.0526 3.77380162303
-5.4782 32.0561 0.897031353967
-4.6832 31.6406 4.67760392723
-0.2757 30.0741 4.67028585956
4.3888 29.8417 0.554159444564
4.9351 29.7487 0.475987615385
5.3526 29.9773 0.284882589851
5.5711 30.1601 3.41447539309
8.8996 30.9215 0.535431274768
9.3368 30.6124 0.393468397714
9.6465 30.3697 0.270260707466
9.8727 30.2218 0.260785448214
9.9626 29.977 0.16496696639
10.1275 29.9723 0.116230202615
10.2436 29.9668 0.135665028655
10.3792 29.971 0.299754199303
10.6789 29.9767 0.20584984819
10.8343 29.8417 0.192659622132
11.0265 29.855 2.95440439514
12.2243 32.5557 0.306811016751
12.4873 32.7137 8.84693005115
17.0556 25.1375 0.597007311513
16.7214 25.6322 0.0413672575837
16.714 25.5915 0.678885446891
17.3764 25.4428 0.388878708597
17.7577 25.3664 1.58193297266
19.3085 25.6787 8.1684619709
24.8621 31.6688 6.56863754518
31.3789 32.4924 4.63945450457
35.9626 33.2095 0.835692844291
36.6423 32.7233 0.702047021217
37.2604 32.3904 1.69861667542
38.751 31.5759 2.3185201595
40.1428 29.7216 0.462582187292
40.2626 29.2748 0.368753711846
40.3689 28.9217 0.549289304465
40.4132 28.3742 0.581520644517
40.4181 27.7927 0.865095168175
40.2604 26.9421 0.744822455354
40.1461 26.2061 0.623930324636
40.1664 25.5825 0.60114778549
40.1385 24.982 0.37420585244
40.1296 24.6079 0.189054172131
40.2098 24.4367 0.508527364062
40.1436 23.9325 1.1685709649
40.8965 24.8262 0.738207565662
40.5286 24.1862 9.95960819962
40.1268 14.2347 0.524996704752
39.8023 14.6474 0.480415424399
40.2576 14.8007 0.315395909929
39.9443 14.7644 0.334220301598
39.6379 14.8979 0.272957670711
39.9104 14.8821 0.338202897681
29.7779 32.0648 0.172877355371
29.8922 32.1945 3.71328978805
26.1974 31.8244 3.22143497529
23.0217 31.2835 3.68167042794
19.3434 31.126 3.8094295321
15.534 31.141 4.13459224108
11.4056 30.9148 5.55617833587
5.8567 30.6305 4.56514602833
1.2916 30.61 16.4255309296
-8.0498 17.0994 1.80860463618
-9.491 16.0067 1.44033980019
-10.8805 16.386 1.26981957774
-11.5605 15.3136 6.52193232869
-5.8268 12.2055 1.17596003333
-5.8462 11.0297 0.138230423569
-5.9499 10.9383 1.47733336116
-6.5994 12.2652 2.94277302217
-8.0839 14.8061 1.44888293868
-7.7595 16.2182 0.058842161755
-7.8019 16.259 1.4007539577
-9.1166 15.7756 1.2645357923
-8.1927 14.9122 0.722972150224
-8.7599 15.3605 17.2834543367
-17.2029 30.4414 6.93870346463
-23.795 32.607 8.10021197007
-31.8536 31.787 18.0042512549
-49.8577 31.7132 0.471802331491
-49.6389 31.2952 3.07480990307
-50.6134 28.3789 0.94821935226
-50.2421 27.5064 3.18399056845
-46.3978 12.7853 18.5149188389
-28.4298 8.3184 0.828296836889
-27.9812 7.6221 1.06787733378
-28.7146 8.3983 23.8916334682
-45.2799 25.6146 0.881926215735
-45.9895 25.0909 3.40177170604
-48.8102 23.1894 3.64915839612
-50.9724 20.2498 1.29303097024
-47.9856 12.0886 8.29446089146
-46.8274 3.8754 0.529883241856
-46.8543 4.4046 4.99849157447
-46.1822 9.3577 0.62788760937
-45.704 9.7646 0.340871134008
-45.8548 10.0703 1.02072016243
-45.4994 9.9268 26.2618952524
-24.787 -6.2189 19.0739857717
-12.8701 -21.112 0.378311432553
-12.4924 -21.0905 1.93339040289
-10.877 -22.1528 0.572770180788
-10.3068 -22.207 1.43701399436
-8.9417 -22.6559 6.10703766158
-2.8447 -22.3059 6.67395185554
3.8129 -21.839 1.16900359709
4.9819 -21.8419 2.71442579748
7.6948 -21.9329 2.26389727903
9.9581 -21.8809 2.94859210133
12.8518 -21.3146 2.41240904077
15.2515 -21.0673 0.731855429713
15.9809 -21.1272 1.65407715056
17.6208 -21.3433 2.26438021763
19.8404 -20.8952 1.4278815252
21.255 -21.0895 0.618242363479
21.8301 -20.8626 1.34477336752
23.1655 -20.7041 1.96929864673
25.1259 -20.5171 2.00190393875
27.1112 -20.2598 1.55363769586
28.6407 -20.5326 1.39750718424
30.0379 -20.5619 1.8176834983
31.7342 -19.9088 0.0668575351026
31.7725 -19.9636 3.88888108972
31.5128 -23.8438 0.597358493704
32.0774 -23.6487 1.518424766
33.435 -24.3288 2.86528160047
36.2979 -24.4456 2.38152139818
38.6743 -24.2895 0.87808160213
39.2572 -23.6328 0.544835066786
39.6402 -23.2453 1.59803577557
40.3505 -21.8138 1.11250098427
40.6293 -20.7368 0.436917898466
40.5967 -20.3011 1.29689683861
40.3017 -19.0382 12.8158550651
39.6974 -6.2366 0.141692625073
39.8326 -6.279 0.258328937597
0.0 0.0 2.0691690047
2.0471 0.3014 0.228123826024
2.0859 0.0766 1.65182562034
0.5647 0.7204 2.00362335033
-1.382 1.1946 3.24531532674
-4.2386 2.7347 0.98467032554
-4.1572 1.7534 1.24104089377
-3.1757 2.5129 0.517095774494
-3.5607 2.8581 1.12676170063
-4.6644 2.6313 6.39840045402
-6.6595 -3.4481 1.47733089049
-7.3455 -2.1397 2.09380997228
-20.7448 -15.7172 0.176661031357
-20.9212 -15.7268 0.195790117217
-20.7461 -15.8144 1.22348554548
-19.5243 -15.7502 12.5842380322
-6.9997 -14.5265 0.383397509121
-6.6679 -14.7186 1.42060371673
-5.2863 -15.0492 0.399535029753
-5.6273 -14.841 0.778571673001
-5.3969 -15.5847 15.5676327105
4.747 -27.3937 0.620279009801
5.3596 -27.491 1.21763288392
6.5586 -27.7032 5.11552722698
9.8111 -31.6516 0.672963186215
10.4778 -31.56 0.425878949938
10.634 -31.9562 0.319804706032
10.7472 -32.2553 0.46760565651
10.9409 -32.6809 0.188560467755
11.1165 -32.6122 9.87283905774
17.215 -24.8481 0.252200812846
17.2825 -25.0911 2.50990007172
18.8334 -23.1177 1.02185370773
19.7278 -23.6119 1.99863907697
21.4188 -22.5465 0.54705693488
20.954 -22.258 0.49485324087
21.4038 -22.0517 0.689793164652
21.6063 -21.3923 0.703065075224
22.2858 -21.2118 2.61311520795
24.6736 -20.1503 0.45023941409
25.1223 -20.1131 1.87222129034
23.5289 -21.0961 7.78015549266
28.8707 -26.7526 2.40840861151
31.2357 -26.2974 0.474789068956
31.6886 -26.4399 1.1982769129
32.882 -26.3319 0.976805661327
33.8571 -26.3896 0.997496852125
34.8545 -26.4035 0.79657685756
35.6508 -26.4245 0.75241877967
36.4029 -26.4026 1.23614426747
37.6188 -26.6254 2.57459009941
40.1015 -25.9437 0.418189287285
40.4927 -25.7959 0.284384141611
40.3662 -25.5412 0.138982660789
40.4779 -25.6239 1.40145828336
40.6745 -24.2363 4.58725526323
39.3222 -19.8529 0.858704122501
40.4623 -8.6373 0.254153496927
40.5205 -8.8847 19.1727702312
47.0 9.16 16.0654489165
40.5733 23.884 0.864133074243
39.8414 24.3434 24.0300707856
16.045 27.6864 7.17181166582
8.8814 27.3433 0.978043991853
8.5152 26.4364 16.557779673
-0.2461 12.3865 2.62193092396
-2.6012 11.2341 3.13014946129
-5.4489 9.9347 1.17307137464
-4.279 9.8485 9.85450585468
-6.1148 0.1665 0.392890264578
-6.4274 -0.0715 22.0112823536
-8.5188 -21.9832 12.2742218792
-15.2243 -32.2639 0.339102123261
-15.2255 -32.603 1.51442006392
-16.7133 -32.3203 2.30904386489
-18.9164 -31.6289 0.892534038567
-19.2314 -32.464 0.21404637348
-20.7111 -32.124 0.716267059134
-21.204 -31.6043 19.9997050223
-41.0597 -34.0 5.45892978706
-37.1808 -30.1589 1.47152586454
-36.2274 -31.2798 1.03934399022
-36.7911 -32.153 0.881803475838
-36.4922 -32.9826 3.6828781408
-32.8148 -32.7818 1.03397787694
-32.7676 -33.8147 0.332417583771
-33.0992 -33.838 1.25181962359
-32.4551 -32.7646 0.238199286313
-32.2834 -32.9297 0.322513379567
-32.3322 -33.2485 0.939847184387
-32.9629 -33.9453 1.27888107735
-32.1969 -32.9212 2.92724193226
-31.0752 -30.2174 12.3258779099
-23.8167 -20.2554 0.404532446165
-23.5428 -19.9577 1.34502756106
-23.1563 -18.6694 15.7913125997
-16.0024 -4.5915 0.497730549595
-15.6093 -4.8968 1.69629073275
-13.9164 -4.7896 0.567207087403
-13.7826 -4.2384 8.24201831592
-19.745 1.452 2.90246665097
-16.8965 2.0091 0.586921911331
-16.3143 1.9348 0.361633419363
-15.9531 1.9171 1.84956629781
-14.1688 2.4041 0.432991477976
-13.7359 2.413 0.37057406817
-13.4592 2.6595 0.585085600575
-12.9896 2.3105 1.63977652441
-11.3568 2.1594 0.735811619914
-10.7183 1.7937 0.305770960034
-10.4531 1.6415 1.06212312846
-9.8066 0.7988 2.1985932889
-7.9645 -0.4014 1.76438633241
-8.9232 -1.8826 0.335802814163
-8.6999 -2.1334 0.62357339584
-8.4162 -1.5781 2.41341737791
-7.6732 0.7181 6.10197728609
-4.7194 6.0575 3.76015827459
-1.7321 8.3411 4.90240012749
-2.9156 3.5837 13.3552176358
3.4457 -8.1592 33.895728879
32.4775 -25.6542 5.81233550649
37.1073 -22.1402 3.72139942763
40.4556 -20.5161 1.70487423583
39.9256 -18.8957 0.765857095025
39.6331 -19.6035 0.800749573837
40.4079 -19.8057 1.04731314324
43.1933 -10.8717 0.647678932805
43.8101 -11.0693 0.986213952446
43.1437 -11.7963 0.984865036439
42.4682 -11.0796 0.0873741952753
42.5537 -11.0976 1.12441605289
43.5652 -11.5887 0.732369988462
42.8596 -11.7849 1.30714220343
43.1661 -10.5142 0.897222937736
43.6869 -11.2448 1.22719056385
42.5697 -11.7526 0.639446831253
43.1897 -11.9091 10.9439086665
36.0 -20.16 22.1399041012
14.972 -27.0881 0.940510244495
14.0316 -27.0737 16.1287734369
3.9289 -14.501 2.56164569174
3.52 -17.0298 4.04304431462
-0.4123 -17.9696 0.847110594905
-1.2423 -18.139 3.50881898792
-4.7498 -18.0428 3.24077869963
-7.9901 -18.0985 7.93267699897
-9.2555 -25.9296 4.13941723555
-11.4148 -29.4612 3.22771826528
-14.3974 -30.695 0.612479354754
-14.9824 -30.8764 2.26980906906
-17.1885 -31.4104 2.32400673407
-19.4392 -31.9895 3.12519470273
-22.454 -32.8128 1.27152134469
-23.7142 -32.6435 3.64625372814
-27.3077 -32.0255 13.7043503202
-40.99 -31.2484 13.1993630422
-51.7346 -23.5818 0.887135716787
-50.9111 -20.1338 11.6499351779
-47.0 -9.16 16.203123693
-45.859 -25.3229 0.880039601382
-46.4591 -24.6792 0.943196273317
-45.9555 -25.4767 1.12131002849
-46.5912 -24.553 1.02495372091
-45.567 -24.5923 1.91990032293
-46.4945 -22.9113 1.10558475478
-47.5962 -23.0039 0.927149836866
-48.2791 -23.631 0.378789242191
-47.9006 -23.6458 19.92790916
-32.5011 -10.9976 0.914279530559
-32.6246 -10.0917 1.11479471204
-31.8296 -10.8732 11.1734548748
-23.4818 -18.3002 11.3681946544
-14.3455 -25.0651 1.31526401912
-14.1393 -26.3641 0.978182891897
-13.7489 -25.4672 14.6244423162
-5.0634 -13.7013 0.0849386837666
-5.1207 -13.764 1.03955194194
-4.7825 -12.781 1.09399473948
-5.16 -13.8078 10.7553146611
-6.9489 -24.4133 12.3739644294
0.345 -14.4176 0.725996267208
-0.1297 -14.9669 9.96633763927
-3.7352 -24.2582 0.142951775085
-3.5952 -24.2871 3.49469424271
-1.3063 -21.6463 2.71313704962
1.2733 -20.8056 0.676800598404
1.942 -20.7012 0.387718996182
2.3291 -20.7231 0.335692508108
2.6102 -20.9066 0.558313263321
3.0829 -21.2037 4.13895230825
6.6768 -23.2567 0.681322977743
7.1504 -23.7465 2.07516419109
8.4035 -25.4006 0.626780232617
8.846 -25.8445 3.26553120487
11.4158 -27.8594 3.21001990804
13.7208 -30.0935 3.49131032852
15.9542 -32.777 2.69334801502
18.565 -33.4387 4.30441593367
22.8643 -33.2289 4.4456542072
27.3085 -33.1152 0.659894211219
27.9636 -33.0358 2.25152124796
30.1833 -32.6586 4.30334147959
34.3816 -31.7136 6.62496723992
40.7598 -29.9223 1.52963651238
40.3303 -28.4542 0.51754574677
40.2575 -27.9418 0.815234745334
40.1775 -27.1305 0.62265214205
40.22 -26.5093 0.388491248293
40.1937 -26.1217 0.285955678384
40.3913 -26.3284 2.29863016599
40.5993 -24.0392 0.660665512949
40.4637 -23.3926 2.16718010327
40.2733 -21.2338 0.908018309287
40.3922 -22.134 1.04529694346
39.6789 -21.3699 8.03228334971
40.2423 -13.3574 1.20462444355
43.1484 -6.8123 1.45988696138
44.5597 -7.1858 0.313782488358
44.328 -6.9742 0.407760284971
44.6854 -7.1705 0.351292470742
44.7722 -7.5109 0.316304615837
44.5557 -7.7415 15.080422565
36.0 -20.16 19.0976671858
18.4063 -27.5885 6.75193353788
11.6714 -28.0678 3.21680672251
8.4569 -28.1896 1.42070805235
7.0373 -28.2457 3.65085546413
3.3904 -28.4156 4.09372459381
-0.682 -28.8329 4.70719712993
-5.3349 -29.5458 1.74837200847
-7.0617 -29.8196 2.80143369902
-9.8168 -30.327 1.3663493038
-11.1829 -30.3531 2.42811223176
-13.6084 -30.4657 0.164396867367
-13.7177 -30.5885 1.20583823127
-14.3067 -31.6407 0.814657381971
-14.7475 -32.3258 6.47801809815
-21.2173 -31.9996 13.2182375951
-34.4337 -31.7792 16.9927738892
-51.175 -28.8666 0.613296094884
-51.2483 -28.2577 3.1368208237
-51.1201 -25.1235 3.50877273701
-51.4787 -21.6331 10.3993570383
-42.6279 9.9013 8.73140950019
-33.941 9.0208 0.0652236153552
-33.8996 8.9704 2.97304008214
-30.9353 8.7426 0.80875620554
-31.6725 8.41 0.268140299097
-31.9244 8.5019 8.74365006162
-34.4538 16.8717 0.328565762063
-34.1649 17.0282 3.95617781704
-30.4255 15.7366 0.26953723305
-30.4341 16.006 0.783810008867
-30.9334 15.4018 1.31049162149
-29.9507 16.2688 17.6979614219
-15.44 26.4008 3.1072362205
-12.4893 27.3746 15.8039704505
0.1097 17.8336 0.433748521611
-0.195 18.1423 10.2353087115
-5.6159 26.8242 0.60153723908
-5.075 27.0874 11.856634447
2.225 17.7445 0.457130112769
2.5175 18.0958 10.914750032
-4.804 10.0009 1.34245974986
-5.5467 8.8826 0.227794029773
-5.6231 8.668 0.163597830059
-5.4711 8.7285 12.616135908
0.1894 -2.5465 0.610539933174
0.5868 -2.083 1.15614470115
1.3412 -2.9591 18.9697712746
6.2673 -21.2781 0.256552314353
6.0463 -21.1478 0.824065434295
6.8491 -21.3338 0.910240847249
5.9603 -21.1374 15.0611697716
-6.2692 -12.3466 1.10051974994
-7.3548 -12.166 1.06641186227
-6.3623 -12.5561 10.3207977686
-5.1926 -22.8104 0.493966840992
-4.9646 -22.3722 4.7876382121
-5.0643 -17.5856 3.24826331599
-3.0699 -15.0217 0.80603218298
-2.2781 -14.8709 0.56412764513
-1.7189 -14.9453 2.30106473616
0.5685 -14.6949 3.13405115625
3.1937 -12.983 1.18697181938
4.2824 -12.5101 1.85329760427
5.7548 -13.6356 12.5998698489
-3.7437 -21.9142 0.882264914864
-3.065 -22.4779 17.1407385494
11.6389 -31.287 1.5579913286
13.1166 -31.7807 0.72289729561
13.8237 -31.931 1.44963722358
15.2295 -32.2848 2.23832708289
17.4668 -32.3526 0.828706968717
18.2908 -32.4408 0.866410029951
19.1313 -32.6511 1.33835338009
20.4689 -32.6062 2.03116371817
22.4996 -32.6496 1.43372232319
23.9283 -32.7695 0.834723025919
24.763 -32.7633 1.43596842584
26.1984 -32.8037 0.669280636206
26.8653 -32.8601 1.43715206224
28.2991 -32.9582 1.33823947409
29.6266 -32.789 1.30828230134
30.9269 -32.9333 2.12424326526
33.0477 -32.8124 1.32117834148
34.3663 -32.7299 3.06005295706
37.2446 -31.691 0.824086451776
38.0584 -31.5612 0.773431548361
38.7828 -31.2902 0.361971407711
39.0669 -31.0659 0.522132952417
39.478 -30.744 0.409942556952
39.7351 -30.4247 0.327000428134
39.9519 -30.1799 0.471692654172
40.2555 -29.8189 1.67586019703
39.9957 -28.1633 0.500744825235
39.989 -27.6626 1.63516590596
40.2615 -26.0503 1.84556937827
40.4412 -24.2135 1.23609370599
39.5665 -23.3401 12.2193004648
39.8672 -11.1245 0.915436518826
39.9353 -12.0374 1.08776599046
44.4942 4.0122 1.36100254959
43.4455 4.8797 25.7355434468
22.1834 19.3794 1.047230414
22.2849 20.4217 1.07437537667
21.5167 19.6706 15.5184702419
12.8423 6.8029 2.96963931312
10.4894 8.6147 4.34237675012
6.1474 8.5575 2.36080649991
3.7911 8.4117 2.98855333565
0.8663 7.7977 3.7180827667
-2.8322 7.4166 3.48506781139
-6.3171 7.3824 1.14065806445
-7.1132 6.5655 1.5034011474
-8.0727 5.4081 2.84965184014
-9.9946 3.3041 41.4205128491
-42.4504 -22.4307 6.06849385597
-48.4802 -21.7465 4.01291276257
-51.133 -18.7355 0.241562683376
-51.3083 -18.9017 14.099603249
-51.7156 -21.8377 0.83438531267
-50.9278 -21.5628 0.319410848282
-50.7038 -21.7905 0.433647091539
-51.0522 -22.0487 1.03767722342
-50.0771 -21.6938 0.234466287555
-49.8601 -21.605 0.477484292935
-50.2831 -21.8265 0.274666088187
-50.557 -21.847 0.689149163825
-49.9526 -21.5159 2.42743275293
-50.4757 -19.1455 7.97781708552
-44.2921 -14.1048 0.44581711497
-43.8588 -14.2097 0.175776448934
-43.9878 -14.3291 1.19685209195
-43.0271 -13.6153 10.2727525722
-34.3621 -8.0974 1.07490684248
-34.0635 -7.0648 16.2602616738
-25.2992 6.6313 12.3793242307
-18.0021 16.6313 0.974291563137
-17.0687 16.352 16.1808552447
-6.4813 4.1157 0.26790977959
-6.221 4.1791 11.8534595963
-11.0648 14.9977 0.850330770936
-10.2799 15.3248 0.842693704735
-9.4507 15.475 3.96652420388
-5.4858 15.5885 1.20258525685
-5.2691 14.4056 7.52999758898
-8.4636 7.5868 0.822353950559
-7.7537 8.0019 5.88058327039
-6.5111 13.7497 1.09498473049
-5.6891 14.4731 1.14015974758
-6.0507 13.3918 10.3540774741
-7.906 3.2053 0.967290917977
-7.4544 2.3499 1.4685695353
-6.9712 3.7367 9.80445705279
-4.3875 13.1946 0.381882625947
-4.246 12.8399 1.2915020751
-3.2216 13.6264 1.5443690265
-1.7129 13.9564 3.2126109584
1.2385 15.2253 9.19592476318
-0.254 24.2993 18.1855613375
15.94 32.5739 0.888564645932
16.8197 32.4487 2.34492390068
19.1436 32.1354 4.51956766185
23.582 31.2827 1.51199222882
25.0381 31.69 1.49347547687
26.5001 31.995 2.458290888
28.9481 31.7703 2.77458866321
31.5897 30.9216 3.96096062212
35.3916 29.8104 0.954619432025
36.2267 29.3479 4.85832467524
40.5659 27.1628 1.1327430247
40.5839 28.2954 0.659470219191
40.7015 27.6465 15.4365546483
47.0 -9.16 14.4022418356
33.7125 -14.7158 1.01008737246
33.5438 -15.7117 0.87025329646
33.7742 -14.8725 1.41073071846
32.3642 -14.9179 19.9727392698
-2.4155 -11.9349 12.2073416598
8.4717 -17.4565 1.05554914618
9.5113 -17.6393 0.99529459458
8.814 -16.9291 21.3650068973
-5.0094 -0.6387 13.165712926
-3.1708 12.398 0.973741290077
-2.6499 13.2207 1.23871205694
-3.1609 12.0923 14.1494954345
-7.8037 -1.2738 0.904941379317
-8.2796 -2.0435 0.232565560649
-8.0561 -1.9792 1.23947805951
-7.8842 -0.7517 8.01932145384
-8.7195 7.224 0.769507667278
-8.8877 6.4731 6.39084236075
-10.6509 0.3303 0.269193257716
-10.3939 0.4104 1.27002678712
-11.6637 0.4344 19.5947711689
-7.4457 19.5698 4.67734994415
-9.9052 15.5913 0.687959664515
-9.9241 16.279 3.39064331654
-8.2128 19.2061 0.642177249675
-7.6439 18.9082 1.47568205586
-6.3391 18.2189 0.518186395036
-6.2306 17.7122 0.057506956101
-6.1739 17.7218 0.410905366234
-5.889 17.4257 0.307707555968
-5.6805 17.1994 1.03973133549
-4.8352 16.594 0.777511581907
-4.3287 16.0041 1.31921942072
-3.0975 16.4779 1.80661110646
-3.4987 14.7164 0.237024386931
-3.4953 14.4794 6.44520067802
-8.9616 17.8941 0.747661882137
-8.7414 17.1796 5.76911968328
-3.401 14.9972 3.90456047719
-6.8046 16.9106 0.280305137306
0.0 0.0 4.03592556051
3.9363 0.8912 0.264175434134
4.0528 1.1283 1.4631132868
2.6983 1.6815 2.73848932443
-0.039 1.6008 0.772187049878
-0.7818 1.8118 2.70335500074
-3.4583 2.1919 0.686913742765
-3.4708 1.5051 1.22524825648
-3.6635 2.7151 19.3223613001
-7.2821 21.6956 1.46258088665
-8.2642 22.7794 2.42809689469
-10.6479 23.2416 3.08053561901
-13.135 21.4239 1.7771118873
-14.6729 20.5334 3.5848446898
-18.2293 20.0827 1.39132787293
-18.9936 18.9201 11.58072794
-24.3397 29.193 1.97829605722
-26.1545 28.4055 1.36742616985
-27.4798 28.0687 2.85174428903
-29.7805 29.7537 2.82619363279
-32.5572 29.2271 4.16378683652
-36.6463 28.442 9.77076659684
-46.1878 30.5462 1.51419044047
-47.4173 29.6624 2.73603052797
-50.2892 26.869 1.13118075037
-49.5642 27.7373 14.5121884073
-44.2531 14.2319 0.361961006187
-44.3327 14.585 0.425390608735
-44.1433 14.2041 0.504817214445
-44.1164 14.7082 0.79348548821
-44.8625 14.4381 0.151335719511
-44.839 14.5876 9.86851685817
-37.6123 21.3079 21.0621090269
-16.7668 24.3208 0.676951106063
-16.3982 23.753 14.6758366256
-7.2011 12.3165 0.148596702521
-7.0534 12.3002 1.0897231988
-8.0637 12.7086 10.3059869421
-11.1968 22.5268 1.1076145223
-10.9751 23.612 3.05715032342
-9.0198 21.2619 1.0881139876
-13.9781 31.3297 3.53966752111
-17.5071 31.6043 11.0695076878
-20.6657 20.995 10.2728705832
-30.8716 22.1661 16.1876556277
-46.068 27.7437 5.96946454048
-48.8303 22.4518 1.62243919146
-40.5745 6.4252 1.12187618746
-39.7408 7.1759 0.550469118117
-39.2028 7.0594 0.371885412459
-38.8952 7.2684 0.693108252728
-38.8495 6.5768 0.726012369041
-38.6705 7.2804 1.11346127458
-39.0685 6.2405 0.896842355155
-38.6496 7.0335 0.472211996883
-38.3057 7.3571 0.606441159553
-38.7385 7.7819 0.875324728315
-38.2242 7.0736 33.4187134776
-12.9009 -14.7333 0.693935054598
-13.1228 -14.0758 1.20797778539
-12.1041 -14.725 13.7848441982
-3.7947 -25.7239 1.00251265329
-3.0156 -26.3548 0.574916872252
-2.6511 -25.9102 11.8323998758
-7.2642 -15.0141 15.2475580891
-3.3674 -29.7553 0.436251601716
-3.3559 -30.1914 5.91272121869
2.1671 -32.3025 2.8770140163
5.0294 -32.0119 0.816185940825
5.8412 -32.0964 1.85543932264
7.6964 -32.1262 0.567548588228
8.254 -32.232 0.456423180831
8.7104 -32.2366 1.05032682533
9.7604 -32.2104 1.37315875266
11.1324 -32.154 0.308093443617
11.3105 -32.4054 0.224257931855
11.4374 -32.5903 2.51277285086
13.9388 -32.8291 1.03208941958
14.8599 -33.2947 2.46286321585
17.246 -32.6846 0.656269190196
17.693 -32.2041 0.832706719079
18.4918 -32.4393 0.244403457422
18.6374 -32.243 0.17441447761
18.7374 -32.1001 1.38430591995
19.8722 -31.3073 2.15438528123
22.0047 -31.6136 1.06175263127
22.9996 -31.9844 2.39011891336
25.3617 -32.3493 4.41374852138
29.7317 -32.9692 0.562328062611
29.6795 -33.5291 0.539214261681
30.1604 -33.2852 3.07278418539
33.232 -33.3705 4.5907679118
37.7069 -32.3456 4.01302330544
40.8758 -29.8834 0.981397900956
41.198 -28.9564 2.27289560913
41.8802 -26.7883 1.99336612292
42.9091 -25.081 1.38625624255
42.343 -23.8156 1.10760835136
42.1731 -22.7211 1.48391055323
41.7513 -21.2984 10.3588967738
40.1279 -11.0675 0.134679359963
39.9961 -11.0952 0.911848901957
37.3261 -2.4625 0.889670950408
36.4529 -2.2921 1.0475642701
37.4208 -1.8914 5.79981710919
42.6977 0.5153 9.394475145
42.6258 9.9095 10.4233413165
32.3924 7.9287 11.6990554273
20.9654 10.437 17.6947074237
8.9395 23.417 0.942675447861
8.1639 23.9528 1.19744692575
7.9022 22.7843 2.47162362224
6.4504 20.784 2.76375536001
5.2964 18.2727 4.23536993071
1.0771 17.9041 2.04353302396
-0.9058 18.3982 2.08974035708
-2.9882 18.5732 3.76143638787
-6.6285 19.5201 0.481978754719
-7.0969 19.6337 1.06576063448
-8.1427 19.839 2.18770642455
-10.3261 19.9762 1.85404497518
-12.1795 20.0251 0.801851021076
-12.701 19.416 0.658544637819
-13.1508 18.935 1.24760304985
-14.0412 18.0611 0.643840267458
-13.4139 18.2061 0.761928946819
-13.5853 18.9485 15.7005625851
-21.9478 32.2367 1.2003592129
-23.1118 31.9435 3.41960414668
-26.4024 32.8739 2.61780451906
-29.0029 32.5734 3.85023566032
-32.8271 32.1264 3.06830180067
-35.8608 31.6669 7.78108216188
-43.5752 30.6504 0.355059121837
-47.3003 14.6153 0.41104865892
-47.5313 14.2753 1.48957685267
-46.5909 15.4305 0.770036525108
-47.3609 15.438 0.893056817901
-46.4711 15.3618 1.08140542814
-45.3898 15.3467 26.3488733203
-26.6915 -31.3878 0.880249566884
-25.8118 -31.4189 0.712592800974
-26.2485 -31.982 0.739387814344
-25.5532 -32.2335 2.75254177262
-22.8218 -31.893 2.19172773172
-20.922 -32.9859 0.414039345956
-20.5137 -32.9172 0.20153285092
-20.3647 -32.7815 0.565990989328
-20.8285 -33.1059 0.859630176297
-19.9737 -33.0149 0.535293657724
-19.4466 -32.9216 0.29176994362
-19.5323 -33.2005 0.309802727554
-19.8136 -33.0707 1.1240938395
-18.695 -33.1817 2.18797042485
-16.7597 -32.161 10.5684296662
-17.7102 -21.6354 6.3516913283
-11.5149 -20.2346 0.288979047683
-11.5441 -19.9471 0.330786774222
-11.4671 -19.6254 0.395840220291
-11.0779 -19.6976 0.84430305578
-10.2517 -19.5237 7.43445935156
-9.3768 -12.1409 12.616508643
-6.5015 0.1436 0.114995826011
-6.5885 0.2188 3.41655161823
-3.3749 1.3788 1.4277137143
-2.6615 2.6155 0.566843964421
-2.2093 2.9573 2.46090462229
0.0173 4.0053 0.67646074535
0.2458 4.642 1.05482414174
0.5649 5.6474 2.95368005207
3.2028 6.9762 13.4452945572
-6.3175 16.4704 0.622290004741
-6.9201 16.3151 1.26144934104
-6.0401 17.2189 17.0303604263
6.858 28.3397 0.380349234257
6.7103 28.6902 1.30778888587
6.0587 27.5563 12.1725226708
-4.1277 20.8924 13.7520110257
-3.2662 7.1674 1.09221670011
-3.9838 7.9908 0.235853259464
-3.7528 7.9432 1.02949388051
-3.4026 6.9751 0.824864382793
-3.4792 7.7964 1.17750027601
-3.4485 6.6193 14.5371208941
2.761 -6.5249 1.72843838479
4.164 -7.5344 21.0698220232
11.53 -27.2747 0.942699209716
12.1656 -27.9709 3.4846984848
14.5548 -30.5076 1.06135421514
15.6057 -30.6562 1.94856683745
17.3831 -31.4548 1.52723332206
18.8102 -31.9987 2.07336431193
20.8216 -32.5018 0.135868502605
20.8949 -32.6162 0.0748077536088
20.8307 -32.6546 0.105661771706
20.9102 -32.7242 2.29526715221
22.7629 -31.3693 0.207451440101
22.9686 -31.3962 0.303854850216
23.199 -31.1981 0.531358052541
23.7167 -31.3178 2.52126752448
25.4854 -33.1146 1.84750108254
27.3251 -32.945 2.03317210536
29.3092 -33.389 1.89336903165
31.1994 -33.4985 3.50058016906
34.6548 -32.9379 5.84336370338
40.2109 -31.1283 3.40490204558
40.4196 -27.7298 1.43615893967
40.1391 -26.3213 1.17767456456
40.1094 -25.144 0.571910840953
40.0214 -24.5789 0.662137750019
40.117 -23.9237 1.2104265777
40.5763 -22.8038 7.80361573247
40.6188 -15.0003 5.04437282623
40.3353 -9.9639 0.873096449426
42.6243 9.9157 10.0023822292
32.7592 8.2642 11.4721333761
21.4898 10.4114 15.3526940102
10.7527 21.385 0.556852942885
10.3325 21.0196 3.60961737584
6.7869 20.3428 3.17206419386
3.6726 19.7402 5.39610964029
-1.5804 18.5057 4.05741496522
-5.4648 17.3335 3.16878393394
-7.9047 15.3116 1.09199903388
-7.858 16.4026 1.47861927486
-9.107 15.6112 3.23900208861
-11.0688 18.1885 4.73225733239
-15.6693 19.2974 0.994561033823
-14.7787 18.8547 0.750317379513
-15.0491 19.5546 1.54851836605
-16.1503 18.4659 9.24616370448
-22.7816 12.0225 24.5042801365
-26.3522 33.4157 0.368601709166
-26.5651 33.1148 12.1921756196
-27.3404 20.9473 1.15082777165
-26.247 21.3063 7.05993220647
-21.8194 15.8073 15.3323378534
-14.612 2.2746 0.654166958811
-13.9716 2.1411 1.55955828682
-12.4518 1.7912 2.36427147764
-10.1199 1.4013 0.564204679172
-9.6153 1.1489 1.77909754932
-7.9828 0.4417 0.694601360494
-7.5316 -0.0864 0.659135016518
-8.1905 -0.0688 8.51236293517
-14.0962 -6.1993 2.99717921553
-12.848 -8.9242 6.62944652441
-6.2981 -7.9003 0.987766065422
-7.0185 -8.5761 3.72493820754
-10.3074 -10.3249 2.1953636077
-8.1245 -10.0913 1.7410839526
-7.0102 -11.4291 1.01574867955
-6.0875 -11.0044 9.59719763733
-3.6055 -1.7337 8.50844727609
-7.4307 -9.3338 6.99592346227
-3.8577 -3.3191 2.02797565321
-2.0014 -4.1357 3.80416060912
1.2349 -6.1352 0.920388466899
2.1116 -6.4154 2.49515655821
4.0976 -7.9259 0.845376247596
4.8036 -8.3909 0.473008213459
5.1025 -8.7575 1.21605170943
6.1645 -9.3499 2.2331981775
8.2308 -10.197 4.84300711232
9.2858 -14.9237 0.335143267872
9.1609 -15.2347 2.4334806533
11.1369 -13.8144 0.784898108037
10.6467 -13.2014 1.59071896324
10.8828 -14.7745 13.4071351944
17.1264 -26.6391 2.71749080035
18.8389 -28.7491 4.8037481668
21.9306 -32.4257 0.961874679987
22.8875 -32.5234 0.477166008848
23.3507 -32.638 0.26936839087
23.6165 -32.6817 0.0467238697028
23.6199 -32.7283 1.54991096841
24.6248 -31.5483 0.627760025806
25.2332 -31.703 1.73310295424
26.9464 -31.9649 1.5281748362
28.4532 -32.2196 2.43133009894
30.8415 -32.675 4.78172603147
35.4143 -31.277 0.764724035192
36.13 -31.0076 0.624143997808
36.7213 -30.8078 3.48265871139
39.3626 -28.5379 0.71198261917
39.6764 -27.8988 1.81910082458
40.0655 -26.1218 9.81062970966
39.3582 -16.3367 10.249764989
40.2465 -6.1255 0.681310736742
0.0 0.0 5.66091627301
0.7693 5.6084 2.2713661836
-1.4742 5.2537 1.35083503804
-2.8249 5.2728 0.926722795662
-3.7516 5.2663 0.920933900994
-4.0805 6.1265 1.95826354968
-4.6723 7.9932 1.24183173176
-9.496 -2.0928 12.7808540658
-13.1308 -14.3459 2.06035540623
-11.5766 -15.6985 2.08558425867
-9.7237 -14.7412 2.85053140484
-6.9017 -14.3389 0.601504280949
-6.3025 -14.2863 0.562334171112
-5.7421 -14.2397 1.42737689487
-4.3389 -13.9781 0.329275279971
-4.0154 -14.0395 0.252244722442
-3.768 -14.0887 0.1276591164
-3.6889 -14.1889 0.471465513055
-3.4042 -13.8131 0.507957488379
-2.9483 -13.5891 1.14365016504
-2.7304 -12.4664 11.3315024886
-6.4492 -1.7625 2.5144150274
-4.1854 -0.6682 1.107879822
-4.5881 -1.7003 0.662233131155
-3.9527 -1.8869 0.29277617731
-3.6794 -1.9919 0.902244423646
-2.8814 -1.5709 10.0395502414
1.7397 7.3419 18.4014339278
7.9645 24.6585 0.691460374859
8.6281 24.8528 0.484586627962
9.0085 25.153 2.70085742867
10.3464 27.4992 6.55139767149
13.9797 32.9508 0.944580716509
14.916 32.826 0.349242108
15.2619 32.7778 0.251909051048
15.5103 32.7359 1.37860039533
16.88 32.8923 0.418564941198
17.1794 32.5998 1.35552825496
18.4905 32.2556 0.600210046567
18.9492 31.8685 0.91887031185
19.7183 31.3657 0.979398146823
20.6975 31.346 1.55199716817
22.2464 31.444 2.721507562
24.9385 31.843 0.725653539921
25.623 32.0839 3.0922530055
28.4013 33.4415 2.66764801276
31.0657 33.3099 1.79846557376
32.8636 33.2648 2.84075564771
35.6883 32.9632 5.28246965443
40.4396 30.6546 3.46509594961
40.6533 27.1961 2.80724882581
39.7662 24.5327 0.483198354716
39.829 24.0536 0.376667758111
39.9936 23.7148 0.237510105048
40.0897 23.4976 0.534794539987
39.9899 24.023 0.933619044364
40.6595 23.3724 13.3860734833
40.5156 9.9871 0.961393389825
39.9281 10.7481 0.0
39.9281 10.7481 0.181238240998
40.0988 10.809 0.940491998903
40.9934 10.5188 4.29272338848
41.4374 6.2491 1.19211063245
0.0 0.0 7.19530095548
1.1672 7.1 0.76296328221
0.9268 6.3759 4.55687757351
-1.6591 2.6238 3.41472204579
-4.5319 4.4697 0.960851669094
-4.6867 3.5214 1.14443517947
-4.9605 4.6326 18.1110623902
-5.6916 22.7289 2.17039765251
-7.601 21.697 1.81166465992
-9.4038 21.876 13.5888646421
-19.0513 31.4459 3.12904095531
-22.1734 31.2376 11.349018947
-33.5199 31.4767 14.6937261278
-47.7243 27.7163 2.47550861239
-48.886 25.5303 1.00727514612
-51.7008 20.2311 1.11787929581
-51.4214 21.3135 10.5677160796
-46.7997 11.81 0.889102165108
-47.2918 12.5505 1.51285167812
-45.8746 13.0799 0.743900544428
-45.1307 13.0808 2.86587767534
-42.2649 13.0597 1.26034149737
-42.5339 11.8284 0.626861268544
-41.9386 11.632 1.1123241434
-41.1714 12.4374 1.10202969107
-42.0694 11.7986 0.883233972399
-41.385 12.3569 22.4627898608
-21.2713 22.3577 1.01929389775
-20.3871 21.8506 15.7847282967
-8.7773 11.1562 0.242526555247
-8.6506 11.363 1.09443535213
-7.6799 10.8575 1.082738685
-8.3058 11.741 13.6781735659
-15.1441 23.5871 6.13403092998
-9.4857 25.9554 4.57713365328
-5.4369 28.0902 6.82342178822
0.8912 30.6425 4.04990118521
4.5917 32.2881 0.822149195706
5.4004 32.14 1.17720887696
6.2859 32.9157 0.841181371643
7.104 33.1114 0.579043228093
6.5299 33.1869 0.325377088929
6.7474 32.9449 0.488765557297
7.2358 32.9638 0.556654408049
7.7896 32.9075 0.423174384858
8.093 32.6125 2.43113430522
10.3831 31.7965 1.01474524882
10.1005 30.8219 0.950846575426
10.3269 31.7454 1.12450664738
10.3957 30.623 0.641764014261
10.0325 31.1521 2.8485948343
12.2923 32.8864 0.263619915788
12.3868 32.6403 0.773045464381
11.7391 33.0623 0.67243198169
12.0385 32.4602 0.509871405356
12.1882 31.9728 0.396347171051
12.5844 31.962 0.370505735448
12.8363 31.6903 0.052102399177
12.8634 31.6458 0.339641281354
13.0882 31.9004 0.243919535913
13.2489 32.0839 2.11311246506
13.6204 30.0037 0.665591053125
14.2441 29.7713 1.72397350618
14.9173 28.1842 1.1462786136
16.0152 28.5137 1.75682373902
17.3089 29.7023 4.69615431603
20.3839 33.2517 3.01190251668
23.37 32.8583 2.88354968052
26.2526 32.9323 0.93327674888
27.0783 32.4973 1.75872522015
28.8339 32.6021 3.22060676581
32.0502 32.4356 0.82221773272
32.8192 32.1446 3.5364774409
36.0737 30.7608 1.9659004985
37.7436 29.7234 0.933661887409
38.586 29.3208 0.833651252023
39.2164 28.7753 0.581685421856
39.5256 28.2826 2.27989713803
40.287 26.1336 1.70068168979
40.1481 24.4386 0.720640499833
40.0738 23.7218 0.967186321243
40.7125 24.4481 1.25754811041
40.7318 23.1907 14.5569850179
42.6239 -9.9177 9.476116511
33.3081 -8.182 0.809850288634
32.7363 -8.7555 3.16962051041
29.631 -8.1202 1.06285993903
30.194 -7.2187 0.95500817274
29.2905 -7.5281 23.3214068883
16.6523 -27.1282 5.72426507597
11.0888 -28.4753 3.26096121565
7.877 -27.9112 3.18129314588
4.7302 -28.3784 4.90078288644
-0.1645 -28.6225 0.800503597743
-0.965 -28.6201 2.41405788249
-3.3765 -28.509 1.64417919036
-5.004 -28.7426 3.56440225704
-8.5619 -28.9578 3.97629625154
-12.0307 -30.9016 0.568817721243
-11.9935 -30.334 0.952702776316
-12.7128 -30.9587 3.09098846488
-25.9029 -31.0661 7.97636986667
-24.9234 -23.1501 14.421188148
-17.848 -10.5839 8.69157583986
-11.3033 -4.8646 0.564437348162
-10.7479 -4.764 1.48434832839
-9.2865 -4.504 0.427755596106
-9.0628 -4.8686 0.566239004308
-9.2834 -4.3471 0.367276598764
-9.0223 -4.6054 0.193385263141
-8.8292 -4.6159 0.118386823591
-8.783 -4.7249 1.54460576847
-9.6927 -5.9732 4.10629202322
-12.3604 -9.0949 1.77316157188
-11.7318 -10.7529 0.581764943942
-11.3164 -11.1602 0.48113267401
-10.8448 -11.2555 0.504032746952
-10.5553 -11.6681 0.974464119401
-9.6997 -12.1345 1.92601168221
-7.7887 -11.8945 8.37827734323
-7.7527 -3.5163 6.61936542956
-4.8914 -9.4853 0.666179465309
-5.1926 -8.8911 6.43942582922
-8.5336 -3.3862 0.911851769752
-7.9638 -2.6743 0.512494419482
-7.5211 -2.4161 0.481305277345
-7.1057 -2.173 2.57445889655
-5.0707 -0.5961 0.631880447553
-4.8138 -0.0188 0.583742837215
-4.3479 0.3329 0.377503509917
-4.009 0.4992 1.41807407775
-2.9937 1.4892 3.52956011565
-0.7456 -1.2318 0.21704619324
-0.9459 -1.1482 0.880886939397
-0.4671 -1.8876 1.07109082715
0.2795 -1.1196 1.13041054489
-0.7493 -1.588 11.3693452868
-10.9833 -6.5405 0.681704224719
-10.5762 -5.9937 10.8857556697
-3.5087 2.2858 0.625558214717
-3.8179 2.8296 9.40581878839
-9.0111 -5.0126 0.893878123684
-9.6754 -5.6107 1.04731900107
-9.1709 -4.6929 8.39796929025
-3.8015 1.7643 0.437079912602
-4.1218 1.4669 1.24122185366
-4.6698 2.5806 8.89076665423
-12.5767 6.6459 0.89597741601
-13.4254 6.3587 0.719007378265
-13.1974 7.0406 0.450265221842
-6.973 12.6247 0.970988511775
-6.6815 13.5509 0.816676288379
-5.9811 13.1309 1.19605271623
-6.6322 12.1276 1.26832155623
-7.2763 13.2202 11.438742475
-10.4213 24.2181 1.47570406925
-11.7018 23.4846 3.76466300351
-14.741 25.7063 4.11419616572
-15.2915 29.7835 3.15510882538
-17.1554 32.3292 2.18013583522
-19.3355 32.3167 2.30490754695
-21.6061 31.9205 1.65937772975
-23.2428 32.1939 9.98775876761
-23.5094 22.2097 0.863765135902
-23.9208 22.9692 4.97750549673
-26.4079 18.6576 1.06353821746
-26.6174 17.6149 3.90385024943
-30.098 15.847 1.50047280882
-31.4087 15.1166 1.02834442187
-32.3383 14.6769 2.87538296928
-34.7754 13.151 2.71674657817
-43.0381 2.9838 1.12370781345
-42.9398 1.8644 0.544773053665
-42.664 2.3342 2.9410961562
-40.3686 0.4954 0.740397582384
-41.1079 0.4551 0.783218488035
-40.4391 0.0475 0.35015682201
-40.5105 -0.2953 1.26960404851
-39.4217 0.3577 6.52791192113
-32.9798 1.4139 17.0603259175
-16.6419 -3.4981 0.314743101592
-16.482 -3.7692 0.310484138081
-16.7422 -3.9386 2.00738036754
-14.7607 -4.2599 2.94532807171
-11.8183 -4.1286 1.16618736917
-10.661 -4.2723 8.76220690294
-11.7601 -12.9653 0.824192465387
-12.268 -12.3162 1.15774335671
-11.5302 -13.2084 1.02367231085
-12.4462 -13.6654 1.24853720009
-13.6529 -13.3449 5.33510620794
-11.2169 -18.0914 0.481934030755
-11.094 -18.5574 1.33370205443
-11.2554 -17.2335 4.56189450338
-12.0109 -12.7346 0.899181416623
-11.1118 -12.7467 2.56559965115
-8.5937 -13.2381 1.23322167513
-8.355 -12.0282 13.6907725312
-4.3915 1.0763 3.54218360055
-0.908 1.7184 0.372423750585
-0.9176 2.0907 13.0152051697
-13.9257 2.5207 0.977680244252
-13.6332 1.5878 8.11498634996
-6.4037 -2.0983 1.34845785251
-5.2544 -1.393 0.55928171792
-5.7846 -1.215 0.413554059344
-6.1976 -1.1936 7.49735758584
-12.3007 3.161 0.437464524276
-12.2702 3.5974 11.579127018
-1.6287 8.1619 0.0865199398983
-1.5794 8.233 1.393765547
-2.9346 7.9074 7.65010038758
-10.5681 7.4037 0.965098461298
-9.7281 7.8789 7.90380526392
-2.0944 9.9275 6.67075101169
-8.7529 9.5234 0.525141542824
-8.3687 9.8814 5.83386572094
-2.5357 9.9819 9.45206757487
6.8043 8.5307 0.146228348825
6.6955 8.433 0.24865478077
6.6749 8.6808 1.97275450323
6.7532 10.652 13.4057251191
-4.3157 18.2146 0.0884115942623
-4.3882 18.164 0.811879824851
-3.5881 18.0262 5.53616716962
-0.1519 13.6855 2.48227263813
0.5929 11.3176 11.6665530754
-4.675 0.9081 12.7354776546
5.238 -7.0872 1.29128464716
5.815 -8.2424 16.163821529
8.9691 -24.0955 0.428735466226
8.558 -24.2172 14.2075867314
-4.5297 -18.6884 3.02927791561
-3.0552 -16.0422 11.5045353565
-5.0396 -4.7101 14.4458316109
6.1162 4.4676 0.722132536312
6.7326 4.8438 0.456442778451
6.2877 4.7418 0.651396346321
6.8275 5.1064 0.498602898106
7.2997 5.2665 1.11291173055
8.2223 5.8889 0.58157642662
8.7656 6.0964 0.560199473402
9.2628 6.3545 1.29109491905
10.5525 6.2945 1.24695027968
11.4795 5.4605 0.380268247425
11.1432 5.638 0.197484303174
11.3305 5.7006 0.7526572261
11.7132 6.3487 2.47799749193
14.1013 5.6873 0.669172743019
14.7693 5.6477 0.0
17.7091 5.1928 29.1363258205
42.6257 -9.9098 13.5421134613
29.1547 -8.5238 3.64883604044
25.5094 -8.3632 0.854321725113
25.035 -9.0737 25.6004747679
11.5965 -30.8634 8.09590545708
3.5006 -30.854 3.29343740946
0.2452 -30.3549 2.00073567719
-1.7446 -30.146 4.95015161788
-6.6944 -30.205 3.18399970477
-9.8578 -30.5666 1.54052537791
-10.9768 -31.6254 1.5768548443
-11.9836 -32.839 12.813592284
-24.7725 -33.6341 18.7960242863
-43.5676 -33.4477 6.76597541896
-48.1395 -28.4601 0.893628250449
-48.3934 -29.3169 1.27138631816
-48.1803 -28.0635 2.88605125388
-50.2583 -26.0607 2.11174107551
-51.3892 -24.2773 1.31036476219
-51.3026 -25.5848 0.32441037283
-51.5923 -25.4388 2.14309010543
-51.3995 -23.3044 10.7467881904
-45.527 -14.304 1.34506464157
-46.2855 -13.1932 0.88364971001
-46.7471 -13.9467 0.893580869312
-46.336 -14.7401 0.186522813618
-46.297 -14.5577 0.161014098762
-44.5528 -2.8532 0.264501531186
-44.8137 -2.8967 0.487879370337
-44.3259 -2.8879 0.12760975668
-44.2054 -2.9299 0.803220698189
-43.9584 -2.1656 0.399092683471
-43.9708 -2.5645 0.307004169353
-43.8542 -2.2805 0.400040760423
-43.6148 -1.96 4.90690782978
-42.2727 -6.6798 0.429062571194
-42.0065 -6.3433 1.17083068802
-43.0926 -6.7806 0.927422967151
-42.3176 -6.2712 0.954567168931
-41.7198 -7.0154 0.526538887453
-42.2394 -7.1006 0.147402374472
-42.1105 -7.0291 0.746906634058
-42.6659 -6.5297 1.1769059818
-41.9399 -7.456 21.4728569159
-25.8197 -21.6413 0.376106819933
-25.755 -22.0118 2.61894500897
-23.171 -22.4382 0.873563094459
-22.4022 -22.853 0.47618321054
-21.9264 -22.8721 1.67546761234
-20.5728 -23.8595 0.979179784309
-20.0796 -23.0136 19.653402425
-3.3728 -12.6628 13.0669107061
-5.3412 0.255 1.05480558398
-4.7893 1.1539 18.4923210617
-0.4737 19.1356 0.755600456591
-1.2074 19.3162 0.734818018288
-0.5888 18.9196 10.5899953772
0.7384 8.4131 0.850912809869
0.0994 7.8512 1.44390007965
0.6704 9.1774 13.4350211686
5.7772 21.604 12.4933728384
4.0994 9.2238 0.788515396172
4.8787 9.344 5.7633704245
10.4304 7.7964 1.17933300641
11.4939 7.2867 0.83199350959
10.6637 7.3413 1.39687264989
10.2131 8.6635 4.21520873979
7.2365 11.6481 0.128024411735
7.1092 11.6345 1.24969600303
6.9379 10.3966 0.93528494054
7.5015 11.143 0.569807344635
