0.0 0.0 7.03925108588
-2.0399 -6.7372 0.920387853027
-1.5841 -7.5368 1.1957942716
-1.6728 -6.3443 13.7550324976
-1.7027 7.4107 1.24931014964
-0.5719 7.9418 15.4116867257
7.7368 20.922 18.0699310375
-6.6145 9.9419 0.423887308137
-6.2831 10.2062 1.02737596818
-5.7944 9.3025 0.593872755731
-5.7478 8.6244 0.997587570091
-6.0918 9.5608 16.1819231345
-11.059 24.9615 1.09275637724
-11.4445 25.984 0.731011422619
-11.3164 25.2643 15.6434546057
-7.844 10.0111 3.46114323598
-10.6025 12.1016 0.910201983078
-9.7382 12.387 4.6210164304
-6.0173 15.1272 4.3086667381
-8.5964 11.6757 1.11837779842
-9.6723 11.981 1.32330542582
-10.6622 11.1028 0.629352127191
-10.6703 10.4735 1.39826653396
-10.9854 11.8358 15.7395099279
-15.9603 26.7684 5.33264311575
-20.8041 28.9988 2.89685661537
-23.6378 29.6004 2.66668627701
-26.2591 30.0903 3.63053837605
-29.8452 30.6566 3.88928885016
-33.7342 30.704 4.58364187192
-38.3133 30.908 11.0069454914
-49.3009 30.2557 1.1425729736
-49.1129 31.3827 0.253703862801
-49.1115 31.6364 1.46954405514
-49.2977 30.1787 16.8812350697
-48.1445 13.3369 9.74835214998
-41.2703 6.4249 0.94823602547
-42.0403 6.9783 9.9872085199
-38.9464 16.4742 7.71977792751
-38.0478 8.8069 0.356764263905
-37.7373 8.6312 1.60295882667
-36.2169 9.139 1.23127930625
-34.9961 9.2993 2.12136999366
-32.8774 9.1929 7.72471806735
-32.7193 16.916 0.996870528203
-33.2332 16.0618 1.04567645092
-32.2472 16.41 18.6311067575
-15.4998 24.5735 0.542222168488
-14.968 24.6793 0.989651777142
-14.0038 24.9023 1.29744408743
-12.7088 24.9819 0.46979676457
-12.2404 24.9457 2.65404485267
-9.5896 25.0769 2.35059097463
-7.5313 26.2121 3.31348180167
-4.5826 27.7235 3.21838737258
-1.3674 27.5803 2.18592807064
0.3849 28.8871 1.39057767133
1.5098 29.7046 1.00502084058
1.8633 30.6454 2.02678908868
3.4078 29.333 0.242674143658
3.5513 29.5287 8.34835390302
-3.422 24.9387 3.39340991924
-0.0348 25.1439 0.796486597502
0.6813 25.4926 0.912454119395
1.5187 25.855 0.968102706328
2.2049 26.5379 1.8091426837
3.4884 27.8129 0.457604654697
3.7405 28.1948 1.0300050728
4.2972 29.0614 0.313334230495
4.5519 28.8789 0.679334122505
4.7836 29.5175 0.699872131178
5.3642 29.9083 3.05571755403
4.8881 32.9267 0.177506337915
4.7366 32.8342 0.497561543932
5.2323 32.7912 0.325691157387
5.5551 32.8345 0.679289871851
6.1999 32.6208 3.06657623417
7.3733 29.7876 1.96512653282
8.8468 28.4874 0.411055385563
9.2346 28.3511 0.260579354516
9.4934 28.3207 0.27884664244
9.7697 28.3583 0.24991072406
9.9058 28.5679 0.741859508263
10.5025 29.0087 1.33331788033
11.5526 28.1871 0.712737546366
12.2651 28.1687 1.51018068455
13.45 27.2324 1.1055047942
14.3866 26.6451 2.19187855503
16.1732 25.3753 1.54710417555
17.0215 26.6691 6.1326892217
22.4268 29.5661 0.673118251127
22.6481 30.2018 0.482449800497
22.2015 30.3843 0.265149014707
22.4615 30.3323 0.112010088831
22.5564 30.2728 0.85937854872
23.0874 30.9485 0.991960341949
23.933 31.4671 2.97128519163
26.9018 31.5886 1.51522371286
27.8527 30.4089 3.68777849931
31.5342 30.1938 5.52929478686
36.9852 31.121 1.99769217098
38.9753 30.947 2.70348376729
41.6781 31.0078 0.634682723887
42.2851 30.8224 2.19044602764
44.4755 30.8082 0.607335179287
45.0424 30.5903 0.425843691981
45.4682 30.5964 0.317522030732
45.7852 30.6146 3.10509505974
48.5639 29.2288 1.18859640333
49.4093 30.0643 1.23269464183
49.6635 28.8581 1.18131663833
48.7967 29.6607 0.257362720688
48.5408 29.6881 0.423612488012
48.4635 29.2716 1.16327634292
49.5643 29.6477 0.441191568369
49.1353 29.7507 0.463263736979
49.5673 29.918 4.26723153344
41.302 18.5358 16.8736377892
32.061 4.4176 2.34966154371
29.7199 4.2172 2.38062686282
27.3504 4.4471 2.00236800064
25.3519 4.5715 2.27487160956
23.0947 4.8545 1.68591002429
21.4177 5.0276 2.47097404478
18.9729 5.3863 2.53495534083
16.4716 5.798 2.6113938194
13.8718 6.0438 3.3278583819
11.1089 7.8988 6.62024193667
7.8812 13.6789 2.59037701117
5.3147 14.0298 0.693711243963
5.4647 13.3525 11.2269048277
5.6423 2.127 1.10792043938
4.96 1.2541 24.5319998215
-1.691 -22.3591 0.100530244205
-1.6177 -22.4279 0.14922868357
-1.6383 -22.2801 0.775453518917
-2.3979 -22.1241 0.942017266296
-2.0457 -21.2504 15.3028034928
-0.0914 -6.0729 1.09686077968
-0.3353 -5.0035 0.876954958935
-0.7619 -5.7697 17.2359057284
-6.1781 -22.1325 0.316203763418
-6.1862 -22.4486 1.5779176943
-5.9683 -20.8858 11.2799328544
-5.1665 -9.6344 0.697885735633
-4.4688 -9.6505 1.26637784251
-4.9228 -8.4683 18.0383071406
-4.1443 9.5532 0.280831711172
-4.0092 9.307 11.0440001634
-4.0111 -1.737 0.235866487658
-4.2359 -1.6656 11.3156857503
-4.9979 9.6244 18.1119762911
-1.686 27.431 0.847526341774
-2.0767 28.1831 1.1528197821
-2.3894 27.0735 10.2211453859
-4.3852 17.0491 0.342413565736
-4.618 17.3002 11.217416289
-6.5036 28.358 9.58029950523
-5.4251 18.8386 0.226016017132
-5.6421 18.9018 1.43471091513
-6.0567 20.2753 9.10213624706
-9.6452 28.6402 0.997613813056
-9.5558 29.6338 6.87734591612
-9.2924 22.7615 0.258771965251
-9.3981 22.9977 5.94271088057
-10.0112 28.9087 5.53488236009
-9.3605 23.4122 14.9241969369
-10.4619 8.5287 0.881148506212
-10.4957 7.6482 0.956043121412
-11.0551 8.4235 0.243584831219
-11.0265 8.1816 1.25314542253
-9.7762 8.266 18.1385085443
4.2224 -3.2685 3.95096095906
0.7171 -5.0914 1.32515110459
0.3282 -3.8246 3.99529054388
-3.5545 -4.7664 1.37424970802
-3.272 -3.4215 2.50402595833
-2.007 -1.2605 2.33761399936
-2.9234 -3.411 1.12716122183
-2.3135 -4.3589 3.59370967803
-1.8268 -0.7983 2.94399251697
-1.8683 -3.742 0.945488371161
-2.4734 -4.4685 1.19670829361
-2.2429 -3.2942 2.07729887113
-1.8181 -1.2608 0.51319217648
-1.7496 -1.7694 0.256977294717
-1.4993 -1.7112 1.11748161954
-2.0352 -0.7306 1.26986969804
-1.7725 -1.973 17.9283128141
7.8525 -17.0986 0.88610826088
8.6553 -16.7235 1.15271742418
7.5492 -17.048 18.2696925732
-7.4704 -27.4496 3.4070467226
-10.8273 -28.032 7.50172427113
-6.2821 -34.0 4.21174974803
-7.9236 -30.1213 1.91683146103
-9.7919 -30.5499 2.37654492068
-12.1595 -30.3439 1.30140079146
-12.1234 -29.043 4.92969875043
-16.901 -30.2581 3.46041410528
-13.4747 -30.7428 1.99462009415
-13.3173 -32.7312 0.11865112726
-13.4326 -32.7032 1.24270120705
-14.4328 -33.4407 1.12441560377
-15.3591 -32.8033 1.40060861057
-15.4219 -31.4041 2.31434946799
-17.2694 -32.798 1.50407290382
-17.6147 -31.3341 1.72071060902
-17.9957 -29.6561 1.79244302559
-18.7917 -28.0501 1.19117263652
-18.6474 -26.8677 2.3467913073
-19.7694 -28.9289 3.53892182592
-20.5634 -32.3776 0.258179336896
-20.5698 -32.6357 0.092124535277
-20.4916 -32.6844 6.54056800592
-17.7586 -26.7422 0.378921944469
-17.9796 -27.05 6.03490332151
-22.6147 -30.9147 6.24002051279
-17.0691 -28.0539 2.75286085555
-19.7556 -28.6547 8.23391249164
-27.618 -31.1001 18.9765044632
-46.527 -29.5009 5.39295607622
-49.949 -25.3327 0.812684963562
-49.4432 -25.9688 1.59211399403
-50.9528 -25.4629 0.141516995446
-51.0219 -25.5864 0.113684871465
-50.9099 -25.6059 1.33925726057
-51.335 -26.8759 1.38703033853
-51.091 -28.2413 0.203706160928
-51.2658 -28.3459 1.05938278729
-50.48 -27.6354 16.2711274496
-35.3568 -21.6322 11.4422145584
-32.2466 -10.6208 1.56548282967
-33.1766 -9.3615 7.39446402723
-39.6026 -5.703 0.218455052585
-39.8032 -5.7895 0.956771263155
-32.7514 -9.6929 0.442065933996
-39.4745 -11.6394 0.819510744286
-38.801 -12.1063 21.1502459068
-20.2114 -22.1939 0.985262949674
-19.2266 -22.2241 6.0972408268
-13.1403 -22.5892 0.826388588982
-12.314 -22.5771 0.495022312628
-11.819 -22.5818 1.38448441306
-10.4393 -22.4668 1.42203720064
-9.1297 -21.9126 3.94341321827
-5.1932 -22.146 0.684250867738
-4.5178 -22.2557 2.67605262467
-1.8619 -22.5835 1.17114954212
-0.714 -22.3513 1.65859981912
0.9066 -21.9983 0.894890345238
1.6863 -22.4375 1.37674738787
3.0279 -22.1284 3.18944537498
5.9153 -23.4832 0.401107491827
6.2964 -23.6083 0.552850657954
6.5308 -23.1076 0.985036283596
5.758 -23.7184 1.60118838992
7.3045 -23.3035 2.67442176367
9.8469 -22.4736 1.98803453692
11.7563 -21.92 1.90500848555
13.4785 -21.1057 1.83732387183
15.263 -20.6683 1.24030712326
16.503 -20.6407 0.742859428156
17.0892 -20.1844 1.00392462366
17.7051 -20.9772 0.206486512877
17.8693 -21.1024 0.41351770216
18.2808 -21.0616 0.669167878787
18.7794 -21.5079 0.773002490294
18.3508 -22.1512 0.40340665587
18.6351 -21.865 1.32423195853
17.3749 -22.2718 0.742065024105
17.2444 -21.5413 0.250833650055
17.493 -21.5747 1.01787152922
18.4848 -21.3458 0.895009525089
17.5934 -21.4261 0.738570842912
16.9042 -21.1606 1.08631428694
17.9889 -21.1014 1.10597172658
16.8854 -21.0275 0.0
16.8854 -21.0275 20.5138174936
-3.5326 -23.0079 0.291434057721
-3.406 -22.7454 13.3255286011
5.0125 -12.4159 10.1886880932
-1.863 -19.935 5.39385666847
2.2394 -16.433 1.53603340133
1.4529 -15.1136 13.990206798
-5.8272 -3.1668 2.70932589402
-3.1218 -3.021 0.460759568539
-2.8545 -2.6457 0.183936972901
-3.0129 -2.7392 0.158502555184
-2.862 -2.7877 0.26971989174
-2.5951 -2.8266 0.694301411492
-2.1774 -3.3812 10.2004420184
1.383 -12.9401 0.43351078418
0.9532 -12.8835 7.64288028037
-6.5221 -14.4752 0.554196977617
-6.9371 -14.1079 0.978314969731
-6.6548 -15.0446 1.94415320898
-5.2009 -13.7539 9.21323982647
5.4513 -22.4454 2.12684901674
4.6038 -24.3961 8.21205792722
-1.5508 -29.8329 0.373405744466
-1.3597 -29.5121 2.97175409649
-4.3068 -29.8941 9.0847286195
-2.1488 -21.0694 10.1095530945
4.6816 -13.6163 0.573044858628
4.5221 -14.1667 1.19082620478
5.2542 -13.2275 0.0430304543318
5.2963 -13.2364 1.57085027294
4.329 -14.4741 5.86316433763
0.4088 -18.834 0.801632116373
0.775 -19.5471 1.57021659652
-0.0754 -20.8671 7.97544403842
-5.9698 -26.2396 2.07463934456
-8.0119 -26.6056 1.02407072021
-7.9609 -27.6284 0.938184736606
-7.1663 -27.1296 11.7741814798
4.5583 -26.0502 10.4575209706
-5.6019 -28.5261 0.575588220866
-6.1755 -28.5739 2.56310905933
-8.5354 -29.5741 2.92344656869
-11.1934 -30.7913 2.05111431666
-12.6069 -32.2776 2.71391829649
-15.3095 -32.03 1.06068567446
-14.7314 -31.1407 8.48409629012
-10.4345 -23.8252 0.102728477065
-10.42 -23.9269 11.5369969251
-19.2773 -31.3195 0.722440419689
-19.9969 -31.3835 3.66403190079
-23.313 -32.9419 3.70843583738
-26.984 -32.4163 4.70944405742
-31.5762 -31.372 16.8945820265
-48.3098 -29.0453 3.51656494324
-50.0486 -25.9887 17.0114939074
-33.0922 -24.6207 13.4779829722
-29.7932 -11.5527 0.133497940059
-29.9131 -11.494 0.33189192518
-34.1092 -15.1822 0.487955838166
-33.6375 -15.0573 0.334063945974
-33.3039 -15.0397 0.308230189955
-33.0868 -15.2585 0.196623726951
-32.9551 -15.4045 0.108676262358
-32.8884 -15.4903 17.7035429686
-16.2114 -9.5495 1.05633449721
-16.3113 -8.4979 0.687548725546
-16.2203 -9.1794 18.7103609727
-6.2876 -25.0356 3.34620490257
-3.1674 -26.2445 1.04501675585
-2.1443 -26.4574 2.58221809497
0.1855 -27.5709 0.241674264248
0.4037 -27.6748 0.0720861290402
0.4608 -27.6308 0.539754092157
0.9606 -27.427 2.64820345517
3.0379 -29.0695 0.853776112339
3.7858 -29.4813 0.034537660604
3.7787 -29.4475 1.93369588353
4.1856 -31.3379 4.37585505816
4.8763 -27.0169 0.804806989284
5.0653 -26.2346 1.49591015773
6.3869 -26.9354 0.478076416486
6.7624 -26.6395 0.503120432899
7.1645 -26.3371 1.83852846864
7.4398 -24.5193 0.176032042538
7.2896 -24.4275 0.880246516608
6.4609 -24.7243 1.34106898406
7.798 -24.6212 1.13807928107
7.7778 -25.7591 0.311932204173
7.6587 -26.0474 1.00382667827
6.6607 -25.9394 0.764535126727
7.4247 -25.968 0.384429512395
7.7914 -26.0834 0.665020849297
7.2006 -26.3887 0.563655364562
6.875 -25.9286 1.68838788494
8.5127 -26.3392 1.40404226788
7.9442 -25.0554 0.547906241979
8.0052 -25.5999 0.342076146494
8.3457 -25.6327 1.03010757691
9.1808 -26.2358 1.88067537337
10.3243 -27.7289 1.82106009236
11.4174 -29.1854 0.669080832187
11.862 -29.6854 1.08053380327
12.5993 -30.4753 5.61974112215
17.9161 -32.2955 8.84136883576
26.6936 -33.3563 7.83678083144
34.5288 -33.5137 2.53852515646
37.0514 -33.2298 3.89976888802
40.0981 -30.7955 2.38087616016
42.1229 -32.048 3.44246205208
45.5486 -32.3873 0.503378316974
46.0403 -32.4951 0.500137601066
46.5384 -32.45 0.506151479302
46.6878 -32.9336 1.11540351443
46.3468 -31.8716 0.573922965214
45.8987 -31.513 0.391246482412
45.6297 -31.2289 0.218572276376
45.4319 -31.1359 3.18984753554
44.0276 -34.0 8.15698522556
45.0142 -25.9029 7.9895556103
42.6337 -34.0 9.12207450638
35.828 -27.9259 3.20496200289
38.4892 -26.1399 0.987861700847
38.9267 -27.0256 4.40616802335
34.5988 -27.8524 0.673699940626
35.2703 -27.798 4.11916212961
37.2232 -24.1712 1.70374269478
35.8446 -23.1701 17.4542629134
18.4754 -24.8912 0.879462108337
18.5326 -25.7688 1.15154174913
18.6028 -24.6194 17.7667364279
12.0287 -8.1137 0.758693943564
11.4432 -7.6312 2.97351737341
9.5658 -9.9371 3.24344291764
6.3228 -9.8835 4.38099451038
3.3501 -13.1016 3.95636576924
-0.2766 -11.5205 0.450298978458
0.1323 -11.3319 1.1979913397
-0.379 -12.4153 16.3083885078
-5.0324 -28.0457 4.07629200377
-8.1319 -30.6932 2.51245488318
-10.6396 -30.5387 0.911361163316
-11.1735 -31.2773 1.26885209934
-11.0181 -30.018 20.1692948605
-6.924 -10.2686 0.328345245131
-6.6224 -10.1388 0.369264485159
-6.4569 -10.4689 1.34850969592
-7.5253 -11.2917 17.5929993364
-14.0614 -27.6255 3.94534680098
-17.2871 -29.8972 3.67128266005
-20.8317 -30.8533 3.85671098865
-24.6775 -30.5634 11.3553581573
-35.8967 -28.8102 12.0530853419
-47.2842 -24.8603 3.60747966592
-49.2767 -21.853 0.964872395708
-49.7502 -22.6937 1.11320107797
-49.5742 -21.5945 20.2981761597
-40.7741 -8.8225 0.612969199879
-41.3773 -8.9315 0.992370575944
-23.4835 -5.4244 0.967621878628
-23.5412 -4.4585 1.23796045171
-22.9484 -5.5453 20.3708045509
-11.7766 -22.5794 0.49646156951
-11.3194 -22.3859 0.498740212937
-10.869 -22.6001 0.92129624443
-9.9691 -22.4027 2.26584771112
-7.7219 -22.1126 5.08733303117
-2.7758 -23.303 4.39992566414
0.6538 -20.5467 2.36556437241
3.0156 -20.6801 0.493923809914
3.5084 -20.6468 1.0505466101
4.4121 -21.1825 0.387999587629
4.7453 -21.3813 0.591996663842
5.2534 -21.6851 0.9414432378
6.1038 -21.2812 1.64129168949
7.2578 -20.1141 0.0
7.2578 -20.1141 1.31426833257
6.2092 -19.3218 10.5042772583
1.2438 -10.0652 1.30814849692
1.327 -11.3707 0.623278148181
0.8553 -10.9633 10.7933790122
-9.1698 -14.9626 0.808483926866
-9.8203 -15.4427 2.15736725895
-8.3396 -17.0117 2.16461712319
-7.4321 -18.9769 0.79647614528
-6.8241 -19.4914 3.23710800716
-4.2756 -21.4874 1.05700325449
-5.3248 -21.6156 1.08112138079
-4.2998 -21.9594 17.4941025491
10.227 -31.707 3.9964977668
14.0214 -32.9618 2.83100979334
16.8083 -33.4596 0.865096185404
17.6733 -33.4725 0.69237692047
18.2921 -33.1619 1.41777095823
19.7036 -33.2951 0.70921001826
20.3889 -33.1125 1.84555077145
22.1952 -33.4911 0.353780327322
22.5486 -33.4747 0.288443495333
22.8355 -33.4449 0.752297952942
23.5841 -33.3704 0.877619621476
24.4423 -33.1868 0.384021626995
24.8213 -33.1249 0.930576305308
24.5048 -34.0 12.1859037781
13.8768 -28.0383 11.3009564073
15.8822 -16.9167 4.73153700715
20.1448 -18.9704 0.446652493556
20.5734 -18.8447 0.710896370788
21.2632 -18.6728 2.46387013456
22.633 -20.7208 6.4161789509
25.6878 -26.3631 2.92770060286
28.3367 -27.61 2.61330779282
30.6088 -28.9011 0.542967080033
31.1006 -29.1312 2.24787338611
32.8132 -30.5872 1.03862872096
33.7473 -31.0413 2.74567384261
35.7735 -32.8942 1.04722113233
36.7294 -33.3219 0.303077877781
37.0028 -33.4527 0.49989454888
37.4908 -33.3443 0.252398454829
37.7231 -33.443 1.5995169302
36.1326 -33.6126 0.0960710154001
36.1634 -33.7036 1.14227146511
37.3047 -33.7507 0.294202872182
37.5989 -33.7494 0.0573917241421
37.6119 -33.6935 0.778936107778
36.8958 -34.0 4.9420098199
40.1273 -30.2609 0.304855244337
40.3267 -30.0303 0.996916606342
40.4891 -29.0467 0.307675429633
40.5727 -28.7506 5.70746392455
38.3324 -34.0 5.67284654913
41.743 -29.4669 1.11002263941
40.9279 -28.7134 1.91084134611
39.9978 -27.0442 0.0611870901416
40.0547 -27.0217 1.13921797739
38.9155 -27.0281 16.359569123
27.7888 -15.0351 0.846435939691
27.2872 -15.7169 1.41133514092
27.5384 -14.3281 1.12422973631
26.4749 -14.6926 24.2334426131
5.6351 -27.0604 0.317320610739
5.4577 -26.7973 13.602245218
-2.7787 -15.9722 0.642914566642
-3.0954 -16.5317 10.5020630473
2.4465 -25.4525 0.675810994288
1.8938 -25.8414 10.6809143153
6.6508 -16.2783 10.3055788387
2.4096 -25.6707 4.56401500655
0.7249 -21.429 5.77162329419
-3.934 -18.0222 0.275609034685
-3.6595 -18.0469 0.285429378306
-3.3762 -18.0121 0.664380832053
-2.712 -18.0276 1.63196571349
-1.3573 -18.9376 1.43413963755
0.0596 -19.1593 8.6060786715
8.6453 -19.7512 0.510139784765
8.6981 -19.2438 1.32953742708
9.975 -18.8734 0.927909505286
9.9792 -19.8013 2.06163492403
11.8776 -18.9973 3.28518956835
10.8745 -15.869 1.39759731683
11.5144 -14.6265 0.518541994442
11.7046 -15.1089 11.9286367771
13.0226 -26.9645 2.25248444612
14.9223 -28.1748 1.24180385327
16.1639 -28.1523 2.27274878726
17.6336 -29.8859 5.07160677695
14.6679 -34.0 7.69530335984
17.3021 -26.7696 2.30382492607
18.8761 -28.4519 0.465146536051
19.1328 -28.8398 0.353224234729
19.2984 -29.1518 0.197031012787
19.3273 -29.3467 8.43250222235
26.1063 -31.2842 6.1606953666
22.4209 -26.3474 2.68924629776
22.9771 -23.7163 8.66816771873
24.5373 -15.1897 0.939614947731
24.2016 -16.0673 7.09691238004
20.0839 -21.8475 10.8998370346
11.0976 -28.0162 1.47827318855
10.2207 -29.2063 5.62059099562
4.6022 -29.3596 3.11271939307
1.5001 -29.6165 4.6914145937
-3.1374 -30.3257 1.88368746081
-4.994 -30.644 3.3351845841
-8.053 -31.9729 1.47895056374
-7.2369 -30.7395 12.9475119112
-1.1707 -19.301 10.5442394458
-5.5725 -9.7195 8.32575979115
-2.3842 -17.4106 0.517056679678
-2.8957 -17.4862 11.2389731648
-5.9165 -6.6608 1.28860838116
-5.2881 -5.5358 15.8414827352
8.0342 3.0356 3.45805986067
4.748 4.1122 3.36984099625
1.4285 3.5319 3.6980730658
-2.0381 4.8197 0.468892237087
-2.2073 5.257 0.730000143836
-1.4808 5.1856 3.36481080003
-1.1312 1.839 3.50428059379
-3.9334 -0.2652 0.855869452662
-4.549 0.3294 0.993134557852
-3.8301 -0.3558 1.12524526215
-4.4992 0.5489 1.07903140362
-3.8878 -0.3402 15.1398363479
2.6422 -13.9994 1.00553989976
2.1154 -14.8559 18.8542820733
-9.9341 -29.3574 3.20896234007
-12.9174 -30.5395 2.84651052519
-15.7625 -30.6291 3.53821085013
-18.7416 -32.538 3.73812311863
-22.4782 -32.4313 2.39973628968
-20.2131 -31.6388 0.652513639704
-20.4125 -32.2601 1.26782414001
-19.5079 -31.3718 16.8847654843
-15.3464 -15.0079 0.380298672099
-15.2356 -15.3717 5.14016676967
-13.0325 -20.0158 10.3201884135
-2.713 -19.8966 1.96193896439
-4.6707 -19.7677 1.10850963911
-4.8426 -18.6726 3.13068668027
-6.6804 -16.1381 10.7134336699
-15.9648 -10.7923 43.7284075432
-44.0643 22.7128 1.00659879793
-44.2868 23.6945 1.22259829871
-44.0644 22.4923 12.9575846399
-45.2383 9.588 0.486168129354
-44.9695 9.9931 0.75424972655
-44.3854 10.4703 1.12586928637
-47.0 9.16 13.9554968131
-41.6069 22.0313 1.31304349128
-40.2974 22.1277 23.4888175975
-17.7436 28.689 3.17703004865
-14.9903 27.1038 0.462165013821
-14.5304 27.1495 2.19074997432
-12.5897 28.1659 0.579554173482
-12.0197 28.2707 2.71158681218
-9.3145 28.4567 1.1065081518
-8.4395 29.134 0.780256944859
-8.5118 29.9109 1.22846474105
-8.8279 28.7238 16.8337204022
-13.6352 12.5911 20.923917297
-17.5328 -7.9666 2.513588783
-15.0349 -8.247 1.16004421467
-13.9056 -8.5123 0.5279087137
-13.4187 -8.3083 0.501811279267
-13.1627 -7.8767 1.72883397699
-11.6531 -7.0341 2.8566860398
-8.8078 -7.2889 1.1741595292
-8.0452 -8.1817 1.03601409257
-8.619 -7.3191 9.57066737537
-12.0966 1.5974 2.95114563687
-9.697 3.3153 0.789753005692
-9.2329 3.9543 0.496071496863
-8.9186 4.3381 2.78272052675
-7.7074 6.8434 9.03729904009
-9.6379 15.6721 1.01639823396
-9.0368 16.4917 24.5311093569
9.5054 32.5529 5.94568724791
15.45 32.4392 3.8103588873
19.2217 32.9806 5.38594261481
24.5918 32.5678 4.32220125399
28.905 32.289 0.427155662493
29.331 32.2576 0.742325494645
30.0555 32.0959 1.46637073757
29.826 30.6476 5.34846699999
26.6773 26.3242 6.53214745853
32.4292 29.4201 3.41814634707
35.8031 28.8719 2.38551123242
37.2751 30.7491 0.0954681622322
37.3587 30.7952 0.841517498333
38.1934 30.9021 0.93647458588
37.6581 31.6705 0.480446979385
37.1892 31.5658 0.812897933323
36.5701 32.0926 1.71909318537
36.3304 30.3903 0.21106041789
36.5329 30.4498 0.127925134356
36.6579 30.477 0.720861602529
35.9663 30.2737 6.97671594735
36.4417 23.3132 0.774392981631
36.4537 24.0875 0.83242308954
38.9229 12.9502 0.380151246217
38.6098 13.1658 4.5897300596
34.0377 13.5677 6.29299145479
30.1688 8.6045 22.3802834745
8.5246 2.9119 1.26096998378
8.4835 4.1722 5.9666956517
3.3123 1.1956 6.00426035578
-1.0536 5.3175 2.8073296707
-3.2768 7.0317 1.23397692847
-4.2783 7.7526 1.39600785456
-3.0935 7.0143 0.545215416143
-3.5272 6.6839 1.42772032275
-4.3846 7.8255 1.19176576558
-3.3766 7.1897 0.903064543651
-4.1187 6.6751 0.403286548251
-3.7157 6.6903 0.338511521222
-3.3994 6.8109 0.0993950703003
-3.3791 6.7136 6.25792078569
-0.0725 1.4006 1.29113700667
0.0084 0.112 20.4372561881
-6.2061 -19.3575 1.94139036003
-4.5383 -18.3638 15.1378872826
-4.463 -3.2261 1.20872076593
-4.8947 -2.0971 0.727262772318
-4.178 -1.9736 1.41456193926
-4.6592 -3.3038 21.1630197214
-9.0345 -24.0096 1.39495138983
-8.4282 -22.7533 1.01110261596
-7.8811 -23.6036 0.9623315437
-7.5517 -22.6994 17.7295721406
-7.069 -4.9764 0.141740361224
-7.2098 -4.9601 0.839537074822
-6.8839 -4.1864 1.31401447861
-6.5617 -5.4603 0.894528842464
-7.2284 -4.8639 7.60819834192
-14.756 -3.7594 0.19368365961
-14.597 -3.87 1.19832258178
-15.74 -3.5101 0.315038362743
-15.8974 -3.783 1.39604373141
-14.5595 -3.3843 8.14992704323
-6.5136 -2.0863 0.213423827161
-6.7158 -2.018 0.786994091464
-7.2511 -1.4411 1.30483054839
-7.6287 -2.6901 21.8411287735
-13.5658 -23.7088 5.10501785012
-16.6396 -27.7847 4.00950224467
-20.6236 -28.2362 3.69412358348
-23.6713 -30.3238 3.56295156436
-27.0786 -31.3654 2.74435943163
-29.7596 -31.9517 2.74401073066
-32.4004 -32.6972 2.96123590415
-34.9576 -31.204 2.7656890353
-37.6348 -31.898 7.47011453794
-45.0933 -31.4816 5.79248582994
-49.4058 -27.6144 2.09607926615
-50.8856 -26.1299 1.0471409695
-50.0881 -25.4513 16.3777284829
-38.9316 -13.4612 13.2696673527
-25.9842 -10.5545 0.256879212861
-25.7969 -10.7303 0.652276321815
-26.4483 -10.7641 10.7506559428
-22.7727 -20.8669 28.5407464054
-50.68 -26.8466 0.523983396684
-50.9242 -27.3102 0.155139227792
-50.8899 -27.1589 0.0409333604777
-50.9172 -27.1284 0.0652089717754
-50.9302 -27.0645 0.0241598841057
-50.9501 -27.0508 0.071700069735
-50.95 -26.9791 0.0372264690778
-50.9541 -26.9421 0.0284028167617
-50.9545 -26.9137 0.0260232588274
-50.9556 -26.8877 0.0551177829743
-50.9357 -26.8363 0.0100184829191
-50.9403 -26.8274 0.0152328592195
-50.9393 -26.8122 0.0243328995395
-50.9308 -26.7894 0.0702197977781
-50.9129 -26.8573 0.14123972529
-50.8908 -26.9968 0.223451560746
-50.7186 -27.1392 1.07523089613
-49.8238 -26.543 0.113438838146
-49.8677 -26.6476 0.0818223685797
-49.9024 -26.7217 0.0458069863667
-49.9016 -26.7675 0.0415059031946
-49.9009 -26.809 0.0193010362416
-49.9007 -26.8283 0.0149
-49.9007 -26.8432 0.0167355908172
-49.9049 -26.8594 0.0105948100502
-49.9081 -26.8695 0.0113278418068
-49.9157 -26.8779 0.0128226362344
-20.0032 -14.2216 0.665039434921
-20.4305 -13.712 1.06293328577
0.0 0.0 10.2499863536
10.21 -0.9045 0.525318208327
9.7119 -0.7376 12.9496487744
-3.1094 1.0811 0.965024750978
-7.8487 -16.3655 1.00824622489
-7.2773 -17.1962 0.397133126294
-7.0077 -16.9046 1.10950552049
-8.0738 -16.5973 0.701953880251
-7.4209 -16.8551 13.8003083864
5.0275 -22.8121 0.368536673887
5.3793 -22.7023 0.302123964624
5.1013 -22.8206 1.40503558674
3.9833 -21.9696 0.574875299522
4.5514 -21.8816 0.847433773224
3.9466 -22.4752 0.14527615083
3.9012 -22.6132 4.64015396404
0.3797 -19.5916 0.454212076017
0.7203 -19.2911 1.18706084932
1.6708 -18.58 10.0515879188
1.3448 -8.5337 16.5237598291
-6.426 -23.1162 8.93097736197
2.404 -21.777 0.31652173701
2.436 -21.4621 0.219524804977
2.4393 -21.2426 1.31896664097
3.7563 -21.3146 0.633411248716
4.1618 -21.8012 11.5692505915
11.544 -30.7091 1.91830369076
12.8532 -32.1112 1.42719865471
14.2172 -32.5312 0.828611398666
14.9691 -32.8794 0.769316586328
15.7092 -33.0894 0.251693563684
15.915 -33.2343 0.12394212359
15.9276 -33.3576 0.0889864034558
15.9589 -33.4409 1.690895529
14.3049 -33.7922 0.200386252023
14.4501 -33.6541 0.266586740105
14.2156 -33.5273 1.6800696801
12.6034 -34.0 6.86229695437
15.4549 -27.7582 0.486139331879
15.901 -27.9514 0.63231058824
16.5032 -28.1442 1.57729156468
16.7504 -29.702 1.69497243635
15.5288 -28.527 8.25725445956
23.6327 -30.111 0.971242858404
22.9992 -30.8472 1.1668089518
23.9824 -30.2189 0.680992584394
23.4023 -30.5756 19.9932482206
3.8427 -26.4341 10.3499433061
5.5317 -16.2229 0.182722877604
5.4275 -16.373 11.3320658823
3.0321 -27.449 2.10887661564
4.0384 -29.3023 4.07186833898
8.0883 -29.7247 8.2511472372
12.4706 -22.7335 0.625670272588
12.5726 -22.1162 11.5338659958
20.5917 -30.4062 2.17354679959
22.1442 -31.9274 2.12201169884
23.796 -33.2595 1.26996688146
25.0562 -33.1023 1.51654512956
26.5635 -33.2695 1.72009986919
28.2269 -32.8315 1.62933621454
29.7738 -32.3198 3.35867036936
33.0661 -31.6554 1.7716074537
34.8372 -31.6978 1.81281555874
36.626 -31.4037 0.409033360498
37.031 -31.461 1.54519270319
38.4903 -30.953 0.458285020484
38.9449 -31.011 0.373568641618
39.3001 -30.8953 3.15206812268
38.7557 -34.0 6.52853977931
42.7786 -28.8582 2.77818194149
40.3127 -27.5785 0.275697297774
40.1577 -27.3505 0.936211439793
40.2696 -28.28 1.1000615301
40.6175 -27.2364 1.70471559212
38.9144 -27.1622 3.63531977273
38.0292 -23.6363 0.870418250038
38.7304 -24.152 0.383625572662
39.1041 -24.0653 1.01595945785
39.451 -23.1104 1.1135049708
40.2176 -23.918 0.6475042857
40.527 -23.3492 0.448569147401
40.9738 -23.389 0.6052189769
41.5789 -23.377 0.48277075305
41.7583 -23.8252 1.7065373509
41.1765 -22.2209 4.56958167232
39.292 -18.058 0.376399282677
39.6549 -18.1579 0.777496784559
43.2825 -8.347 1.06988504523
43.4276 -7.287 1.0312284422
42.5667 -7.8547 28.8890171195
21.1505 -27.2434 0.789543849321
20.3615 -27.2141 2.86167348417
17.5007 -27.1434 4.87404767826
12.6393 -27.4943 4.82124324734
7.8194 -27.6081 3.93004522239
3.8925 -27.4509 4.01333862264
-0.1164 -27.2622 3.67629564236
-3.277 -25.3845 3.5883145152
-6.8635 -25.2704 0.828636355707
-7.4145 -25.8893 1.13533778674
-6.8303 -24.9158 18.1630539913
-1.4013 -7.5831 16.334990307
-2.0601 8.7386 0.664847441147
-2.7145 8.6212 1.24016970613
-2.9722 7.4081 0.578477449863
-2.5226 7.7721 1.33954891661
-3.7017 8.4078 39.6988079179
-38.9426 26.6855 9.88125556648
-48.066 22.8904 10.9264030696
-48.828 11.9906 0.849469652195
-47.9965 12.1644 14.5836985463
-34.72 18.1992 0.698382187631
-34.1762 18.6374 1.11112624845
-35.1385 18.0819 12.8216014698
0.0 0.0 7.87880951033
-1.8551 -7.6573 0.0816128053678
-1.8264 -7.7337 7.98990748445
-5.8583 -0.8357 7.97100964496
-9.6203 6.1917 1.1362332375
-9.6377 5.0556 7.56323421362
-10.7493 -2.4255 2.39791536131
-9.0901 -4.1567 4.04704268942
-6.7818 -7.4809 0.835702961584
-6.038 -7.8619 1.04162064592
-6.3114 -6.8568 0.71408767669
-5.605 -6.7523 0.793459173493
-5.0739 -7.3418 0.426106207418
-5.153 -7.7605 1.43923050621
-5.9432 -6.5576 0.309349785841
-5.6457 -6.6424 1.10230671775
-5.358 -7.7065 1.31745799174
-5.9296 -6.5195 0.51129730099
-5.5339 -6.8433 0.954955601062
-5.1683 -7.7255 0.513091697458
-5.178 -7.2125 0.653344289024
-5.296 -7.8551 0.623385594957
-4.7068 -8.0587 1.56401808493
-6.1399 -7.4323 14.9373235571
-10.8006 6.7593 21.131921967
1.8165 23.7112 3.54811962172
3.9548 26.5426 3.30224700015
6.4866 28.6627 5.58090020158
10.8741 32.1118 1.02642846804
11.7607 32.629 0.34059079553
12.0304 32.837 0.908769239136
12.7517 33.3898 0.810813178235
13.5618 33.4238 0.267107188222
13.8126 33.5157 1.12955357996
12.6974 33.6952 0.36665314672
12.3737 33.523 1.65822949256
12.1206 31.8842 6.55867336052
18.471 30.2445 13.876384786
4.6482 29.0262 10.8345666125
-3.6436 22.0524 0.480868318773
-3.3361 22.4221 7.13152073894
0.7445 28.2708 0.244600081766
0.5979 28.075 1.30785363478
1.5946 28.9218 0.838192776156
0.8694 29.3421 0.930150976992
0.4872 28.4941 0.379108071663
0.8254 28.3228 1.57381636794
2.2454 29.0014 21.249879535
-3.6421 8.5834 0.688370111205
-3.6767 7.8959 1.06916408937
-3.6488 8.9647 20.5365802786
-3.9411 29.4992 0.168812914198
-4.0829 29.5908 8.45793875185
-4.6456 21.1516 0.886741591446
-3.9352 21.6823 0.639509444809
-3.328 21.883 1.47751585101
-1.867 21.6627 1.32583173895
-0.8796 20.7779 0.734510891682
-1.1021 21.4779 0.655706595971
-0.7206 20.9446 6.61593188372
5.8199 21.9408 0.925454320861
6.4458 21.2591 0.90756908277
5.7316 21.8191 1.04892686113
6.5496 22.4757 1.18091752887
7.6846 22.1496 0.696677658605
8.3556 21.9622 1.57489917138
9.7768 21.2836 0.573667011427
10.1298 21.7358 0.739671940795
10.7941 22.0611 1.81867281554
12.34 21.1031 1.43863889145
13.7695 20.9412 1.17966778374
14.9237 21.185 0.718376530797
15.0177 21.8972 0.240446355764
14.8608 21.715 0.657369135266
15.3145 22.1907 6.04267220524
16.8232 28.042 3.89866364925
18.8335 31.3824 2.33835405788
20.5616 32.9577 0.499646324914
20.8463 33.3683 1.28139243794
19.691 33.9226 0.384815020497
19.9246 33.6168 0.101992401678
19.8727 33.7046 0.128177884208
19.9713 33.7865 0.382850414653
19.6601 33.5635 0.395462577243
19.9228 33.2679 1.08406683373
18.9431 32.8038 5.17584953896
22.907 29.4756 2.93670616167
23.8818 32.2458 0.671105148244
24.3764 32.6994 0.177579418853
24.4498 32.8611 0.855457795569
25.0546 32.2561 1.24464729542
25.9746 33.0944 0.017707907838
25.9575 33.099 0.935324136329
25.0657 33.381 1.75891840629
23.4193 34.0 15.0436540152
11.0795 25.3953 9.4212588039
13.7434 16.3585 14.5968475586
23.5558 5.5518 3.26655529419
26.7683 6.1436 2.71687943972
28.5493 4.0919 1.30328583588
29.7947 4.476 0.349783075634
45.9328 -4.3983 0.919753646364
45.8567 -5.3149 1.14710853889
45.9537 -4.1719 0.983999598577
45.1298 -4.7099 29.6610802568
18.2312 -17.2097 0.857958349805
18.5014 -18.024 1.10550825415
17.9051 -17.0931 15.7558505407
9.6256 -3.688 2.76340104943
7.9266 -1.5086 2.99262006944
6.2738 0.9862 1.19284200546
5.1716 1.4423 3.16740195271
2.4399 3.0455 1.07116852082
2.4589 1.9745 1.10304350322
1.7993 2.8586 20.1777359667
-1.68 22.7341 4.54583403239
0.9207 19.0057 7.34196409212
-3.143 25.1205 0.93074002815
-3.2444 24.1953 1.3817914821
-4.3593 25.0116 0.991521825277
-4.2041 24.0323 15.4011623617
-2.1961 8.7626 0.991100928261
-2.8332 8.0034 0.859627884611
-3.3783 8.6681 15.7183281204
-7.2576 23.9002 0.194260701121
-7.2655 24.0943 5.34509708237
-5.0756 19.2184 0.274473769239
-5.1725 19.4752 1.38450893822
-4.2311 18.46 8.34865262243
-7.318 10.703 1.10093137388
-7.0897 9.626 0.997175816995
-7.2412 10.6116 16.723670206
-10.6122 26.992 0.231313510198
-10.6097 26.7607 7.87861213984
-5.5974 20.6821 0.424709618445
-5.8229 21.042 1.5607861769
-7.3286 21.453 10.8150012649
-10.073 10.992 21.5626912692
-9.1899 -10.5526 24.2760588729
-20.9583 -31.7854 17.0016162932
-37.3576 -27.3001 0.818979364819
-37.3268 -26.4817 9.94545109485
-47.119 -24.7425 0.908336776752
-46.3458 -18.5429 0.319358685493
-46.1257 -18.3115 0.0309270108481
-46.1565 -18.3087 1.57969326769
-44.5796 -18.2148 1.93000883159
-42.7821 -18.9176 22.1548192683
-21.9105 -26.3481 1.05624679881
-21.0286 -26.9294 3.06702280722
-18.8673 -29.1055 1.30139910097
-17.5662 -29.1334 0.832669952622
-16.7776 -29.4007 2.73810772067
-14.1051 -28.8049 0.766329446126
-13.5062 -28.3268 2.08822944381
-11.7923 -29.5198 0.543955604806
-11.2524 -29.4535 1.80507369933
-9.8715 -28.291 13.1869939713
-12.6405 -15.398 0.428207356312
-12.2632 -15.6005 1.60042144762
-10.6647 -15.6789 1.20688441866
-10.8717 -14.4899 1.04801106864
-9.9409 -14.9715 14.9124981797
-0.8123 -26.7635 10.5528534174
-6.0076 -17.5781 1.12627971659
-6.1666 -16.4631 10.5503863863
-8.3055 -6.1318 15.619182048
-10.4214 9.3434 2.78662611234
-8.5236 7.3029 12.9701911983
0.237 -2.2615 13.2745796242
-11.3522 4.2119 0.32798879554
-11.0254 4.184 0.465609815189
-10.6689 4.4835 1.71547694243
-9.8964 6.0152 4.3485869544
-6.4341 8.6463 0.79737590257
-5.9244 9.2595 0.308087422658
-5.8163 9.548 1.02349518807
-5.9795 10.5584 0.730461621168
-5.2508 10.6091 0.333261518931
-4.9178 10.5959 1.43375154403
-3.5328 10.9666 1.1399947456
-3.3479 12.0915 23.2515903441
9.4764 31.4867 4.26225122793
13.5616 32.7024 1.57374123985
15.1234 32.8959 2.3549141237
17.4312 33.3646 3.70987724864
21.1318 33.1024 1.33347324683
22.4631 33.0263 3.04969733908
25.4676 32.5032 1.34524331256
26.6877 31.9366 0.550130457255
27.2361 31.893 0.569554527679
27.8017 31.96 2.11420727697
29.6422 33.0004 0.681583193748
30.2931 32.7982 1.81114183045
32.0164 33.3554 2.81309732501
34.8014 32.9588 0.707023691258
35.4779 32.7533 1.89233409577
37.2426 32.0701 1.51700460448
36.0342 31.153 8.0480044365
29.9672 25.8651 0.576995268611
29.3977 25.9578 1.07277220788
30.3312 26.4864 1.58734535625
31.484 25.3952 1.18995129732
32.644 25.1299 1.28223062278
32.8404 23.8628 0.933973404332
32.185 24.5282 0.200460494861
31.9855 24.5478 1.51914095791
33.4537 24.1577 3.67477374133
30.9286 21.4879 0.291564212482
30.6486 21.4066 4.83167007669
34.2493 24.6284 1.1174498557
35.071 25.3857 0.72132969577
35.6503 25.8155 0.650588233832
36.2407 26.0888 1.57650201395
37.3443 27.2146 1.94242279898
38.4646 28.8014 1.00666932505
39.4154 29.1321 0.489650344634
39.5193 29.6106 0.56090984124
39.064 29.9382 0.363245715735
39.4021 29.8054 0.596518868101
38.9711 30.2178 1.69628418904
38.1878 28.7132 4.71886132451
38.8326 24.0386 0.473024449685
39.2568 24.2479 0.724725065111
39.8439 23.823 0.535248727229
39.3235 23.6978 0.313726026973
39.6356 23.6659 0.497577782864
39.2297 23.9537 0.429837271534
39.6559 23.8979 0.646062690457
40.2915 24.0137 0.339058770717
40.5381 24.2464 1.04891144526
39.509 24.0435 0.794202121629
39.36 23.2634 0.521278620317
39.1778 23.7518 0.578591263328
39.755 23.7919 1.20200283694
40.0179 22.619 5.38994267224
38.183 17.551 2.77307383602
40.0695 19.5835 2.21378214827
31.2925 25.9499 1.4669916496
29.9026 25.4806 1.90262782751
28.0554 25.0247 2.67100781354
25.3861 25.1202 2.8383377336
22.5586 24.8724 2.95191382835
19.6305 24.4982 2.72603030981
16.9075 24.3697 3.63153452001
13.2854 24.1081 2.79732949793
10.4918 23.9637 4.26888573401
6.2268 23.7816 3.73749708361
2.5009 23.4874 2.7612991906
-0.2272 23.0605 1.84482246571
-2.0625 22.8733 1.28928223442
-1.4753 21.7255 13.768575991
2.8186 8.6436 1.33436857352
2.2996 7.4143 1.0565982633
1.6554 8.2518 16.6939448019
-5.2502 23.4505 1.85776539423
-5.7647 25.2356 0.364810430224
-5.5599 24.9337 1.18617298064
-5.4252 23.7552 3.0101775446
-3.8614 21.1831 2.81080111
-4.6726 23.8743 3.3517312974
-7.0988 26.1868 2.80325839872
-8.8045 28.4114 3.87544186126
-12.0796 30.4833 1.62097208181
-11.4953 28.9713 20.03042168
-5.3511 9.9065 1.03293667279
-5.9367 9.0556 1.59080812797
-6.1734 7.4825 1.41696374689
-7.4219 6.8124 0.688751406532
-6.9394 6.3209 1.31271896459
-7.0972 7.6241 17.9813131806
-12.2235 24.8592 2.99771040963
-14.7412 26.4863 3.60966325438
-15.9972 29.8704 3.86899864306
-19.1883 32.0581 3.19452958196
-22.3701 32.343 2.80735554749
-25.095 33.0184 1.44610030427
-23.6605 32.8356 9.54476558539
-17.3593 25.6664 0.100632002862
-17.4487 25.7126 8.5235227987
-24.4906 30.5149 3.50730646651
-26.9494 33.016 3.81992460266
-30.5595 31.7674 2.93389081256
-33.3972 31.0223 5.46465577049
-38.8527 30.7061 12.7661132413
-51.4204 28.4641 0.367598707832
-51.7869 28.4357 1.37067336736
-50.6391 27.6865 19.9466219346
-36.8427 13.2807 0.418765817612
-43.9198 6.7631 0.527638408382
-43.4896 6.4576 5.02396672461
-42.075 1.6369 1.0033783135
-42.9952 2.0369 1.24636361067
-41.7537 1.9269 15.7732471565
-26.1442 4.1938 0.979486727832
-26.0665 3.2174 0.850490240979
-25.5263 3.8743 22.667321878
-12.1607 22.1819 0.536308045809
-11.6321 22.0913 2.75142566681
-9.0365 23.0041 1.51599308706
-7.6513 22.3881 3.86045014215
-3.8862 21.5354 4.30704126983
0.3461 20.7365 1.51060002979
1.8567 20.7362 0.657529413791
2.4844 20.932 0.499685110845
2.9839 20.9184 0.760729971803
3.7399 20.8337 1.80039931682
5.4706 20.3376 0.65144020447
6.0761 20.5779 0.422748743345
6.4908 20.4958 0.31263955284
6.799 20.4433 0.145580390163
6.7468 20.3074 1.73466787887
6.858 22.0385 0.200392115613
6.677 22.1245 0.234578174603
6.7384 22.3509 0.12436981145
6.8041 22.4565 0.116615993757
6.8093 22.573 0.0396011363473
6.8333 22.6045 1.94378375855
8.776 22.6694 1.9449496703
10.1791 24.0163 1.20504118187
11.3186 24.4083 1.72627845378
13.0039 24.0344 0.46040804728
13.4585 24.1073 1.44652073957
14.7545 24.7498 1.82312615033
16.3081 25.7038 8.56011861191
23.9678 29.5254 0.654248156283
23.3479 29.3162 6.57858205391
17.9757 25.5192 1.85220752617
19.4391 26.6546 2.79149082033
17.3153 28.4662 2.9862405295
16.5432 31.3509 0.403498946715
16.942 31.4123 0.585665467652
17.3968 31.7813 10.5580112408
27.8478 30.2819 9.21759975807
36.9121 28.6078 5.73176730861
40.4713 24.115 1.9670692972
41.2154 22.2941 1.61492818726
41.2567 20.6797 0.26972995755
40.9887 20.7102 0.591671530496
41.5803 20.701 9.31037939614
40.5988 11.4425 6.67846103605
41.8558 18.0016 0.900704013536
41.8792 18.902 1.2119269945
42.034 17.7 9.33590799012
41.801 8.367 0.207980311568
0.0 0.0 12.7463972059
12.7438 -0.2573 0.841551186797
12.2892 0.4509 13.1858598961
5.383 11.6835 0.424808957062
5.3009 11.2667 9.68292755421
5.2778 1.5838 0.487281540795
5.3217 2.0691 5.43357307487
9.7307 5.2447 3.19350872866
7.2105 7.2061 2.01490761079
5.3773 8.0423 2.99848743202
2.6805 9.3531 2.10445710101
0.8593 10.4076 2.04922905504
-1.0483 9.659 6.61874666157
-1.8132 3.0846 5.74538849513
-4.0168 -2.2214 1.20135367815
-5.0647 -1.6339 7.01963051022
-11.6042 0.9176 0.671018248634
-11.7777 1.5658 1.02651794431
-11.9112 0.548 1.49883506764
-12.8628 1.706 5.23038204436
-18.0076 0.7637 5.61188574367
-12.4692 1.6689 1.22713756768
-11.2486 1.5424 0.753154233872
-11.5869 0.8695 12.7172906619
-9.6786 -11.7038 23.6190096744
-1.8852 -34.0 6.44074872977
-3.9334 -27.8936 3.16944642801
-6.0569 -30.2465 2.58755845538
-8.0493 -31.8975 1.6525120998
-9.6675 -32.2325 1.63345391732
-11.2372 -32.6844 0.640359906615
-11.0288 -33.2899 0.185069176256
-10.9386 -33.1283 5.80785125154
-16.2382 -30.7523 1.72424040377
-17.1146 -32.2372 0.443816628801
-17.462 -32.5134 0.126619508765
-17.5665 -32.5849 0.105588493691
-17.5743 -32.6902 0.0321701725205
-17.5869 -32.6606 0.195894997384
-17.7632 -32.746 0.0891812760617
-17.6783 -32.7187 0.0200960195064
-17.6607 -32.7284 0.139741654491
-17.5774 -32.8406 0.111980087516
-17.6051 -32.7321 1.64818650037
-0.7116 -31.3374 1.87640515081
1.0754 -30.7651 12.7729665568
-8.7225 -22.5706 7.56589959555
-4.0587 -28.5281 1.49622833151
-4.7836 -29.837 0.848423437913
-4.4684 -29.0493 7.2120674047
-6.6569 -22.1773 0.908174922578
-6.0089 -22.8136 6.38583982339
-5.5594 -29.1836 0.77716105152
-5.3797 -29.9397 0.365366897789
-5.6276 -30.2081 1.28420490966
-5.8092 -28.9368 7.3184508593
-4.9539 -21.6685 0.411248550149
-4.6395 -21.9336 0.222921196839
-4.4526 -22.0551 0.957332173282
-3.5334 -22.3226 1.24745867266
-2.8717 -21.2651 8.4889814283
5.6171 -21.2096 2.1116975399
7.7278 -21.2745 1.03961408224
8.6998 -20.9057 1.26110028547
9.7026 -20.141 1.44326710626
10.2963 -18.8255 1.05605550044
10.7042 -19.7996 6.949359028
11.5725 -26.6945 1.39074428994
11.8823 -28.0503 0.252134765552
12.4382 -28.8751 1.17888340815
12.5802 -27.7048 4.41703034402
10.0577 -24.0789 4.0429975439
12.3602 -27.4022 2.97290809814
10.8386 -29.9562 13.8692426415
-2.9723 -31.227 1.62407237523
-2.7935 -32.8412 0.460143944869
-2.5898 -33.2538 0.999250959469
-2.7116 -32.262 9.42139261893
1.8112 -23.9972 12.5903640718
-2.1563 -12.0483 1.31399806697
-1.4847 -10.9189 14.4717000038
10.3739 -2.6241 0.224979043468
10.1793 -2.5112 4.06774273031
6.1649 -1.8546 2.76940949121
3.4996 -1.1024 3.57368416344
2.2777 2.2559 12.3919233826
-0.3487 14.3663 11.7477650747
-4.5519 25.3364 1.94083510376
-5.9388 26.6941 4.28107397857
-9.0917 29.5901 2.73686947076
-11.4502 30.9786 3.41906326938
-14.8094 30.3416 1.26645704625
-13.627 30.7953 0.365115762464
-13.9916 30.8147 2.29276707059
-15.5276 32.5169 1.55290881896
-17.0298 32.9105 1.3772744171
-18.3969 32.7434 1.26739575508
-17.2853 32.1346 7.99819807957
-11.5997 26.5092 3.10370501981
-12.6998 29.4114 2.92321926991
-15.3737 30.5927 1.04976032503
-16.3152 31.057 1.43215440857
-16.8672 32.3785 0.148391711359
-16.7893 32.2522 0.776572997213
-16.8164 31.4761 0.43217455964
-16.4183 31.3079 0.917877578983
-15.5053 31.2134 0.354576211836
-15.5963 31.5561 0.859164739733
-15.8306 30.7295 1.24716929484
-17.062 30.9272 1.56206986079
-18.1405 32.0572 2.18938957018
-20.177 32.861 2.03514348634
-22.1945 32.5936 0.901380102953
-21.421 33.0564 7.45616425047
-16.2257 27.7082 5.80591253465
-21.4147 30.3126 5.3121432219
-17.3516 26.8906 2.77312549482
-16.819 29.6121 2.42145572745
-18.4162 31.4321 8.20420120731
-26.6195 31.5537 3.60860711217
-30.1647 30.8802 13.8316428988
-43.8419 28.819 6.73964386967
-48.2803 13.139 0.474987210354
-48.3561 13.6079 0.893848421154
-47.6045 14.0917 0.757838538212
-51.7336 34.0 7.16555924475
-45.7336 30.0827 20.9247284417
-34.038 12.7317 10.5134490677
-35.9569 -34.0 4.73695791094
-38.0456 -29.7484 2.10762844211
-39.9303 -28.805 2.54549645649
-42.4213 -28.2811 3.45107778237
-45.3068 -26.388 3.97160639163
-49.1355 -25.3322 3.884686098
-51.2407 -22.0674 0.714608284307
-51.1367 -22.7744 0.804894079988
-50.3709 -22.5266 0.154052004206
-50.3278 -22.3787 1.16534809392
-51.4865 -22.503 0.632615562565
-50.8666 -22.6292 0.756968539637
-50.507 -21.9631 3.08548386157
-49.0091 -19.2656 9.37504282657
-46.3771 -10.2676 6.86979496928
-40.7845 -6.278 1.30662925116
-39.5077 -6.0004 2.82495607399
-37.9458 -3.6465 0.480329990736
-37.5067 -3.8412 16.609053389
-20.9349 -2.7294 7.93633806047
-13.0715 -3.8029 6.59982860384
-6.4851 -3.3821 1.63031059924
-5.3895 -2.1748 22.3250937288
-2.5253 19.9658 0.459791137366
-2.0863 19.8291 12.888947362
-0.7482 7.0098 1.00878907607
-0.368 6.0754 1.17260803767
-0.5065 7.2398 15.1317606025
-0.9687 22.3645 0.822445092392
-0.3899 21.7802 12.6401786198
4.7506 10.2325 0.67306443228
5.2993 9.8427 2.02934110735
7.301 9.5089 1.19041226472
8.482 9.6583 0.927743655327
9.3418 9.3098 0.343410483241
9.6694 9.4128 1.91835807398
11.4165 8.6205 1.09259918085
11.5541 9.7044 14.9989742946
14.9551 24.3127 1.7177696062
16.383 25.2676 1.52882509464
17.4889 26.3232 0.419764946131
17.9059 26.3713 0.68030212406
18.5082 26.6876 0.155155051481
18.6429 26.7646 0.914700677818
18.2292 27.5804 1.2343721643
17.4842 26.5962 0.733827561488
17.335 27.3147 0.784064519029
16.2042 25.8 0.689494836819
16.6389 25.2648 0.756322874175
17.3616 25.4878 1.04189138109
16.415 25.0525 1.50616198996
16.2537 26.55 7.1888433875
22.6524 29.8266 0.0136418473822
22.6401 29.8207 7.11537090038
17.1002 25.3555 1.37012854871
18.1992 26.1737 0.262983573632
18.2448 25.9147 0.237375082938
18.3471 25.7005 0.972446852018
18.8089 24.8447 0.0768814672076
18.7663 24.7807 1.12000178571
18.0959 25.6779 6.94381682074
24.1111 29.1469 5.52522999521
20.6236 24.8614 0.313926567847
20.3586 24.6931 12.0774060137
28.0557 34.0 8.33795192898
20.2378 31.1014 16.7295880777
18.5428 14.4579 0.359266266159
18.4889 14.1027 1.49637677074
18.1899 15.5689 12.5648521742
13.0445 27.0319 0.83633441278
12.8294 27.8401 1.11506337488
13.4641 26.9233 11.371119105
