0.0 0.0 7.32427752205
-1.4461 -7.1801 12.5529335185
3.8233 -18.5735 0.532387124187
4.2016 -18.9481 0.814564257748
4.4303 -19.7299 0.295429517821
4.3771 -19.4393 1.50842186407
3.1055 -18.6279 11.948000231
-6.2771 -11.2305 14.4155529932
-1.8462 -24.9482 3.77977254607
1.4359 -26.8229 0.594024890051
1.7993 -27.2928 0.421800189663
2.0131 -27.6564 0.580582121668
2.5309 -27.919 0.706012386577
3.0764 -28.3672 2.44261742604
5.1931 -29.5862 0.490716088996
5.6229 -29.823 0.330913039936
5.9159 -29.9768 0.254887367282
6.1453 -30.0879 1.60672987773
7.6596 -29.5508 0.853323596299
7.9592 -30.3498 2.31034059177
9.791 -31.7577 0.587241721951
9.798 -32.3449 1.12918599442
8.9605 -33.1023 0.331469048329
9.2902 -33.1365 0.343003731758
9.6318 -33.1675 0.468421199349
9.8899 -32.7766 0.42929459582
10.216 -32.4974 0.805684615715
11.0059 -32.6561 2.01421233488
13.0126 -32.8299 0.47732832516
13.1698 -32.3792 1.08213958896
13.5718 -31.3745 8.50801938703
17.6913 -23.9303 6.09795664547
14.8338 -18.5433 0.422048267382
14.4195 -18.6238 0.961863155548
14.7958 -17.7386 1.32219120024
13.9424 -18.7485 10.1392305295
12.6631 -28.8067 0.537622953379
13.1969 -28.8707 0.340746973574
13.5166 -28.9886 3.05255231732
15.7224 -31.0987 3.46716686936
18.4295 -33.265 1.93315370574
19.3941 -31.5897 1.34786779767
18.0947 -31.9479 0.783037329889
18.7932 -31.594 2.13840518144
20.3926 -33.0134 5.62468240259
25.8068 -31.4891 0.157191857295
25.96 -31.5243 2.86490410485
28.3057 -33.1691 0.542611509277
28.8482 -33.1581 1.28301038577
30.1224 -33.3082 0.956590011447
31.0741 -33.4048 1.91899355392
32.9876 -33.2597 0.805695686969
33.6699 -32.8312 1.28074392444
34.9505 -32.812 3.88351278613
38.4405 -31.1086 1.0628044505
39.0662 -30.2495 0.727084382998
39.5751 -29.7302 2.91793350335
40.2748 -26.8974 0.963413187578
40.8232 -27.6895 0.655671602252
40.3078 -27.2842 9.56610235624
39.2048 -17.7819 1.20897644725
41.2763 -9.1599 0.724101408644
44.1592 9.3354 11.240862551
32.9184 9.2979 0.155201192006
32.7634 9.29 0.888486634677
33.6369 9.1275 0.226855129984
33.7306 8.9209 1.47771571353
32.4563 9.6691 14.4593871751
19.7635 16.5949 4.22161343564
17.9311 20.3981 2.93452235466
17.0774 23.2057 4.42050984616
14.8717 27.0366 3.72234928506
11.4191 28.4278 3.6577426495
7.8776 29.3426 1.01803731268
8.0122 28.3335 13.3723180646
6.1923 15.0856 0.702798328114
5.5041 15.2281 17.5516791994
-0.6655 -1.2035 2.2893618019
-2.869 -1.8246 1.94461657403
-4.8111 -1.9235 1.23667148831
-4.1117 -0.9036 0.28348633124
-4.3932 -0.9371 0.988233353009
-4.2022 -1.9067 0.396042043223
-4.5973 -1.934 0.695788272393
-27.6602 0.3949 0.860191839068
-28.448 0.7403 0.572183755449
-27.9991 0.3855 18.2486910698
-18.5967 -15.2545 2.81914067226
-15.7845 -15.0568 0.863120414542
-14.9806 -15.371 1.19022756228
-14.0892 -16.1597 1.25123540951
-13.1106 -15.38 1.79734648858
-11.3634 -14.9584 0.68906102052
-11.5149 -15.6306 5.38136626704
-8.766 -11.0043 3.2831973806
-11.9162 -11.9293 1.28265150762
-10.6995 -11.5233 0.94049372672
-10.8541 -12.451 1.3186675851
-11.8917 -13.2648 3.73021329283
-14.0017 -16.3409 3.00516868412
-16.9138 -15.5988 1.20020440342
-15.9107 -14.9398 2.44502535774
-17.6653 -13.237 1.56020141328
-19.2255 -13.2391 1.02610830325
-18.3246 -12.7479 0.755419069127
-18.9972 -12.404 0.740922195645
-18.4219 -12.8709 1.08253659522
-19.3277 -12.2781 2.19241038357
-21.5002 -11.9833 1.53125491346
-22.8083 -12.7793 1.53934295724
-24.3426 -12.9038 2.17943692728
-26.245 -13.9672 1.99164762446
-28.2351 -14.0457 0.570846126377
-28.8014 -13.9738 1.59415586754
-30.3867 -13.806 1.98444367015
-32.3675 -13.6858 0.510253868187
-32.5149 -14.1743 1.76272883904
-34.0185 -13.2543 2.18315501282
-42.6266 9.906 10.1667823548
-32.5645 8.4508 0.504277641781
-32.071 8.3471 0.387278878846
-32.3592 8.6058 2.98711853297
-31.898 5.6545 2.4756962859
-30.3269 7.5678 0.948014372254
-31.2724 7.4988 0.387239008882
-31.3873 7.8686 0.829790485605
-30.5604 7.9378 10.5866548522
-23.0368 15.3858 14.8391426194
-12.509 25.8436 0.496511711846
-12.0258 25.9578 0.454347554192
-11.5889 26.0825 0.760052188998
-10.8571 26.2878 0.856679555026
-10.0086 26.4059 0.723245884883
-9.4067 26.8069 1.97033986155
-7.5641 27.5048 0.871667207138
-6.6957 27.5802 2.51733204802
-4.4517 26.4394 0.592146307934
-3.925 26.71 2.64757091879
-3.9846 29.3569 0.243792083547
-3.9779 29.1132 5.95818310729
-9.9184 29.5719 0.776885377646
-9.4876 30.2184 8.3608256255
-1.1951 29.1517 0.577580955365
-1.0577 28.5907 0.86595681763
-1.9116 28.7347 3.34851736295
-5.1998 29.3674 0.538401458022
-4.68 29.5077 5.80461876181
1.0861 28.8401 1.54231678328
2.5836 29.2092 0.584486791981
3.0277 28.8292 0.37930011864
3.3244 28.5929 0.406666571038
3.6277 28.8638 0.565933962579
4.1451 28.6345 1.17778966713
5.3176 28.523 0.354955771893
5.624 28.3438 0.799710603906
6.4104 28.4891 1.66764301336
8.0645 28.7012 0.470130460617
8.5329 28.7415 0.259635918162
8.7909 28.7124 1.72762017238
10.4434 28.2085 1.83826779333
11.6142 26.7913 4.28860320967
13.4685 22.9243 0.905867551025
14.1166 23.5572 0.0494425929741
14.1267 23.6056 0.265215704663
14.2963 23.4017 3.62174698868
17.6676 22.0783 2.56774857219
20.0308 21.074 2.68854704627
22.6149 20.3319 2.33388478293
24.9446 20.1922 0.674947294239
25.6194 20.1781 1.19230111968
26.7724 20.4817 0.16017543507
26.8275 20.3313 0.242579553961
27.0305 20.4641 0.975914571056
27.9623 20.7542 1.06291127099
29.0197 20.6461 0.402719257051
29.3359 20.3967 2.05342338547
31.3893 20.3869 0.67292217232
32.0449 20.2352 0.475555937824
32.5146 20.3096 0.447743542667
32.1474 20.5658 1.54811244101
33.6396 20.1535 0.141699153138
33.7428 20.0564 0.805759126538
34.5304 19.8863 3.16691651295
34.6796 23.0497 0.736946619505
35.4162 23.0271 1.8487147211
37.2628 22.9387 2.30336931038
39.5235 22.4974 0.502084056708
39.7837 22.068 0.370191355923
39.9845 21.757 0.414966263689
39.8705 21.358 0.181924434862
40.0362 21.2829 0.721549721086
40.6664 20.9315 1.55455053633
42.1575 21.3711 0.187234638889
42.28 21.2295 0.706987758027
42.0937 20.5475 0.967051704926
42.8733 21.1197 0.281891397527
42.9223 20.8421 0.151415256827
42.9076 20.6914 0.109803688463
42.9085 20.5816 0.144745604424
43.0112 20.4796 0.456645967901
43.4417 20.3273 1.22269033283
44.25 21.2447 0.526908056496
44.0697 20.7496 3.24326813261
47.29 21.1349 0.936670278166
48.2211 21.2369 1.86721912212
46.7813 20.048 1.06415311868
46.8694 21.1085 0.751512907407
44.5945 9.9095 1.08063011248
45.6557 9.7055 0.428311066866
46.5034 13.8914 1.25410278686
45.757 14.8992 27.0084897773
20.3651 24.103 3.39787425606
17.7186 26.2341 0.72895292715
17.0475 26.5187 3.21885599709
14.2012 28.0219 5.09490958507
9.17 28.8251 4.36816615526
4.9334 27.7611 4.4315290025
1.2481 25.3 2.81777114933
-1.4214 24.398 3.83995226272
-5.2287 24.8977 3.02352388448
-7.6285 23.0585 2.27405991126
-9.4893 21.7513 6.75170668794
-8.3425 15.0977 0.537741954845
-8.481 15.6173 4.99748037015
-11.4141 19.6635 1.12398057368
-11.5694 18.5503 1.39446015361
-3.1571 9.0313 8.80010287213
5.2629 6.4729 1.51075987503
6.7025 6.9311 1.90116980041
8.596 7.1017 0.54878634276
9.1031 6.8919 0.635757257135
9.6979 6.6674 0.424250704183
9.9844 6.3545 0.225282511527
10.0733 6.1475 2.09476101262
12.166 6.2404 0.421162830744
12.3182 5.8477 0.55702873355
12.8532 5.6926 1.32993520519
13.8153 4.7744 0.476117054935
14.2817 4.6787 2.01348781968
16.1791 5.3525 2.11316051922
18.2914 5.2922 0.142322029215
18.4144 5.3638 0.886326316883
19.2241 5.0033 3.12846991994
22.0539 3.6693 0.99985815494
23.0476 3.5585 1.44842767855
24.4133 3.076 0.474215668235
24.0582 3.3903 0.429106233933
24.4562 3.2299 0.274720749125
24.7292 3.2606 0.464020796948
25.0453 3.6003 0.146154746758
25.1914 3.5963 0.0837100949707
25.2737 3.6116 0.1064
25.2737 3.5052 0.10800231479
25.177 3.4571 1.59724990218
26.5572 2.6532 0.767368086384
27.3225 2.5969 3.26753769374
30.5252 1.9492 0.768600552953
31.2792 2.0983 0.439090480425
31.6565 1.8737 0.633351797976
31.115 2.2022 0.63131611733
31.699 1.9624 1.56825880836
33.077 1.2137 1.29395531608
34.3026 0.7987 0.811610405305
35.0623 0.5131 0.804461913331
34.3247 0.8342 0.207203402482
34.1385 0.7433 0.787800406194
33.9393 -0.0189 0.602290702236
33.7248 -0.5817 0.589396725474
33.2423 -0.9202 1.44210313431
31.8016 -0.9838 0.509606299019
31.5649 -0.5325 0.783119001174
31.0768 0.0799 0.124413383524
31.0405 0.1989 10.2147459141
32.883 10.2461 0.329767948715
32.9371 9.9208 1.34380817455
34.1771 10.4387 0.737748988478
34.6145 9.8446 0.490396298926
34.9583 9.4949 1.52481276556
33.6137 8.7758 6.96444921081
33.6928 15.7398 0.524465918816
33.8463 15.2383 6.81115386994
34.4865 8.4573 0.706156951393
34.9705 8.9715 5.19404804367
36.9723 13.7643 0.519495235782
37.4792 13.6506 1.09194617083
38.3482 14.3118 0.430837614421
38.7074 14.0739 0.477977593617
38.9267 14.4986 0.043401036854
38.9701 14.4989 1.28101336839
24.7499 26.2691 0.546079847641
25.2943 26.3119 2.45847692688
27.6975 25.7935 0.768909097358
28.1761 26.3953 0.667258150943
28.5081 26.9741 0.76393081493
29.2711 26.9364 0.608466309667
29.8736 27.0214 0.502424223142
30.2743 26.7183 0.448190238626
30.5511 26.3658 0.307484194716
30.7809 26.1615 0.519647880781
31.0673 26.5951 0.502974840325
31.3738 26.1963 2.39926077157
33.4946 25.0744 0.416150741919
33.9106 25.0632 1.49620822415
35.4014 24.9361 0.424587917869
35.8055 25.0664 0.532581730817
36.3366 25.1061 0.365842862442
36.6862 25.2139 0.58767994691
37.2718 25.1645 0.415090315474
37.0289 25.5011 1.79874633287
38.8023 25.802 2.51756114126
38.6742 23.2877 10.5787445474
37.9688 12.7325 1.0063466848
0.0 0.0 2.0450968999
1.9878 -0.4807 0.241758577924
2.2239 -0.5327 1.09223547827
1.2454 -0.0474 0.57585210775
0.7325 -0.3092 3.64216269818
-2.9011 -0.5588 1.26659900916
-3.4687 0.5735 1.85349566226
-5.1066 -0.2941 5.21877805717
-3.437 4.6504 1.91603447255
-4.6047 3.1313 2.87411475415
-7.2018 4.3624 10.1220651475
-11.6231 13.4678 0.398127441908
-11.987 13.6293 0.977152772088
-12.4165 12.7516 6.41989887849
-7.8709 8.2181 14.1031554232
-14.6042 -4.1739 1.0892625487
-15.6673 -4.4112 1.86754108121
-17.4873 -4.8299 1.73592956366
-18.3505 -3.3238 0.918455584119
-19.221 -3.6167 3.84984616446
-23.0695 -3.5149 3.36399940844
-26.3946 -4.025 2.06031406586
-28.32 -3.2917 1.94622000041
-30.241 -3.604 1.48377614552
-31.2991 -2.5638 0.945399650941
-31.8748 -1.8139 2.41060345349
-33.7418 -0.289 2.01431656152
-35.4354 -1.3795 1.16364470523
-34.2718 -1.3897 8.14964369896
-26.1429 -0.8086 11.0971092164
-28.3589 -11.6822 15.9620533682
-30.7772 -27.46 0.296167013693
-30.5063 -27.3403 3.70337187979
-33.5385 -25.2141 3.29086408258
-34.6785 -28.3012 4.80300109203
-38.294 -25.1394 2.79642289541
-39.9235 -22.8668 2.39303176953
-38.2151 -24.5425 0.947020464404
-39.0961 -24.1951 2.45884604235
-40.1676 -21.982 2.73356362648
-41.4409 -19.5631 0.948571056906
-42.197 -18.9903 0.916554117333
-43.0327 -18.6139 0.386369628724
-39.7211 -34.0 10.2884040794
-33.339 -25.9303 0.914215051287
-33.0644 -25.0583 4.48346445062
-34.8836 -29.1561 0.544977137135
-34.5094 -29.5523 1.25802499578
-33.5094 -28.789 3.14545062114
-30.705 -27.3645 0.779379881701
-31.3868 -26.9869 8.14134362621
-36.4366 -20.6009 0.548858196623
-35.9042 -20.7343 1.59568641029
-35.3616 -19.2337 10.7166460056
-24.6636 -19.8656 17.3700495135
-9.6503 -11.1295 3.58271473885
-6.0772 -11.3918 5.2319279047
-0.8584 -11.7622 3.42594705884
2.561 -11.5505 1.08368639375
2.3844 -10.4813 0.30980350224
2.2489 -10.2027 1.33272360225
3.4447 -10.7911 2.04773257043
5.3909 -10.1543 0.564845465592
5.7881 -10.5559 18.1086366632
9.4175 -28.2971 5.09181614849
5.7515 -24.7634 1.11140840828
6.7779 -24.3371 28.5890980578
34.0305 -15.6981 4.46401730843
37.6662 -13.1079 1.32763013298
0.0 0.0 2.00764113327
1.9806 0.3284 0.078667973153
1.9023 0.336 1.95524669799
0.2792 1.4262 0.68833452623
-0.3057 1.0633 1.70882591565
-1.9581 0.6278 1.3233773347
-3.239 0.9604 1.23366699315
-2.2846 0.1787 7.35794493728
-3.0493 -7.1394 0.963982406478
-3.9821 -7.3826 3.2750553293
-7.2292 -7.8096 4.22003611477
-11.3901 -7.1056 1.55640719929
-12.5517 -8.1415 1.09913752552
-11.4558 -8.2258 1.12455738849
-12.4972 -8.6502 0.964855761241
-13.4402 -8.446 0.578192511193
-13.9959 -8.2863 0.793760984176
-14.7834 -8.1868 1.78775051951
-16.5708 -8.1514 9.00242572199
-16.295 0.8468 2.49632389325
-18.7703 1.1701 6.41162539455
-20.2831 7.4007 2.09191618618
-21.9289 8.692 5.6239535071
-24.6948 3.7952 1.69738868265
-26.3895 3.6997 1.23845898196
-27.6032 3.9461 2.32875348846
-29.8897 3.5045 2.11238553536
-31.9981 3.6342 0.456164992081
-44.5824 11.7979 0.0553390458899
-44.5703 11.7439 1.23815279348
-44.3608 12.9642 1.01073326353
-44.369 11.9535 11.9791846822
-43.8924 -0.0162 0.749685067212
-43.2727 -0.4381 0.94713510124
-44.1866 -0.1894 0.417053713567
-43.928 0.1378 5.64676509163
-42.6524 5.6386 0.527007068264
-43.0246 6.0117 0.803303205521
-42.2296 5.8965 12.8929028601
-30.39 11.0005 1.09383702625
-29.2962 11.0095 14.4442641689
-16.0955 5.1462 1.09769716224
-15.0314 4.8767 0.944207249496
-14.0872 4.873 1.04493729955
-13.0442 4.8094 7.98536361915
-5.0684 4.4187 5.81762156384
0.7471 4.2616 6.60061405401
7.3354 3.8586 1.7438483707
8.9229 3.1369 3.76730493058
12.6817 2.8839 1.07795317616
13.1896 3.8347 1.11906837146
12.7895 2.7896 13.6375065129
9.0037 -10.3119 1.08068358459
8.4707 -11.252 1.23173666017
9.2695 -10.3144 11.5325125298
17.8154 -2.5706 0.528387745884
17.9689 -3.0762 3.66969733902
18.3329 -6.7278 2.94210976172
21.2701 -6.8977 1.89018477933
23.1136 -7.3152 2.2934252157
25.3877 -7.0181 2.28406260203
27.4236 -8.0535 1.85275492713
28.8887 -6.9194 0.123122093874
28.8694 -6.7978 0.624932796387
28.2772 -6.5982 0.811512858801
27.9036 -5.8778 0.13066923892
27.9262 -5.7491 0.188547818868
27.9724 -5.5663 3.86150084423
27.0903 -1.8069 0.258526691079
27.0432 -1.5527 0.195901250634
27.0255 -1.3576 0.238257843523
27.2629 -1.3778 0.593543022872
27.6953 -0.9712 1.19243048015
28.8802 -0.8374 1.19056590326
29.9968 -1.2505 0.802985678577
30.7818 -1.0815 0.165426479138
30.6174 -1.0631 1.22604010538
31.8377 -0.9446 0.748186073113
32.4585 -1.3622 2.90560895167
35.1688 -0.3149 1.30386970208
0.0 0.0 2.01988391746
2.016 0.1252 3.29437276579
-0.6606 2.0458 2.14354981281
-2.7198 1.4504 2.5297509917
-3.714 3.7766 1.70287233227
-5.4023 3.5543 0.830505418405
-6.0685 3.0584 10.9163212856
-10.558 -6.892 1.03577458938
-11.481 -6.422 16.7522830459
-12.8736 10.2723 1.15971327922
-13.9569 9.8583 5.96999088525
-15.1275 4.0042 1.14217587525
-16.2693 3.9749 1.47093203786
-17.7358 3.8608 1.83045253694
-19.5658 3.8201 1.44500472318
-25.0729 5.7649 0.327261562057
-24.8247 5.9782 7.97391949107
-18.3013 10.5639 0.972872144734
-17.4252 10.1409 11.4738089321
-8.2917 3.1963 5.68847857516
-3.3302 0.4138 8.56339929
-6.116 -7.6838 0.699501400999
-5.4165 -7.6852 6.22555055557
-1.2341 -3.0738 4.16695491336
2.9317 -3.1719 5.31256104341
8.1145 -2.0049 3.28275757862
11.3959 -2.0993 4.95336219249
16.3374 -1.7567 1.15706692114
17.4879 -1.6336 3.17500032283
20.6446 -1.2932 0.692958368158
21.3353 -1.3491 2.30899405153
23.614 -0.9763 2.07613332905
25.3428 0.1733 2.22100588248
27.3575 -0.7615 1.82729002077
29.0634 -0.1066 1.21136795814
30.1081 -0.7198 0.441106721781
30.4648 -0.4603 0.396408186091
30.3429 -0.8375 0.162053879929
30.4974 -0.7886 0.938517181516
31.2097 -0.1775 1.38412658742
32.2352 -1.1071 0.853064241426
31.93 -0.3105 1.13792348161
31.5088 0.7466 1.1817790868
32.3778 -0.0543 0.129052005021
32.5017 -0.0182 1.30213778457
31.2233 -0.2657 0.628883940008
31.3859 0.3418 11.0365139505
31.7562 11.3721 0.459863207922
31.3911 11.6517 1.36465437749
32.7445 11.8266 7.79439322398
37.6928 17.8488 0.252005793584
37.9034 17.9872 1.02982993256
38.0746 16.9717 0.554264142806
37.7089 16.5552 4.97828807222
38.1387 11.5955 8.43706366101
43.4388 -9.3424 13.1676475762
30.2783 -8.9086 16.0997571566
17.2188 0.5069 2.37444480458
14.8586 0.2472 2.30815346544
12.5707 0.5523 4.04285292461
8.5336 0.3367 2.99118683134
7.3557 3.0862 0.89360439793
6.4758 3.2421 4.24697616664
2.4258 1.9637 7.75794532399
-1.454 -4.7544 0.372848333777
-1.7262 -4.4996 5.97667948279
-3.6582 1.1562 2.75451669989
-6.2685 2.0358 2.41369595641
-8.2369 0.6389 2.06650232519
-10.3034 0.642 1.72564446512
-9.1063 -0.6009 6.66027084509
-7.2741 5.8024 2.82082937095
-10.0844 5.5589 1.55860475105
-10.283 4.013 10.970984022
-14.2455 -6.2174 3.93246287459
-18.14 -5.6723 1.01082984226
-18.9264 -6.3074 8.03448110895
-21.9802 1.1241 2.41301651258
-21.524 -1.2454 0.526330124542
-21.4598 -0.723 0.852307602923
-21.7019 -1.5402 4.35641139701
-24.9074 -4.4903 8.34125398966
-26.8728 -12.5967 0.471052491767
-26.4082 -12.519 0.695816276038
-26.558 -13.1985 8.01734212816
-18.9706 -15.7887 13.6214230806
-7.5563 -8.3552 0.353549218639
-7.8014 -8.61 0.770938350324
-7.1701 -8.1675 2.89162562757
-4.395 -7.3549 1.57821001454
-2.8212 -7.4728 1.75087640912
-1.072 -7.3962 4.28136597361
3.0854 -6.3734 2.90493773599
5.9519 -5.9024 1.06667560673
7.0 -5.7042 2.02691120674
8.8602 -6.5092 0.78207900496
9.6348 -6.6171 1.15620270282
9.9363 -7.7333 3.43975669488
13.3747 -7.6367 1.93518773508
15.1036 -6.7673 2.95147050129
17.1442 -4.6349 0.737883893306
17.875 -4.7369 0.627946398986
18.4962 -4.8287 0.712788082111
19.1533 -4.5525 1.45819365655
20.5998 -4.7368 0.593990345039
20.9996 -4.2975 0.260311601739
21.2179 -4.1557 0.2277441547
21.4445 -4.1785 2.32439822105
23.6595 -3.4738 0.513100555447
24.0188 -3.1075 1.3516090707
25.365 -2.9867 0.419218367918
25.5602 -2.6157 0.300308774431
25.6896 -2.3447 0.872532234362
26.2071 -1.6422 0.703998934658
26.9106 -1.6157 2.75366676996
29.2354 -0.1399 0.430010464989
29.6566 -0.2265 0.554232451233
29.3541 0.2379 0.596864473729
29.5649 -0.3205 0.895801953559
28.7832 0.117 0.911934345224
28.2088 -0.5913 0.199945617606
28.1103 -0.4173 1.10609817376
28.1982 0.6853 0.37182232316
28.0042 1.0025 2.16331815968
26.7331 2.753 1.11619368391
27.6778 3.3475 0.876683095537
28.5271 3.1301 1.78360747083
30.0291 2.1682 0.82584904795
30.6448 1.6178 1.07290188275
31.2961 0.7652 0.0989509474437
31.3934 0.7472 0.469019168052
30.9351 0.6475 11.3540136872
33.5411 11.6984 1.05463749696
33.9819 12.6565 0.745863425836
34.6607 12.9656 0.375897060377
35.0353 12.9968 0.752573318687
35.7671 12.8212 1.20260999497
35.7357 11.619 6.89367603677
37.0194 4.8459 0.491899146167
37.4103 4.5473 0.246945176102
37.6487 4.6117 1.20775416787
36.8478 4.0245 0.73426873827
37.5165 3.7212 16.5086013245
36.0 20.16 5.19208394867
30.8082 20.1057 5.1337319856
35.0525 17.2176 1.08505347794
36.0322 16.7512 7.38857863733
42.516 13.2084 1.16644907733
42.5053 12.042 20.674560968
40.9784 -8.5761 0.976308557783
41.928 -8.8029 1.19296438337
40.7461 -8.965 20.2482883489
20.7452 -12.1205 4.37145908822
16.3792 -11.9021 1.67092754182
14.8093 -12.4743 3.88759905597
10.9734 -11.8424 3.38949453016
7.6768 -11.0543 5.01393363438
2.6888 -11.5636 2.19236184285
0.5162 -11.8573 4.81763125197
-4.157 -10.6865 3.66593867516
-7.5236 -12.1374 1.16638864878
-7.6474 -10.9776 8.70210092449
-4.8479 -2.7381 2.44927101195
-7.1099 -1.7988 1.29609435613
-8.3712 -1.5005 1.55419407411
-8.3541 -3.0546 5.92582220877
-6.7788 -8.7672 0.507694839446
-6.7615 -8.2598 5.28546980788
-8.3225 -3.2101 1.58466471217
-8.201 -1.6301 6.13873128993
-13.6869 1.1247 0.450952880022
-14.1376 1.1096 0.985142208009
-14.201 2.0927 0.936407656953
-13.9757 1.1838 0.893619857658
-14.6855 0.6409 1.11496910271
-13.7458 1.241 1.15288518943
-14.4473 2.1559 1.21605579231
-15.1553 1.1672 1.08352261167
-14.0883 1.3557 9.67743986083
-18.8408 9.7858 0.645452476949
-18.1987 9.7201 1.11529542723
-17.317 9.0371 9.48678284615
-7.8304 9.096 0.0704194575384
-7.7603 9.1027 0.914165893041
-7.2045 9.8285 0.789570142546
-7.7455 9.2534 13.1962460863
-17.0864 -0.068 0.581310811873
-17.2889 0.4769 8.79214698296
-10.114 -4.6047 6.83028266033
-3.8591 -1.8608 0.489785994083
-3.5717 -1.4642 1.38515781411
-4.1938 -2.7018 20.2297169869
-11.4042 -21.6029 1.21395808824
-10.2502 -21.9797 0.55561170794
-9.7136 -21.8356 1.81134129584
-7.9031 -21.7804 1.0928221859
-6.8358 -22.0152 0.877126792431
-6.1287 -22.5342 0.718048166908
-5.5581 -22.9701 2.00897258568
-4.172 -24.4243 0.518646208894
-4.6835 -24.5101 0.430521846136
-4.391 -24.1942 1.07626792668
-3.6854 -23.3815 1.00313983572
-2.9657 -22.6827 3.17291953885
0.0847 -21.8095 1.5253626618
1.5888 -22.0633 0.896418903192
0.863 -21.5372 0.0890134821249
0.8248 -21.4568 0.431225289147
0.6946 -21.8679 10.4777642677
-8.1741 -16.2885 0.859908832377
-8.4253 -15.4661 1.24080659653
-7.1903 -15.3462 0.921132438903
-6.2822 -15.1918 1.95897511214
-4.9465 -13.7588 8.26300680201
1.818 -9.0134 0.772816181249
1.0934 -8.7447 1.30787027644
2.3013 -9.2462 31.4154720991
27.1277 -28.4967 10.4452196669
37.5635 -28.0532 6.25070147903
40.5088 -22.5399 1.2185385673
40.977 -23.6649 0.704861099792
40.8619 -24.3603 0.884517009446
41.0866 -23.5048 1.53484152276
40.1933 -22.2567 0.371686426978
40.1455 -21.8881 0.272073004909
40.1821 -21.6185 0.766991238542
40.4205 -20.8895 0.910153921049
40.0701 -20.0495 0.239697663735
40.0177 -19.8156 0.167624013793
39.9911 -19.6501 0.338314469096
39.8199 -19.3583 3.38251900955
42.3562 -9.4035 0.395302112314
42.3136 -9.0105 0.632847690997
42.2898 -8.3781 25.8776247461
19.9073 -21.3656 2.85404475438
17.1168 -20.7667 2.77557503411
14.4534 -19.9856 2.21358161584
12.344 -19.3145 7.09276322811
5.391 -17.9134 4.18613223155
1.2595 -17.2393 4.59432331905
-3.3231 -17.5673 5.84575419001
-8.9052 -15.8315 2.19018635052
-9.3588 -17.9742 1.93580086786
-11.0758 -17.0802 1.28615745537
-12.2998 -16.6852 2.23227626426
-13.3784 -14.7308 0.264878840227
-13.5172 -14.5052 10.3017955716
-15.7756 -4.454 1.23328751311
-15.5116 -3.2493 8.86255866666
-18.7832 4.9873 4.63228168833
-22.829 7.2433 4.15882356563
-26.5334 9.1336 1.73718188455
-28.0941 9.8965 3.58191959988
-31.192 11.6946 0.674945457056
-31.6664 11.2145 0.775568829956
-32.0779 10.5571 2.25435339954
-34.2513 9.9584 1.13724282807
-34.8083 8.9669 9.92364413106
-33.9023 -0.9153 0.208982678708
-34.1099 -0.8913 10.9785921197
-35.5912 9.9869 5.06645367491
-36.0802 15.0297 0.0491503814838
-36.0328 15.0167 5.34088174368
-37.943 20.0043 13.1890234472
-45.9387 30.4933 0.79526436485
-45.7697 31.2704 2.56870847898
-48.3299 31.4793 0.475265410061
-48.8038 31.4433 1.52072841099
-47.6209 30.4876 18.7905164682
-32.4654 19.3793 0.753672196648
-32.9451 19.9606 4.99258404636
-41.6847 25.7823 4.20278933329
-38.0314 23.7046 0.856386554075
-37.1801 23.7978 0.352166011989
-36.8924 24.0009 10.9309056944
-37.4495 13.0842 3.20511801967
-33.9953 14.2618 9.65921562913
-26.0394 8.7842 0.124155467056
-26.0701 8.9045 0.0783393898368
-26.091 8.98 0.0950825430876
-26.1615 8.9162 0.0553355220451
-26.1564 8.9713 0.807884075843
-26.9616 8.9055 12.0669062232
-29.671 -2.8533 4.12323601677
0.0 0.0 1.97157070632
1.9633 -0.1804 0.286039175639
2.0112 0.1016 5.50275567784
0.2114 5.3017 4.5424125187
-3.5691 2.7835 1.70321091178
-14.2523 16.8233 1.80304345483
-12.4954 17.2286 0.729724797441
-11.8002 17.0068 0.811445777609
-12.5621 17.286 0.529491199171
-12.1619 17.6327 0.471538174489
-11.8742 18.0063 0.405121537319
-11.6147 18.3174 0.945885431752
-11.0258 19.0576 4.02294392827
-11.2407 23.0748 3.16921035118
-10.0143 25.9971 0.119312195521
-9.9721 26.1087 3.17548408908
-7.0025 27.2335 0.849561304439
-6.276 27.6739 3.40493450304
-3.5091 29.6583 4.74151458713
1.1892 30.297 3.62429649173
4.2657 32.2129 0.416776990728
4.6542 32.062 1.93512687956
6.5844 31.924 3.26188302825
9.6519 33.0332 4.49933691337
14.0944 32.3203 1.72518974319
15.4406 33.3992 0.451849676331
15.8924 33.4059 1.0590269921
16.9513 33.4223 0.796044778891
17.7461 33.3778 1.84114703921
19.396 32.5607 1.08894597203
20.4842 32.5204 2.39662078143
22.7613 33.2678 0.531426429527
23.2927 33.2625 0.713576632185
24.0042 33.2081 1.73892281887
25.7413 33.2877 0.176532971425
25.818 33.1287 0.163119250857
25.969 33.067 0.123261713439
26.0827 33.0194 0.0952478871157
26.1731 32.9894 0.0775635223543
26.1024 32.9575 0.201005124313
26.3033 32.964 0.161150395594
26.4592 32.9232 0.835443415199
27.2899 32.8343 0.478580421664
27.669 32.5422 0.447537819631
27.8491 32.1325 0.459165961282
28.2974 32.0332 1.72013255303
29.9602 32.4736 2.06405559034
31.929 33.0934 2.88898300791
34.8179 33.1153 3.37048053696
38.1883 33.1386 0.606219844611
38.6578 32.7551 0.499734859701
39.05 32.4454 1.10004653083
39.8271 31.6668 2.48318771944
40.6657 29.3295 0.385244571668
40.4814 28.9912 0.288173558815
40.3438 28.738 1.1929078967
40.0352 27.5857 1.26604418959
40.2607 26.3399 0.284462739212
40.1591 26.0742 0.885750946937
40.1686 25.1885 0.363073449869
40.2414 24.8328 6.59581544997
39.6266 18.2657 1.11578181111
49.4679 -4.9542 0.347964322884
49.3465 -5.2803 1.07897309049
48.2687 -5.3306 0.906164449755
48.9388 -5.9406 1.04791906653
47.9527 -6.2952 0.698889533474
48.651 -6.3239 1.20964092606
47.5099 -5.9225 28.9328363326
26.7851 14.2664 0.798247380202
26.1943 14.8032 0.607782016845
25.64 15.0525 13.3249663414
13.7828 8.9729 1.30518876029
13.8361 7.6688 0.966676600524
14.7838 7.8594 1.05273624427
15.0474 8.8786 0.856130200378
14.6958 8.098 1.0136375733
14.627 9.1093 1.04677151757
-4.1603 -0.7392 0.324409879628
-4.2572 -0.4296 0.171292148098
-4.0922 -0.4756 1.21760724784
-3.4843 -1.5306 0.978763403484
-3.6025 -0.559 22.3494773579
-1.0401 21.6431 0.55369169219
-1.5406 21.8799 0.801292012939
-0.7714 22.1044 0.221840505769
-0.5525 22.1404 11.5311256554
-9.4253 14.7756 0.892248760156
-8.9465 15.5285 8.57019770192
-4.8512 23.0569 0.491308151774
-4.3601 23.0426 1.57154239205
-2.9208 23.6736 1.04590236638
-2.0882 24.3066 1.20547584795
-1.0491 23.6955 1.1264820327
-1.2235 24.8084 1.07743273572
-0.9116 23.7771 14.1122979256
6.0627 11.5086 4.89502279566
10.6163 9.7125 0.574684130632
11.1227 9.4408 0.653820441712
11.6276 9.0254 3.42138302591
14.2021 6.772 2.98034336612
16.0424 4.4277 0.534352814159
16.4286 4.0584 1.10031806765
17.3717 4.6252 2.4470748783
19.7512 4.0541 0.890644721536
20.2613 3.324 0.344166965294
20.6 3.2629 1.94707789777
22.4475 2.6482 1.98222184682
24.4248 2.5086 0.582312441907
24.9255 2.2113 0.442812036873
25.3542 2.3222 0.297169732644
25.6369 2.4138 1.16960465543
24.6865 1.7321 0.371134867669
25.046 1.8243 1.32632079453
26.3722 1.8422 1.5150092409
27.8852 1.7642 0.574781993455
28.4357 1.5989 2.13591882102
30.3746 0.7029 0.300199467022
30.6042 0.8963 1.46192457056
31.0421 -0.4985 1.03509733842
31.6074 0.3686 0.730049217519
31.0543 0.8451 1.09010061921
31.8199 0.0691 0.0237035862266
31.8318 0.0486 0.0943326560635
31.8755 -0.035 0.0685440734127
31.909 0.0248 0.508467747256
31.4006 0.0331 0.163330340109
31.561 0.0639 1.05298629146
32.4012 0.6986 1.57777040472
33.8721 0.1278 0.94883998651
33.3127 -0.6386 1.26441123453
32.6803 0.4563 10.7515024262
31.5144 11.1444 12.779642986
41.1405 19.5502 2.87986973317
44.0107 19.3144 2.54385816035
46.551 19.4489 1.36888278899
47.8857 19.1449 1.41098003529
48.8782 20.1478 0.775295685529
47.4919 16.8133 16.3135620341
34.1259 7.4601 21.938427891
14.1326 -1.5711 3.71474515142
10.4381 -1.1838 5.6766255161
4.7991 -0.5313 6.28626004235
-1.4803 -0.2377 6.03057876161
-7.4575 0.5629 2.12982502568
-9.5633 0.8819 6.94566811761
-16.4829 1.4831 4.98755376613
-21.2553 0.034 3.8300571719
-24.6416 1.8235 1.67362340447
-26.3149 1.8564 6.50535631384
-32.7688 2.673 1.74278103329
-32.505 0.9503 0.38440750513
-32.7938 1.204 2.7110499313
-35.4481 0.6522 1.35469332692
-36.2705 -0.4243 2.38905656065
-38.6235 -0.8378 1.63493081199
-40.0309 -1.6698 1.11291733745
0.0 0.0 8.83748490239
-3.8334 7.9628 0.335925378619
-4.1689 7.9797 0.167081417279
-4.1467 7.8141 1.53680583679
-2.887 8.6944 14.0044923999
4.9153 20.3241 0.248365255219
4.67 20.363 9.1988701404
-4.4831 21.2795 2.19374273104
-2.3137 20.9536 13.3176726574
3.2289 8.8441 2.13843031217
5.3217 9.2835 1.09836300921
6.3088 8.8018 2.57205433263
8.777 8.0783 0.372038559829
8.9507 7.7493 1.95993423614
10.8992 7.5379 0.280605951469
11.1601 7.6412 0.423203024564
11.4977 7.386 0.642731864777
12.0157 7.0055 2.20924740353
12.6932 4.9027 0.465525616911
12.8891 5.325 1.98617471538
14.8593 5.5764 0.65912943342
15.4813 5.3583 0.449607206348
15.9263 5.2941 0.786315439248
16.6757 5.5322 0.971080109981
17.6384 5.4049 2.06464777868
19.6487 4.9343 2.92719838925
22.5758 4.9103 2.25062786795
24.8264 4.9215 1.36838086073
26.1911 5.0218 0.463626412104
25.8795 5.3651 2.21763182246
27.9316 4.5244 0.28519784361
27.9066 4.2403 0.060794901102
27.8827 4.1844 2.34869564865
29.5337 2.5139 0.663078049705
30.1832 2.6474 1.24693359085
31.4205 2.8021 0.496066779779
30.9965 2.5446 1.32542033333
32.0506 1.7411 0.199695418075
31.8601 1.6812 1.35377015036
33.19 1.4281 0.409606896915
33.4866 1.1456 0.664808611557
34.0898 0.8661 0.15782553659
34.2367 0.9238 1.20880835536
33.2975 0.1628 0.345745990577
33.2748 0.5078 1.31562485914
34.5847 0.3852 1.00617406546
33.5982 0.1872 0.970948325093
34.4709 -0.2384 0.268199794929
34.6882 -0.0812 0.85959080963
34.5642 0.7694 0.231634993039
34.3401 0.7108 0.977949615267
34.8657 -0.1139 1.02456175997
33.9251 -0.5201 1.28536460586
32.6667 -0.2582 2.74510673927
32.5166 -2.9992 0.660062118289
31.9576 -3.3502 1.08452168259
30.9338 -3.708 7.46560241106
32.3082 -11.046 6.31916580729
37.9857 -13.8205 0.661601277206
11.5089 -22.2343 3.87583475525
15.3818 -22.3851 1.15391019148
16.431 -22.8654 0.573060738491
17.0 -22.7973 1.35578409048
18.2917 -23.2092 0.285814380324
18.5472 -23.3373 2.64888339683
21.1353 -22.7731 2.27298614162
23.4063 -22.6781 0.704929053168
24.1112 -22.6845 2.17108066179
26.153 -21.9465 2.50130615879
28.4033 -20.8544 1.4842107027
28.9443 -19.4723 0.282404833528
29.0618 -19.7291 0.202737515029
29.2263 -19.8476 0.0789603064837
29.1791 -19.9109 0.0384525681847
29.1835 -19.9491 0.646241541531
29.7462 -20.2669 4.11859579104
30.931 -24.2114 1.3560825233
29.728 -24.8373 0.688799201509
30.4165 -24.817 3.44154043562
33.7856 -25.5194 4.91928065575
38.3987 -23.811 2.32112987142
40.7149 -23.9622 1.46828031384
40.1821 -22.594 7.0930933393
39.2117 -15.5676 9.70265629866
38.8091 -5.8733 1.20618965756
39.9573 -5.5038 0.995513139039
39.1869 -6.1343 0.205835079615
39.3927 -6.1381 0.601741073885
38.8911 -6.4705 1.4073618227
40.1288 -5.8006 0.608341565241
39.6413 -6.1645 2.13477945699
41.2496 -7.5683 0.256841312876
0.0 0.0 1.90953309738
1.7404 0.7857 3.31358027819
0.4703 3.8462 2.62024151749
-15.102 34.0 7.22421319522
-17.2897 27.115 1.38964060462
-15.9482 26.7524 0.521488302841
-16.1416 27.2367 0.207120279065
-16.3196 27.1308 5.11124601834
-13.0781 31.0827 3.74418992307
-16.2038 29.0214 3.41566615026
-13.7584 31.4061 2.49535008366
-11.8132 32.9691 3.74789378985
-8.0887 33.3872 0.310237360742
-8.2178 33.6693 0.574109257894
-7.6438 33.6805 2.86136947632
-4.7836 33.7623 1.02142784865
-3.7649 33.6877 3.04055337727
-0.7321 33.4707 4.28905315892
3.3721 32.2251 0.576401405272
3.9404 32.3214 2.77235653732
6.683 32.7265 0.956531886557
7.6272 32.5734 2.06404498013
9.691 32.5416 3.00318972095
12.6475 32.0141 1.65166758157
14.0381 31.1229 1.66017474984
15.6597 31.4787 1.84149248437
17.4998 31.4071 0.0
17.4998 31.4071 2.40989242084
19.812 32.0863 1.2376506979
20.6857 32.9629 0.73327703496
20.5368 32.2449 0.588424209223
20.9424 31.8186 1.85869828106
22.7147 31.2585 0.102899028178
22.8161 31.241 0.366280575516
23.1822 31.2525 0.726181809191
23.8621 31.5076 2.48152324994
26.2263 32.2616 4.96347862895
31.1112 33.1413 2.95729076859
34.005 32.5318 3.64161692109
37.6154 33.0076 1.73640867597
39.0257 31.9946 8.34732794671
35.5209 24.4187 12.3537850949
37.1158 12.1683 0.131273645489
36.9864 12.1462 0.47091115935
37.3118 12.4866 0.716660030977
37.9146 12.8742 0.788978795659
21.38 32.6759 0.133142517627
21.2817 32.7657 3.37844702341
18.9115 30.3582 3.97160997582
14.9499 30.64 4.7116892597
10.7287 28.5468 14.8913829059
9.3813 13.7165 0.213705896035
9.2808 13.5279 3.05706061602
7.5164 16.0244 2.30526314767
6.4227 13.9951 14.4376805357
3.2546 -0.0907 8.30029686517
-3.684 -4.646 0.272782184169
-3.9134 -4.4984 1.82122372596
-5.7053 -4.1729 5.40722728947
-11.0567 -4.9479 5.23929783273
-16.289 -5.2186 6.11703940236
-17.6906 0.7357 1.95458367178
-19.1628 2.0214 2.13509686197
-21.2734 1.6989 2.15233280419
-23.4159 1.9044 4.67866523808
-28.0919 1.7465 1.14528251973
-29.2342 1.8291 1.04806798444
-30.2817 1.8636 3.88085135634
-34.1544 2.115 1.39632423885
-35.1677 1.1543 3.70245802812
-34.9441 -2.5414 1.15884111077
0.0 0.0 7.45567350278
-2.2353 -7.1127 1.02355715522
-2.6023 -8.0682 1.08084928181
-2.4817 -6.9941 15.4960333134
-0.5671 8.3832 12.698591292
5.8217 19.3576 0.56920463807
6.0541 19.8772 0.458183904126
5.9334 20.3192 8.40079095621
-1.4681 24.293 0.493742544248
-1.023 24.0793 1.9659788656
0.6261 23.009 3.03079299359
2.4745 25.4109 0.784458093208
2.863 24.7294 7.73185477166
9.74 21.1955 1.03518027899
10.5686 20.575 0.420755808041
10.9314 20.7881 0.951575225613
11.8644 20.601 0.722225428796
12.5753 20.4736 0.221029613401
12.7906 20.4236 0.320921485725
12.979 20.1638 0.0616644143733
13.0393 20.1509 0.0582021477267
13.0975 20.1504 0.17707696067
13.2519 20.2371 0.360509694738
13.1837 20.5911 14.1257584352
23.0181 30.7312 4.49248148466
27.2023 32.3667 3.77368650129
30.9757 32.4132 0.962208839078
31.9161 32.2095 5.06932078784
36.982 32.0233 1.0322497566
37.8386 31.4473 1.36808057146
39.1229 30.9759 0.926256735468
39.5056 30.1324 0.763765998196
39.7157 29.3981 0.789445628273
39.9699 28.6507 0.343448540541
39.98 28.3074 0.350147454653
40.056 27.9656 0.60041642216
40.2142 27.3864 0.597573936848
40.2236 26.7889 0.360354852888
40.2417 26.429 0.234771378153
40.0905 26.6086 0.488696736228
40.219 26.1371 8.76780741406
39.2323 10.176 44.184263559
38.3778 -34.0 7.42275638964
41.7917 -27.4089 0.418081630785
41.3992 -27.5529 1.15860372
41.7939 -28.6422 0.763891890257
42.4008 -28.1783 0.574009076583
42.5399 -28.7352 0.612163744434
42.0093 -28.4299 0.400884135381
42.2328 -28.7627 0.45554068973
41.8434 -28.5263 0.565241868584
42.3013 -28.8577 1.06077843115
41.5625 -28.0965 0.272924201932
41.4864 -27.8344 0.351604351509
41.4303 -27.4873 7.16151654679
38.4517 -34.0 7.6261536288
43.6691 -28.4379 1.0489097435
43.1664 -27.5173 1.4699772005
35.3152 -21.7962 7.4952904847
38.5028 -15.0125 0.652713719788
37.8852 -15.2237 0.61048146573
37.6351 -15.7806 0.230186989207
37.4172 -15.7064 6.83368811477
41.8287 -20.9254 0.708523457622
42.2382 -20.3472 0.162348082834
42.1093 -20.2485 1.68934624337
40.426 -20.3913 0.897329532558
40.8783 -21.1663 0.520547106418
40.9606 -20.6523 7.34080849634
40.4453 -13.3296 0.731074401138
41.167 -13.2129 6.94676905691
0.0 0.0 2.14174537469
2.141 0.0565 1.14956750128
3.2898 0.0145 2.11797595123
2.2691 1.8703 4.16368424475
-1.8144 2.6835 0.230697247491
-1.9805 2.8436 1.29813010519
-2.6166 1.712 9.04417484849
-5.0116 -7.0093 4.25378222879
-9.2651 -7.0583 0.324656156572
-9.384 -7.3604 1.71286782035
-10.6876 -8.4715 2.97895643641
-13.2075 -10.0603 1.10404652529
-13.4748 -8.9891 1.08640854654
-14.0475 -9.9123 1.20114252693
-14.9999 -10.6442 1.20454669067
-14.0202 -11.345 0.706645087721
-14.6764 -11.6072 1.68165762568
-14.8478 -9.9343 7.58062507713
-15.0948 -2.3577 1.82609938667
-16.6464 -1.3948 1.29642039864
-17.9403 -1.4756 3.99890616294
-21.936 -1.3155 0.998473960602
-21.6615 -0.3555 1.31882597032
-22.551 -1.3292 1.20610001658
-21.3452 -1.3023 4.97468039174
-26.3014 -1.7307 1.49238600905
-26.1158 -0.2499 2.15450213274
-26.1708 1.9039 0.354801705182
-26.5256 1.9028 0.113171816279
-26.5591 1.7947 1.90492023193
-28.8042 9.9686 7.41974250834
-35.2275 13.6826 0.529920616697
-34.7194 13.5321 5.36023258544
-36.585 8.507 1.30229689779
-36.679 7.2081 13.5141853698
-36.2905 -6.3005 20.5617511572
-20.9566 -19.9993 0.710562319575
-21.4282 -19.4678 2.62804659966
-18.8119 -19.2196 16.2748508442
-7.1489 -7.8686 1.24947384526
-7.3589 -6.6369 14.8024124875
-6.0381 12.0914 1.82624723408
-7.3095 13.4024 4.13587507669
-11.3711 14.1827 2.48725846868
-13.1673 15.9032 1.64515099611
-14.7565 16.3286 17.6842030581
-27.0801 32.3975 1.92428278847
-25.6177 31.1468 2.35705261927
-23.5785 32.3289 2.6951805023
-20.8948 32.5774 2.06965348066
-19.6391 30.9322 0.586316510086
-19.2838 31.3986 0.926941837442
-19.0677 30.4972 0.68681027948
-18.5367 30.9328 2.74208885706
-15.8778 30.2625 8.1441865794
-8.9398 25.9973 0.404148301988
-8.5506 25.8884 0.381079650467
-8.2907 25.6097 0.251989384697
-8.0971 25.771 1.25373876864
-7.2814 26.7231 2.5199281458
-5.0109 27.8162 1.69864019145
-3.5944 26.8787 9.23114573604
4.8294 23.1033 6.74541640005
-0.5802 27.1328 0.188420301454
-0.4212 27.2339 0.956491944556
0.1148 26.4417 8.31964035881
8.0101 23.8186 0.583334775236
8.529 23.5521 11.4682495578
-1.3084 29.4467 0.211815698191
-1.2551 29.6517 2.26402124107
0.8452 30.497 0.857570615168
1.6796 30.695 3.68519776403
5.1736 29.5234 8.71788189929
10.5052 22.6259 4.66967737001
14.6445 20.4644 3.0582400756
17.6851 20.1364 0.786959007827
18.4679 20.2172 1.55954325685
20.01 20.4498 0.64163794308
20.4246 20.9395 0.338423063635
20.5275 21.2619 0.573187447525
20.8267 21.7508 8.63223155679
27.293 27.4694 2.57143351849
29.8625 27.3697 3.28527205875
33.104 26.8352 5.61370103408
38.2597 24.6143 0.510601811591
38.6567 24.2932 1.36205750613
39.6991 23.4165 2.86838082897
42.4064 22.4688 0.660932689462
43.0633 22.3959 2.35847082026
45.2983 21.6428 6.5302952774
51.6554 20.1488 1.03147608794
51.947 19.1594 0.177820415026
51.9877 18.9863 0.166969458285
52.0399 18.8277 0.0587235046638
52.0301 18.7698 1.31225770716
51.3466 19.89 0.604022954862
51.4179 19.2902 1.71208967347
51.8876 17.6438 0.808918840181
52.0288 16.8473 8.37248456135
47.0 9.16 30.1234325536
38.6105 -19.7716 14.8897694146
24.7746 -25.2737 1.68735066006
23.0886 -25.2062 4.71775334879
18.5457 -23.9337 6.84984772094
14.2041 -29.2319 0.699398577351
14.9022 -29.1893 4.809713847
10.2302 -28.0466 1.49674810506
10.2422 -26.5499 3.03753454795
7.28 -27.2222 1.62559689038
7.1251 -25.604 10.9957375542
7.1801 -14.6084 11.1350379074
-1.6453 -7.8186 0.153633329717
-1.4917 -7.8218 4.46695875513
-5.3351 -5.5454 1.29708320859
-6.3857 -4.7847 1.09521258667
-7.4687 -4.6216 2.89149521355
-10.2946 -4.0092 3.15671013874
-11.9989 -1.3521 2.00523958668
-13.9735 -1.0029 3.18752196071
-17.1108 -0.4393 2.10813709706
-19.1659 0.0306 1.29949462869
-20.4436 0.2676 2.76409808798
-23.1568 0.7956 2.22675836363
-25.3753 0.9872 1.95006680142
-27.1991 1.6775 1.29620807357
-28.436 1.2899 0.48789385116
-27.9485 1.2703 4.83475455633
-23.1156 1.1364 2.31930901132
-24.6179 2.9034 1.43500684667
-25.0895 1.5481 4.58827796891
-28.3379 4.7885 2.42645035391
-30.7383 4.4339 0.571463918371
-35.6323 11.176 0.871794843986
-35.0818 11.852 2.6552732816
-36.808 9.8344 1.32438885528
-35.507 9.5866 9.24473377659
-27.5108 14.2262 20.3129080727
-14.2034 29.5731 0.542383231673
-13.7665 29.2517 0.501312457455
-13.3502 28.9724 1.27651137872
-12.0821 28.8261 0.97949238384
-11.1099 28.9454 0.925214980423
-10.1925 29.0654 0.959455262115
-9.2377 29.1598 3.64017753688
-5.5994 29.2767 0.741692348619
-4.8971 29.5152 2.88521322089
-2.0153 29.6555 0.927525266502
-1.1599 29.2969 0.432827217259
-0.7385 29.3957 2.86799558228
1.6494 27.8072 0.676188686684
2.2329 28.1489 2.29271149733
4.2278 29.2789 0.469903745463
4.621 29.0216 0.353183309345
4.9588 28.9185 0.152372602524
5.0742 28.819 0.298496984909
5.3544 28.9219 0.170156898185
5.448 28.7798 2.73329382248
6.3314 31.3664 1.09520257487
6.8636 32.3236 1.17880693924
7.9744 31.929 0.428762230146
8.3916 32.0279 0.196649230866
8.396 32.2245 1.32307091269
9.708 32.3953 0.740987192872
10.3199 32.8132 3.70560676273
14.0227 32.669 8.71570220923
18.0757 24.953 0.47925427489
18.5478 25.0355 1.66399884615
20.1374 24.5435 1.41426980453
21.4662 24.0593 1.17607296117
22.6422 24.0462 1.44228846629
24.0443 24.3843 0.406848694234
24.3588 24.6424 3.71438108573
25.6966 28.1075 1.12674224648
26.2419 29.0935 0.531320712941
25.7228 28.9802 1.51546048777
27.0933 29.627 3.91333423183
29.8374 32.417 2.4645545845
32.2631 31.9811 6.64060210523
38.8635 32.7107 1.34674681362
37.7352 31.9754 8.37816739031
32.7423 25.2475 0.645177874698
33.2378 25.6607 6.50636421129
37.5603 30.5237 0.655366561552
38.2081 30.623 1.67725986359
39.7864 30.0554 1.56821699073
39.7791 28.4872 0.661719517621
39.8837 27.8338 2.61537430208
41.0432 25.4895 1.61964476661
40.2473 24.0789 0.535793542328
40.2617 23.5433 1.10482926283
41.0358 22.755 1.24051332117
40.8275 21.5321 5.18597654063
40.1107 16.3959 1.20067235331
40.1406 17.5962 0.163677762692
39.9781 17.5766 0.237832230785
40.159 17.731 2.86445431103
40.9113 20.4949 0.845083972159
40.1709 20.0875 0.608535923344
40.24 20.6921 0.530860706777
40.6578 21.0196 0.943561677899
40.4938 20.0904 0.0980266290352
40.4147 20.1483 0.33979864626
40.0941 20.0357 0.388213665396
40.061 19.6489 0.106797986872
40.0444 19.7544 0.136279895803
40.1229 19.8658 0.15614701406
40.1599 20.0175 0.187408537692
40.0135 20.1345 0.0997669785049
40.1096 20.1077 0.0493406526102
40.1567 20.093 0.543962590625
40.1736 19.5493 0.130273942137
40.2315 19.666 1.12830773285
41.335 19.9013 0.202894381391
41.5072 20.0086 0.138760585182
41.6129 20.0985 1.38029210314
40.2554 19.8487 0.0980420828012
40.1894 19.7762 0.31363775283
40.2486 20.0842 4.03667043614
42.6109 5.8476 6.71812691827
40.7182 -0.5984 18.8798095255
24.7718 -10.7058 1.15661790147
24.0922 -11.6417 2.55414221217
21.9334 -10.2767 1.53453602434
20.6214 -11.0726 1.26344815881
19.3904 -10.7881 3.13949602325
16.2522 -10.8783 2.36189264151
13.9208 -11.2566 5.38745283506
8.7906 -9.6117 3.29259043612
5.7153 -10.788 6.51953419962
-0.6794 -9.5183 4.04739272248
-4.6905 -10.0591 2.80960588339
-7.4684 -9.6382 1.22573661526
-8.6864 -9.5007 1.14326908469
-9.822 -9.3685 8.702561408
-13.3111 -1.396 3.91536593692
-14.278 2.3981 3.47400057571
-15.2488 5.7337 2.05397256554
-17.2931 5.5346 0.767399563461
-18.0603 5.5521 0.474862359005
-17.8304 5.1366 11.0687754413
-21.0255 -5.461 3.99756469991
-24.8863 -6.4977 1.33607339993
-24.5725 -5.199 7.55648102889
-22.8202 2.1515 2.3638285492
-25.0956 2.792 2.12872703746
-27.205 2.5058 1.35670190167
-28.4064 1.8755 3.65722148632
-31.9434 0.9455 6.25901470601
0.0 0.0 2.16021821583
-2.1595 -0.0557 0.879112370519
-1.7211 -0.8177 1.30858862138
-1.5178 0.475 22.5704738329
-3.8176 22.928 0.156061173903
-3.7831 22.7758 1.52300467826
-4.3632 21.3676 11.9567085187
-6.6491 16.9128 3.63225604411
-9.124 19.5714 4.15094387339
-12.622 21.8062 1.28101600302
-13.821 22.2572 3.51316009598
-17.0895 20.9691 3.12080077544
-20.1007 20.1493 2.97821524071
-23.0398 20.6304 2.61135029056
-25.6201 21.0319 15.4841229032
-38.0889 30.2127 7.33327474802
-45.3891 29.517 3.8770245292
-48.3327 32.0402 1.77289121212
-49.607 30.8076 2.23571794733
-51.7595 30.2033 1.36874915525
-50.3908 30.1917 18.5987196602
-33.7534 21.8785 1.95729723088
-33.55 19.9318 3.07766863064
-30.4764 19.7736 1.20741968263
-30.4594 20.9809 2.63990591688
-29.7323 23.5187 0.445835687221
-29.9968 23.8776 5.05693722722
-35.0534 23.8192 15.9303299482
-49.3033 30.9407 0.332085124629
-49.5491 31.164 1.29252948903
-50.4203 30.2092 1.12815119554
-50.0067 31.2588 0.0616924630729
-49.9817 31.2024 0.387767378721
-49.8494 30.8379 3.32271860379
-46.528 30.9315 4.70715134343
-41.8369 30.5431 2.74537622194
-39.0945 30.4153 1.16440869543
-37.95 30.6297 0.306251955096
-37.7151 30.8262 1.41065911545
-39.0786 31.1879 0.329426198108
-38.7947 31.0208 3.63732533739
-42.3416 30.2148 3.01619124062
-45.3564 30.3064 1.99194301625
-47.3207 29.9757 1.1182536832
-47.493 31.0806 0.518629511308
-46.9814 30.9955 0.994600648502
-47.9141 30.6501 3.11025354754
-50.0244 32.9349 1.12453002183
-51.114 32.6568 1.11002963024
-50.4293 31.7831 9.33661890408
-41.1903 33.1297 6.95935139578
-34.484 31.2701 5.8439371061
-39.8253 33.6412 1.85604075656
-41.5553 32.9689 6.34286034057
-47.7334 31.5326 3.38751248706
-47.4991 28.1532 3.11749690136
-49.0334 30.867 0.161047974219
-49.1067 31.0104 6.31535012648
-42.7938 31.1863 3.75989325646
-46.4645 32.0004 0.651166153912
-46.8239 32.5434 1.25298602147
-48.0765 32.5745 0.200836674938
-48.2669 32.6384 0.112922008484
-48.3716 32.6807 0.0843479104661
-48.4512 32.7086 0.0658387423938
-48.5119 32.7341 6.2880918131
-42.2247 32.6282 5.68297129414
-36.5459 32.8459 0.828200006037
-35.7177 32.846 2.42057558651
-38.1161 32.5191 2.55532857574
-40.6459 32.1588 2.95032151638
-43.5902 31.9704 1.51854939004
-45.0419 31.5248 1.35203540264
-46.3877 31.3951 0.0651462969017
-46.3457 31.4449 0.0525710947194
-46.3133 31.4863 0.0723666359588
-46.288 31.5541 0.0606624265918
-46.2667 31.6109 0.0477624329364
-46.2617 31.6584 0.0461111700133
-46.2585 31.7044 0.0247630773532
-46.2549 31.7289 0.0249467432744
-46.2514 31.7536 0.0135340311807
-46.248 31.7667 0.0156732255774
-46.2438 31.7818 0.0123081273962
-46.2403 31.7936 0.00853814968245
-46.2376 31.8017 0.00198494332413
-46.2363 31.8032 0.00745452882482
-46.2372 31.7958 0.014524806367
-46.2391 31.7814 0.0221822000712
-46.2437 31.7597 0.0204159251566
-46.2478 31.7397 0.0176819116614
-46.2519 31.7225 0.00576888204074
-46.2551 31.7177 0.00933809402394
-46.2567 31.7269 0.0188130274012
-46.2574 31.7457 0.0293015357959
-46.2577 31.775 0.0267046812376
-46.2582 31.8017 0.0239133853731
-46.259 31.8256 0.00983514107677
-46.2622 31.8349 0.264835684907
-46.5259 31.8104 0.453145208515
-51.5201 31.2799 2.53910910557
-48.9882 31.4711 2.68703478578
-47.1097 33.3924 0.974895199496
-46.1496 33.2232 1.88169883084
-47.7464 32.2277 2.83953419596
-45.2495 30.8755 2.34316948811
-43.0805 31.762 3.41623873288
-40.0987 33.4292 2.66414247554
