0.0 0.0 8.79347492462
-8.7934 0.0363 0.290324663093
-8.5038 0.0158 0.0813570525523
-8.4409 -0.0358 10.379611342
-4.3644 9.5098 0.236132780444
-4.5207 9.3328 1.40408974784
-4.3376 7.9407 6.87805870868
-7.6502 1.9129 0.457470305047
-7.2444 1.7017 3.35588331293
-8.2803 -1.4903 0.870055917743
-8.8184 -0.8066 8.80561819068
-10.771 7.7798 2.17171649393
-8.6092 7.9871 1.36838351715
-8.7899 6.6307 9.39212244437
-13.5948 -1.4393 0.322234852243
-13.2739 -1.4686 2.28448412776
-11.5386 -2.9544 2.13943908771
-9.8805 -4.3064 0.837448846199
-10.6581 -4.6173 0.685291945086
-10.0793 -4.9842 0.566558320034
-10.184 -5.541 1.34136986696
-10.3456 -4.2094 9.45181604825
-14.6662 4.1971 1.1033580108
-13.5635 4.2352 0.887861486945
-12.6774 4.1793 0.716886880895
-12.0372 3.8567 1.45424043404
-10.584 3.8017 0.666987616077
-9.9512 4.0125 0.562195526485
-10.0827 4.5591 0.361678102738
-9.8479 4.8342 0.936522973557
-9.2421 5.5484 7.47833180596
-13.4873 11.705 0.564332472927
-12.9306 11.7975 0.963035456253
-12.1858 12.408 0.970716487961
-11.4737 11.7483 0.707234508491
-10.7749 11.8572 0.495639112662
-10.2812 11.8134 0.186496541523
-10.0952 11.7998 1.01256898037
-9.6917 12.7285 1.35864191382
-9.4881 11.3852 8.49010380914
-11.7743 3.2087 0.524935091226
-11.3805 2.8616 0.630301364428
-11.168 2.2682 0.796107109628
-10.3762 2.1855 0.490520234037
-9.9963 2.4958 1.31174583285
-8.733 2.1426 11.306993401
-0.4919 -5.599 0.851046538093
0.2786 -5.9604 1.95598282712
1.9365 -6.9983 2.1488910675
4.0756 -6.7934 3.40942531961
7.483 -6.9109 1.23933476511
8.4235 -6.1038 2.69838065699
11.0174 -5.3602 0.523021462275
11.5387 -5.3178 0.566638976774
11.561 -5.884 0.400713326457
11.9596 -5.8429 1.33400558095
13.2896 -5.9462 0.594009511708
13.8805 -6.0069 0.408353033538
14.2649 -6.1447 0.812668720944
14.9543 -6.575 0.34293629146
15.295 -6.5359 42.7930023234
52.3302 -27.975 0.696718773968
52.2459 -27.2834 2.93135553968
50.956 -24.6511 1.22781021742
50.6372 -23.4654 0.722482954816
50.1833 -22.9033 1.43103878704
48.8432 -23.4053 15.4201929391
36.822 -13.7475 0.899313944071
37.7094 -13.6016 0.945644230142
36.892 -14.0771 0.570813454642
43.4024 -4.9379 3.97378894759
39.698 -3.4997 0.263004125443
39.7666 -3.2458 1.14375662184
38.6241 -3.1922 0.0937086975686
38.5307 -3.1998 0.127641450948
38.6342 -3.2745 16.7646294382
22.473 1.1829 1.00059547271
22.4357 0.183 0.796873296077
22.0101 0.8567 27.5920862207
11.4952 26.3667 1.63524042575
9.8857 26.6557 4.19492294327
6.2272 28.7082 4.72114605154
1.5202 29.0734 2.62641587339
-1.1043 29.1737 2.02113133171
-3.1228 29.2768 2.77519825958
-5.8945 29.4161 2.8623736863
-6.7939 32.1335 0.39919901052
-6.3967 32.1734 5.00082849636
-1.7414 34.0 5.55037550531
-6.8323 31.7888 0.3169831699
-6.7415 32.0925 0.0746517246954
-6.7333 32.1667 1.17422199775
-7.8814 32.413 2.41314993525
-10.2944 32.4399 2.41436911221
-12.6789 32.8185 4.31178021703
-16.9649 32.3477 0.982849591748
-17.9393 32.4763 2.23655939783
-20.1758 32.4926 2.01340595509
-22.1535 32.1151 2.75798053836
-24.7758 32.9695 2.80105143294
-27.5426 32.5328 2.83558400334
-48.3457 29.3914 4.80354164445
-49.9904 24.8782 1.05865320101
-49.46 23.962 10.3969864139
-47.4627 0.2704 0.468212270236
-47.6364 -0.1644 1.25857755025
-46.4003 -0.4012 5.77503418518
-41.3775 2.4488 18.5259727726
-22.8841 3.5469 9.85546438987
-13.3806 0.9366 1.37793368854
-12.0044 0.8675 1.07895145859
-10.9332 0.7384 0.784612643283
-10.1492 0.7074 1.2890941044
-8.8673 0.8434 3.86257381806
-5.0064 0.7297 4.81062320807
-0.3198 -0.3556 10.358174426
-4.3338 -9.9044 0.739409663177
-3.6911 -9.5388 9.16554054325
3.921 -4.4336 1.78966510834
5.6364 -4.9438 1.50864724174
7.0361 -4.3809 2.84569148363
9.841 -4.861 11.8965317168
10.7402 7.0015 24.6118305134
19.0043 30.1844 1.18649839865
20.1234 30.5786 8.26680930589
27.9973 33.0969 5.27782217397
33.2694 33.3426 0.682046406046
33.9507 33.3107 2.34502395723
36.2957 33.3213 1.05099692197
37.3384 33.4531 0.353407767317
37.69 33.4888 0.540728000015
38.2274 33.5487 0.727005158166
38.9453 33.434 0.755084054924
39.6701 33.2223 0.156469549753
39.7777 33.1087 0.757989828428
39.496 33.8124 0.281448840822
39.7321 33.6592 0.753602023617
40.3941 33.2991 1.28737913996
41.5173 33.9282 0.338773227986
41.8556 33.9461 0.546676101545
41.3186 33.8437 0.619122362704
41.9327 33.765 1.17342868978
40.8627 33.2833 0.213810874373
40.6605 33.2138 1.39664466848
41.7697 32.3651 6.38934877824
41.4531 25.9836 1.994032422
39.465 25.8299 0.270014851443
39.3129 25.6068 0.664592326167
38.9419 25.0554 1.03121722251
39.5719 25.8718 1.01723152232
40.5313 26.2099 1.84271316542
39.9572 24.4589 3.92229005684
37.9257 21.1037 1.0790123725
38.9058 21.555 0.604558954942
39.4035 21.2118 1.25378247715
40.2436 20.2811 1.2699746336
38.9765 20.1957 0.272730819674
39.1434 19.98 0.698899821147
38.6694 20.4936 0.966273708635
39.2976 21.2278 0.132626731845
39.3312 21.0995 0.682859429165
38.664 20.9541 1.68823315037
39.8629 19.7655 5.40017351203
42.3149 14.9541 1.33832439266
43.4072 15.7274 1.26738127649
43.0093 16.9307 0.664629167281
43.2065 16.296 2.72695171208
42.6095 13.6352 1.66382215696
41.9799 15.1753 12.3915557094
30.9082 20.7402 1.69005621208
29.2292 20.5472 1.95828841594
27.2978 20.8706 0.893078412011
27.811 21.6015 1.42432407829
26.3868 21.5827 2.72487227224
23.6979 21.1414 0.575964061379
24.0933 21.5602 1.11758991585
23.1864 20.9071 17.3476743715
8.5517 11.5922 4.47160251923
4.3295 10.1197 3.30175201522
1.0644 10.6103 2.92472800958
-1.8603 10.6231 3.78491145735
-5.641 10.4446 0.833118989101
-5.3553 9.662 1.33777339262
-5.0751 10.9701 0.787053365408
-5.8419 10.7927 4.38789354702
-8.2136 7.101 3.76729427043
-11.605 5.4606 2.11462016684
-13.4772 4.4775 3.82453759427
-17.0936 1.3785 0.473954818522
-17.467 1.0866 1.1114406237
-16.4419 1.5161 7.59827937431
-15.5296 3.9388 0.894802464234
-16.2467 3.4036 3.95265479014
-47.0 9.16 13.8818159046
-35.2484 16.5495 22.189637123
-16.1386 27.8276 1.00243831232
-15.3227 28.41 2.8914005257
-12.7105 29.6496 1.33953584872
-11.5332 30.2886 3.06884324298
-9.1921 32.2728 1.41007282081
-8.1071 33.1734 3.35531150268
-4.7729 33.5492 0.134166501035
-4.6761 33.6421 0.168849874149
-4.5083 33.6233 3.05767203768
-1.9985 31.8768 2.2930184561
-0.1125 30.5726 2.99700799131
2.7088 31.5837 1.35310878351
3.8355 32.333 0.440878044361
4.2447 32.4971 0.355502855122
4.5739 32.6313 0.548970308851
5.1125 32.5251 8.48588242966
4.1675 24.092 20.3931564896
-5.5381 6.1565 14.804880498
-2.5297 -8.3395 0.712343042361
-3.2262 -8.4889 2.99927664113
-1.9708 -11.2128 1.28205788091
-0.7004 -11.3853 0.993714828308
-0.4758 -10.4173 1.97418469754
0.6483 -8.7944 13.6812072658
-5.8257 3.2581 1.76795091844
-4.1834 3.9127 5.9811301081
1.2382 1.3868 4.58232933125
-3.0711 2.9449 2.14396478749
-2.7521 5.065 1.46629057148
-2.9169 6.522 0.279249726947
-3.0273 6.7785 0.0832913560941
-3.044 6.8601 1.33046376877
-2.085 7.7823 1.768705227
-2.6627 6.1106 10.7272894768
-7.4263 -3.501 3.40629000527
-4.0557 -3.0092 0.448645572808
-3.629 -3.1478 0.77355447772
-3.2797 -3.838 1.14350426322
-2.5507 -2.957 1.78441577274
-2.9888 -4.6868 0.525558988126
-2.5016 -4.8839 0.525630944675
-2.0671 -5.1797 1.17901576325
-0.9172 -5.4401 1.10656371258
-0.1957 -4.6011 1.94048916771
1.5893 -5.3622 0.265461654481
1.5128 -5.6164 1.25930302152
2.2799 -4.6177 1.06636082542
1.537 -5.3827 17.3477105464
-8.7884 -19.3229 1.05805550422
-8.2508 -20.2342 1.29832339962
-9.0154 -19.1849 19.649573959
-15.6895 -0.7035 1.1322408666
-16.5882 -0.0148 1.69190990599
-15.5854 1.3479 0.75177060996
-14.8615 1.5507 0.298351688448
-14.6268 1.7349 2.78161502009
-20.0062 2.7356 2.82166252412
-22.7808 2.2224 0.674689595295
-23.4411 2.0838 0.760952376959
-23.0367 1.4392 0.516417079501
-23.3499 1.8498 1.41113782459
-22.0879 2.4812 8.24811620008
-21.2302 -5.7222 0.494183012658
-21.6216 -5.4205 4.73978892357
-23.3196 -0.9953 2.57646057412
-24.8641 1.0669 4.44094253284
-26.8834 5.0222 1.74524370791
-28.23 6.1324 3.25587304728
-36.8267 4.3812 5.57511099531
-31.4036 3.0882 0.63029485957
-30.8456 2.7951 2.41622845981
-28.557 2.0202 4.48586418987
-24.3098 3.4639 1.27343812571
-23.3927 2.5804 0.0494037447973
-23.4004 2.5316 1.37881041481
-24.7154 2.9462 10.4323486967
-24.7711 13.3784 0.821174287225
-23.9511 13.3345 1.2956412505
-24.5102 12.1657 1.63088554166
-25.1601 13.6615 1.22239214657
-23.9385 13.6175 2.48864442619
-24.5223 16.0367 0.475740034052
-24.1416 16.322 1.13182005637
-23.1316 15.8112 6.04717321151
-19.4628 11.0041 15.9167425468
-10.3001 -2.0108 2.92165060368
-7.6186 -0.8508 7.98946537949
-11.7158 6.0081 3.02271849334
-8.7128 5.6634 0.0215594526832
-8.7228 5.6825 14.8246531008
-15.5094 18.8625 2.67922236852
-12.8911 19.4306 0.692704670116
-12.2501 19.168 1.31044619119
-11.435 18.1419 0.509470509451
-11.0952 17.7623 0.342202293972
-10.8247 17.5527 0.384885567409
-10.539 17.2948 0.319810568931
-10.2192 17.2974 0.761653162535
-9.4615 17.3749 0.32383231772
-9.2224 17.1565 0.714427882994
-8.6868 16.6837 0.901919092824
-7.789 16.5976 2.27200981732
-6.4165 14.787 12.3771194104
-11.5514 3.5253 2.11049391849
-9.5651 4.2386 1.20465077512
-8.3669 4.1141 2.21249271411
6.0753 -3.4337 0.751318208218
5.7921 -4.1296 8.43288558917
-1.2259 -8.8052 1.55022919596
-2.0975 -10.0872 16.3826192985
-9.0273 -24.932 2.59321203337
-10.2546 -27.2164 2.90128118768
-12.3769 -29.1946 7.0485055792
-19.2528 -30.7449 3.25745717086
-19.1289 -34.0 7.06776492323
-24.4415 -29.3385 2.6163580508
-26.1507 -31.3194 1.41507734064
-27.2889 -32.1602 4.47601317804
-31.4275 -30.4553 1.14626406207
-32.5094 -30.834 2.74807882165
-35.2569 -30.7776 1.53853314556
-34.3287 -29.5506 7.14397183435
-33.5914 -13.0107 0.944339875257
-33.4692 -12.0743 9.73047769639
-36.6364 -2.8737 0.935300988987
-35.7019 -2.835 2.93974776639
-32.7672 -3.0072 5.01105914753
-10.6077 13.6382 0.634891683675
-11.1061 14.0315 13.8260199045
-23.2309 20.6759 0.99861864593
-24.0197 20.0635 10.7456900355
-25.8112 9.4682 1.35814741836
-26.8627 10.3278 1.39802404843
-15.9148 6.3716 0.703732484684
-15.4644 5.869 0.916859782082
-14.7399 5.3071 0.604867564017
-8.1981 -17.0452 21.7623123939
-24.1704 -31.8264 15.0770002272
-39.2111 -30.7808 11.226516037
-48.6914 -24.7676 2.07731412406
-50.3795 -23.557 1.23316652971
-51.0507 -22.5225 2.3513852598
-51.3815 -20.1945 14.6806719042
-40.8505 -9.9661 14.7966235398
-26.4558 -6.5408 1.05272022874
-25.7486 -7.3206 19.6442140347
-15.9588 -24.3516 0.475468463728
-15.4893 -24.4267 3.03045949321
-12.4786 -24.7722 1.01863489043
-11.5116 -25.0924 2.31879548473
-9.1941 -25.0149 6.8660581588
-2.3699 -24.2579 3.48010359185
1.1102 -24.2529 0.499422786825
1.4288 -23.8683 1.20499541078
1.2313 -22.6796 4.74773731582
3.7578 -19.552 14.0466713224
-4.5952 -8.2588 10.4068736175
-9.6992 0.8105 10.5355047995
-11.2395 11.2328 1.72783457831
-9.5703 10.7865 0.0
-9.5703 10.7865 9.89529867867
-11.7266 1.129 0.584378267905
-11.1506 1.0304 1.55688391989
-9.6341 1.3827 1.45190524829
-9.9335 -0.038 3.77450294608
-11.3935 -3.5187 1.76527895246
-9.9862 -4.5844 0.364742374835
-9.6372 -4.4784 0.19386025895
-9.454 -4.415 0.964173594328
-8.4924 -4.4854 1.55491679842
-9.5384 -3.3349 10.5507980461
-14.0174 6.218 0.777142213498
-13.2545 6.0699 0.543542537434
-13.2477 6.6134 0.476683374999
-12.7825 6.7174 1.69438366671
-11.197 7.315 1.25041693047
-10.2743 8.1589 1.85713860818
-10.5602 9.9939 0.448220124492
-10.1374 10.1427 1.23153708836
-8.9752 10.5501 4.90868593414
-11.2904 14.8785 1.98771661964
-9.5614 13.8979 0.363681646499
-9.3161 14.1664 0.328923592951
-9.0064 14.0556 0.494746773613
-8.5253 13.9402 0.244860000817
-8.3294 13.7933 1.16451100896
-8.7536 12.7088 2.65536236698
-9.5633 10.1799 0.568187689061
-9.0046 10.0765 0.490730119312
-8.514 10.0652 0.897609185559
-7.6292 10.2163 1.15158912812
-6.5026 10.4549 8.51740361437
-11.5089 3.5641 0.943291116252
-10.5971 3.8058 0.395652435858
-10.2137 3.7081 1.06374794947
-9.4504 2.9672 9.3715343557
-13.9481 11.1889 7.77217098178
-9.237 17.3705 1.28240165315
-8.3492 18.2959 16.7873754104
4.5122 29.0848 0.85967108245
5.2496 29.5267 4.71618354711
8.7962 32.6354 0.374462441374
9.1698 32.6608 0.856065377176
10.0226 32.7355 0.679634438504
10.695 32.8344 0.742945388303
11.4349 32.9016 0.474710364328
11.1757 32.5039 0.448183232618
11.0542 32.9353 0.80863599351
11.8226 33.1872 1.36044643408
11.4123 31.8901 13.5765091629
5.9027 19.4818 0.377560339549
6.2768 19.4308 0.920045113024
6.0494 18.5393 1.28448671461
6.5388 19.7269 7.84753636245
9.3378 27.0583 8.02165301481
1.3181 26.8813 1.55246020239
0.0809 25.9435 9.24090830871
-4.6052 17.9789 12.7680083349
-5.2282 5.2261 15.7770497876
-5.4102 -10.5499 2.99373987681
-4.0504 -13.217 5.12153888006
-8.0593 -10.0297 4.22829519428
-3.947 -9.0461 8.60217629731
4.0501 -12.2153 0.548531284431
4.5265 -12.4872 9.40289406619
-3.8164 -16.8243 0.937453337505
-3.8264 -17.7617 1.02137366815
-3.7208 -16.7458 1.8779204882
-5.1014 -15.4728 0.375914910585
-4.8585 -15.1859 0.29103080593
-4.6487 -14.9842 0.338043858101
-4.8214 -15.2748 3.11892665031
-7.5555 -16.7756 2.06529456737
-5.6541 -15.9693 1.03367407339
-5.7469 -16.9988 1.27123331061
-4.9591 -17.9965 9.11883837832
3.1385 -22.1896 0.122730599282
3.0743 -22.2942 0.116786000873
3.0114 -22.3926 0.399560420963
3.3736 -22.2239 0.459030500076
3.7236 -22.5209 14.702755639
14.8903 -32.0852 12.944556992
27.8339 -32.2426 9.55467562296
36.704 -28.6911 3.69068429698
38.8713 -25.7038 4.75284106299
40.7769 -21.3497 6.21612618437
36.3576 -16.9782 0.495909598617
36.7909 -16.737 0.484531216745
37.1818 -16.4507 0.57685135867
37.7428 -16.3164 1.42335228598
44.283 -12.3924 1.48668058775
45.4436 -13.3215 0.79415157873
44.7009 -13.6027 5.75874298089
40.6483 -9.5113 1.15449909485
39.6503 -10.0917 18.0983203563
24.0989 -19.3493 2.61915508896
21.4842 -19.502 1.95493657186
19.5298 -19.5478 2.89102659275
16.6388 -19.5354 2.86702181715
13.7819 -19.2947 0.971240619002
13.2104 -18.5094 12.9653880813
4.6631 -8.7603 1.66315577743
3.4698 -9.9188 5.01159458257
-1.4703 -9.0753 3.36072373307
-4.7048 -8.1629 3.02744686163
-6.9963 -6.1844 3.80447785905
-10.769 -5.6937 2.33929185225
-13.0984 -5.9086 1.95245251415
-15.0413 -5.7157 2.84843766476
-17.4396 -4.1789 2.90142555652
-19.2647 -1.9234 1.2817402623
-20.0686 -0.9251 2.90954569821
-21.7285 1.4645 3.45940116205
-23.3311 -1.6013 0.0955609229759
-23.3169 -1.5068 1.9220030437
-24.2786 -3.1709 7.56427550596
-27.9014 -9.8112 3.49125034622
-31.3611 -9.3429 1.18680904108
-32.5362 -9.5092 9.27499683342
-37.7061 -1.8087 1.23771221615
-37.9628 -0.5979 0.809606447603
-37.352 -1.1293 8.25846874184
-29.733 -4.3157 12.3712688294
-18.6348 -9.7818 0.294580820829
-18.8267 -9.5583 0.175833387046
-18.9824 -9.64 0.457137812919
-18.5307 -9.7103 2.63250119278
-16.1129 -8.669 2.60572643614
-13.5928 -9.3315 2.65264158906
-11.3042 -10.6727 0.62054970792
-10.6977 -10.5414 0.643588843906
-10.0565 -10.486 2.69385114659
-7.3627 -10.5026 12.7010200051
5.2919 -11.5875 1.0116294282
4.296 -11.4098 9.1442071045
-4.7354 -12.8417 0.369802447261
-4.4826 -12.5718 7.56762364881
-6.2481 -5.213 1.00544403126
-6.5828 -4.2649 10.5186111008
-9.1193 5.9433 0.233040103845
-9.2906 5.7853 9.48655551926
-10.6945 -3.5968 2.2557252049
-8.5883 -4.4044 1.34020828605
-9.2698 -3.2504 8.59433943128
-14.5197 3.5541 0.22976531505
-14.5418 3.3254 3.00649695327
-11.8486 4.6617 2.00367257305
-9.8493 4.5294 6.30008730495
-4.5055 1.1925 0.607602871948
-4.1285 1.669 1.18287112569
-4.9322 0.8011 0.922764509504
-4.1697 0.2814 0.229425913968
-4.399 0.289 0.304015213435
-4.3632 -0.0129 0.645140976841
-3.722 -0.0841 0.753696663121
7.3816 -9.6579 0.84618216124
7.7125 -8.8791 0.827053813243
7.2885 -9.5892 18.6296385848
-3.5453 -24.7448 2.99023868613
-6.2339 -26.0536 2.37649700189
-8.5345 -26.6494 0.5217578078
-8.5181 -26.1279 13.4225773326
-10.823 -12.9047 0.883736838657
-11.0256 -12.0445 2.86981919465
-12.8642 -9.841 3.00508436654
-15.3113 -8.0968 1.80772467483
-16.7744 -7.0351 1.4294763132
-17.8662 -6.1124 3.85028030798
-20.9455 -3.801 3.9729115885
-24.0775 -1.3567 0.695158183437
-24.6252 -1.7848 0.0263427409356
-24.6137 -1.8085 0.117761326419
-24.496 -1.8123 0.0188957667217
-24.5148 -1.8104 0.0413456164545
-24.5559 -1.8059 1.80023693163
-26.1233 -0.9204 28.7996618343
-39.7714 24.44 0.497657482612
-40.2615 24.5264 10.5090510342
-50.5273 22.2784 3.14512672718
-51.057 19.1782 1.34573424197
-51.4137 17.8806 0.781477894761
-51.3894 18.6617 1.18074044989
-52.1295 17.7417 0.540596004425
-51.9645 17.2269 1.50040089643
-50.7747 18.141 0.452513535709
-51.1388 18.4097 0.521559900683
-51.6536 18.4934 14.5074131574
-51.5 33.0 9.99331680124
-43.5979 11.5312 20.5052938357
-23.5459 7.2435 14.1524582854
-10.0355 11.4579 1.69132877939
-8.3657 11.1889 1.44080153387
-9.5712 11.978 8.24097016133
-15.5078 17.6938 0.824053863531
-14.7472 18.0109 1.11150061179
-14.1967 17.0453 10.22772477
-4.7678 13.0827 15.3638039941
-1.9324 -2.0172 0.7240851124
-2.0954 -1.3117 9.26307970925
-0.6217 7.8334 10.7831903929
0.028 -2.9302 0.535125265709
0.0228 -2.3951 7.730531679
4.4678 3.9297 0.454937369316
4.7202 3.5512 1.36994366673
4.3476 4.8695 7.8534812109
3.2664 12.6482 1.49784541592
4.1472 13.8597 1.05812394832
4.3874 12.8292 6.76732649722
7.476 6.8078 1.28160104947
7.0037 7.9992 1.5820890114
8.4617 8.6134 0.384670170406
8.27 8.9469 0.99424931481
7.7929 9.8192 0.0196702821535
7.8073 9.8058 1.4603890064
8.3082 11.1776 1.58587557204
9.1465 12.5238 1.02436748289
8.846 13.5031 1.77023192266
8.7951 15.2726 3.47685976277
12.2717 15.2301 1.27452724569
11.2894 16.0422 0.68730215335
11.7998 16.5025 1.33731499655
12.945 15.8119 0.866816549219
12.5977 16.6061 0.568553893664
12.0785 16.8378 0.040718546143
12.1155 16.8548 0.480647084668
12.5924 16.7949 0.374621782602
12.2252 16.7207 0.135669746075
12.351 16.7715 1.65303161797
12.1338 15.1328 11.3350773028
3.4783 22.4517 0.311317747647
3.5876 22.7432 0.204318109819
3.5046 22.5565 9.91373279547
-4.4841 16.686 6.74067721524
-1.8897 22.9074 3.47572592849
1.0551 21.0611 0.379710903188
1.4062 21.2057 0.716305465566
2.1208 21.1563 0.222156813985
2.1719 20.9401 0.156371672626
2.2082 20.788 2.37800673254
3.5491 18.8241 2.20879676068
5.3939 17.6094 0.684030247869
5.9102 17.1607 0.425633927219
5.9672 16.7389 1.58219761724
6.6159 18.182 7.93371475477
-0.9607 20.5355 0.909030632047
-0.3977 21.2492 1.08367266737
-0.8991 20.2885 15.4287354054
-5.4861 5.5574 0.188368707592
-5.3235 5.6525 8.25338116471
-9.7403 12.6246 0.995203059682
-9.0911 13.3789 10.7929482001
-5.8573 23.676 0.766370406527
-5.1027 23.5422 2.29176292404
-3.0826 22.4599 3.57659492395
0.1924 21.0224 2.14214907511
2.1753 20.2119 0.468656387986
2.4094 20.6179 0.703866606681
2.2182 19.9405 0.170095296819
2.2478 20.108 0.154023667013
2.2451 19.954 0.101272306185
2.2989 20.0398 0.406756647149
2.0578 19.7122 0.297968051979
2.1414 19.4262 1.40392689624
3.2551 20.281 0.468943461411
3.545 20.6496 0.865503697277
3.6617 21.5072 0.642790245726
3.6366 20.8649 1.33443990123
4.9558 20.6638 0.486598530618
5.2576 21.0455 0.847368939719
5.358 21.8869 0.764013101982
5.2891 21.126 9.45392611194
4.2149 11.7333 1.1284724188
4.7999 10.7683 0.522823612703
5.1592 11.1481 0.602592432744
4.6842 10.7773 13.6889039481
10.1579 -1.7696 0.976785636668
11.0746 -1.4323 1.50419933852
9.602 -1.739 18.10402755
-8.1388 -5.3473 10.9495189872
-3.1214 -15.0796 25.3615886925
16.5412 -31.0981 6.66286079699
22.9742 -32.8331 15.3115704893
35.3496 -23.8168 6.02581538715
39.8724 -19.835 0.93690399188
39.0879 -19.3228 15.8140470228
28.2879 -7.771 1.19086159145
28.8141 -6.7027 2.00559508625
30.8103 -6.5088 0.605991229309
30.3967 -6.9517 0.503998462299
30.7374 -7.3231 0.368237993694
31.0473 -7.522 0.441195852202
31.4816 -7.5997 0.218332452924
31.6881 -7.6706 0.129442999038
31.7931 -7.5949 0.220731737636
31.8468 -7.3808 1.36524002652
31.2445 -6.1556 0.176297617681
0.0 0.0 8.94635633149
6.0675 6.5744 2.35539408592
4.0726 5.3221 1.14786330632
2.9282 5.4112 0.235470189196
3.0092 5.6323 2.38208266019
0.7234 4.9619 1.99314506497
-1.2557 5.1981 0.784032429176
-1.148 4.4215 1.12129846161
-1.4348 5.5055 21.9409936347
-7.759 26.5153 1.52420644927
-9.2771 26.379 4.54832179161
-12.3177 29.7616 3.00429103783
-15.1685 30.7096 3.69199781284
-18.5108 32.278 1.12966184321
-19.5606 32.6952 2.20521927254
-21.7654 32.6522 2.83053368819
-24.589 32.4542 2.83870132631
-27.4119 32.1551 2.91863262505
-30.3305 32.1413 15.715394221
-45.9861 30.7717 5.9483084688
-50.2319 26.6057 3.15394544182
-50.9598 23.5369 0.58691925339
-51.1187 22.9719 0.677202864731
-51.2721 22.3123 1.17600104167
-51.0824 21.1517 0.800155109963
-51.0526 20.3521 0.826220176466
-50.4739 20.9418 0.709671874883
-50.7375 21.6007 1.00562222032
-51.6854 21.2649 13.60462041
-46.8997 34.0 8.72635078426
-45.9096 25.33 9.49112596903
-51.5 33.0 7.54441429204
-49.1574 25.8285 1.27765631138
-50.3837 25.4699 0.97695535722
-50.4646 26.4435 0.180468390584
-50.4106 26.6157 0.372419226142
-50.0588 26.7379 0.131638178353
-50.0423 26.6073 0.178940492902
-50.0762 26.783 1.33092500164
-50.6292 25.5724 1.51486915607
-51.1026 24.1334 1.55668211912
-51.2855 22.5875 0.0679071424815
-51.3532 22.5928 0.857833206399
-51.8962 23.2569 0.522965821063
-52.0704 22.7638 11.4528284472
-41.6326 20.3762 0.680305931181
-40.9526 20.3558 0.910109581314
-41.8062 20.6715 1.1733306482
-40.8222 20.0324 23.1740380983
-19.4855 10.9891 0.501515563069
-19.0224 10.7966 0.577426194418
-18.445 10.7911 1.33672962861
-17.1083 10.8 11.7046346316
-5.4208 11.4331 5.01774199616
-1.1765 8.7566 4.40522154948
2.4242 6.2187 10.6513079427
1.7782 -4.413 1.10315360671
2.0724 -5.4762 19.885732946
7.3326 -24.6536 3.37090231392
9.5406 -27.2007 0.933737447037
10.3065 -27.7348 5.53177402376
14.2466 -31.6176 2.14881915479
16.2092 -32.4926 0.424178193688
16.5667 -32.7209 0.328057388272
16.8409 -32.901 0.464343407404
17.2351 -33.1464 0.535086432271
17.7569 -33.2649 0.54405228609
18.2961 -33.3374 0.289927577164
18.5631 -33.4504 0.416365860752
18.9789 -33.4287 0.316878083811
19.2953 -33.4461 0.526660735199
18.8346 -33.7013 0.312653994057
19.147 -33.6887 0.418684535181
19.5315 -33.523 0.332600375827
19.8641 -33.5235 0.192911637803
20.0478 -33.5824 0.586455667549
19.4783 -33.7224 0.319215193874
19.793 -33.6689 0.174698483107
19.93 -33.5605 0.148259670848
20.0678 -33.6152 0.142588533901
20.1521 -33.7302 0.760937244456
19.3914 -33.7492 0.334596846967
19.7235 -33.7084 1.48866404874
18.3138 -33.23 2.80351538073
15.6181 -34.0 19.3068949021
13.4291 -14.8176 16.2147164545
-1.63 -20.8293 0.433897914261
-1.1968 -20.8047 9.97838949981
5.4497 -28.2473 9.47624979937
4.2122 -18.8522 15.6904226948
-1.0925 -4.0857 1.6717742222
0.5078 -3.6021 0.545494097127
1.0188 -3.4112 1.61704002424
2.4118 -2.59 0.422400580019
2.7493 -2.336 1.41020567294
2.7533 -0.9258 6.67686856917
8.3728 2.68 0.813282023655
8.1405 3.4594 13.8286894813
-3.3549 11.1463 1.20627910949
-2.4654 11.9611 26.6269989749
17.1011 30.0207 0.351691341946
17.4329 29.9041 0.561124415794
17.9574 29.7047 1.74992452694
19.6653 29.3235 0.507506630499
20.17 29.2702 0.449159893579
20.587 29.4371 0.471406109422
20.9076 29.7827 0.43733705537
21.2929 29.9896 2.0960639995
22.1406 31.9066 2.5280262914
24.1664 33.4189 0.528213536366
24.6491 33.6334 0.234939353877
24.8734 33.7033 0.273647729755
24.6596 33.5325 0.183202210685
24.8067 33.4233 0.131832090175
24.9018 33.5146 0.118955537912
24.9917 33.5925 0.156133820808
25.1473 33.6054 0.150793169607
25.2486 33.7171 0.136823864877
25.376 33.6672 0.312968129368
25.6748 33.5741 0.163677273926
25.7403 33.7241 0.0672975482466
25.8039 33.7461 0.343435073922
25.4617 33.7752 1.30264371568
24.1786 34.0 14.1799988156
12.3857 26.126 10.4510929122
14.4712 15.8851 9.22521770854
11.3423 24.5635 0.75855597684
11.2229 25.3126 1.37762214341
11.1783 23.9357 8.63469772604
11.0122 15.3026 0.639833134497
10.3782 15.3888 2.11034577735
12.0091 16.7281 4.56745435007
8.9559 20.1251 7.25121747364
6.8853 27.0744 0.645677512385
7.3649 27.5067 13.8698956954
20.5381 31.8473 1.41714999206
37.684 27.7139 1.26690807875
36.4238 27.5837 18.9043239374
17.6455 25.4045 6.57683941799
11.0743 25.1322 3.76503323226
8.1433 22.769 1.66827516316
6.5054 22.4521 1.24387279494
5.6271 21.5713 2.31184807676
3.3959 20.966 3.66092874145
-0.2615 20.8053 2.47432581727
-2.7179 21.1026 2.5050807991
-5.217 21.2756 1.37253412708
-6.5822 21.4173 7.1803804746
-10.9392 15.7099 1.23067611499
-10.5065 14.5578 0.398817953457
-10.2355 14.8504 1.1078819883
-10.829 15.7859 0.120386377967
-10.7588 15.8837 1.33056890088
-2.1745 13.9581 1.17229130339
-2.2868 12.7912 1.12999881858
-2.8726 13.7575 15.0174735042
-9.3015 27.3293 3.84160812291
-11.9566 30.1057 3.08639644408
-15.0292 30.3972 2.69770998627
-17.5873 31.2538 3.36863605633
-20.9531 31.1156 16.4320129017
-37.3647 30.2968 9.7630824743
-44.994 12.5907 11.8178805012
-43.5113 0.8662 3.0816575053
-40.442 1.1419 9.53495021487
-39.9414 -8.3799 2.44048073338
-37.6528 -9.2274 1.21120254293
-37.691 -8.0168 1.04412820094
-36.8303 -8.6079 1.42862635073
-37.4716 -7.3313 1.62174129873
-36.1988 -8.3363 6.45993215831
-31.7998 -3.6056 1.24418693531
-30.587 -3.3279 15.3504361778
-15.2876 -2.0772 0.615239481828
-15.0097 -2.6261 1.44224867828
-13.6467 -3.0976 0.789414371544
-12.8818 -2.9024 2.35560383978
-10.5406 -2.6423 2.81919960627
-7.8397 -1.8342 6.83697968185
-1.1458 -3.2256 8.38855783136
-5.3126 -10.5061 13.4332372588
-12.932 -21.5694 11.3375786802
-4.1083 -14.4502 0.38622338096
-3.7272 -14.3875 0.506005790481
-4.0847 -14.7456 5.66721255116
-7.4404 -19.3125 0.101371495007
-7.3841 -19.3968 3.7974526475
-9.6371 -22.4537 0.637345659748
1.6877 -13.589 1.32819280603
1.0559 -12.4207 0.733070917443
0.623 -13.0123 1.49708550524
2.0485 -13.4697 0.846707942563
1.697 -12.6994 28.125383778
-10.0701 12.8461 3.3479918832
-13.411 13.0639 2.36583516966
-15.7768 13.051 1.20671978935
-14.842 12.2879 0.552728441461
-15.3832 12.4002 1.14148209798
-15.6465 11.2895 7.64948181905
-18.9068 4.3696 0.262488037823
-18.8287 4.6202 1.17205711892
-19.9529 4.2887 0.254193154904
-19.6999 4.3133 1.99891048824
-20.6882 6.0508 2.91553605706
-23.0427 4.3313 1.58521329795
-24.4641 3.6295 1.65195448182
-25.8641 2.7526 1.97356263645
-47.0 -9.16 17.3721703451
-39.3831 -24.7733 22.8189101063
-17.0769 -29.5833 0.822800249149
-16.3302 -29.9289 2.51650106298
-13.8166 -29.8081 1.34339845541
-12.482 -29.9616 0.451684458444
-12.0319 -29.9238 0.357697819395
-11.6757 -29.8911 1.42245012566
-10.5263 -30.7291 0.288101110723
-10.2495 -30.809 0.756653051273
-9.5523 -31.103 0.723957712853
-8.9009 -30.7871 0.639360500813
-6.5279 -23.1657 12.9091050813
-17.9837 -17.2151 1.6682356698
-19.2884 -16.1755 0.987626245095
-18.494 -16.7623 1.98532394586
-20.2831 -15.9017 2.56080472508
-22.7603 -15.2527 0.864766263218
-22.1693 -15.884 1.2120796096
-25.1706 3.7088 0.668242089366
-25.1781 4.377 0.497949475349
-24.7139 4.5572 2.7997387896
-22.5164 2.8224 0.538306752698
-21.9834 2.8978 0.576293848657
-21.4072 2.9082 2.60678284673
-18.8007 2.9466 2.6394839363
-16.2899 2.1325 0.368828767858
-16.012 1.89 1.75163674887
-15.0851 0.4037 0.678718417313
-14.4288 0.5767 0.660773312112
-13.7752 0.6738 1.7024172021
-12.4769 -0.4274 0.63631980953
-11.8532 -0.3013 0.2788
-11.5812 -0.3625 1.188001633
-10.695 0.4287 1.44257831676
-9.3282 -0.0327 1.20924821687
-9.6924 -1.1858 8.60359145067
-15.1316 -7.8519 0.299815309816
-15.4037 -7.9778 0.463237876258
-15.1774 -8.382 1.2381899087
-14.1591 -9.0864 2.7166497842
-11.5673 -9.9005 0.778615643305
-10.7947 -9.8039 0.49439867516
-10.4129 -10.118 1.70028560542
-9.8446 -11.7205 16.9521439411
-11.3202 -28.6083 0.248033626753
-11.1394 -28.4385 0.675190736015
-11.3196 -27.7878 12.9409054181
-9.2246 -15.0176 14.4519397746
-4.8872 -28.8033 3.10931843335
-1.8728 -29.5657 1.6512364973
-2.2774 -27.9648 12.5934585305
-4.8514 -15.6372 9.6855293655
-9.3192 -7.0437 0.989737828922
-8.6076 -6.3558 0.675321530828
-8.567 -7.0299 2.91586894767
-5.6834 -7.4625 0.933890978648
-5.624 -6.5305 1.23176254611
-6.2396 -7.5974 18.1369700275
-10.4239 -25.2451 0.49541717774
-10.6086 -25.7048 0.280832085062
-10.8457 -25.5543 0.490742875649
-11.2081 -25.2234 1.64047117927
-9.6461 -24.7221 5.22601272865
-13.5451 -21.2423 0.664915370555
-13.1832 -21.8001 1.57919952191
-12.292 -23.1038 0.479735010188
-11.9178 -23.404 1.3537222758
-10.5646 -23.3664 0.134657491437
-10.5326 -23.4972 0.955136733667
-11.2703 -22.8905 0.790543844451
-11.7669 -22.2754 0.721264979047
-11.301 -21.7248 8.06049801501
-8.9045 -29.4208 0.509509303154
-8.5398 -29.7766 2.02580448464
-8.4432 -31.8001 0.915265032654
-9.324 -31.5513 1.36064876438
-7.9645 -31.6072 21.3861444054
13.4082 -32.3654 0.91043868547
14.317 -32.3108 0.801039237491
15.1101 -32.1983 4.54212501039
19.6496 -32.3527 9.31257402709
28.8947 -33.4717 8.146201977
36.931 -32.1381 0.78322824898
37.3075 -31.4513 3.36530724006
39.4394 -28.8474 3.40009676333
40.2876 -25.5548 0.551093467572
40.3851 -25.0124 2.3058867817
41.7879 -23.1823 1.55084692023
42.2043 -21.6884 0.770771769073
42.5099 -20.9808 4.08096324536
40.5748 -17.3878 1.29034820494
47.0 9.16 13.0091291492
34.0971 10.8191 3.92342075873
34.4378 14.7277 0.241495445092
34.546 14.5118 1.26974079638
34.0623 15.6858 21.8382264145
14.6201 25.6311 5.47371715199
11.6396 30.2222 4.02150389904
7.6181 30.2278 1.87817099594
5.7406 30.278 2.43563012381
3.3053 30.2379 3.04485596539
1.81 32.8903 5.06361895288
-3.2429 33.2196 2.71101561043
-5.9539 33.2104 2.18123470768
-8.1337 33.1313 1.86525288366
-9.9373 32.6557 1.13903777813
-11.0632 32.8282 1.5566425537
-12.6184 32.7612 1.04916504898
-13.6587 32.8973 1.62539472744
-15.2836 32.9374 1.04619548842
-16.2728 32.5968 1.62756921205
-17.8855 32.8163 2.15540734897
-19.9583 32.2253 2.80060874276
-22.7581 32.2926 2.30970938865
-25.0676 32.3237 4.13238645095
-29.1979 32.455 2.92833779643
-32.1194 32.655 20.0755117718
-52.1655 33.7413 15.896983518
-51.9979 17.8452 0.788452078442
-52.0737 17.0604 0.679423969256
-52.3119 17.6967 0.976275698765
-51.9151 16.8047 10.5795194532
-45.5182 8.3782 0.881068362841
-44.6427 8.4771 6.21150690252
-41.5157 13.8441 21.5826411667
-21.839 22.7119 10.5598773123
-13.2719 28.8857 1.48854044285
-11.7991 29.1016 2.64395948532
-9.1891 28.6792 5.73661578372
-3.4659 28.2871 0.744303231217
-3.3626 27.55 15.5931329543
5.6851 14.8502 1.00779248856
6.227 14.0005 0.961282944819
6.0389 14.9432 11.6898886107
3.5751 26.3705 0.601980273763
3.9754 26.8201 3.24490500631
4.8785 29.9368 0.659480174077
5.4724 30.2235 3.52717638487
7.7153 32.9457 0.694165542216
8.4085 32.9823 1.27777070322
9.6644 33.2177 0.886101032614
9.3684 32.3825 9.25043285582
5.4465 24.0046 0.820064631599
6.0439 24.5664 1.5595736661
6.556 23.0933 18.096757089
6.7693 4.9978 0.463814553459
6.448 4.6633 1.36257293383
7.1314 5.8421 12.3860927334
9.1028 18.0703 16.2058340609
18.1328 31.5272 0.921476407728
19.0442 31.6631 4.35135835803
23.3192 32.4747 4.60531980431
27.9137 32.1592 7.10685235037
34.6149 29.7925 2.81046515189
37.3983 29.4034 2.78270783411
40.1678 29.1326 0.470389296222
40.6181 28.9966 2.10330848902
42.7173 29.128 1.36746653707
43.765 28.2492 0.236284595351
43.8771 28.0412 1.17657722653
44.561 28.9986 0.600172775124
44.5754 28.3986 0.187910883133
44.6365 28.5763 1.46785067701
43.5465 29.5594 0.540187310106
44.0812 29.6362 4.36712176725
44.2515 34.0 7.21147871938
44.0869 26.7904 0.417539279589
43.8141 27.1065 0.290153700648
43.9447 27.3656 0.138791354198
44.0227 27.4804 0.168726316857
44.1568 27.5828 0.813405741312
44.9699 27.6051 0.587200689713
44.5526 27.9763 26.5950895381
26.5553 8.3958 0.499325955664
26.1257 8.1413 2.75958220389
28.8852 8.1626 0.288306590282
29.0914 7.9611 0.806812753989
28.1227 6.9293 3.28719312028
25.2357 5.3574 0.997888621039
25.5595 -6.0038 0.803677205102
24.7592 -5.9302 12.9158242114
12.5647 -1.6743 1.81945231595
10.7455 -1.644 5.7305987654
5.5341 0.7395 4.17824480494
1.5788 -0.6071 3.89274846863
-1.607 1.6299 3.10016711969
-4.6526 1.0508 2.68265541954
-7.3253 0.8199 2.9520393307
-9.1839 3.1134 3.74637281247
-12.8501 2.3425 2.25070829074
-15.0111 1.7134 3.67948172573
-18.5727 0.7895 1.27787421134
-19.8402 0.627 2.05141017351
-20.6371 2.5173 2.79530221085
-23.3242 1.7471 2.21539425837
-25.5248 1.4915 2.81604384376
-28.325 1.1932 2.83348592726
0.0 0.0 7.17274893259
-2.3734 6.7687 14.7461987322
-1.1243 21.4619 0.531757275456
-0.8481 21.0075 1.17269169009
-0.1977 21.9833 0.883058304983
-0.7828 21.3219 14.6333802127
-8.0206 8.6038 0.72921999424
-7.5434 9.1552 15.0740638031
-11.3239 23.7475 1.23203980861
-10.7899 24.8578 2.31376888215
-9.2749 26.6066 0.637425274052
-8.8292 27.0623 0.347687000045
-8.6916 27.3816 0.336107200161
-8.4514 27.6167 12.4863711642
-19.1828 34.0 14.021276965
-18.1846 20.0143 0.549247193894
-17.7034 19.7495 0.48982867413
-17.3172 19.4482 10.0118878365
-18.7074 9.5333 0.338211191417
-18.3958 9.6648 1.42652064829
-16.9712 9.5908 0.628205579409
-16.3737 9.3968 1.13391943717
-15.8482 10.4016 4.14611007331
-11.7039 10.2791 11.0200231257
-0.8202 8.5511 0.603974254418
-0.2201 8.4828 1.76243597898
1.2876 7.5701 2.84942385931
4.1283 7.3473 2.39590000209
6.5242 7.3474 1.67058738472
7.8247 8.396 0.893290686171
7.4907 7.5675 12.4754243539
4.1092 -4.4409 18.7291854559
9.502 -22.3769 0.146354227817
9.465 -22.2353 14.1141913548
-4.0018 -18.0097 2.14788649607
-1.8692 -18.2655 0.363309303487
-1.8666 -18.6288 4.42048995135
-5.5987 -16.2598 4.18959000977
-4.2025 -20.2099 1.0708729243
-3.2056 -19.8188 17.1311205127
10.5675 -30.0059 1.06070781085
10.837 -31.0318 3.63560867669
14.4276 -31.6021 2.81186292162
17.2346 -31.4368 0.706427526361
17.9158 -31.6239 2.23600313506
20.0919 -32.138 1.07513936306
21.1343 -32.4013 2.20703377863
23.3412 -32.4256 6.20281907281
29.5023 -31.7074 5.94780863848
35.3969 -32.5012 4.77579049478
39.2351 -29.6593 3.94438231666
40.1066 -25.8124 0.622897784552
40.5492 -25.3741 1.38682558384
39.935 -26.6175 4.625817638
38.0361 -22.3994 0.288706788975
38.2905 -22.2629 0.173340964576
38.4202 -22.1479 0.62840707348
39.0386 -22.2596 0.191016988773
39.0496 -22.0689 0.137754056202
34.7423 -24.8 8.03555295235
26.7958 -23.607 1.46190627607
25.3544 -23.851 2.7135992814
22.6449 -24.0001 2.77402844254
19.8711 -23.9645 2.80971882579
17.0693 -24.1753 4.20574907121
12.868 -23.9819 2.75870026099
10.1093 -23.9807 3.39243868036
6.7169 -23.9969 7.20636810398
-0.4677 -24.5566 12.1766684134
-9.4444 -16.3292 1.68320081393
-11.1051 -16.0549 6.54588871659
-6.0101 -11.9452 0.926917563756
-5.743 -11.0576 1.13218914498
-6.2925 -12.0475 5.36478437405
-8.9032 -16.7342 12.3552838434
-13.4501 -28.2224 3.19396077152
-16.0066 -30.137 3.23551135062
-19.0225 -31.3087 2.45085389201
-21.3281 -32.1399 0.70770341952
-21.9923 -32.3842 0.655402662491
-22.6227 -32.5635 1.11004531889
-23.7233 -32.419 2.50812522215
-26.2255 -32.5913 2.84664058146
-29.0721 -32.5761 1.31609797888
-30.3788 -32.4191 2.65731553452
-32.8825 -31.5287 1.99259090131
-34.6934 -30.6974 4.25671426337
-38.9458 -30.889 0.799632340517
-39.68 -30.5722 2.60105578564
-42.1328 -29.7066 7.02034592025
-47.6917 -21.0965 8.60767585937
-39.7904 -17.6816 20.7245303023
-20.1464 -24.2861 15.224368693
-11.4181 -11.8122 6.94216103818
-4.4763 -11.7414 5.47432571647
0.9979 -11.7043 2.54268799698
3.5346 -11.5299 0.92889194743
4.4498 -11.6888 0.377996097863
4.7917 -11.85 0.289526734517
5.056 -11.9682 1.25545869307
4.7798 -10.7435 1.01267999388
4.8307 -11.7549 12.6228469186
5.0635 -24.3756 0.649445317175
4.8804 -24.9987 0.344172936182
4.7919 -25.3313 7.11842249097
-0.5455 -20.6213 2.70660901499
2.0845 -21.2607 2.09717920312
4.173 -21.0701 0.486578523981
4.6315 -20.9072 0.385659551937
4.9842 -20.7512 9.47964138404
-1.1547 -27.9746 0.555609008206
-0.7403 -27.6045 10.3345629903
6.3801 -20.1143 0.518462621604
6.1886 -20.5961 0.0610972994493
6.2168 -20.5419 9.3016587639
1.1378 -28.3345 0.732146228564
0.4077 -28.2798 0.883236350022
1.2103 -28.6485 0.40948526225
0.861 -28.8622 3.92220734026
4.7829 -28.9113 2.05749970838
6.8345 -29.067 0.912326476652
7.6963 -29.3664 0.286711353106
7.6669 -29.6516 0.333648557617
7.9975 -29.6966 6.82836724994
14.4524 -31.9239 1.15234836747
15.0544 -30.9413 0.915015568174
15.7574 -31.527 0.113328945994
15.7502 -31.4139 0.560891335287
13.6097 -31.7577 0.993283735898
12.9164 -31.0464 0.982202754018
7.9976 -18.0314 0.260333036705
7.7796 -17.8891 11.4425262289
2.6993 -28.142 0.568051071648
3.1884 -27.8531 0.778790164293
3.864 -27.4657 0.603076918809
4.2991 -27.0481 0.84000372023
5.1091 -27.2706 2.14086863212
7.073 -28.1229 0.663144607156
7.5496 -27.6618 0.45847645523
7.9967 -27.5603 0.267057390836
8.2473 -27.6526 0.209146886183
8.4554 -27.6735 1.45399084247
9.291 -26.4836 0.292000496575
9.5433 -26.3366 0.995177255568
8.5482 -26.349 1.28642254722
9.1991 -27.4586 9.09493308002
17.7589 -30.5323 0.518940651713
17.2563 -30.6615 7.03841610947
11.0285 -27.3822 11.0071813431
0.2041 -29.3798 9.96945710157
4.583 -20.4235 0.787782742893
4.2936 -21.1562 7.91686856529
-0.2982 -27.6054 0.372598282336
-0.618 -27.4142 1.1449895196
0.206 -28.2092 19.9804883737
19.7983 -32.1286 22.5605404991
42.3364 -33.1346 0.883147156481
42.5961 -32.2905 7.43705482096
45.7761 -25.5676 3.12781192529
46.8331 -22.6238 1.15826460707
47.5498 -21.7139 1.29015416908
47.2605 -20.4566 10.9378915528
47.8096 -9.5325 1.07071229095
48.058 -8.491 0.896038034907
0.0 0.0 8.09935736957
5.5986 5.8528 0.677751576907
4.9754 5.5864 5.02440582059
0.6261 3.0708 2.97684619186
-0.1278 5.9506 3.2935387549
-2.8646 7.7829 0.680005095569
-2.8479 7.1031 1.07075446765
-3.0516 8.1543 24.3883436283
-13.8138 30.0396 4.28370397203
-18.0232 30.834 6.4023350623
-24.3991 30.2528 18.7525080504
-43.1384 30.9565 8.01545133851
-49.0804 25.5769 2.8856387889
-39.9971 10.1009 18.1129827442
-22.8538 4.2539 1.23774598363
-22.2204 5.3173 21.2309275021
-11.186 23.4555 1.32639116779
-10.3183 22.4523 0.523394965585
-9.831 22.6433 3.45070299215
-6.4975 23.535 1.75599046125
-6.623 21.7835 2.66256109977
-4.9361 19.7235 0.944783541347
-4.2298 20.351 1.15028164377
-5.1363 19.6429 13.0021375954
-12.9016 9.2143 0.456715808791
-12.4449 9.2181 1.26146757786
-11.271 9.6799 7.61578840633
-3.7777 11.0403 0.20826487942
-3.9128 11.1988 1.15103565974
-4.3378 10.1291 2.18945678423
-5.9827 8.6841 0.277287179653
-5.7814 8.8748 2.05245490572
-4.0669 10.0031 1.16688478437
-4.7972 10.9132 0.609310643268
-4.1977 11.0221 4.64394487478
0.3823 10.2541 1.3403082817
1.555 10.9031 1.16194604006
2.3098 10.0197 1.1682468104
1.2248 10.4528 11.121135295
-8.5252 15.8023 10.6692897327
-6.094 26.1909 0.722364208693
-6.4574 25.5666 8.84759498395
-7.6296 16.797 0.936869089041
-6.6983 16.899 0.503507030735
-6.7601 17.3987 0.205538560859
-6.7502 17.1934 9.24181520536
-7.9787 26.3532 1.02097867754
-7.6526 27.3207 1.07814945624
-7.7471 26.2467 19.0722034671
-12.8693 7.8752 1.19262039225
-13.9087 7.2904 2.1793576026
-12.4003 5.7174 1.22562575038
-11.3941 6.4172 0.380035064172
-11.1528 6.1236 0.693535327146
-11.4097 5.4794 42.6684142147
-46.2455 -19.1592 0.441853878562
