0.0 0.0 7.5854687693
-2.7302 -7.0771 0.122622061637
-2.6893 -6.9615 7.13342150234
-7.5465 -1.7372 15.7828277853
-12.2068 -16.8163 0.572883277815
-11.6613 -16.9913 0.176416892615
-11.4949 -17.0499 0.340686189917
-11.1561 -17.0857 0.271386311372
-10.8863 -17.115 0.729691455343
-10.5214 -16.4831 1.80899785793
-9.2457 -15.2005 1.50257593485
-7.7447 -15.2693 8.36870409323
0.4957 -16.7291 2.99008629307
3.4109 -17.3941 2.63493200861
5.5071 -15.7976 7.82048992455
11.8076 -11.1647 0.9570360756
12.3735 -11.9365 1.14496418285
12.1812 -10.8078 15.7019131716
9.7863 4.7104 0.0999473861589
9.6871 4.7226 0.559834948891
10.106 5.094 1.09840431536
10.1358 3.996 0.836679640006
10.4029 4.7889 17.7099380564
14.3099 22.0625 6.49929018047
18.5596 26.9799 6.45714083631
28.1404 24.9024 1.48916332214
26.8868 24.0986 0.226369277951
27.0819 23.9838 8.10005223749
26.8826 15.8862 1.14746195144
27.8884 16.4385 20.7681669894
42.2733 31.4182 4.10767293002
43.65 27.5481 10.4596519067
39.35 18.0132 6.27814599464
45.1332 20.4565 6.28625601213
42.5924 14.7066 5.63134457568
41.3286 9.2189 6.13532411532
37.9912 4.0707 1.19731342597
39.005 3.4337 5.63810522073
44.1553 1.6523 4.83514469897
44.3152 -3.1802 0.479995677064
44.0904 -2.7561 1.51031402364
42.6186 -3.095 1.47064654149
41.5071 -4.058 1.06111503618
42.5515 -4.2456 0.383336327525
42.8408 -3.9941 0.338594300011
43.0117 -3.7018 1.31047266282
41.9101 -4.4116 18.363872374
23.5497 -4.0545 3.74578562654
19.8133 -4.3195 3.08309015113
16.7751 -4.8437 0.870937196358
17.0669 -4.0231 0.981668279003
16.6514 -4.9125 25.2474833671
7.1283 -28.2951 4.25449503702
3.0062 -27.242 3.93343691446
-0.7558 -28.3906 1.28944783919
-1.9676 -28.8313 3.15444865072
-5.0778 -29.3578 6.62294213549
-0.3541 -34.0 11.0383684238
5.7898 -24.8295 0.71668906089
5.1809 -25.2075 6.15916728138
0.3561 -29.0359 2.98015067572
-2.5521 -28.385 3.14610349798
-5.1832 -30.1099 6.86303033433
-12.0123 -30.7915 1.78236194416
-13.7766 -30.5384 0.0513343939284
-13.7815 -30.5895 1.81518766247
-15.368 -29.7075 5.94958737477
-21.1673 -28.3787 0.994830287034
-20.685 -27.5086 1.35127532724
-21.5776 -26.4941 1.03689500433
-22.1422 -27.3638 1.50220171748
-23.1676 -26.266 1.29778717053
-21.8701 -26.2387 0.403297706415
-22.2311 -26.0589 1.68735462189
-23.8822 -26.4068 2.55153154204
-26.4182 -26.6879 1.20392469034
-26.8903 -25.5804 1.44267158078
-26.7398 -24.1456 3.1075730627
-28.1395 -26.9201 4.55799109477
-31.5384 -29.957 0.484988164804
-31.5578 -30.4416 3.64274514343
-35.1561 -31.0089 2.78316377707
-37.9071 -30.587 3.63457593675
-41.5403 -30.487 6.10729823899
-47.5226 -29.2577 2.91165878839
-49.1895 -26.8704 1.51770637806
-34.9809 -23.5759 1.08117417653
-34.7761 -24.6375 1.23323248822
-35.9007 -24.1314 10.922927158
-43.1475 -25.307 11.0561553688
-36.062 -16.8197 2.64972758034
-33.416 -16.6792 0.928003798484
-32.4924 -16.7695 4.7145810132
-31.9282 -21.4502 1.12082122125
-30.9872 -22.0591 16.7258504696
-15.4504 -28.2528 0.619420156275
-15.0791 -27.757 2.10344712555
-13.1181 -26.9961 0.360309936027
-12.7579 -26.9872 1.20300788443
-11.5585 -26.8941 3.5254265288
-9.788 -29.9427 4.43363168182
-7.0722 -33.4472 1.28066770475
-5.8003 -33.5968 0.633334706139
-5.2029 -33.3865 4.58521798937
-0.618 -33.4405 10.2269373328
-6.0044 -24.747 2.80487707396
-3.4748 -23.5352 1.42153320749
-3.1423 -22.1531 9.09522960953
-1.6081 -13.1882 0.882141984037
-1.4023 -12.3304 1.52036110513
0.1012 -12.5562 0.463875468202
-0.2071 -12.9028 1.08484642692
-0.9372 -12.1004 12.1669756674
-5.8839 -0.9844 1.27747091161
-4.7652 -0.3676 12.4935650132
6.7013 4.5931 0.85245542992
6.0262 4.0726 1.25667842346
6.3757 5.2797 18.8035489823
9.2749 23.8584 6.09794014484
13.1049 28.6035 0.867894999409
13.9052 28.9393 3.51627115706
16.765 30.9852 0.907097536101
17.6113 31.3117 4.91543805779
22.158 33.1796 1.59963182326
23.7509 33.033 3.04340004107
26.7943 33.0325 1.08782329907
27.8735 33.1692 2.71581803882
30.5544 32.7351 4.60734934751
34.652 30.6286 7.08556406012
40.6747 26.896 3.41240810279
47.4832 15.974 1.12373976525
46.8591 16.9085 10.6961481875
37.7989 22.5936 3.31299268336
34.6073 23.4822 18.9304224076
16.3035 28.3125 1.32346196394
16.1506 29.6271 0.358763501488
16.0576 29.2806 2.15865871318
13.9014 29.3836 4.64294041745
9.3008 30.0092 3.66251327916
5.6404 30.1336 3.91090818225
1.7295 30.1416 4.61336586561
-2.8835 30.1997 4.13584663642
-5.9671 27.4435 3.16729218261
-7.2915 24.5664 3.51908580458
-9.1758 21.5943 0.711807417775
-9.579 21.0077 0.575136088243
-9.8824 20.5191 1.4802995001
-10.1074 21.9822 4.21252328777
-9.2303 26.1024 0.309658683069
-8.9228 26.0659 2.96472098687
-10.1345 28.7717 4.22303078132
-13.5582 31.244 4.15368948888
-17.4728 32.6329 0.374419457294
-17.7625 32.8701 1.10365705724
-18.5452 32.092 5.25353861887
-23.2003 29.6569 1.61687782161
-22.7061 28.1174 0.93330126433
-23.6371 28.1829 2.64095257436
-25.0702 30.4012 2.82234603832
-27.6798 31.4762 3.50750521739
-31.1799 31.704 1.77407672889
-32.9529 31.7658 2.17450298689
-35.0447 32.3598 3.34210840339
-38.3544 31.8955 5.29773328887
-43.3626 30.1681 5.04578948927
-48.2147 28.7835 1.99443979603
-50.1528 28.3128 1.17034033084
-50.0521 27.1468 12.1053762771
-39.8076 9.4191 0.72383330954
-39.0905 9.3206 1.89408755869
-37.2917 8.7274 0.839185986537
-36.5701 8.299 2.56897059734
-34.8078 6.4298 15.4524156561
-25.6434 -6.0117 18.8602216196
-14.8961 -21.5102 2.76883977146
-12.9543 -19.5364 2.48255832963
-10.4812 -19.3199 3.07806382163
-7.4295 -19.7219 0.987351659744
-6.5828 -19.214 0.559793390458
-6.0728 -18.9832 2.10494637699
-4.0258 -18.4927 9.54932782661
4.2005 -13.6432 3.08633319005
7.2835 -13.7866 0.935684840104
8.1669 -14.095 1.2800033164
8.0764 -15.3718 9.59328228762
6.37 -24.8121 0.737018927844
7.0559 -24.5424 0.472120630771
7.5274 -24.5182 1.55121831474
8.6739 -23.4733 0.545343524762
9.2173 -23.5193 1.70617483864
7.5886 -23.011 13.4053001346
-4.2405 -16.7043 1.23303375866
-0.6043 0.3916 0.826467210481
-0.4301 1.1995 21.0143845154
-4.2135 21.8705 1.77291105248
-5.8883 22.4521 4.34377006873
-8.3679 26.0186 0.153959799948
-8.393 26.1705 12.5737472621
1.4456 34.0 10.9976398436
5.4879 23.7722 4.30667313364
3.4571 27.57 2.88272421851
1.7937 29.9244 8.47353537138
-6.6783 29.7631 0.258149917684
-6.4996 29.9494 1.2140753601
-7.5233 30.6021 0.981811555239
-6.5416 30.5873 1.07854172381
-6.7816 29.5358 16.7929931022
1.1687 14.744 2.95263051871
-1.708 14.0787 10.9746710065
-11.7967 9.7588 3.97011167223
-15.6354 8.7458 2.79968688428
-18.3423 8.031 3.46298853593
-21.5891 6.8266 2.15992528806
-41.2079 23.3763 1.70494511935
-39.7114 24.1932 5.22954667729
-34.716 25.7405 17.8246868135
-17.1292 28.6429 0.542986417878
-16.6964 28.9708 0.433481129924
-16.3522 29.2343 1.59603211121
-15.0197 30.1128 0.491629626853
-14.5397 30.2191 0.852235237478
-13.711 30.0202 7.68647034796
-6.2814 28.0497 3.59955082753
-2.7204 28.5751 3.335182953
0.5778 29.0704 2.24291824639
2.7643 29.5703 1.68966342802
4.4538 29.5468 3.17105904234
7.3295 28.2104 1.91085924652
9.205 27.8445 0.736855263943
9.9378 27.9217 0.520455002858
10.4453 27.8063 1.54754229991
17.451 28.2739 1.12017895892
16.7683 29.162 14.8472552918
1.9246 28.8371 0.671638965516
1.9729 28.1672 0.732656891048
1.2405 28.1866 6.11163919501
-4.5026 26.0964 5.89172273788
-10.1075 27.9123 5.70017579027
-15.5823 29.4993 9.68066967105
-25.2015 30.5885 17.4946831652
-42.6911 30.1668 5.98924509433
-45.6147 24.9396 5.3105789223
-48.0379 20.2141 2.04972975048
-48.1356 18.1667 0.959657042906
-49.0856 18.3025 1.24058191588
-47.8461 18.2507 8.61067464546
-42.5248 11.4811 4.92254147367
-46.1864 14.7711 1.11616860733
-45.0704 14.7517 25.9468449015
-24.4701 30.5272 2.15396959124
-22.4823 29.6976 11.7651560568
-12.1193 24.1274 13.7035752696
-6.1094 11.812 0.327656786898
-5.7818 11.8059 1.25565266296
-6.1999 12.9899 9.23479739464
-8.1133 22.0243 5.57938815015
-3.0151 19.7576 9.19920187897
3.5485 13.3121 0.647650530765
4.1245 13.016 1.52038324445
3.656 14.4624 14.0357409113
-0.0567 27.9982 0.278036688227
-0.2525 28.1956 6.74625652937
5.5679 31.6066 9.65174687039
8.6942 22.4752 0.987427166934
9.4762 23.0781 0.661629654716
9.6808 23.7073 1.54638043508
8.443 22.7804 0.492807518206
8.0172 23.0285 0.122115519079
8.004 23.1499 0.310673606861
8.1625 22.8827 1.08907820197
8.5542 23.8989 1.0109619429
9.5496 23.7222 0.350481397509
9.7651 23.4458 0.0619468320417
9.7397 23.3893 0.595297068698
9.5741 23.9611 0.262581891988
9.3914 24.1497 1.50968842481
8.0369 23.483 10.0941681049
3.4902 14.4708 3.25404625044
6.256 12.7564 0.658330691978
6.9009 12.8887 0.610855342941
7.5014 13.0007 0.39147982068
7.8371 13.2021 2.076210288
9.9125 13.1441 1.82711903553
11.6279 12.515 0.541982822606
11.1202 12.3253 16.9218999412
1.1611 26.0062 12.770148664
-1.4068 13.4969 4.72415885635
-3.8877 9.4766 0.35633144683
-4.1486 9.2339 0.188661071766
-4.331 9.1857 30.4377980684
-27.3637 29.0843 2.62237604092
-29.6064 27.7252 0.527444328816
-30.0778 27.4886 1.00425917969
-31.0015 27.0945 0.970350874684
-31.8384 26.6034 0.976775286338
-32.6024 25.9948 0.796877230193
-33.1908 25.4574 0.868598468799
-33.8669 24.9121 1.73042636654
-35.1423 23.7426 8.80830391222
-31.3257 15.8041 0.325005861486
-31.0037 15.8482 0.69636336061
-31.07 16.5414 11.3445111155
-37.0282 26.1953 4.29177423917
-22.8427 15.0974 1.13300595762
-41.9034 34.0 5.79115163849
-37.1047 30.7581 0.615308914286
-36.6188 31.1356 4.00086040871
-40.5973 30.7132 0.505729730192
-40.1253 30.8948 2.33196011115
-41.5239 32.7608 1.66756980364
-39.9571 33.3317 8.64681779385
-32.5307 28.9027 13.5105857478
-25.6788 17.2585 0.920871988932
-26.0309 16.4076 1.36137293201
-24.8914 15.6627 16.1002498779
-14.9232 3.0194 10.3466732861
-4.6707 4.4122 6.89660984832
2.2137 4.002 0.931557926272
2.5833 4.8571 1.14499439737
2.4952 3.7155 22.1536704844
5.21 -18.2712 0.192066681129
5.2869 -18.0952 9.46164908248
3.4825 -8.8072 13.6371266724
-2.0393 3.662 0.229071539044
-2.2149 3.8091 0.229873987219
-2.0227 3.9352 8.24679100014
-9.2961 7.822 0.893122365636
-9.6745 8.631 1.2250774751
-9.4226 7.4321 15.0626452076
-1.5403 -5.4035 0.485298773953
-1.0592 -5.4672 10.1964225967
-11.2481 -5.8588 0.334790456853
-10.9169 -5.9077 10.6395728302
-2.2845 -12.1272 24.969711876
13.6829 -31.3243 11.3936876006
24.7414 -34.0676 1.57761723178
26.3172 -33.9919 2.69177794961
28.947 -33.4176 4.90912082149
33.8488 -33.1496 7.23127652977
40.9013 -31.5516 0.879357089014
41.3305 -30.7841 0.428946814885
41.5264 -30.4025 0.299814776154
41.6813 -30.6592 3.4595154126
42.5798 -34.0 7.21337391586
45.9412 -27.6177 1.02568127603
45.0384 -27.1309 7.45194160068
42.1493 -34.0 5.53100930482
43.4045 -28.6133 2.50116149818
41.3067 -27.2513 0.171571355418
41.1675 -27.151 1.50490032893
41.4279 -28.6332 0.461922179593
41.1238 -28.2855 0.591592469526
41.608 -28.6254 5.66705692225
39.811 -34.0 4.81248017243
41.626 -29.5429 1.21136189473
40.707 -28.7537 1.29210854807
41.6459 -27.866 0.307027360344
41.5753 -27.5672 29.7173643402
32.7135 0.7981 2.03722992566
33.8299 -0.906 1.18443811573
32.6597 -1.0891 0.943579381928
33.3178 -1.7653 1.94666448059
34.3854 -3.3931 1.58101899103
33.3697 -2.1815 15.2869721273
36.7696 12.7226 11.5317246624
38.8309 1.3766 0.353215585726
38.6519 1.6811 0.649902031079
38.0303 1.8708 1.30271203648
37.6236 0.6332 0.404598072165
29.4944 7.2524 10.7094417035
26.382 -2.9948 0.793922578089
25.9655 -2.3189 2.128100242
26.0604 12.5611 0.350673922612
26.0532 12.9117 1.13312273386
26.678 11.9664 0.563086654077
26.4263 11.4627 1.41214147308
25.3928 12.425 20.08147062
11.3179 26.7485 3.40973830374
8.4938 28.6592 6.04639206883
2.645 30.1923 3.1268981851
-0.4815 30.1424 3.82801373038
-4.1271 31.31 3.51161734817
-7.5833 31.9314 4.13591628179
-11.419 33.4784 3.08748934249
-14.498 33.7072 0.64405273076
-15.1386 33.6406 0.234595247181
-15.2584 33.8423 1.16104781986
-16.3632 33.4853 0.712723740309
-17.07 33.577 1.43746669179
-18.258 32.7677 3.38957815222
-21.6174 32.3164 3.11506773281
-24.6967 32.7871 2.12158925572
-26.7363 33.3712 0.792525646273
-43.4594 34.0 13.9505116329
-41.0513 20.2589 7.17981520932
-38.8875 13.4129 4.72546859581
-34.1754 13.7681 1.18457318052
-33.5263 14.759 1.05740514941
-33.1662 13.7648 0.0888020833089
-33.2221 13.6958 2.54789379881
-31.0841 15.0817 1.69426810157
-29.8479 13.9231 17.6504316619
-20.9623 -1.3276 17.2554303499
-14.3857 -17.2806 1.16221430898
-13.6754 -16.3607 17.1759402916
-6.7161 -0.6578 0.61742427066
-6.4389 -0.1061 0.897768633892
-6.4563 -1.0037 17.9754179114
-6.9366 -18.9727 4.27466844094
-2.9018 -17.5609 4.26276928416
0.9748 -15.788 2.7936259968
3.7658 -15.9091 10.072817029
12.1949 -10.3944 1.46568860267
13.2921 -9.4226 0.51161548061
13.7313 -9.1602 0.428686657128
14.1398 -9.0302 0.390543441886
14.5015 -9.1775 1.01043319918
15.5093 -9.1046 1.50935874132
14.0523 -8.7105 17.2732354427
18.3028 -25.4526 1.1929968357
19.248 -26.1805 1.11758078455
18.8939 -25.1205 17.7639353492
10.2061 -9.626 0.394911547058
10.4218 -9.2952 0.430536281863
10.7036 -8.9697 2.06730460504
11.3388 -7.0024 0.923308837822
12.0624 -6.4289 3.11476422864
14.619 -4.6497 0.789756297854
14.7489 -3.8707 2.72212158435
15.2005 -1.1863 3.03196459412
17.4398 0.8578 0.892818368987
18.309 1.0618 1.96673170514
20.1854 1.651 0.424800047081
20.6102 1.6512 0.387703559437
20.9161 1.413 0.141344437457
21.0545 1.3843 0.362951126186
21.1799 1.7249 0.508481995748
21.6424 1.5136 0.632238443943
21.974 0.9753 0.246636757196
22.2152 1.0268 0.837423202449
22.7443 1.6759 0.514507696735
23.2534 1.6015 0.855481998642
24.0957 1.7511 0.117144910261
24.2094 1.7793 0.159024683619
24.2837 1.6387 0.316184898438
24.5992 1.6179 0.235650949499
24.8348 1.613 1.35928894647
26.1568 1.2968 0.537368262926
26.5849 0.972 0.419053135056
27.0036 0.9892 0.319770370735
27.2991 1.1114 0.335144207767
27.3449 1.4434 1.50677754164
28.4333 0.4014 0.644219357052
28.7866 0.9401 1.2340536212
29.7569 1.7026 16.4520864224
33.9571 -14.2043 0.372429067072
34.165 -13.8953 12.2069784804
33.5789 -1.7024 1.03175387084
34.1732 -0.859 0.486323184724
34.4664 -1.247 0.932669207168
34.0465 -2.0798 0.816484035361
34.4088 -1.3481 0.936423889059
34.0187 -0.4968 0.587456628186
34.9169 -0.9144 10.1499641009
43.2139 4.9321 5.1836197131
39.2412 1.6023 0.0
13.55 12.8645 0.44978779441
13.8455 12.5254 4.57834229935
17.7969 10.2129 7.42145021138
20.8079 3.4297 0.429389613288
20.6009 3.8059 9.84787965249
15.0066 11.9105 0.644779504947
15.5935 11.6435 8.76123297088
19.8281 3.9736 1.38701147796
19.0453 2.8286 0.938413821296
18.665 3.6865 9.96657277202
14.2939 12.6434 0.531900977626
14.5487 12.1765 0.652788480291
13.9515 11.9129 0.799202314811
14.5968 12.3844 1.15006675458
13.4583 12.5471 16.9564667148
-3.4726 13.4779 0.603663722614
-2.9884 13.8384 0.960436905788
-3.0968 12.8841 10.7238220369
-6.6496 2.7659 0.661922684307
-7.1956 2.3917 3.04453854139
-4.7338 0.6004 4.36046601409
-1.3483 -2.1477 0.661584476843
-1.9424 -1.8566 0.98747413637
-1.5738 -2.7727 4.58641823213
1.4308 -6.2379 6.36451054285
5.173 -11.386 0.767010801749
5.8376 -11.7689 0.599038780047
6.3401 -12.095 0.536645003704
6.7306 -12.4631 2.28605781204
8.147 -14.2575 4.48746835532
11.57 -17.1593 0.789570243867
11.8771 -16.4319 0.347561289559
11.624 -16.1937 1.40276381476
12.0434 -17.5323 10.2491004688
15.9825 -26.9942 6.89395889167
19.7519 -32.7664 0.962533557857
20.7133 -32.7197 5.02456619122
25.2154 -30.4887 4.79292984822
29.9937 -30.8629 1.27633304823
42.6273 9.9035 9.32246044615
33.3307 9.2096 0.292859454346
33.6212 9.2467 9.38380416089
31.5299 18.3945 0.871291415085
32.2147 17.8558 1.04731246531
31.1851 17.664 12.8758988517
21.0269 9.752 2.89505633969
18.483 8.37 0.756663234207
18.5284 9.1253 0.495220768951
18.5569 9.6197 3.62418844985
15.3585 7.9153 3.7037998272
12.5139 5.5433 2.11249244732
10.8724 4.2136 3.05325229878
8.5928 2.1824 3.72979853745
7.866 -1.4759 2.07225364519
6.3881 -2.9285 3.05999778595
-3.3605 13.6823 0.939652196294
-3.8181 12.8616 1.08990685841
-2.9245 13.4856 5.33967280833
2.3408 14.3737 1.42601476851
3.1832 15.5243 20.0642648826
16.108 30.8711 0.932456465472
17.0305 31.007 5.05145615145
21.8547 32.5051 7.50544679883
29.3573 32.2984 4.04643684369
33.401 32.4472 5.57685818091
38.1536 29.5293 3.47562995153
43.9062 27.649 1.78332202364
42.3574 26.765 0.423293574248
42.7806 26.7739 21.178424822
29.6069 10.1914 0.902148025548
29.3328 11.0509 0.990886597952
30.1333 10.4669 0.301398822161
30.3834 10.2987 0.227845232559
30.575 10.1754 0.186182303133
30.6007 9.991 0.0513179305896
30.6284 10.0342 0.0226119437466
30.6491 10.0251 0.971375447497
31.6046 9.8502 1.69867579602
33.2681 9.5063 6.96021503475
36.5623 15.6376 5.99241376158
34.3285 10.0771 1.36011414962
33.4834 11.1428 9.02370134535
27.592 17.9779 2.41459962934
26.7591 20.2443 0.971134825861
19.5318 27.9943 13.6764182829
5.8754 28.734 0.961557803775
4.9564 29.0169 2.67765312354
2.5933 30.2761 5.40325177
-2.7504 29.4761 4.11358293462
-5.5254 26.4395 2.09412449725
-7.61 26.639 2.03863868795
-8.3219 24.7287 26.0914281575
0.0 0.0 1.96547402934
1.8804 0.572 0.929018971819
1.0017 0.2704 0.413141162316
0.7546 -0.0607 1.15350343302
0.3277 1.0109 3.60761846237
-2.9424 2.5345 8.37950134137
-0.2857 10.4817 0.957301885509
-0.995 11.1246 1.22947122374
-0.3868 10.0561 8.92735230906
5.3366 3.2048 1.3794832547
5.7755 1.897 1.17493457265
6.021 0.748 3.67604892922
4.8992 -2.7527 3.57542509081
2.3119 -5.2204 0.946003224096
2.7036 -4.3593 0.149899432954
2.6786 -4.5071 1.50584742919
-7.5914 -22.0282 1.54515714411
-7.2988 -23.5454 14.8572937647
-9.8564 -8.9099 0.840418330357
-9.6705 -8.0903 13.9758463304
0.0078 1.9921 0.527660278967
0.0842 1.47 0.948838136881
0.8233 2.065 9.33062666331
9.761 -0.6142 0.560878543002
9.5795 -1.1449 1.27016180465
10.5096 -0.2799 37.1145262808
31.8797 30.0649 11.6731197034
42.8728 26.1389 1.07902122315
43.0534 27.2027 1.09065856252
42.7645 26.151 14.5243821738
40.8922 11.7478 0.695248164327
40.2687 12.0554 1.25770295778
0.0 0.0 1.95993533057
1.8949 0.5007 0.2908282139
1.9216 0.7903 2.21280643754
-0.2841 0.9675 7.6360449979
-0.1305 8.602 13.7859603597
10.0843 17.86 0.661704586655
9.6579 18.366 11.8952508191
-0.0638 25.2206 4.52763802109
-4.4177 26.4628 2.99852149234
-7.4144 26.5673 1.43131762024
-7.7546 25.177 1.15987725644
-8.3371 24.174 2.11811595764
-7.7906 22.1276 8.59294110128
-30.378 34.0 16.9233168809
-30.6756 17.0793 0.621324625297
-30.6321 17.6991 7.44354782211
-23.2938 18.9464 1.68393691093
-21.6434 19.2808 5.87733376626
-17.093 23.0006 12.2036065366
-6.5655 29.1731 4.01458140906
-4.032 32.2873 0.847983502198
-3.1841 32.2992 4.18051790093
0.9883 32.5596 6.65324621069
7.6366 32.3031 4.66174133238
12.2982 32.2668 14.3416924866
26.0549 28.2125 8.17843834726
33.7135 31.8711 14.0915431039
23.2286 22.4563 0.270647242735
30.1567 24.341 0.328843579837
29.9054 24.5531 9.21734895781
21.8284 28.994 1.93166096922
20.0063 29.6353 1.95794238169
18.1249 30.1774 4.44785998543
13.7527 30.9943 12.5221960299
1.2337 30.7114 1.06020106112
0.1792 30.8212 1.00190100309
0.8791 30.1043 0.8560764043
1.1196 30.9259 1.10365252231
0.4988 31.8384 0.622260476007
0.9097 31.3711 1.34252676696
0.9983 30.0315 0.570151497411
1.1836 30.5707 1.36107665104
0.7782 31.87 1.30787242497
0.168 30.7132 3.9184806086
-1.7768 27.3114 3.43302237103
-4.9986 28.497 0.913108646329
-4.8658 29.4004 0.140948572181
-4.7783 29.2899 9.20820182663
4.4299 29.2841 0.674953702116
3.7608 29.3728 3.19056969521
0.5755 29.1895 2.60224429483
-2.0204 29.3711 8.27337236259
-10.146 30.9278 2.62864041854
-12.7362 31.3757 17.5906024007
1.2937 20.7648 13.3168293257
-9.9058 27.9696 1.42951215455
-9.997 26.543 0.524869402804
-18.6108 28.5261 1.07584780522
-18.4309 27.4654 0.327611599306
-18.2979 27.7648 1.5395280608
-16.8675 28.3341 8.00443298741
-19.4567 20.76 10.9139768123
-13.6048 11.5475 0.814296389529
-12.8854 11.166 12.1953739631
-6.6863 0.6637 20.2939098315
-0.1383 -18.5448 1.05340659292
0.7906 -19.0416 1.22727676178
0.6813 -17.8192 12.769358783
-1.5674 -5.2494 0.925553942242
-1.1617 -6.0813 14.2273417932
3.8868 -19.3828 1.26733492022
4.8466 -20.2104 0.980418278083
4.9586 -19.2364 7.94526302397
3.7552 -11.3828 2.31042049203
6.0638 -11.4745 1.63060113148
7.1495 -10.2579 1.13544397044
7.3269 -11.3794 11.0435602869
7.2674 -22.4228 1.18486733857
8.0489 -23.3134 0.745681842343
7.9759 -22.5713 14.9772208904
6.6143 -7.6561 12.4611528219
12.6809 3.2286 15.7934630366
13.5596 18.9976 0.444631858957
13.1189 19.0566 1.21859690218
13.7409 20.1045 0.65093644083
14.3069 20.426 0.62486728991
14.5656 20.9948 3.8535941094
16.4472 24.3578 0.998293443833
17.1534 25.0634 4.52838623021
19.5561 28.9018 0.945064066611
20.3389 29.4313 0.851062894268
21.0566 29.8887 1.68625324611
22.4642 30.8172 0.161757905526
22.6243 30.8403 2.22828594664
23.3108 32.9602 0.502451838488
23.7937 33.099 0.347060873623
24.0071 33.3727 1.05751350819
22.953 33.4576 0.3678705207
22.5856 33.439 1.07525833175
21.5104 33.4278 1.19148099859
21.9088 32.3049 1.68938550367
23.5841 32.5226 4.80033408108
24.9564 27.9226 3.40354310242
27.4125 30.2788 0.709980316629
27.9934 30.687 3.72190016658
30.7215 33.2188 1.23520500323
29.5163 33.4894 0.267626979208
29.6799 33.2776 0.458076609313
27.5413 34.0 13.8146317088
15.584 27.0814 12.2099571764
27.3677 13.5168 0.735122962504
8.1855 -10.1851 1.17965934913
7.4352 -9.2748 12.2458790693
-4.3831 -6.0671 0.895784600225
-3.4882 -6.0273 1.47482869514
-2.5254 -7.1445 1.11278733368
-1.456 -6.8368 6.24796179406
4.1573 -4.0931 0.515595985244
4.5102 -3.7172 2.09427565043
6.6039 -3.7663 4.05772922335
8.287 -0.0741 2.37050443577
10.4092 0.9821 1.00448758081
11.2473 1.5358 0.37177048027
11.4146 1.8678 1.65050759768
12.2564 3.2875 0.878793092827
13.0101 2.8356 0.205612961654
13.1964 2.9226 9.18221434296
16.8246 11.3576 2.54782549834
19.2117 10.467 1.78554974168
20.4879 9.2182 1.48415959384
21.972 9.2049 0.561178492104
22.4339 8.8862 1.32136799189
23.7015 8.5131 1.5893853466
25.1768 7.9218 0.636635256642
25.6901 7.5452 0.353172833044
26.0302 7.6404 1.08471646065
25.3586 6.7886 0.453658737379
25.4586 6.3461 0.232529266975
26.6071 -4.6997 11.7794639267
30.0783 -15.9561 0.70646045183
30.7572 -16.1515 3.05254688744
33.6527 -17.118 4.75176073998
38.3134 -16.1922 1.53770596019
47.0 9.16 15.8460197513
41.6764 24.085 1.02460924259
40.6523 24.0527 31.6268408832
10.3171 32.9988 2.0840302541
8.4674 32.0387 6.69898956709
1.8615 33.1516 6.33167002457
-4.2504 31.4979 3.80703355646
-7.7015 33.1052 3.61551182822
-10.8142 31.2659 5.38133864851
-16.1829 30.8973 0.945569484491
-17.1243 30.986 0.3918544245
-17.516 30.975 2.25938527038
-19.5066 32.0438 5.91729605563
-25.3935 31.4448 3.71499964603
-29.0836 31.0154 20.4181986916
-49.4245 32.7904 4.11800795167
-51.007 28.9886 1.37374693812
-50.2478 27.8437 15.5385516674
-48.2332 12.4363 0.887271801648
-47.3467 12.3993 1.16956537654
-46.7693 13.4164 6.11659968365
-41.118 15.7564 0.53150414862
-40.5865 15.7585 0.526786949345
-40.4133 16.256 10.7817323344
-35.3106 6.7582 16.0553737054
-19.6065 3.4181 7.2886176522
-14.6263 -1.9037 0.654674652022
-13.9864 -1.7654 2.36633431704
-11.7013 -2.3801 0.775189428462
-10.9409 -2.2294 1.17984662139
-9.7815 -2.4481 3.03853085553
-6.7939 -1.8941 2.01633479611
-5.6384 -3.5465 1.03034014287
-5.5968 -2.517 0.971680405277
-5.6093 -3.4886 21.2613189375
0.1777 -23.9472 3.42938880852
3.5555 -24.5398 3.26430827741
5.6258 -27.0636 3.02029721882
8.5983 -26.5284 1.22108969368
9.4123 -25.6182 0.455862358613
9.8603 -25.7025 0.346009378486
10.1998 -25.7693 1.68882250696
11.8403 -25.3682 5.21334808448
12.0156 -20.1578 0.904549888066
12.9201 -20.1483 4.91804519906
17.8354 -20.3126 0.365727835965
18.1436 -20.5095 0.364073206924
18.5009 -20.4396 1.00038483095
19.4643 -20.1701 1.03529592388
20.4986 -20.1247 1.24932817946
21.6203 -20.6748 1.83064132205
23.4509 -20.6871 0.333897738836
23.7816 -20.7332 4.53520994994
26.8136 -24.1059 3.85302821817
30.1953 -25.9525 0.716637704841
30.8645 -26.2089 4.21493893669
34.1177 -28.8889 2.2838891939
36.3865 -29.151 2.56818686431
38.9541 -29.0961 2.06197135286
40.276 -27.5136 17.779377862
32.3864 -11.5806 0.597443361332
32.9468 -11.7877 0.184553352719
32.8005 -11.9002 13.9653063157
44.4285 -19.6345 1.04402656096
43.81 -18.7934 0.582431815752
43.2581 -18.9795 1.47875386728
44.4829 -19.8081 0.711177980537
44.1695 -19.1697 8.40358173757
42.6666 -10.9016 0.185675658071
42.481 -10.9069 0.345727349222
42.8064 -10.7901 0.535609297903
36.0 20.16 0.0
36.0 20.16 0.0
36.0 20.16 1.34428229922
34.6591 20.2553 22.1412312621
14.5265 29.4701 0.134725869825
14.45 29.581 1.59957637204
12.9884 28.9311 3.62679976012
9.5143 29.9724 2.51397664468
7.0112 30.206 1.45015802242
5.5639 30.115 2.85620068273
2.8234 30.9197 3.56134876135
-0.737 30.8375 8.03235165627
-8.4502 33.0792 2.69308582299
-11.1432 33.0577 2.91425202067
-14.026 33.4847 0.620128285115
-13.681 34.0 19.6039702397
-12.623 14.4246 3.3739547863
-14.6933 11.7605 4.20710819566
-13.8617 7.6364 3.60452985145
-15.0086 4.2192 0.30784913513
-14.7008 4.2137 1.6110526745
-15.9792 5.1941 3.95771007023
-16.2386 9.1433 3.58051576313
-15.8494 5.584 1.39105080425
-17.0541 6.2795 0.0
-8.8435 5.2891 7.73178577367
-12.4714 12.1169 0.762495127853
-13.0905 11.6718 1.84681522898
-13.083 9.825 5.50117392017
-12.4523 15.2899 0.788810712402
-12.7638 14.5652 1.05234695799
-11.7664 14.2296 3.36345795425
-8.6254 13.0267 6.65281774363
-14.7366 15.656 0.70985509789
-15.3567 16.0015 1.2899114427
-14.592 14.9627 17.9460040009
-4.4518 0.1561 6.61702261217
0.4925 -4.2415 0.863775862131
0.8018 -3.435 0.666594126887
0.8216 -4.1013 10.981079033
11.8019 -3.9705 9.04977907189
3.5734 -7.7375 0.631549776344
3.71 -8.3541 1.33143808718
3.8097 -7.0264 13.5186020942
8.8314 5.5249 0.33113938153
9.0649 5.7597 0.824302547612
8.6659 5.0384 0.476270857811
8.9986 5.3792 1.70568515852
10.3517 6.4177 1.43272452691
10.3031 4.9858 11.4516076374
8.6103 -6.34 1.20975954636
9.0449 -7.469 3.7899533889
9.8484 -3.7652 12.328587366
13.0104 8.151 0.773415522213
13.7838 8.1461 1.11672025593
12.6731 8.2619 18.2780032534
-5.5476 9.7081 0.153957461657
-5.4619 9.836 1.08668715369
-4.8378 8.9464 10.1384165652
-7.1092 -0.9343 0.318537564504
-6.7939 -0.889 10.7875248959
2.9944 -5.4233 0.4089771265
2.5871 -5.3863 0.127819286495
2.468 -5.3399 0.661017859063
3.1286 -5.3634 1.96059497347
5.0695 -5.6406 1.932871258
6.6532 -4.5325 0.222688684041
6.7724 -4.7206 0.431546579178
6.8918 -5.1353 0.711038676866
7.0314 -5.8325 1.84272364179
8.8675 -5.9886 1.42755072064
10.285 -5.8195 0.504817828528
10.7848 -5.7485 1.39113438963
12.1473 -6.0293 0.592204863202
12.7377 -5.9831 0.426483411166
13.0918 -6.2208 0.939952349856
13.3229 -5.3097 0.139108734449
13.3769 -5.1815 12.2565989773
17.4124 6.3917 0.381519186936
17.3732 6.0122 6.25110025915
16.439 -0.1687 1.16994702872
17.5184 -0.62 1.11346080308
16.8298 0.255 23.29369569
-1.6805 14.3959 0.382106608161
-1.999 14.1848 1.11109729997
-0.9226 13.9093 10.6857193866
7.0633 6.8093 12.7061601446
11.2634 -5.1826 0.922245439132
12.1731 -5.3342 1.27180757192
11.5648 -4.2173 7.18704256562
9.7726 2.7427 0.967049497182
8.9218 3.2024 16.388884419
-6.6055 8.4463 1.2995295341
-7.1254 7.2553 9.48830105182
-8.7608 -2.091 10.3940974404
1.216 -5.0066 0.139973211723
1.1415 -4.8881 0.45069241174
1.2452 -5.3267 14.1680315789
6.3223 7.9004 0.618154236417
5.9202 7.4309 1.01316170476
6.641 8.1429 25.0417794545
17.0514 30.9182 0.776653880438
17.8041 31.1096 0.719189821952
18.5063 31.265 3.17679438743
21.592 32.0203 6.14636980746
27.5761 33.4233 0.993395152998
28.5589 33.2786 4.14690356411
32.6575 32.6475 8.36510025523
40.1897 29.0087 0.801609006935
39.4191 28.7879 9.492624498
33.871 21.0854 3.79675171298
37.6421 20.6448 0.756647566572
37.0694 21.1393 1.43375242284
36.4699 19.8369 13.197736079
29.4119 8.685 1.17416515448
39.0843 6.1407 0.0
51.7503 -28.6484 4.15814461749
48.0524 -30.5499 3.96704964048
44.0862 -30.632 4.41336187957
39.673 -30.5942 1.42279907225
38.2504 -30.5704 2.4933387676
35.7574 -30.5293 1.27165379329
34.4933 -30.6677 2.46913251568
32.0296 -30.8314 2.68699607182
29.3529 -31.0664 2.10149740899
27.2673 -31.3244 2.44415639639
24.828 -31.4784 1.06619659069
23.7749 -31.645 15.5218811157
8.5913 -28.4221 3.31692815117
5.2923 -28.0777 2.83060110401
2.7529 -29.3282 4.61071554642
-1.7554 -30.2946 3.3433889992
-4.7204 -31.8396 4.59290013499
-9.309 -31.6409 0.98905925505
-10.2376 -31.9814 3.65507378448
-7.1905 -34.0 11.5950623772
-19.227 -30.1366 0.544588541929
-18.7862 -29.8168 0.451984966564
-19.0182 -30.2047 0.464014277798
-18.5544 -30.1906 0.917509940001
-17.6704 -29.9449 1.04910229244
-2.664 -8.6553 9.96672341946
2.9096 -0.3927 0.590047667566
2.6036 0.1118 1.24603186155
2.0912 -1.024 16.5532396433
-8.9051 -13.397 9.46373484677
-0.147 -9.8112 1.02958353231
0.6595 -9.1712 1.241448976
-0.3565 -9.8846 9.49558843464
-7.5221 -16.1152 3.49730914418
-4.8308 -13.8818 15.5647524622
0.2012 0.8471 0.645260792238
0.7205 1.2301 5.01704566453
5.4537 2.8937 10.0747338531
15.5167 2.4076 4.03698067868
19.4769 3.1912 0.881411107259
20.2304 2.7339 0.491329187002
20.5638 2.373 1.96944423633
22.4504 1.8078 0.514178568204
22.9622 1.8572 1.38627254535
21.6088 1.5571 17.7444659342
24.324 -15.9784 0.587507659525
24.327 -15.3909 4.38128188205
24.6588 -11.0222 0.808963991782
25.4063 -10.7129 0.0976012807293
25.4068 -10.8105 4.77037477773
26.6044 -15.4281 1.3992893089
27.7555 -16.2237 0.649486943672
27.681 -15.5785 12.3297138272
20.8651 -5.304 0.285825996019
20.6724 -5.5151 0.566874845094
21.2171 -5.3581 0.322965323216
21.5209 -5.2485 0.968027153545
22.398 -5.6581 1.11161209511
23.2136 -6.4134 0.406729406363
23.6191 -6.445 0.794860396548
24.3663 -6.7161 1.69123214551
25.6627 -7.8022 1.61020945532
26.1667 -9.3315 7.1991509673
29.6528 -15.6303 7.47308877573
26.2441 -8.9799 1.18900279646
26.6803 -7.8738 1.24373174358
27.0991 -9.0449 7.041255861
30.2818 -15.3258 0.15890755174
30.4399 -15.3098 0.436981487022
30.0058 -15.3599 8.53694948093
27.7598 -7.1237 0.246946471933
27.7382 -6.8777 0.706290874923
28.2328 -7.3819 0.254730013936
28.4831 -7.4292 0.605410910044
29.0225 -7.1543 1.04360894017
28.2414 -6.4622 1.54095580728
28.379 -4.9274 0.311850621292
28.0905 -5.0458 0.496120801821
27.6849 -4.7601 0.947389133355
28.6273 -4.8572 0.37479135529
29.0003 -4.8938 0.298626941182
29.0521 -5.1879 6.37701044848
35.3866 -5.923 0.760986129966
34.8324 -6.4445 1.15934500473
43.5217 -9.4976 11.446406651
32.1168 -10.4715 0.286181428468
32.3738 -10.5974 8.25430124117
32.0591 -18.8457 0.28042300191
31.9782 -18.5772 1.1523828704
32.0304 -17.426 2.70794211533
31.7149 -14.7365 1.22557304964
30.5518 -15.1228 24.4028951106
12.9801 -32.0561 0.680685926107
12.3104 -31.9343 2.89484650543
9.6331 -33.0353 3.4531600962
6.5848 -31.4129 3.03909397847
3.5658 -31.064 4.40192696214
-0.8359 -31.1087 2.95311625575
-3.7358 -31.6668 3.95298680114
-7.6874 -31.7715 1.68880185043
-9.0211 -32.8075 0.830780464383
-9.7858 -33.1322 3.70869026207
-13.4097 -32.3437 0.96908291183
-14.3385 -32.0672 4.06873781411
-18.3861 -32.4814 4.151716769
-22.5378 -32.4696 3.14841472649
-25.6333 -31.8948 5.77095304607
-31.3724 -32.5003 14.7922586943
-46.1616 -32.1995 4.77702369473
-49.2139 -28.5248 0.701867743952
-49.9147 -28.4861 1.27636800336
-50.2245 -27.2479 6.76349260146
-49.5131 -24.808 0.954143223002
-48.9426 -24.0432 0.435278899098
-49.3702 -23.9618 0.965937912083
-50.24 -24.3819 0.445339084294
-49.9239 -24.6956 1.34420465704
-50.3785 -25.9606 0.140760257175
-50.5024 -25.8938 2.06234878234
-50.8279 -27.9303 1.34451127924
-50.0836 -29.05 0.65961910221
-50.743 -29.067 1.08617238503
-50.6076 -27.9893 3.35716376276
-50.6634 -31.346 1.520879775
-49.2314 -31.8583 11.0197891164
-45.1878 -21.6072 10.3365039012
-35.3471 -18.4443 0.312335988961
-35.0712 -18.5907 18.6304934913
-17.6574 -25.213 0.954233331005
-17.7059 -26.166 1.38919926576
-16.6195 -25.3002 15.1567360052
-9.6027 -11.8655 15.6311196813
-13.1072 3.3677 0.275806925221
-12.8961 3.5452 12.2739472237
-3.8198 -4.7174 0.578247784259
-3.5107 -5.2061 0.90765579379
-3.1327 -4.3809 0.64237858775
-3.2582 -3.7509 1.18001891934
-3.1711 -4.9277 19.3967487033
0.7538 -23.9232 0.965313757283
1.0426 -24.8443 1.18495676292
0.8768 -23.671 14.5937587403
2.9787 -9.2294 0.676866781575
3.0995 -8.5634 1.33066244029
4.0102 -9.5336 18.7984111863
10.8835 -27.0304 2.26758732136
12.8936 -28.0799 4.79646940572
16.2386 -31.5175 0.93098273346
17.1348 -31.7696 4.30621064626
21.3275 -32.7518 3.54403538498
24.871 -32.8134 2.30510554422
27.1021 -33.3928 3.18584471687
30.2861 -33.5012 5.32169993987
35.4382 -32.1684 1.3060157924
36.7432 -32.1169 1.46555327436
47.0 -9.16 16.9498052381
39.8665 -24.5356 1.10456708714
39.0007 -25.2215 26.3526478793
13.7344 -32.7099 0.958614854882
12.7782 -32.7779 1.40597402536
11.6572 -33.6265 4.13116222993
7.5628 -33.0766 0.844691002675
6.7203 -33.1374 3.19724257603
3.5231 -33.1539 1.28990006202
2.2332 -33.1535 3.49722896591
-1.2158 -33.7323 3.50082858906
-4.7149 -33.6223 0.325028014177
-5.0269 -33.7134 0.869687581836
-5.8909 -33.8127 1.67058362556
