0.0 0.0 9.06972911668
-3.9409 8.1688 14.7307053521
4.1582 20.4732 0.104713800428
4.2625 20.4639 0.968325776792
3.3134 20.2719 14.9165731792
-8.1136 10.684 0.0396440411664
-8.0749 10.6926 13.2479522889
-3.4437 23.1047 1.60500599687
-1.9169 23.5996 14.2978758436
12.3491 22.6454 0.786896009648
13.1269 22.7647 1.16982054179
14.2926 22.6666 3.89562108655
18.0073 21.4932 3.72576930311
21.7094 21.9125 2.37077398754
23.4167 20.2676 0.48073769355
23.3055 20.7353 0.405133187976
23.6974 20.6326 1.36963063999
24.9946 20.1931 2.24152757065
27.2013 19.7995 7.71707496206
30.8127 12.9796 3.37051584479
31.9962 9.8237 0.552589585497
32.3691 9.4159 0.371917221973
32.716 9.2818 0.268303484882
32.966 9.1844 1.15267960856
31.8152 9.2502 0.237467745178
31.7569 9.4804 0.690087675589
32.3023 9.0576 1.55461142733
33.5358 8.1114 1.01104255103
32.5458 8.3166 0.938732555098
0.0 0.0 1.94512220953
1.8979 -0.426 0.0333736422945
1.8693 -0.4088 2.84351768765
-0.7335 -1.5538 2.46004046308
-2.0967 0.494 2.30503761358
-4.2283 1.3712 9.98443135386
0.2446 4.9927 1.34532556655
-0.3632 6.1929 2.29184824978
-2.2946 7.4267 2.15077968421
-3.3456 5.5502 12.4738374324
-9.6754 -5.1983 0.251654723778
-9.8127 -5.4092 2.42752259928
-12.1913 -4.9243 6.64812763415
-16.2443 0.3455 0.797469247056
-15.4529 0.4437 0.64355992728
-16.0016 0.1074 13.1090424963
-6.6155 -9.044 4.28389070472
-10.7641 -7.9759 0.873624547503
-11.6336 -9.3383 5.48901516941
-9.4153 -14.3591 15.5904118371
-2.1607 -28.1588 11.3798591362
-10.9457 -20.9252 4.75129677562
-7.2149 -17.9831 13.6860683708
4.1894 -10.4167 1.27675808985
5.3115 -9.8076 2.72004817788
7.3343 -7.9891 3.0017565341
10.327 -7.7561 3.49671923952
13.237 -5.8173 1.20387073226
14.4313 -5.9688 1.16753125012
15.3984 -5.3147 0.859259692992
16.2243 -5.0776 2.05121203195
18.2009 -4.5294 0.56411918067
18.7363 -4.3517 1.01458500383
19.73 -4.1469 2.40353507359
21.2354 -2.2732 0.988949543708
21.0796 -1.2966 12.5497544749
22.9559 11.1121 0.702008810486
22.2605 11.2082 0.676057105576
22.8641 10.9037 0.518194297537
22.4019 11.138 1.40952965559
23.6616 11.7704 4.51533089042
23.924 16.2781 3.6355463097
23.4001 12.6805 0.445778106237
23.8257 12.8131 2.51875569677
25.4008 14.7786 5.75272011139
51.5 33.0 8.67560262864
49.9969 24.4556 0.166487507039
49.8416 24.5156 3.5955313446
46.2722 24.0829 2.4082219935
45.9308 21.699 1.93057094146
42.728 10.8525 0.987248605975
43.5414 10.293 12.4189533762
36.0 20.16 5.02966342612
30.9823 19.8133 0.217484252303
30.9201 19.6049 1.33456839465
29.7597 20.2641 11.0993428783
19.2489 23.8304 4.27682672667
16.8711 27.3853 4.16593795081
12.9737 28.8568 3.99463645029
9.0296 28.2234 0.952561310363
8.9717 29.1742 4.57108123096
4.4996 30.1203 3.96422689815
0.5479 30.4352 9.3227710092
2.0831 21.2397 5.87811797092
-2.9141 18.1445 4.64575575445
-6.6859 20.8568 2.62520174463
-8.8635 19.3906 9.78347507024
-13.1848 10.6132 1.70050983531
-14.7697 11.2295 1.2198358947
-15.9877 11.2964 1.36709356666
-17.2308 10.7275 1.16653471873
-16.1046 11.0316 1.84629005847
-16.1903 9.1873 11.2752862496
-17.6523 -1.9928 2.1272682694
-19.4418 -0.8426 0.456810562487
-19.0176 -1.0121 5.15761849791
-24.1547 -1.4717 1.25927212706
-25.3074 -0.9647 1.80622205722
-27.046 -1.4543 1.34062082633
-27.8954 -2.4915 2.21112194598
-29.8799 -1.5164 3.24323239377
-33.1043 -1.8654 5.17333014991
-38.2663 -2.2076 0.608753891158
-38.638 -2.6897 0.225439770227
-38.7835 -2.8619 1.40006020585
-39.8412 -3.7792 31.4608132457
-51.2768 -21.6273 2.74498801637
-50.2607 -24.1773 11.7035671336
-40.8396 -17.2335 9.58037642371
-36.5775 -8.6534 17.3292413005
-19.7153 -4.6573 2.71384409464
-17.0632 -5.2329 10.5968306757
-6.4703 -5.5215 0.935725173328
-6.0671 -4.6771 1.03224766892
-6.1917 -5.7018 18.9397707652
-1.4709 -24.0438 0.885768028323
-1.4295 -24.9286 1.1472166404
-1.5266 -23.7855 13.5548967613
-0.2327 -10.2925 0.828661149083
0.5164 -9.9382 0.123743807926
0.3987 -9.9764 0.98040992447
-0.5764 -10.0783 9.85904669682
-6.7115 -17.7959 0.803540969708
-7.5143 -17.8304 1.0088168367
-6.5389 -17.5729 0.478709483925
-6.0655 -17.644 0.137934839689
-6.1916 -17.6999 7.18741252538
-8.3632 -24.5514 0.327402993267
-8.3646 -24.224 8.32314424482
-4.093 -17.0806 3.40981123378
-2.2259 -14.2274 0.559084975652
-2.7764 -14.325 12.8942695896
-9.4449 -25.361 7.15325898455
-5.624 -31.4083 0.841227484097
-4.8092 -31.6175 5.07446609704
0.2652 -31.6434 0.94275672896
10.2875 -31.3051 0.186147387841
10.1361 -31.4134 12.1335701465
-0.7624 -26.0799 0.180609661979
-0.7993 -26.2567 0.613290224934
-1.3056 -25.9106 2.59149909705
-3.251 -24.1985 3.67273439824
-6.3024 -22.1545 0.484462361799
-6.7527 -21.9758 0.896678007983
-7.5524 -21.5702 2.35135475843
-9.7982 -20.8736 2.74967057118
-12.4323 -20.0848 1.12918002993
-13.5098 -20.4225 0.657747443933
-14.0905 -20.1136 0.494392485784
-14.5708 -20.2308 1.83541881052
-16.3319 -19.7138 1.1985356482
-17.5242 -19.8359 1.3565478613
-17.1649 -18.5278 0.274439373997
-17.4185 -18.4229 16.7038619909
-35.2402 -26.2957 0.900401005108
-34.9043 -27.1311 3.26714562424
-32.3916 -29.2193 10.8285026172
-23.8314 -22.5876 0.6709292064
-23.3428 -22.1278 6.69101384321
-16.6908 -22.8493 0.552298361395
-16.237 -22.5345 1.04617113801
-15.3204 -22.0302 1.89682265908
-14.0408 -23.4304 0.416918900987
-13.6267 -23.382 0.919469466595
-12.7176 -23.2443 0.94240477503
-11.7752 -23.2413 1.41119968821
-10.4322 -23.6747 0.636827237169
-9.7999 -23.5989 1.63009614747
-8.3406 -24.3253 2.38502853023
-6.4881 -25.8275 5.8177085936
-1.8449 -29.3327 0.184373642368
-1.7519 -29.1735 10.0172752428
-11.6971 -30.373 0.626176117398
-11.0713 -30.3513 1.22236080598
-9.865 -30.5488 3.35572796275
-6.5104 -30.6358 1.21295342862
-5.3385 -30.9487 1.78798502231
-3.5597 -31.1297 2.07287182431
-1.7581 -32.1549 1.35589197579
-2.3725 -30.9462 8.86308432996
-4.2953 -22.2942 0.263401290809
-4.3243 -22.556 8.56928134268
-0.057 -29.9872 3.18013966989
3.0446 -30.6896 1.37147804211
4.3527 -30.2775 0.630721951418
4.864 -30.6468 0.550637784755
5.3919 -30.8034 11.2067221332
13.8743 -23.4795 2.94431414255
16.4792 -22.1071 0.814940353646
17.2935 -22.1394 1.08964179894
18.3573 -21.9035 1.72222956077
20.0268 -21.4806 2.706006262
22.721 -21.2281 3.53082808701
26.2213 -20.7648 0.879106825136
27.0993 -20.8089 3.52894895401
30.5367 -20.0103 1.04075584553
31.033 -20.9251 0.947099530145
30.6864 -20.0437 8.02928204574
28.5728 -12.2976 1.4900445698
27.1699 -11.7955 1.11847453704
27.4794 -10.7207 3.0638081043
27.6341 -7.6608 1.63343026175
27.19 -6.0889 0.440768930393
27.3202 -5.6678 0.905594754843
27.3071 -4.7623 0.566293678227
27.1798 -4.2105 0.633609698474
27.1961 -3.5771 2.4196943464
29.5949 -3.8944 0.844028773206
30.124 -3.2368 1.16760217968
30.6629 -2.201 0.394459478274
31.0567 -2.2238 0.329335391357
31.3293 -2.4086 0.763324079274
30.5699 -2.4859 0.689760574402
31.1025 -2.0476 0.538400975111
31.6406 -2.0296 0.425827030612
32.0301 -1.8575 0.56739567323
31.549 -2.1583 0.393258820626
31.2775 -1.8738 0.975874033879
32.0862 -2.42 1.63120858568
30.8478 -3.4817 1.21606459121
31.39 -2.3932 0.671609231622
31.9686 -2.7342 0.837913509856
31.6582 -3.5125 0.491849540002
31.5113 -3.9819 0.819075900024
30.6935 -3.9362 1.65508632101
31.8507 -2.7529 5.35583009439
43.5196 -9.4721 20.0099249686
23.5486 -8.2246 0.886917865419
22.8796 -7.684 1.15192847434
23.9635 -7.294 15.4623219683
29.4823 -21.7379 2.59648384744
31.9414 -22.5713 3.29226492555
34.7611 -24.2708 3.12718233718
37.884 -24.1072 1.94470589036
39.8058 -24.4048 0.611967000744
40.1002 -23.8683 0.358110401971
40.0793 -23.5108 0.567748861734
40.0594 -22.9434 0.567958810126
39.9714 -22.3823 0.323861158523
40.0136 -22.0612 1.53140867178
41.3422 -21.2996 4.70036590597
38.4348 -17.6063 2.93751772931
40.5608 -19.6334 0.902567986359
41.4209 -19.3598 1.91343457688
43.3197 -19.1236 3.13553355268
46.1418 -17.7571 0.659742290595
46.7451 -17.4901 2.40072124579
48.9886 -16.6356 1.47855175425
49.0881 -15.1604 7.96819630092
0.0 0.0 2.04882142951
1.987 0.4995 0.121119816711
2.0546 0.6 1.72278130069
0.3856 1.0271 0.710425689288
-0.2923 0.8146 2.06840220702
-2.0811 -0.2239 1.21334199631
-3.1713 0.3087 0.942076695392
-2.2324 0.386 4.15229019338
-3.1377 4.4384 4.42256448794
-6.9505 6.6793 0.163447422739
-7.0564 6.8038 1.20912878553
-5.8923 6.4769 1.1705138188
-6.3655 7.5475 0.673778932588
-5.9253 7.0374 0.75426735976
-6.6732 7.1352 0.69183860112
-7.3588 7.0425 12.3420116108
-10.2764 -4.9497 0.854704843791
-10.7453 -5.6643 2.62987046449
-12.8858 -4.1364 0.92510274024
-13.804 -4.2492 1.21900973335
-15.0192 -4.3455 1.4932584639
-16.512 -4.3825 1.67797967211
-18.0803 -3.7858 1.15992693735
-19.149 -4.2367 0.654606973687
-18.9705 -4.8665 29.3052824728
-34.0282 -26.9163 12.1978219375
-26.8131 -17.0812 1.83797593292
-25.4818 -15.814 1.44557319081
-24.5015 -16.8764 6.86352075541
-18.4719 -20.1554 1.60463839229
-16.995 -20.7828 2.04362037815
-14.9522 -20.7249 0.559131469334
-14.4026 -20.8277 0.464243567538
-13.9441 -20.9005 0.508049456254
-13.4785 -20.6972 0.313611862021
-13.2019 -20.5494 0.337165241388
-12.9981 -20.818 0.491011456078
-12.5872 -21.0868 1.07246650764
-11.6292 -21.5689 2.32928574889
-9.3029 -21.451 2.78260944619
-6.8632 -22.7892 8.08839793779
-11.8906 -29.1254 0.886239634636
-11.0051 -29.1616 0.485938617523
-10.5266 -29.2463 1.26483393376
-9.3008 -28.9345 3.01743348725
-6.3454 -28.3258 0.867956922894
-5.4885 -28.4639 0.606429616691
-4.9783 -28.7917 0.553979142207
-4.5058 -29.0809 1.18062021412
-3.4173 -29.5381 2.24023290084
-1.2096 -29.9185 0.432461327751
-0.8238 -29.7231 1.2868056924
-0.0038 -28.7314 0.624361513868
0.6165 -28.8025 0.49086342296
1.1048 -28.8526 1.33713757333
2.3848 -28.4659 8.64680374532
9.3299 -23.3149 0.341177373224
9.6489 -23.4359 0.212866202108
9.797 -23.5888 1.65510558576
10.7085 -22.2073 3.77463706335
13.3085 -19.4709 4.2558076472
12.1557 -23.5676 0.362026352632
12.3085 -23.2394 2.12325925172
13.2241 -21.3237 1.17332905018
14.3966 -21.3678 0.632826556017
15.0247 -21.2906 0.930924121505
15.9523 -21.212 0.772296160809
15.6917 -20.485 0.865091330439
16.3312 -21.0676 1.46203706177
17.7231 -20.6202 1.63948504415
19.352 -20.4342 2.16211406961
21.5114 -20.3259 1.54298545035
23.0527 -20.398 0.403570985082
23.4554 -20.4245 0.961870682576
24.3459 -20.0609 0.610875306425
24.9539 -20.1201 0.385315896376
25.3392 -20.1236 0.294267038589
25.6317 -20.1558 0.154866038885
25.7632 -20.2376 0.568625729281
26.3253 -20.3235 2.38957629089
28.593 -21.0769 1.1600931385
29.753 -21.0622 0.535099093627
30.2282 -20.8162 0.4975369735
30.7042 -20.6714 0.47800402718
31.1801 -20.6266 0.781059952885
31.9313 -20.8405 2.01643908165
33.9209 -20.5126 1.86296016329
35.4108 -21.631 1.09025333295
36.4836 -21.8253 0.850877347213
37.3141 -22.0104 0.829839147064
37.1315 -22.8199 3.01634154565
40.1031 -23.3375 0.791361895722
39.8512 -24.0877 1.52443629582
39.7363 -22.5676 13.0590717863
39.1657 -9.521 0.992014717633
38.9915 -10.4976 0.520368042831
38.5654 -10.1989 1.46042302091
0.0 0.0 1.86087401508
1.7961 -0.4867 0.613319011608
1.9586 0.1047 0.895438752791
1.0666 0.1831 1.3261003318
-0.2562 0.2766 1.00703868843
-1.1558 -0.176 2.12280232947
-3.102 0.6717 3.03754293138
-4.4711 3.3832 2.09169330687
-6.2219 4.5277 0.476581965668
-6.6893 4.6208 0.818928379042
-7.5013 4.7271 1.6078061357
-8.9629 4.0572 1.03588167761
-8.9823 5.0929 0.733159477876
-3.5695 4.2382 4.28165353689
0.241 6.1908 0.674969228928
0.1171 5.5273 1.29749611945
0.0614 6.8236 8.71595990124
1.2754 15.4546 7.31893494233
3.7889 22.3284 3.37071554421
5.3531 25.3142 0.165426267564
5.516 25.343 7.45714868029
-1.1428 28.7 0.159996499962
-1.21 28.8452 3.72112712629
2.2578 27.4957 2.96218684758
4.7854 29.0403 7.56707149497
12.1803 30.6453 5.93245281144
17.7309 32.7393 3.90223022002
21.5247 33.6528 1.74630431483
23.2707 33.6854 2.75699637468
26.0257 33.7903 1.19614569347
27.2201 33.7257 1.47502998275
28.6944 33.6793 2.40504054851
31.0292 33.1023 2.52705734996
33.5561 33.0741 3.2735603034
36.7002 32.1626 1.77293794872
38.4731 32.1742 0.766694776296
39.0893 31.718 2.09782349115
40.5567 30.2188 0.769833001371
40.2589 29.5089 2.22714939777
39.9527 27.3029 1.08814176466
39.5272 28.3044 0.766440219456
39.7153 27.5614 8.43052233554
40.2539 19.1481 1.3508380806
40.2195 17.7977 0.0827589874273
40.2016 17.7169 0.124752755481
40.3201 17.6779 0.120588432281
40.435 17.6413 1.26550939151
40.1979 18.8844 0.0
40.1979 18.8844 2.24464550876
40.0374 21.1233 0.772362253091
39.9883 20.3525 0.760663059442
40.7248 20.1623 0.261418534155
40.5405 19.9769 0.187521225465
40.4044 19.8479 0.148406199331
40.2942 19.9473 0.119440026792
40.1818 19.9069 0.896722922647
40.1458 20.8029 1.07919646034
40.9056 20.0365 5.67704747646
40.5817 14.3687 0.805021950011
40.4532 15.1634 0.192478674143
40.5884 15.3004 0.0896054127829
40.5516 15.3821 0.852435528354
40.3344 14.5578 0.729181026906
40.524 15.2619 1.4307679756
40.8688 13.8733 0.247431303598
40.628 13.8164 0.806575303366
39.9986 14.3208 0.298841713956
47.0 9.16 27.6310131222
41.687 -17.9554 23.3452998604
19.6139 -25.5568 0.982468304832
18.6413 -25.4179 1.49892294665
17.4107 -26.2737 2.40894725762
15.1047 -25.577 2.44572918574
12.7086 -25.0868 3.64046303099
9.1274 -25.741 0.752597747804
8.3755 -25.7734 2.80576558714
6.0937 -27.4061 0.377307646358
5.7672 -27.5952 0.842537103041
4.9266 -27.6523 2.11682375743
3.7657 -25.8822 3.15391480703
0.6251 -25.5927 1.56786786752
0.6634 -24.0253 9.99610277358
1.8359 -14.0982 1.74585938724
1.8215 -12.3524 9.89757828006
2.0474 -2.4574 10.24739907
-3.9185 5.8743 6.93502992784
-9.2336 1.4196 1.79168372488
-41.2912 31.7143 0.922555174502
-40.375 31.8224 7.55698393276
-39.0904 24.3754 6.23468004392
-36.4505 18.7272 0.980707362061
-36.8312 19.631 1.33937446967
-37.3498 18.3961 0.59336434844
-36.7688 18.2756 1.17811096676
-35.6761 17.8352 0.847751213505
-35.3267 18.6076 1.2926750133
-34.1172 18.1514 10.5323361331
-28.5651 27.1015 16.2229313214
-12.7722 30.812 0.859837310193
-11.9126 30.7918 5.01837765916
-6.9009 30.533 1.64562472332
-5.2577 30.6223 5.89430520503
0.2979 32.5916 2.22927496958
2.4762 33.0656 1.46774465422
3.8468 32.5405 2.62940793716
6.4567 32.2208 1.92360637346
7.9375 33.4486 1.05436013771
8.8686 32.9539 0.857597557133
9.5027 32.3765 0.511941647065
10.0131 32.3368 0.365259469419
10.3773 32.309 0.202481530022
10.5692 32.2444 0.431096242155
10.9526 32.4415 3.89195914804
14.7361 33.3539 2.20202218427
16.9338 33.216 0.616407795214
17.5502 33.2191 0.305974002164
17.8542 33.1844 1.34137261415
19.1842 33.3587 3.17040896416
22.3448 33.1095 2.17927203671
24.5079 33.3745 2.71747075237
27.2219 33.2372 3.27425728525
30.4593 33.7271 0.399239339244
30.8512 33.6509 1.44334145995
32.0351 32.8253 3.09580674461
34.7997 31.4321 4.28631876089
39.0153 32.2075 2.89053027142
40.1628 29.5545 0.496196352264
40.1057 29.0616 0.371511789853
40.0783 28.6911 0.579213622077
40.0424 28.113 0.547334815264
40.2496 27.6064 0.637938304227
40.3128 26.9716 0.370771870562
40.3201 26.6009 0.289843129986
40.3251 26.3111 1.01349917612
40.5194 25.3164 1.66433295347
40.0221 23.7281 0.965920514328
39.6283 24.6101 0.998609473218
39.6685 23.6123 0.162818457185
39.8112 23.6907 4.2658560618
39.5975 19.4302 1.32323842901
39.928 18.1489 0.38768823815
39.7339 18.4845 1.4830492271
39.6974 19.9671 0.237397409421
39.7042 20.2044 0.14452044838
39.6172 20.089 0.228666963071
39.8225 20.1897 0.471365261766
40.2261 20.4332 0.228327177533
40.4434 20.3631 1.36720497366
40.3154 19.0019 0.690606255402
39.626 19.0427 1.20879494125
40.5849 19.7787 0.17744083521
40.5724 19.9557 0.1554238077
40.6458 20.0927 0.373333805059
40.5841 20.4609 0.835635931492
40.4962 19.6299 1.4471441186
39.7221 18.4072 0.268659263752
39.7339 18.1388 0.475504468959
39.7836 17.6659 0.490071841672
40.2732 17.6444 0.332148897334
41.2886 9.5182 0.869063639787
41.9267 8.9282 1.20170445618
41.0535 9.7538 25.4889921813
21.0004 25.4879 2.76163511167
18.8147 27.1759 4.59047745665
14.4365 28.5557 2.9775351568
11.4685 28.7938 0.873667179194
11.6138 29.6553 4.18162030438
8.0652 27.4432 4.76190647535
3.8624 25.2044 4.59641345943
0.2434 22.3707 14.8418609416
-9.9116 11.5468 0.250480039125
-10.074 11.7375 2.18496382121
-12.2589 11.7208 2.2354833124
-14.4747 11.4248 1.24967437759
-13.8133 10.3645 15.413401984
-14.3099 -5.0409 1.01389351019
-15.3108 -5.2027 1.91209204015
-16.7209 -3.9113 8.33144154874
-17.9901 4.3229 0.433165522635
-18.3727 4.1198 1.50451613817
-19.6568 3.3358 2.0812651537
-20.9888 1.7366 1.65507300745
-29.8335 -3.1646 0.317746376848
-30.1245 -3.2922 0.0657407788211
-30.1744 -3.2494 0.501915729979
-30.1566 -2.7478 7.52317497936
-29.9247 4.7718 1.90578395942
-28.021 4.8609 0.715415920986
-28.7045 5.0722 1.12927180519
-28.6186 3.9462 9.33266333048
-34.9756 -2.8866 1.0380316999
-33.939 -2.8321 0.922559754162
-34.8615 -2.8216 1.12367538462
-33.7724 -3.0982 19.379154995
-14.712 -6.5986 7.03287861761
-9.9902 -1.3865 0.389169590282
-10.2111 -1.7069 0.156856941192
-10.076 -1.7866 5.85522684274
-10.6573 -7.6129 0.57956946952
-10.0799 -7.663 0.789782058545
-9.3126 -7.8501 3.46372843191
-5.9489 -7.0237 0.7851517624
-6.7094 -6.8285 0.863260823853
-5.9724 -7.278 3.39229358547
-2.6095 -6.8324 4.49342952877
1.5492 -5.1306 2.45691392808
3.613 -6.4637 0.689914349757
4.2164 -6.7982 1.19895116247
3.9331 -5.6332 15.1533355602
-4.5885 -18.1634 0.301179813401
-4.3033 -18.0666 15.251569375
-3.1971 -2.8552 1.09088477852
-3.8407 -3.736 16.9653765676
-7.9379 -20.1992 10.1767195363
2.2317 -19.8186 0.680865662227
2.7035 -20.3095 0.78535938907
1.9264 -20.4231 3.24850972755
1.8997 -23.6715 0.465736148479
2.2007 -24.0269 3.89223079737
3.1904 -27.7912 0.518876950731
3.6479 -28.036 2.66426444633
5.0981 -30.271 0.883659487586
5.2284 -31.145 3.33829529101
8.4201 -30.1666 10.5077020728
14.9588 -21.9412 3.05102500318
18.0057 -22.0998 2.62197090945
20.586 -22.5654 2.13022050032
22.6423 -22.0091 3.01276188239
24.7477 -19.8541 1.74034622992
25.8161 -18.4803 1.34223053534
26.4206 -17.2819 0.384580563731
26.7067 -17.0249 0.308192180303
26.9378 -16.821 0.436341723882
27.2555 -16.5219 11.491804082
28.658 -5.116 0.820139286951
29.1982 -4.4989 0.31827649929
29.401 -4.2536 1.15785810875
29.4126 -3.0958 1.33665659389
30.1443 -4.2144 10.0772266919
28.4039 -14.1402 8.81516441707
36.4588 -17.7215 2.40161880822
38.8431 -17.4336 2.01687244267
40.8497 -17.2303 3.28931818163
44.0906 -16.668 1.02653321914
44.6308 -17.5409 1.12386349705
41.2251 -9.4737 17.3659409587
28.5654 2.4136 3.10845081994
31.5361 3.3287 1.32074115935
32.0172 4.5587 0.936771738472
31.952 5.4932 0.262963495565
32.0086 5.2364 0.802777459823
32.7368 4.8985 0.294229927098
32.7209 4.6047 0.209086058837
32.7082 4.396 0.147175065823
32.7035 4.2489 0.448015501964
32.659 3.8031 0.781591997144
32.0601 3.3009 2.29018296212
34.3139 2.8943 1.32754299742
35.6018 3.2163 3.07087991625
0.0 0.0 2.02631530863
2.0078 0.2733 0.810941754998
2.0276 1.084 1.02872117214
1.0382 0.8023 1.42475887434
-0.2542 0.2026 3.16651813353
-3.322 0.9871 0.616370927283
-3.6504 0.4655 1.23209850661
-2.4567 0.7707 2.05736974071
-4.1728 1.9055 5.47819617758
-2.5522 -3.3275 0.198185620064
-2.3827 -3.4302 3.24408240647
-4.8098 -1.2777 9.76435306664
-11.8514 -8.0422 1.54928914022
-13.2936 -7.4762 0.6719441197
-13.9655 -7.4685 7.34647481858
-15.8656 -0.372 0.523823873072
-16.2588 -0.7181 1.19362483637
-15.1241 -1.0885 0.623063568185
-15.2953 -1.0948 49.7316367027
-51.2321 20.8373 0.885638780768
-51.4362 21.6991 1.23664931165
-50.8036 22.7617 14.0392197664
-39.707 14.1614 0.59839185322
-39.125 14.3005 3.06704450897
-37.7231 11.5726 7.8460238446
-31.7115 16.6145 0.671541659169
-32.0143 17.2139 3.37133989387
-32.5605 20.5407 3.39477059166
-29.6676 22.3171 0.784617339854
-30.4322 22.141 1.04811442601
-29.4065 22.3566 14.9344316564
-15.3356 27.3613 0.980908323953
-14.3581 27.443 0.680332984648
-13.726 27.1914 0.495453781901
-13.2306 27.1987 1.33339656517
-11.9034 27.3271 2.86122629829
-9.0431 27.2543 3.31048837787
-5.777 26.714 0.685307595172
-5.1245 26.9235 3.41838033285
-2.5372 29.1576 1.29532652254
-3.621 28.4482 11.868086933
-15.4511 27.4994 0.386445041371
-15.4452 27.8858 13.6713906008
-1.9732 30.2122 0.97522067759
-2.2848 29.2881 7.82867942887
-5.646 22.2177 0.459120866439
-5.1879 22.1871 0.657522258178
-5.2263 22.8435 6.77830315787
-10.1934 27.4558 2.00482237118
-8.1927 27.3273 1.1034625594
-8.5158 28.3824 0.442730459761
-8.2803 28.0075 4.99384109078
-5.1153 31.8703 3.36827769787
-1.8501 31.0434 11.7592994927
8.0633 24.7184 0.264195022663
8.3263 24.6933 1.29691173562
7.1304 25.1951 8.79829558267
-0.7142 29.1791 0.351398690948
-1.0644 29.1501 1.07243306551
-0.9762 28.0813 12.1592271342
4.1053 17.0348 1.30085415401
5.3736 16.7456 8.26074937581
12.8715 20.2128 0.905822112779
13.7744 20.1401 0.507002613405
14.279 20.1894 1.94525797261
16.1657 19.7157 2.57914904571
18.7211 20.0649 1.51717377054
19.299 21.4677 0.268535882146
19.0334 21.5073 0.421129006363
19.3834 21.2731 0.321592941465
19.6113 21.0462 0.165443948212
19.7604 20.9745 0.473332705399
20.2076 20.8194 0.0831202743018
20.2889 20.8021 0.315943618388
20.1895 21.102 8.15761517234
24.4332 28.0689 3.19172843456
27.168 29.7145 3.8834691321
0.0 0.0 1.90771722223
1.891 0.252 0.181705971283
2.0715 0.2311 1.5835734432
0.7429 1.0928 1.09559308139
-0.2787 0.697 3.04547894591
-3.3227 0.6021 1.9692602926
-4.9268 1.7444 1.21994364624
-5.1203 0.5399 5.2057464604
-2.7889 5.1944 3.81678369966
-4.5744 1.821 3.185772856
-6.9207 3.976 1.23201386762
-5.7431 3.6139 0.892683247294
-6.4348 4.1782 0.267148292153
-6.7013 4.1968 7.08323909098
-3.3834 10.4549 43.2178007452
37.2776 25.0994 15.77633675
30.6291 10.7924 5.10151824656
28.622 15.4825 3.18150033789
28.7754 12.3047 10.0194621238
30.2157 2.3893 0.780371206542
30.5838 3.0774 0.508848680847
30.4931 3.5781 1.66451522372
28.9449 2.9668 7.5538273438
22.1734 -0.3809 6.46251369747
16.7282 -3.8614 1.15804086284
15.624 -4.2104 4.64580350532
10.9829 -4.4194 3.80943487279
7.1735 -4.4031 5.83155862956
4.9237 0.977 1.50996630426
3.4237 1.1502 2.51530640082
0.951 0.6892 1.97395280592
-0.8088 1.5834 1.28306045454
0.217 0.8127 0.468765954395
-0.2404 0.7101 1.25299770151
0.9978 0.9021 1.93731345166
-0.9368 0.7996 1.61185678334
-1.5191 2.3026 1.90739481492
-3.1848 1.3733 2.26313231827
-3.3215 3.6323 0.463135444552
-3.1135 4.0461 1.37736971435
-4.3573 3.4544 6.78351027271
-7.1722 9.6263 3.18516644777
-9.7281 11.527 2.52503424135
-12.1917 12.0806 7.76870787969
-6.7933 6.494 1.0669255691
-6.1234 5.6636 0.931495840034
-7.0547 5.6827 1.86685779319
-5.5208 6.7468 8.89498770601
1.7247 11.9066 6.53538302244
-3.0744 7.4704 1.07515989509
-3.318 6.4232 1.26714490095
-2.7558 7.5588 1.11015232288
-3.8491 7.7515 13.7119183432
-11.2659 -3.7814 1.09836650076
-12.1323 -4.4565 2.11296002802
-14.2381 -4.2827 1.76267270076
-15.9749 -4.5836 0.687450143647
-16.6556 -4.4875 1.22455344514
-17.7771 -3.9958 0.156758827503
-17.7033 -4.1341 5.40553248626
-18.4118 1.2248 1.05226567938
-19.3503 1.7007 1.99664468797
-20.5202 3.3187 6.58716544881
-26.3915 0.3323 0.824751235222
-26.5727 -0.4723 1.22566702248
-25.7788 0.4615 13.9406403329
-18.8871 12.5795 0.975833961286
-17.9185 12.6981 14.0342197004
-6.9931 3.8893 0.97373315133
-7.1584 2.9297 9.92118599564
-12.5294 -5.4119 0.774048635423
-12.4774 -6.1842 1.30342817217
-11.4724 -5.3542 9.08772647091
-4.4945 0.4678 0.37069623683
-4.1486 0.3345 1.02485278943
-3.5296 1.1513 7.7488357248
4.2094 0.761 4.27672055318
8.4844 0.8823 4.90532653042
13.3813 1.1697 1.19385412844
13.6501 2.3329 1.19546483846
14.5014 1.4936 33.7829895872
32.7871 -26.9128 6.255483158
38.0898 -23.5943 4.15031251353
41.0734 -20.7093 0.565312311913
40.9654 -20.1544 1.09535678206
41.0536 -19.0626 0.671703602789
0.0 0.0 1.96526964308
1.9259 -0.3914 0.276252438903
2.138 -0.5684 2.4510095981
1.0181 1.6118 3.60710206398
-2.4398 2.6385 0.29637334563
-2.7352 2.6625 1.45900105894
-4.1752 2.8972 1.1480288019
-3.585 1.9125 0.711212999038
-3.5807 2.6237 0.430638978728
-3.4255 3.0254 0.482871618549
-3.7937 3.3378 0.343551451751
-4.1015 3.4904 1.29875009528
-13.8175 7.8894 1.01925573827
-14.2776 6.9799 0.544769198836
-14.8194 7.0367 1.63537321123
-15.1871 5.4432 1.2355160258
-14.1807 6.1599 0.342028142117
-30.6188 14.6142 6.67919268325
-37.2299 15.5655 5.74624198934
-42.8645 16.6927 4.86065355688
-47.5117 18.1173 0.358397502781
-47.6931 18.4264 3.50634114142
-49.7473 21.268 0.441894286001
-49.5057 21.638 12.2169629045
-40.8167 30.2261 0.574667877996
-40.5301 30.7242 2.8438146863
-43.2692 29.9596 5.375129551
-48.5455 28.9336 0.233246178961
-48.7252 28.7849 1.09770524277
-47.682 28.4433 16.4954238142
-33.698 19.6942 4.29884701403
-29.5754 20.9125 0.649569865372
-28.9299 20.8399 3.47440672346
-30.6811 23.8407 0.430946168332
-30.9819 24.1493 1.88683462444
-31.6796 25.9024 2.87284732974
-34.4829 26.5307 3.14714807405
-35.5481 29.4921 0.280260521658
-35.3367 29.6761 3.27213310396
-38.5975 29.9482 4.56014446372
-43.1187 30.5429 2.20599155483
-45.3202 30.4022 1.34044115499
-44.0357 30.019 6.20050675671
-38.9809 26.428 3.55837733384
-38.2183 29.9037 0.384304696823
-37.834 29.9018 3.71189921469
-40.7067 32.2525 0.418864775315
-40.9778 32.5718 3.61168852754
-44.1639 30.8709 3.20904784788
-47.3611 30.5954 2.07384759565
-49.206 29.6482 1.98135229073
-49.6149 31.5869 0.300709893419
-49.7639 31.8481 0.195106227476
-49.8977 31.9901 3.73745256157
-46.2911 31.0098 6.17137067838
-40.1613 30.2947 3.1980172623
-43.1517 31.4282 3.66484336637
-46.5504 30.0571 2.26397554095
-47.5606 32.0832 2.53862502154
-45.1332 32.8264 2.78272713718
-42.3506 32.7998 1.60585044447
-46.3865 27.94 18.7900181546
-47.0 9.16 14.1768916438
-32.8752 7.9458 0.376876451904
-32.5097 8.0377 0.2992956565
-32.8014 7.9707 4.26809127948
-28.54 8.2096 1.1329776741
-29.2729 7.3456 1.11114000018
-28.7678 8.3353 20.1028292847
-14.0403 22.0183 0.757694562472
-14.7335 21.7124 0.638907958942
-14.1018 21.8081 1.75397551864
-12.3722 21.5167 0.597616197906
-11.7746 21.5211 1.11466158093
-10.6706 21.6749 2.89139101818
-8.2165 23.2038 2.66465251956
-5.9112 24.5402 0.822693746178
-5.0934 24.6298 0.480570494309
-4.613 24.617 2.38254296289
-2.2389 24.8174 3.70868465767
0.6744 27.1124 0.643659071248
1.1238 27.5732 2.10247355275
1.939 29.5112 0.209483794123
1.8751 29.7107 2.71155572504
4.4645 30.5154 0.530499359095
4.8559 30.8735 2.79507527806
7.932 23.3226 1.35927470733
7.4682 22.0449 10.0578606324
3.0443 13.0122 17.0030473845
-4.2351 -2.3538 5.22189392558
-9.4555 -2.2289 5.38451060915
-10.7576 2.9958 1.65589240291
-12.3909 2.7232 3.12562134783
-15.5125 2.5647 4.60383421617
-19.9118 3.9217 2.32033186635
-22.1457 3.2943 3.05993971999
-25.1979 3.5118 2.57400429293
-27.7678 3.6571 3.36515918791
0.0 0.0 7.55418861427
-1.6179 -7.3789 1.29253742692
-0.9861 -8.5065 9.95401267429
3.3175 -17.4821 0.680883081006
3.6991 -18.046 1.37122206079
2.8678 -16.9555 15.8911072758
-7.7329 -5.1169 0.438705333909
-8.1015 -4.879 1.07312685643
-7.582 -5.818 1.30781982322
-7.5357 -4.511 19.8122568331
-8.3406 15.2849 0.242663244023
-8.2277 15.4997 0.901052190497
-8.6654 16.2873 0.711227059384
-8.0891 16.7041 0.415681236045
-7.7258 16.9061 0.697141255414
-7.363 17.5014 0.586567097611
-7.0994 18.0254 0.316801830803
-7.0236 18.333 0.956818864781
-6.9121 19.2833 0.591349279191
-6.5915 19.7802 1.3849886245
-5.8433 20.9457 1.16651222025
-6.8863 21.4681 0.467696236889
-6.4682 21.2585 9.78031910778
3.305 21.6316 1.29990339641
4.457 22.2338 6.84188244345
-1.8534 24.8777 1.11610588207
-2.3031 23.8562 3.74610584474
-0.7753 27.2766 9.60349799292
7.7468 22.8493 0.342036372335
7.4446 23.0095 9.030043635
0.2944 28.5246 0.823731412537
-0.4268 28.1266 0.976641510484
0.4024 27.6106 17.1293464814
16.4416 21.5974 4.4574117086
20.8951 21.4107 4.6329971131
25.5207 21.149 0.835208201588
26.3422 20.9983 3.92417077737
30.152 20.0578 0.56245374032
30.7131 20.0968 1.13459818438
31.8461 20.157 0.362721821786
32.2087 20.1476 0.194211353942
32.4029 20.1497 0.718291152667
33.0726 20.4094 1.27928864999
33.1474 21.6865 0.636776020277
32.5131 21.7426 1.00194349142
32.3407 20.7556 1.09003343068
33.3585 21.1458 0.273193155112
33.1186 21.0151 2.66744775394
34.5832 23.2445 1.33611095722
33.7364 24.278 0.681326977302
34.409 24.1693 0.469313051172
34.8783 24.1728 1.32364317322
36.2008 24.1178 1.50993988291
37.499 24.8889 0.553401707623
38.0366 24.7576 1.69227118985
39.7243 24.6333 0.515491503325
39.9958 24.1951 0.583041070595
40.1553 23.6343 11.5397057263
38.8313 12.1708 1.55381957769
0.0 0.0 1.91872727869
1.9186 0.0221 0.145386141018
1.8913 -0.1207 3.72244060933
-1.0434 -2.4107 1.02603017987
-1.6251 -1.5655 2.35765464816
-2.5841 0.5883 0.917027764029
-3.4735 0.8117 2.71728808925
-5.9315 1.9701 3.70859689101
-9.2918 3.5392 0.581453876073
-9.0737 4.0782 0.543166392554
-9.0821 2.8529 1.09148103511
-16.1751 15.476 0.454957987071
-15.9297 15.0929 0.149799098796
-15.8046 15.1753 2.16289529104
-13.7298 15.7863 0.634535073893
-13.3558 15.2737 0.42107984991
-13.0488 14.9855 0.0247800322841
-13.0557 14.9617 16.0238480197
-23.8496 32.7221 0.516653704138
-24.3552 32.8284 0.387520954272
-23.9857 32.9452 0.325625705374
-23.7506 32.7199 0.518982205861
-23.2623 32.8957 1.28636573337
-23.7339 31.6989 0.402086209662
-23.4193 31.9493 0.31264590194
-23.1758 31.7532 4.46321252575
-18.8929 33.009 0.32601058265
-18.5758 32.9333 0.345247070951
-18.2313 32.9106 0.520497646488
-17.7111 32.893 2.72632706218
-16.4697 30.4657 1.82266411881
-14.6565 30.6512 13.1565673962
-2.1171 26.6689 1.63381787541
-1.8069 25.0648 12.483790265
0.6044 12.8161 2.40740805017
2.989 12.4855 0.621453594406
3.6066 12.5546 1.75383528588
5.2541 11.9532 3.63309328259
7.9587 9.5274 1.68709341769
9.5409 8.9418 2.31868300766
10.6369 6.8985 1.07878299023
11.2862 6.037 3.85425702438
15.1362 5.8559 3.08358799129
18.1859 5.4 3.62060968346
21.1077 3.2618 3.88979853591
24.1958 0.8966 0.712381365562
24.8894 0.7341 1.64326788139
26.4351 1.2919 1.02053170945
26.0107 0.3638 2.91490955263
23.7138 2.1585 0.872196594811
23.5967 1.2942 0.669624402184
23.2895 1.8892 1.62448687283
21.9799 2.8504 0.0950463045047
21.9435 2.9382 0.661630810951
22.5438 2.66 0.13487564643
22.6776 2.643 1.62463479281
24.0187 1.726 0.605254368014
24.622 1.6774 2.0622310952
26.6455 1.2796 2.80214135618
29.3272 2.0923 0.68908342746
29.7626 1.5582 0.233427783265
29.9624 1.4375 0.771430061639
29.6499 0.7322 0.752428102878
30.9333 6.0749 0.650581785789
31.4738 6.437 1.0919528607
32.033 5.4991 1.12930436996
30.9536 5.1671 16.8059595299
14.153 5.5915 0.143178559847
14.2251 5.7152 3.22005109276
11.0249 6.0722 0.48126314008
10.566 6.2172 4.46140378356
6.1226 6.6176 3.56257458869
2.6987 7.6019 8.68974672646
-5.9352 8.5855 1.15547639093
-7.0652 8.8268 1.82942712618
-8.8808 9.0513 1.43298890784
-10.0008 8.1574 13.1650531685
-13.985 -4.3903 0.63492334183
-14.3676 -4.897 0.991477039573
-15.22 -5.4034 2.54497691935
-17.7336 -5.005 0.873233651436
-18.5262 -5.3715 2.76405315615
-20.991 -4.1206 2.56553016938
-23.4593 -4.8202 2.02604370387
-25.454 -4.4652 2.17394284423
-27.247 -5.6945 2.40885335793
-29.4355 -4.688 1.3056724551
-30.7305 -4.5214 2.7886929286
-32.6878 -6.5078 1.24179283699
-33.9222 -6.6431 1.81840046194
-35.5392 -7.4749 2.48237736454
-33.5615 -5.9746 0.329400743776
-33.8909 -5.9739 28.5930487654
-37.9769 -24.6708 5.17171601405
-34.1132 -21.233 6.91419468919
-30.3206 -15.4518 0.525179816825
-29.7976 -15.404 2.4322094585
-28.9363 -17.6786 0.606329918444
-28.3629 -17.8757 0.492316585136
-28.569 -17.4286 1.69252617114
-26.877 -17.4708 1.07908061793
-26.0243 -18.1321 1.60393087445
-24.8188 -19.1901 0.923918703134
-24.2864 -19.9452 1.40470726488
-23.3169 -20.9617 1.08806533352
-23.158 -22.0381 0.468073594641
-23.4313 -22.4181 11.9020574528
-20.6893 -34.0 7.12684321772
-22.5185 -27.1119 10.951870889
-12.3636 -23.0105 44.710550546
-42.6283 9.8997 12.6927339628
-30.284 6.9461 0.706809535872
-29.7094 7.3577 13.2167029512
-29.4911 20.5726 2.53789043302
-27.2079 19.4645 8.83265985363
-20.7107 13.481 0.338644193808
-20.8649 13.7825 0.628726363373
-20.2971 14.0525 0.172995086635
-20.1338 13.9954 1.73596831768
-18.6648 14.9204 2.7138739138
-15.9557 15.0813 1.80036175254
-14.3587 14.2501 0.577212621137
-14.2172 14.8097 6.96051715464
-13.1557 21.6888 0.79251624589
-12.6419 22.2922 2.42959819106
-10.2255 22.5451 0.448744437291
-9.8336 22.7637 0.856361068709
-8.9794 22.8245 0.236157256929
-8.7619 22.7325 0.516210519071
-8.272 22.8952 0.547968292878
-7.7254 22.9339 3.53943383184
-4.2397 22.3195 1.21240201666
-3.1536 21.7807 1.17733212391
-3.9454 22.652 9.19267434972
-10.7075 28.8793 0.529765419785
-10.1823 28.9487 1.44627385028
-8.7505 29.1528 4.27600097755
-4.4761 29.2698 0.98121466051
-4.1126 28.3584 13.5566372397
0.2264 15.5149 1.03525769739
0.3529 14.4874 0.948855125928
0.1851 15.4213 13.9053498144
-2.1144 29.1352 0.714198494818
-1.4126 29.2677 0.330583499286
-1.7117 29.1269 3.6336373622
1.2255 31.2661 0.605497621795
1.8291 31.314 1.82077962697
3.6457 31.4373 2.13103227803
5.7733 31.3164 7.18355700263
12.9353 30.7603 0.964273913367
13.8736 30.538 3.34191979108
16.3478 32.7845 1.88124028502
18.1668 33.2644 0.234305484357
17.9903 33.1103 0.0465381563881
18.0351 33.1229 3.89616820094
21.9308 33.0625 0.510884429201
22.4407 33.0308 0.647124138014
23.0789 33.1379 0.479676161592
23.554 33.0718 0.552710502886
24.1049 33.1165 2.90684601931
26.9812 33.5368 2.07397420428
29.0546 33.5856 4.6828922612
33.7298 33.3173 5.67665305792
39.3143 32.2986 7.92774605168
34.1882 26.2511 0.203849846701
34.2156 26.4531 8.17990425861
42.0034 28.9553 0.753656606154
41.8192 28.2245 2.18116792568
41.3038 26.1051 1.17309281815
42.1148 25.2575 0.0799900618827
42.0619 25.1975 1.25673537787
41.5528 24.0485 0.406496555951
41.5052 23.6448 0.352662217993
41.471 23.2938 1.01850007855
41.4714 22.2753 1.27461001487
40.9349 21.1191 4.17845336578
43.0113 7.5728 1.13042006794
0.0 0.0 1.93425292297
1.8581 0.5374 0.0810876686063
1.8861 0.4613 3.4859302417
0.0383 3.4172 3.15146635711
-3.0321 2.707 2.97537768023
-5.0996 4.8467 0.464269856872
-5.5421 4.7062 1.41617437133
-6.9457 4.5179 0.524438175575
-7.4679 4.5663 0.247469311229
-7.3234 4.3654 0.378139828635
-3.0598 4.3684 1.13184435767
-2.4804 3.3961 8.44899163037
-9.1458 -1.796 12.6041244698
-13.2179 -13.7242 0.42693921113
-12.8309 -13.5439 0.402738550427
-13.1256 -13.8184 4.57640396163
-10.0437 -10.4353 0.757404515434
-10.7893 -10.5685 5.96537119884
-13.5508 -5.2808 0.344501044991
-13.2187 -5.3724 0.0964431438724
-13.1255 -5.3476 8.31740509654
-4.809 -5.2249 10.022053133
5.209 -4.9399 2.31577831625
6.683 -3.1538 4.42923565641
10.7209 -4.9741 27.669566841
31.5755 -23.159 9.02409176593
40.2871 -20.8048 6.55384611507
46.562 -18.9131 0.658663320673
46.7784 -19.5352 1.16853470637
46.189 -18.5262 12.7931299141
41.5264 -6.613 0.0
43.6095 9.5201 11.4074639517
32.2065 9.8392 0.101536249685
32.1409 9.9167 1.33735050379
31.0363 10.6706 16.0567086743
17.0052 18.4774 6.00322853555
16.4075 24.4508 4.20124015143
13.4775 27.4617 5.84067059592
8.1505 29.8568 0.611576454746
8.2329 30.4628 0.191204863955
8.2106 30.2729 1.41837091059
8.5786 28.9031 17.6693401558
8.8471 11.2358 17.4365850217
-0.828 -3.2703 2.77244847923
-3.2791 -1.9747 2.38551298047
-5.4998 -2.846 2.21220849379
-7.6617 -3.3151 5.15213471582
-12.674 -2.1229 4.07909440195
-16.6365 -3.0912 1.10142609829
-17.3986 -2.296 0.984937693461
-18.3787 -2.3935 2.88556135613
-21.2634 -2.323 3.90282998989
-25.1571 -2.5898 1.32984987123
-25.6159 -1.3416 2.34408798896
-27.949 -1.5683 1.03710852373
-28.9118 -1.1828 3.42717913742
-32.3238 -0.8606 1.21225656113
-33.5357 -0.8312 4.56758394121
-40.9639 -0.7494 10.7811255887
-42.6275 9.9026 12.4989392486
-30.232 11.5073 10.8663746714
-19.4201 12.594 1.09723913984
-18.8839 11.6367 10.8364116469
-11.3462 3.8514 7.76632108337
-3.5801 3.7928 7.75320116146
4.141 3.088 3.99910378585
8.138 3.2177 2.29220373004
10.4275 3.329 4.94019951824
15.0497 1.5852 4.18282697945
19.2322 1.5329 0.831107694586
20.0582 1.4409 0.448035099071
20.5033 1.4921 1.0686002901
21.5436 1.2478 3.39996186008
24.9083 0.7594 1.37385886102
26.0914 1.4578 2.19995581092
28.14 2.2597 1.3488541211
29.473 2.0535 0.529354267008
29.9605 1.8472 0.802494716494
30.7601 1.7791 0.93311961184
36.9196 -0.6686 11.7987139536
43.3182 9.2444 10.6124227017
32.8348 10.8942 1.58996446816
31.2953 10.4968 3.23116368511
28.0813 10.1642 12.3695522134
16.2483 6.5606 12.6250114238
6.9951 15.1495 5.24538958324
5.5902 6.1653 0.361808181223
5.7842 5.8599 0.521077393484
5.454 6.263 10.896669962
-5.3461 7.7105 10.1283618468
-12.7324 0.7804 2.75965944457
-10.0199 1.2884 2.04731954028
-8.0172 0.8633 8.61193424557
-14.7559 6.2257 0.325443466673
-14.9358 6.4969 0.044073234508
-14.9085 6.5315 1.26136266395
-14.5021 5.3374 1.01179561671
-13.9787 6.2033 0.337034553125
-14.2342 5.9835 0.303695110267
-14.0906 6.2511 0.758827332138
-13.589 6.8205 28.8736246781
-32.6501 28.5083 0.854552613945
-31.9732 29.0299 0.395429715626
-32.3677 29.057 6.71660001191
-26.4411 32.2174 0.521225335148
-25.9339 32.0973 4.54511196342
-21.4549 31.3249 0.406800307276
-21.0504 31.3681 0.929134053837
-20.3649 31.9953 0.390135271412
-20.0036 31.8481 1.42158858324
-18.8693 30.9912 0.535231548024
-18.3438 30.8896 1.45221400971
-16.949 30.4853 5.43926228913
-13.8059 26.0461 0.583161898618
-13.7331 26.6247 0.382024986094
-13.8409 26.9912 0.585466967471
-13.2703 27.1223 0.492649368212
-12.7895 27.2297 0.961304863194
-11.8655 27.4949 0.812184000089
-11.0549 27.4442 0.376575795823
-10.7847 27.7065 2.28320226436
-9.3384 29.4732 4.90804176225
-4.5259 30.4369 3.84018025228
-0.7493 31.1328 4.22602750228
3.3833 30.2491 0.869667735402
4.1242 30.7045 2.87507383731
5.8421 28.3991 1.47513552259
6.4412 29.7471 1.28554161737
7.575 30.353 1.74252557514
9.2713 29.9543 0.324788331071
9.5928 29.9082 1.07185533539
9.8643 30.9451 1.4361571084
8.4475 30.7101 3.18886964299
11.1219 32.4469 1.47449728382
12.5487 32.8189 3.56230732672
16.1094 32.9259 0.585965980241
16.6907 32.9997 0.601391270306
17.2892 32.9408 1.84485743894
19.0233 33.5704 0.299267121482
19.3224 33.5804 1.17671550512
20.4817 33.3787 1.32031872667
21.7972 33.4914 1.77020763754
23.5674 33.4862 1.91246143229
25.4782 33.4065 1.00308767812
26.4802 33.4532 0.323436454346
26.7157 33.2315 0.321451536005
27.011 33.1045 0.390229996284
27.2062 32.7666 1.09121114822
27.9973 32.015 4.01267368471
31.7702 33.3813 6.92244892
38.4733 31.6525 1.09685725598
39.2313 32.4453 8.77830950924
34.3743 25.1331 10.042459986
44.0782 27.7187 2.68852312804
41.5776 26.7312 2.54573376456
40.985 24.2554 0.31760077141
40.8622 23.9625 0.247552034934
40.7646 23.735 0.489221064551
40.3992 23.4097 0.364056657678
40.4306 23.047 0.570142727745
40.0553 23.4762 7.69279987586
40.0161 15.7835 0.775861488927
41.3335 9.7686 42.4721528558
0.0 0.0 1.89891161458
1.8986 0.0344 0.316412705181
2.0558 0.309 2.4515700969
-0.1457 1.3877 2.29875615279
-2.4328 1.1565 1.79454695118
-2.5928 2.9439 9.86483015008
-6.2838 12.0922 0.800762261848
-7.0352 11.8154 0.962661877296
-7.9235 11.4444 2.86447619295
-10.043 13.3713 1.47148611954
-10.6632 12.0369 7.40964741199
-14.7266 5.8408 0.248818206729
-14.9473 5.7259 10.6272813955
-17.5742 -4.5716 0.923102822008
-18.4401 -4.8915 0.754285522863
-19.1925 -4.9448 7.46367559919
-20.3221 2.4329 1.53546097638
-21.8201 2.0958 5.5780425832
-23.0879 -7.1254 17.5524396176
-12.8006 -21.3472 0.554249799278
-12.2636 -21.4844 2.68562421236
-9.6857 -22.2374 0.995634400772
-8.7202 -22.4805 2.53711412633
-6.5782 -21.1208 11.9420248601
-1.8358 -10.1608 3.53155540378
