0.0 0.0 7.36313059846
-2.881 6.7761 15.6552470437
0.9834 21.9469 1.02212488474
1.5992 22.7627 1.23761787721
1.1843 21.5967 19.2209802885
-4.3947 3.2032 9.13787233222
-9.1221 -4.6168 0.452870069667
-9.2602 -4.1855 0.147998817563
-9.2469 -4.0381 8.59264537613
-11.6285 4.2179 1.29291942518
-11.5305 2.9287 8.08393259806
-12.785 -5.0573 1.71229827425
-11.1497 -4.5496 0.737379278255
-10.4443 -4.7644 0.193318648868
-10.6296 -4.8195 28.4561780884
-35.6208 -18.4281 0.703644292239
-26.3242 -34.0 23.2996524996
-49.5894 -32.7334 1.52113480336
-49.7647 -31.2224 2.48735200967
-50.6588 -28.9013 1.97657079307
-51.1549 -26.988 1.04811389648
-51.8774 -27.7473 1.039705516
-44.0548 -16.7004 0.340263015916
-44.3642 -16.842 3.05714011619
-46.593 -18.9345 1.09902120544
-47.019 -17.9214 0.141790161859
-46.9304 -17.8107 9.22280072538
-45.8483 -8.6516 0.379356560507
-45.5977 -8.3668 3.72556471022
-44.8492 -4.7172 1.48946880464
-44.7568 -3.2306 1.30447556512
-44.4217 -4.4913 17.7885690987
-36.0 -20.16 8.25082587442
-30.7144 -26.4955 18.5015566437
-12.5144 -29.8223 1.70338716679
-10.8604 -29.4151 0.995054877884
-9.8969 -29.1665 4.01954914512
-5.9011 -28.7302 4.64770030983
-1.3102 -29.4546 5.88882769318
4.5424 -28.8024 0.669632511158
5.2115 -28.8291 1.97124919784
7.1797 -28.9387 2.96100801248
8.109 -31.7501 0.139371302642
7.972 -31.7757 3.68102663125
11.3679 -33.1962 0.291648315613
11.6586 -33.1727 10.1973829608
16.2016 -24.0432 0.514043782182
16.7142 -24.0817 1.41769426887
18.0032 -24.6719 1.96592941888
19.6434 -25.7557 0.454781540962
20.0619 -25.9337 0.397730813491
20.3861 -26.1641 0.722610960338
21.0873 -26.3387 1.14756748821
22.059 -26.9492 2.81615809926
24.08 -28.9104 5.03656563345
26.4683 -33.3447 0.341840503744
26.2961 -33.64 4.13508589995
29.9297 -31.6662 3.30598916211
33.1692 -32.3259 2.26702014548
35.2977 -31.5456 2.95915692217
38.254 -31.4156 2.29463190294
39.5619 -29.5302 0.52667357063
39.6807 -29.0171 1.21115370618
39.9716 -27.8414 0.388461027646
40.107 -27.4773 1.32951985694
40.6282 -26.2542 0.956180302035
41.1143 -25.4308 6.27373370251
39.8407 -19.2877 10.0987948835
41.1474 -9.2738 0.0
41.1474 -9.2738 43.5229881005
51.5 33.0 12.0425153058
51.5192 20.9575 9.11613932539
46.269 1.7463 0.336892890991
45.9759 1.5802 1.06134746902
47.028 1.72 0.85674605339
46.2094 1.9728 20.8567996634
36.0 20.16 9.54197690628
31.4962 11.7478 1.03441125767
30.5911 11.247 0.855652698237
29.8846 10.7643 0.668852779018
29.4048 10.2983 1.73328902668
28.1365 9.1169 14.6914754865
20.7346 -3.5737 31.6780362903
8.2721 -32.6973 5.98772198169
2.3083 -33.232 1.68871746009
0.6198 -33.2049 2.64465272768
-2.0248 -33.1882 2.13858393569
-4.1626 -33.2461 1.38269651406
-5.5392 -33.3758 1.85812895677
-7.3833 -33.6037 1.84460030359
-9.2131 -33.8369 3.8205795843
-12.8737 -32.7429 3.86406654316
-16.5528 -31.5617 1.06525119103
-15.6377 -31.0164 13.1441884942
-3.1071 -27.0473 7.0293331917
-9.1167 -23.4009 1.46511439826
-10.4321 -24.0461 2.66649913557
-13.0521 -23.5503 0.881314586286
-13.9277 -23.4501 2.48197258849
-16.393 -23.1629 8.91481199465
-18.9651 -14.6272 0.883220951971
-18.8665 -15.5049 1.55496773278
-17.5237 -14.7208 0.375347145986
-17.4539 -15.0896 1.56658348325
-18.8081 -14.1089 1.38346496161
-18.1122 -15.3046 18.5704491968
-18.6346 3.2585 11.3867988627
-12.1507 32.7366 2.30974986092
-10.4418 31.1827 2.12970627083
-8.545 30.2143 7.31272946649
-1.2725 30.9803 7.03091580095
-3.5997 24.3457 0.312995591023
-3.7837 24.5989 5.52975763031
-1.9085 29.801 6.27342739577
-3.821 23.8262 6.82206532144
-0.4185 29.7392 0.227845298393
-0.5907 29.59 8.43544406537
-3.0424 21.5187 0.585477591373
-2.5023 21.7447 8.42808670399
-0.803 29.9997 2.43382352688
1.413 31.0061 1.51275199884
2.8995 31.2867 2.98555306267
5.885 31.3045 0.841510641644
6.641 30.9349 0.433068458791
7.074 30.9272 0.275423528407
7.3494 30.9236 0.203920621812
7.5533 30.9207 1.81207015869
8.9698 32.0508 6.80083291737
15.7644 32.3419 0.451007516567
16.1607 32.5572 1.6856889986
17.8459 32.5978 2.38380549752
20.2295 32.5665 4.4314566138
24.5479 31.5719 1.44537620016
25.8309 32.2375 0.662152346519
26.4832 32.3513 1.70023072552
28.0966 32.8877 3.53979418187
31.6217 32.5655 7.4362373503
38.856 30.8443 2.72491423902
39.6535 28.2387 1.92724085158
40.0868 26.3608 0.365036778969
40.1416 25.9999 0.28298445187
40.1812 25.7197 0.555008108049
40.1782 25.1647 0.206173567656
40.2367 24.967 0.563361562409
40.4162 24.433 1.39914998481
41.263 23.3192 5.05602388543
40.3827 18.3404 0.291812559702
40.4291 18.6285 2.91661845979
40.9909 21.4905 2.96565136859
38.9639 19.3257 9.3459651722
40.3353 10.0809 0.798782986799
36.0767 14.7538 23.3293585518
15.2529 25.2718 3.10566348789
12.803 23.3631 6.02199531385
6.7814 23.4321 4.94673606027
1.9652 22.3032 4.71957296797
-2.751 22.4816 0.960445781916
-3.7103 22.5285 3.42336768256
-7.1313 22.6558 3.70483576154
-10.8204 22.3147 0.647188048406
-10.9205 22.9541 0.373619324982
-10.5771 23.1013 18.3707351143
5.2137 32.4893 6.96879228346
-1.7538 32.6235 2.88757487349
-4.6219 32.2887 12.7238644098
-10.6513 21.0841 12.3862927969
-1.8015 29.7502 1.4441349833
-3.2319 29.9489 7.98173969069
-11.1712 30.7709 1.1133923163
-11.4259 32.6555 0.979250085525
-11.1836 31.7067 9.88636227538
-14.8384 22.5207 1.90585737662
-13.9379 24.2004 0.584605345511
-13.3533 24.2029 1.35212746441
-12.0701 24.6291 2.29259776236
-12.9308 22.5042 0.919458607007
-13.519 23.2109 0.614289548991
-13.2507 22.6583 2.48187887295
-11.0022 21.6076 0.988974827789
-10.0142 21.5637 1.65009155201
-8.3804 21.795 0.472226132271
-7.923 21.9124 1.2353358086
-9.1546 21.8164 0.110530584003
-9.2556 21.8613 0.160191416749
-9.1091 21.7965 3.32170160761
-6.031 23.0451 8.78805171867
-2.1711 30.9401 1.01464989036
-1.1983 31.2285 10.8330555763
9.6313 30.9549 0.645955927289
10.2772 30.9464 2.52534794632
12.0749 32.72 1.34765374262
13.4179 32.8319 0.677562373513
14.0945 32.868 0.356137529615
14.432 32.9817 0.147557615866
14.5709 33.0315 2.67863662336
17.2455 32.8845 2.81925705284
20.0583 32.6938 1.66920859392
21.7256 32.614 3.52126619556
25.1235 31.6901 2.07409652861
27.1815 31.948 1.78700099888
28.8951 32.4549 1.4892855099
30.3293 32.8562 5.23546091381
35.4566 31.7975 4.46348429481
39.5372 29.9888 2.53536967916
39.9651 27.4898 0.373239253027
40.0178 27.1203 0.289359637821
40.0722 26.8361 0.413483977924
40.1156 26.4249 0.344078653799
40.1372 26.0815 0.398969297064
40.1603 26.4798 7.7020897424
39.2259 18.8346 1.25830972737
39.6508 17.6502 9.60626026141
40.6797 8.0992 0.0
42.6257 -9.91 11.823433681
30.8277 -9.1349 3.8731057951
27.1114 -10.2258 0.552301095418
27.5539 -10.5563 1.33316472351
26.4056 -9.879 10.7977074201
17.2243 -4.1962 0.323689975131
17.3387 -4.499 4.15474817769
13.2418 -5.1899 1.55147705752
11.7277 -5.5284 3.04317663635
8.8057 -6.3786 3.56802455849
5.3695 -7.3395 3.58441952483
2.6138 -9.6317 1.31113432569
1.3449 -9.9618 1.1489560566
2.064 -9.0657 1.85677893676
0.2709 -9.5478 1.08806790689
-0.816 -9.4974 3.12187814144
-3.1677 -11.5506 2.15011955947
-4.9111 -12.809 16.494820454
-10.6977 -28.2555 1.35102244615
-11.8311 -28.9908 3.22383817522
-14.8744 -30.0545 3.16459353788
-18.0193 -30.407 7.3833896958
-25.3205 -31.5056 14.6717641042
-39.9613 -30.5529 8.00134025023
-47.7499 -28.7201 2.92667277467
-49.2387 -26.2004 2.78732956071
-51.1561 -20.0391 11.044444417
-42.8373 -12.7743 0.4888740124
-42.5157 -12.4061 1.45904240514
-43.7982 -11.7104 1.01434149082
-51.6414 -21.0845 0.353489377492
-51.5271 -21.419 15.5780587818
-36.0 -20.16 7.37681713546
-31.5612 -26.0519 0.185803794364
-31.5308 -26.2352 0.436846895376
-31.1443 -26.0316 0.750393849921
-30.3986 -25.9478 1.19489097829
-31.268 -25.1281 2.85330921738
-34.011 -24.3424 8.67350736957
-34.6757 -15.6944 25.5332965267
-52.4761 -34.0 7.99547764177
-47.9537 -27.4064 0.205365284311
-47.9798 -27.6101 2.73803508013
-45.6381 -26.1912 1.62003141328
-44.8984 -24.7499 8.26708885279
-39.9955 -18.0936 9.12760193041
-32.7973 -12.4812 17.7228373716
-17.6186 -3.3321 1.34612575936
-16.3602 -2.8541 1.51140180296
-15.1156 -1.9966 4.01107603144
-12.5614 1.0961 2.09972777759
-11.4959 2.9054 0.586040041294
-11.2222 3.4236 0.468616399628
-10.9949 3.8334 1.45649283555
-9.8356 2.9517 0.584369001573
-9.6473 3.5049 1.34744080761
-10.4006 2.3877 0.817787900375
-9.713 2.8304 0.771487148305
-10.2819 2.3093 1.05788822188
-9.5584 3.0811 1.24326375721
-10.4658 2.2312 0.709836016274
-9.8352 2.5571 0.800504522161
-9.6509 3.3361 1.13966816662
-10.2561 2.3704 0.916879670404
-9.5369 2.9391 0.679115049163
-9.6531 3.6082 1.28582282605
-9.9316 2.3529 26.0924987857
-17.9118 -22.4893 2.71738809337
-15.2004 -22.6696 1.03911347311
-14.162 -22.7081 2.7990038746
-11.3657 -22.8311 0.483385363866
-10.8903 -22.9186 0.462580263306
-10.6258 -22.5391 0.437240768913
-10.3628 -22.1898 2.65451003765
-7.7083 -22.1971 2.33000048283
-6.3091 -24.0602 1.44570564086
-6.8547 -22.7214 5.15085672486
-7.5375 -17.616 0.501920671023
-7.9205 -17.2916 1.12349740098
-7.7501 -18.4021 4.49552898778
-6.4263 -22.6983 1.16022595213
-5.9548 -23.7584 1.17421518471
-6.1101 -22.5945 15.9101218562
-6.2113 -6.6847 12.146934445
2.7322 1.5349 33.2384103037
28.8878 22.0453 10.3036023628
39.1781 21.5219 12.0485185666
33.2122 11.0541 0.436072516905
33.6102 11.2323 1.65669381601
35.2478 10.9815 1.32792891753
34.9183 12.2679 0.549728223762
34.3719 12.2075 1.03125159394
35.3903 12.3698 1.11917838167
34.7423 11.4573 8.52088848067
30.0168 4.3668 8.15034458781
37.0625 8.4639 5.15034430888
35.3432 13.3188 4.01441334444
39.2925 14.0389 0.774059384027
39.9997 13.7242 0.99292437275
39.5313 14.5997 0.99569298481
39.5406 9.454 2.03690925178
39.7165 7.4247 0.926037520838
39.6915 6.499 0.280835770514
39.4352 6.6138 1.38060071708
40.1705 7.7823 1.7934313257
40.1811 9.5757 6.09079457953
43.1636 14.8863 0.772284675492
42.9605 14.1412 0.36672994151
43.0771 14.4889 2.52596273923
45.1001 12.9763 1.73275255014
44.7097 11.2881 8.46598674048
42.4815 3.1206 1.0404971504
43.3789 2.594 0.357934421368
43.0282 2.6656 0.858475002548
42.4029 3.2538 1.00793018111
0.0 0.0 1.96454643366
1.4963 1.273 0.880780676446
0.8489 0.6758 0.604129994289
0.4361 0.2347 0.940791092645
-0.4141 0.6375 2.56493696609
-2.7171 1.7667 2.18294383345
-4.7114 2.6544 1.47933838252
-6.034 3.3171 1.55251191622
-7.0194 4.5168 1.79747753254
-8.7306 5.067 0.791390927418
-8.6872 4.2768 1.39962666808
-7.3227 3.9652 5.33742041158
-9.4575 8.8571 1.12986583274
-10.5467 9.1575 7.32655596648
-17.2035 6.0972 1.74376825295
-22.7735 -1.8104 8.05858723599
-23.7285 -9.8122 1.52207544163
-22.2404 -9.4924 0.588857070943
-21.7776 -9.1283 0.37462015429
-21.4211 -9.0132 2.03841092275
-19.9714 -10.4462 1.07161105351
-19.5651 -9.4546 10.2707439073
-12.7047 -1.8111 0.312243638846
-12.4919 -1.5826 0.132772926457
-12.3678 -1.5354 0.475209848383
-12.8352 -1.4496 0.759015902337
-12.3169 -2.0041 1.36336950604
-10.959 -1.8821 1.39259342595
-9.8651 -2.7439 9.61974075846
-0.3256 -3.9838 1.00235395445
0.47 -3.3741 1.09516969005
-0.5819 -3.6789 0.824090947651
0.0456 -3.1447 1.16194287725
-0.9978 -3.656 0.63917127595
-0.3804 -3.8214 2.32853418699
-0.9759 -6.0725 1.53296239354
-2.4188 -6.5902 7.9940582097
-9.5243 -10.2531 5.05321856345
-4.4899 -10.6888 0.287584717953
-4.2115 -10.6167 0.225769307037
-3.9902 -10.572 0.159177793677
-3.8313 -10.5626 0.288563684479
-3.5837 -10.4144 0.224629695276
-3.3914 -10.2983 0.90347029835
-4.2941 -10.3356 10.0079557158
-9.3501 -1.6987 2.11787869577
-7.4265 -0.8126 1.47048631412
-8.0567 -2.1412 6.75685775638
-14.291 0.4643 5.52547627359
-9.1604 -1.587 0.61145864946
-9.7522 -1.4332 4.83552516796
-12.4424 2.5849 0.186254476456
-12.3372 2.7386 0.57254715963
-12.5661 3.2634 0.868562266047
-13.3857 3.5509 14.0613792275
-11.5904 17.4972 0.445509146932
-11.418 17.0864 1.34193079181
-12.0995 15.9304 0.463688365176
-12.2962 15.5105 0.666170458667
-11.632 15.4593 0.434731422835
-11.231 15.6272 0.582199768121
-10.8146 15.2203 2.10524208822
-8.7526 14.7958 0.404787166299
-8.3758 14.6479 2.14738795982
-6.563 13.4968 1.18268498342
-7.1834 14.5037 2.9042993303
-7.9776 17.2973 2.26731476862
-7.3541 15.1174 1.21863158091
-6.1468 14.9516 0.537073449353
-6.6158 15.2133 1.75329282494
-7.596 16.667 1.8244287051
-6.9523 18.3741 0.982840134508
-7.5795 19.1308 2.88204598333
-5.8911 21.4665 0.946996473066
-6.8377 21.4391 0.535850744144
-6.3486 21.658 14.1628614146
5.701 29.1007 0.714769123564
6.4003 28.9528 1.21065655328
5.6276 28.0208 10.3625294229
-4.2284 24.8206 3.66992824181
-0.6211 25.4957 1.04538132755
0.3965 25.7351 0.447209000357
0.7582 25.9981 1.02870977929
1.5872 26.6072 1.35621575348
2.5831 27.5278 2.72270301355
4.7264 29.2069 10.9054981569
15.3566 31.6418 3.59155515759
18.6707 33.026 0.628227347383
19.2959 32.9644 0.861328166264
20.1545 32.8959 2.00688129196
22.1611 32.8623 0.840695979531
23.0014 32.8881 0.736495322456
23.732 32.9811 0.767176022827
24.4991 32.9919 0.822208665729
25.3101 33.1272 0.693654561003
26.0037 33.1359 1.94761478737
27.9393 33.3519 1.62142383417
29.2943 32.4614 0.653325401312
29.9475 32.4486 0.41325713545
30.3486 32.5481 1.48691521278
31.8287 32.6903 3.35839363089
34.605 30.8006 2.29162210017
36.3686 29.3373 1.8338310173
38.061 28.6311 0.481484122272
38.3796 28.2701 0.408886928135
38.7302 28.0597 0.96297067972
39.5949 27.6359 1.81684044429
40.0543 25.8781 0.214532468405
40.1376 25.6804 1.21898039771
40.1516 24.4615 0.691521004742
40.0829 23.7734 0.576259195154
40.25 23.2219 0.452632058078
40.1557 22.7792 5.80262500684
40.2068 16.9768 0.670546679956
40.7931 16.6514 0.906830623656
40.3828 17.4601 1.36956265282
39.7973 16.222 0.665165159941
39.4523 16.7907 0.884478467799
25.137 24.0064 4.08512835172
21.0524 23.9407 1.70707539377
19.37 23.6515 4.6618184703
14.7204 23.9888 4.00568019193
10.7192 24.1782 3.82518136694
6.8967 24.3214 4.13103653458
3.3625 22.1825 2.99378621982
0.3748 21.9917 2.96539828016
-2.5902 21.9431 3.25878589969
-5.8425 22.1486 3.62672933923
-9.4676 22.2573 1.86530995012
-11.3215 22.0513 2.15576908782
-13.4771 22.0243 2.60081381879
-16.0727 21.8597 3.07403326104
-18.4195 19.8742 2.68760968892
-20.8117 21.0992 1.36436022003
-21.9801 20.3947 4.01016735436
-21.3566 16.4333 2.24411079272
-23.5688 16.8104 2.65660948767
-26.1742 16.2913 2.0085197659
-25.9065 14.3007 2.10963043683
-27.8212 13.415 2.71255681784
-30.058 11.8805 0.819118727658
-29.2585 12.0587 1.20846328864
-30.1869 12.8323 2.45751963573
-32.2119 11.4399 2.450388459
-36.4335 13.8956 0.925953368156
-36.6593 14.7936 0.505179423571
-36.1808 14.9556 1.19430577324
-37.2546 14.4328 0.119995416579
-37.1727 14.5205 6.41343469991
-30.7991 15.2342 16.7433557512
-17.7741 25.7551 4.40597887648
-13.3826 25.3982 1.99302339424
-11.4078 25.1293 0.574561136869
-10.8533 25.2798 0.514397900462
-10.3871 25.0624 2.60202410442
-7.7851 25.0736 1.53194919629
-8.0696 23.5683 13.4687105344
-12.6207 10.8918 12.8620865761
-4.9454 0.5708 2.66955707375
-2.5678 -0.6431 1.43971880935
-1.8919 -1.9143 8.77563627152
-10.1973 -4.7484 0.835319010917
-9.9309 -3.9567 1.45997949643
-8.5091 -3.625 5.63873796696
-5.506 1.1475 2.03994751158
-4.2137 2.7259 1.4269804834
-2.8146 3.0066 1.15154713321
-3.3898 2.009 8.41019741148
-9.9243 -3.2855 0.362820079378
-9.6522 -3.5255 10.7001157251
-0.6969 -9.3817 18.0422099367
6.1907 -26.0575 6.94021398589
10.4318 -31.5511 4.23060073394
14.4239 -32.9515 1.09621430387
13.7617 -32.0779 9.53472706374
9.9 -23.3602 0.559255084912
10.2772 -23.7731 0.962684481022
11.0257 -23.1677 0.761139211971
11.6864 -22.7898 1.16660897476
11.8319 -21.6323 0.464189271742
12.1851 -21.9335 0.525946194967
12.7109 -21.9459 0.213361500745
12.9241 -21.9542 0.389530191384
13.312 -21.9898 1.14087869644
12.2408 -21.5972 11.0524424821
19.6559 -29.7931 0.644715697032
20.2546 -30.0323 2.41027346581
22.0719 -31.6156 1.60216819654
23.4792 -32.3814 3.26582420378
26.7074 -32.8757 2.19293434694
28.8925 -32.6905 2.9232407359
31.7871 -32.2823 2.99959628117
34.6834 -31.5019 3.06877771759
37.6496 -30.7151 0.64565554284
38.1688 -30.3313 0.484922777357
38.5539 -30.0366 0.703301819989
39.1132 -29.6102 0.454875730282
39.3199 -29.205 0.355266449302
39.4838 -28.8898 2.07693401917
40.1634 -26.9272 1.63298470599
40.4977 -25.3288 0.574549649726
40.3556 -24.7721 0.334586326678
40.348 -24.4376 1.66439272108
40.4573 -22.7768 1.35718255589
39.958 -21.5148 0.938940024709
40.2114 -22.4189 0.905535118038
40.503 -21.5616 4.86944712262
40.3252 -16.6954 1.09601624988
40.1781 -15.6093 7.35360222272
40.9895 -8.3006 1.01063940157
40.8671 -9.3038 0.0
40.8671 -9.3038 0.160741904928
40.7157 -9.3578 1.15742867599
0.0 0.0 4.03831661215
3.9009 1.0445 0.104964470179
3.7986 1.021 3.45073993514
0.3483 1.0761 0.34911490945
0.0004 1.1052 1.42821991654
-1.4199 1.2554 0.640280040295
-2.0577 1.3117 1.25482572495
-3.3055 1.4443 1.37350677101
-4.6294 1.0785 5.99609004018
-7.121 6.5324 2.44570760722
-8.5933 4.5795 1.58362857072
-9.4161 3.2264 1.32619963806
-9.4889 1.9022 7.74535929315
-17.2006 1.1809 1.48565743696
-18.4155 0.3258 6.50100709121
-24.9009 0.776 1.2226307701
-24.1335 -0.1758 1.93321996938
-25.6507 -1.3739 0.616359067427
-26.0692 -1.8264 1.53685453443
-26.9447 -3.0895 2.5103516905
-28.5062 -5.0551 1.16320784041
-27.3434 -5.0859 0.110909873321
-34.1685 -10.3466 1.1265598475
-33.4655 -11.2269 10.795988474
-24.8628 -17.7497 11.6572622622
-15.3924 -24.547 0.646108543513
-14.7476 -24.5881 0.533632617069
-14.214 -24.5822 1.19710184195
-13.0169 -24.5843 1.37638034351
-11.7335 -25.0816 0.975789039701
-10.7583 -25.1155 1.41843961098
-9.3406 -25.0697 1.31568443405
-8.0254 -25.1054 2.12031009525
-5.9055 -25.0637 4.07842029835
-1.8753 -24.4384 2.19828217024
-1.4204 -26.5891 0.545807814162
-1.0105 -26.9495 3.1684413471
0.1466 -29.8991 2.62360173235
2.6944 -29.273 2.13380248852
4.8259 -29.3721 1.03526655505
5.8079 -29.0443 0.903190705222
6.5227 -29.5964 1.6209601013
8.136 -29.439 2.32065027525
9.3297 -31.4291 0.792968378941
8.8823 -32.0838 1.06318601383
9.9364 -32.2225 0.361823188864
10.2705 -32.0836 1.20342503298
11.1214 -32.9346 0.366429215538
11.482 -32.9997 0.347288770334
11.8238 -32.9382 0.262810197671
12.0832 -32.896 0.486668357303
12.5697 -32.9088 0.737893251087
12.3823 -32.1951 2.27726170872
14.5131 -32.9986 1.47633830811
15.9777 -32.8128 9.68400005628
19.458 -23.7758 0.501866605783
19.6552 -23.3143 0.372710946982
20.0104 -23.4272 0.465252329387
20.3606 -23.7335 0.259164754548
20.5892 -23.8556 0.621010611826
21.1789 -23.6609 0.535799673385
21.5869 -23.3136 0.378264299135
21.7767 -22.9864 0.263569345714
21.9143 -22.7616 0.262187795292
21.9831 -22.5086 0.15330864294
22.0256 -22.3613 1.12615910066
23.045 -21.8827 14.1970561783
15.6472 -34.0 16.0335264194
2.8892 -24.2888 0.269197121084
2.7214 -24.4993 9.54084417282
10.0422 -30.6176 5.21408482094
15.0948 -31.9052 1.4342665617
16.1012 -32.9271 2.75128276446
18.8245 -33.3185 0.557952049911
18.6685 -32.7828 0.61631346732
18.39 -33.3326 0.0567834482926
18.3994 -33.3886 0.82845535788
17.7236 -32.9094 0.214805958949
17.5092 -32.9226 0.76373194905
18.1692 -33.3069 0.455806153973
18.6222 -33.2564 0.366113984983
18.9875 -33.232 0.538851686459
19.5192 -33.1445 5.98914144849
25.4032 -32.0272 2.10719548452
27.4887 -31.7256 3.62768664578
30.7579 -30.1532 2.00101965258
32.7365 -29.8545 0.677648411789
33.3801 -29.6424 2.35980484363
35.643 -28.9731 0.650019645857
36.1757 -28.6006 0.506126713383
36.5837 -28.3011 2.74358037061
38.5922 -26.4321 0.92773365251
39.3535 -25.9019 0.564772175306
39.5895 -25.3888 0.684438602067
39.8419 -24.7526 0.615273467655
40.1331 -24.2106 0.419719966168
40.1732 -23.7928 0.559744388092
40.6809 -23.5571 1.98759889817
42.4812 -22.7148 1.59403835901
43.9022 -23.4371 0.588317329339
44.305 -23.0083 2.23951398299
43.2458 -21.0351 0.289468564787
43.0779 -20.7993 0.204539996089
42.9598 -20.6323 0.173000462427
42.8402 -20.5073 0.680546082202
42.1598 -20.5214 0.739159015368
41.8165 -19.8668 0.645114230195
42.2991 -20.2949 0.391874188994
41.9118 -20.3546 0.315564573424
41.6018 -20.2956 0.246694649314
41.3558 -20.3141 0.20026407566
41.1801 -20.218 0.183672235245
41.0019 -20.2625 0.0652007668667
40.9564 -20.2158 0.0583249517788
40.8992 -20.2044 0.0768010416596
40.824 -20.22 0.384129821805
41.0874 -19.9404 0.173591532052
40.9383 -20.0293 0.332011385347
41.2353 -19.8809 13.4333872668
31.7638 -10.3548 0.757157737859
32.1398 -9.6976 0.396340712014
32.4784 -9.9036 0.426523211561
32.7746 -10.2105 0.868541680059
32.1619 -10.8261 0.650515464843
32.7625 -10.5762 1.11178023908
33.7898 -10.1511 0.864330399789
34.6446 -10.0231 0.806052504493
34.6354 -9.2171 0.818243832852
34.327 -9.975 0.856955284714
34.59 -9.1594 5.83894809876
0.0 0.0 8.27478365699
5.2261 6.4156 0.914996005456
-6.2061 2.9556 1.3330402282
-6.0537 1.6313 11.6317468619
-2.0596 -9.2932 0.727075821356
-2.5042 -8.7179 0.855521571908
-1.9922 -9.4033 0.527684943882
-1.8926 -9.9215 0.846208089066
-2.7388 -9.9252 7.70958329484
-10.4475 -9.8085 6.96012350824
-3.6354 -11.2363 1.37881793577
-2.4547 -11.9484 17.2831544878
5.685 -27.1948 1.20642674456
6.886 -27.0805 0.888890825692
6.0493 -26.7804 0.342334631611
6.3915 -26.79 0.389206603233
6.7148 -27.0067 2.44831141197
7.7914 -29.2056 2.78996815932
9.4367 -31.4588 1.11131440196
10.0756 -30.5495 0.316685648554
10.3898 -30.5891 0.330683912521
10.599 -30.8452 5.38906192301
0.0 0.0 5.78643714301
0.4859 -5.766 4.01802740284
-2.5356 -3.1174 1.296357362
-3.2952 -4.1679 2.60148167781
-4.9226 -6.1975 18.8131853021
-9.0431 -24.5539 2.65453354283
-10.6223 -26.6876 1.66922639866
-11.9389 -27.7137 1.32699375281
-13.176 -28.1938 1.03158742237
-14.6353 -23.342 0.689336209697
-14.6782 -22.654 1.62370443739
-13.0551 -22.6097 1.04824043521
-12.0127 -22.4992 0.470152113682
-11.5426 -22.4922 1.93467273977
-9.9736 -21.3603 1.32158790097
-8.8093 -20.735 1.64984999621
-8.9638 -19.0924 13.5483516724
-10.5068 -5.6322 11.9791212086
-1.891 2.6905 1.20079690623
-0.7346 2.367 10.5686183515
8.5135 -2.7485 0.393754250771
8.8414 -2.5305 1.0742664474
9.8188 -2.0847 1.30015022209
11.104 -1.8881 1.23821922534
12.0987 -2.6255 0.944579086154
11.7266 -1.7573 0.688906386964
12.3571 -2.0349 0.957381768157
12.485 -2.9837 0.375535031655
12.7834 -3.2117 0.493201459852
11.6628 -12.3813 14.7485487439
2.1207 -23.6271 1.65175279325
0.778 -24.5891 2.55130697683
-1.5215 -25.6943 4.83274006957
-4.4218 -29.56 3.06959134902
-7.3337 -30.5312 2.74249692069
-10.0747 -30.4406 2.51503507133
-12.5477 -30.8985 0.85167674619
-13.0425 -31.5917 1.99237780805
-14.5307 -32.9164 9.63485404819
-24.161 -32.6202 6.77400140094
-30.4527 -30.1099 8.86770800264
-43.3914 -23.6883 0.0
-40.8866 -22.5293 18.9514289303
-24.1351 -13.6668 2.34362954624
-26.3244 -12.8304 3.03387566818
-29.3575 -12.7618 2.63170269787
-31.2797 -14.5593 15.6083854786
-43.0563 -24.803 5.63216510145
-48.6666 -25.2988 3.26058057714
-51.0007 -23.0221 0.951249940867
-50.9749 -22.0712 1.03838960415
-51.3548 -21.1048 11.1457043932
-42.2963 -12.0353 0.547273688386
-42.7988 -11.8185 11.246534215
-35.8644 -2.9642 1.217373094
-34.7809 -2.4092 0.722277239016
-34.9213 -1.7007 1.26646592532
-34.9008 -2.967 0.504901673596
-34.3959 -2.9657 0.442902833588
-34.3263 -2.5283 21.9202991743
-35.5838 19.3559 0.346830506155
-35.3794 19.6361 0.262376618623
-35.2104 19.8368 1.28497478574
-35.6588 18.6326 14.4499225136
0.0 0.0 7.43870116754
-3.2195 -6.7059 14.4844106439
3.3386 -19.6206 0.0669713371525
3.289 -19.6656 1.44239286257
2.5379 -18.4342 21.7874321447
-9.5532 -0.3097 9.71447028921
-10.2194 -10.0013 1.42742414509
-9.2299 -11.0301 9.41145765118
-13.3465 -2.5667 0.54499006413
-13.8481 -2.7798 1.07977939414
-12.7858 -2.5863 0.0312630772638
-12.7555 -2.5786 13.3255140426
-2.6932 6.1575 0.622069594177
-2.4825 5.5722 9.06099718243
5.925 2.1935 1.94487495999
6.1569 0.2625 10.3430495
6.7909 -10.0611 0.63726764393
7.1975 -9.5704 0.510913818564
6.7602 -9.8346 0.748826548675
6.1068 -9.4688 17.2584975722
-11.1234 -10.4567 7.41027151257
-8.3624 -17.3334 0.397993190897
-7.9687 -17.2751 0.48118941177
-7.6693 -16.8984 0.245652294921
-7.4802 -16.7416 0.882659147123
-6.5983 -16.7782 1.16061597869
-7.1039 -17.8229 0.20716285864
-6.9137 -17.905 1.2798692316
-5.7323 -17.4127 12.082931835
-7.9256 -5.5305 12.805033533
1.2767 3.3738 0.76775858836
2.0332 3.5048 0.597130044463
2.4934 3.8853 0.990040125449
3.2938 4.468 0.539893924767
3.5054 4.9647 0.328168401891
3.8335 4.958 0.634309396115
4.3106 5.376 0.658183515442
4.6683 5.9285 0.552801202965
5.1964 6.0919 1.07763686834
6.2715 6.018 0.600754941719
6.7414 5.6437 0.625519887773
7.2817 5.9589 0.340487077582
7.6025 6.073 0.611672960004
8.207 5.9796 1.06549673392
9.255 5.7873 1.30861348381
9.0339 4.4975 9.12771104549
9.0197 -4.6302 0.508352633513
8.7101 -4.227 0.780925655873
42.6258 -9.9097 12.0210423924
30.6322 -10.7215 9.37931084888
21.253 -10.7671 0.65305060294
21.7675 -10.3649 0.695589721028
21.0734 -10.4104 0.736138804846
21.7989 -10.2857 7.74919879794
15.8829 -5.2806 2.9359407385
13.107 -6.2367 2.81145650864
10.3079 -6.5 1.1850645974
9.5338 -7.3973 0.9963338848
9.2399 -6.4453 0.94610321847
9.1922 -7.3902 20.3839761345
1.4851 -26.261 5.10499571988
-2.716 -23.3607 3.34628321874
-6.0267 -23.8474 1.81361429196
-7.8403 -23.8402 1.89091693366
-9.7269 -23.7125 1.69049531203
-11.4041 -23.5009 1.40961879244
-12.8136 -23.4826 0.92568852753
-13.7366 -23.4121 2.2831887745
-16.0189 -23.4758 0.695151242536
-16.0044 -22.7808 1.6505127991
-16.9999 -21.4643 7.09512530404
-17.2171 -14.3725 1.16613474779
-16.0876 -14.6625 0.839006674586
-16.518 -15.3827 1.17426055456
-17.4291 -14.6419 0.448294211428
-17.8762 -14.6092 2.33722749642
-20.2041 -14.4006 1.27361165588
-18.9948 -14.8002 0.514125937879
-21.1572 -8.454 1.16308273996
-22.1437 -7.8379 0.507434350434
-21.7616 -8.1718 14.7948570152
-11.7465 2.7179 2.50990947446
-9.6599 4.1128 1.17754602882
-10.2226 3.0784 1.14179795498
-11.199 3.6703 8.59211411295
-19.7388 4.617 8.99010453888
-10.7699 5.2341 0.541423614188
-10.3467 5.5718 1.31853236972
-10.6611 4.2913 9.74495618974
-14.8086 -4.527 0.66730650379
-14.1452 -4.5991 0.379070085868
-13.7819 -4.4909 1.175566523
-12.6483 -4.8022 3.06164275676
-9.5877 -4.7223 0.673847519844
-8.9935 -4.4045 0.404809745436
-8.6102 -4.5347 1.36289505099
-7.2638 -4.7461 1.41064666377
-6.2589 -3.7561 11.843913192
-2.2888 7.4026 16.6332324053
3.3363 23.0558 8.6283487331
8.0578 30.2777 4.83140786107
12.4174 32.3601 0.644854247098
12.325 31.7219 1.04739164117
13.2591 31.2481 1.17283428071
14.4316 31.2761 0.326107420952
14.7577 31.2739 0.299220754628
14.7492 31.573 0.0392045915678
14.778 31.5464 1.05013468184
15.8279 31.5686 0.526936817844
16.2783 31.8421 2.19377692804
18.1548 32.9785 0.419417214716
18.5742 32.9747 0.332224652908
18.9063 32.9656 2.39428615875
21.3002 32.9226 2.90912688104
24.2067 32.799 3.9821583306
28.1111 32.0159 1.06111733564
29.1465 31.7837 0.80337789987
29.9383 31.6478 3.07685375993
32.9924 31.2743 4.12903514759
36.7299 29.5193 3.44952359174
40.0625 28.6288 0.860756934332
40.3478 27.8167 0.79609050993
40.4589 27.0284 1.74955569503
40.2652 25.2896 8.69481041369
39.279 16.6509 0.983910631104
39.4937 17.6111 1.11274030214
39.525 16.4988 6.62710338685
43.6509 5.7069 0.86317353991
44.4499 5.3803 10.2145252264
41.3867 -4.3641 22.7700035911
24.5244 -19.6656 1.45663832848
23.1615 -19.1515 3.3077435088
19.8749 -19.5249 2.11382453624
17.7673 -19.687 3.74912630489
14.0211 -19.8351 3.40236130944
10.6193 -19.7733 3.90646494417
6.7149 -19.9003 6.71220719659
0.0057 -20.1012 4.82179383425
-4.815 -19.9985 2.9086817117
-7.5711 -20.9282 1.31260108563
-8.8671 -20.7201 1.30347355171
-9.6128 -19.651 0.818405486296
-10.3283 -20.0483 2.63812165944
-12.9633 -19.92 1.44159599403
-13.6284 -21.199 1.77198293728
-14.2312 -22.8653 0.905954579435
-15.1361 -22.8216 1.33529394891
-16.4674 -22.7184 1.89730253254
-18.3647 -22.7215 1.91679158231
-20.2813 -22.6944 1.2154892554
-21.3836 -22.1822 1.86798494641
-22.5766 -20.7448 2.03110744423
-24.5402 -20.2255 1.20390917432
-24.9351 -19.0882 0.681340274753
-25.6115 -19.0063 2.20809394048
-27.6457 -18.1474 1.3216340265
-27.7708 -16.8317 2.40001028539
-29.6024 -18.3826 3.07966080762
-32.6314 -18.9389 4.98763584978
-27.9075 -17.3385 0.24673880927
-27.7195 -17.1787 1.30020009614
-26.4193 -17.1792 0.672404439307
-27.0496 -16.945 7.72461794524
-33.4212 -21.3122 17.5102450517
-48.2811 -30.5746 5.18938612651
-52.4064 -21.2922 0.192335228182
-52.3124 -21.1244 2.65009153049
-51.146 -18.7448 2.0279401002
-49.2676 -19.5091 1.00363043497
-49.6737 -18.5913 0.691703729931
-49.1079 -18.1934 0.303716479632
-48.8328 -18.0647 0.234145424897
-48.6786 -17.8885 0.964502286156
-48.3057 -18.778 2.24438082776
-46.3196 -17.7327 0.303999506579
-46.0187 -17.776 1.23246382908
-46.4165 -16.6095 1.45076184469
-44.9862 -16.3667 24.6143917434
-23.6955 -28.7188 0.135182728187
-23.8261 -28.7537 11.2729099903
-12.9323 -31.6526 0.388688512822
-12.5697 -31.7926 2.07100386286
-10.9105 -33.032 0.6974017852
-10.2166 -32.9622 0.9728259094
-9.2847 -32.683 1.2466956084
-8.0432 -32.7967 2.29022434272
-5.7555 -32.9042 4.05996257126
-1.6997 -33.088 2.3623234516
0.6608 -33.1808 1.92238165045
2.5313 -32.7372 2.26196000186
4.7257 -32.1885 1.44057919602
6.1336 -31.8834 1.35868668942
7.171 -31.006 1.72206761772
8.6048 -31.9598 0.559952792653
9.158 -32.0465 0.706452723117
9.6668 -31.5564 0.894761342482
10.5249 -31.3029 1.99886558327
11.972 -29.924 0.614196133169
12.5828 -29.8595 0.632893395447
12.8007 -29.2653 5.00994471526
15.5748 -25.0935 4.557400531
15.577 -29.6509 4.126163299
19.3539 -27.9895 5.14833966634
21.9145 -23.5231 1.04431587654
20.9131 -23.8194 5.97751365787
15.4043 -26.1397 6.07754577194
18.6049 -31.3062 1.07778050641
17.8458 -32.0713 0.419444251361
18.2146 -31.8715 0.247437628505
18.4609 -31.8478 0.175960904749
18.5829 -31.721 0.41095588571
18.6872 -31.3235 5.31275813867
23.9952 -31.0987 0.647000193199
24.5131 -31.4865 1.42378730153
25.6643 -32.3243 0.737446472634
26.3632 -32.5596 3.54029022822
29.8089 -33.3725 4.04427277023
33.6921 -32.2425 1.72150203311
35.0179 -31.1444 3.33824890774
38.1555 -30.0045 0.50894256061
38.5248 -29.6543 0.473306549712
38.9526 -29.4518 1.11935990638
39.7258 -28.6424 1.41631799042
40.065 -27.2673 1.71403359652
40.0864 -25.5534 6.07826883249
38.7772 -19.6178 9.44569486803
39.6795 -10.2153 0.945264053056
0.0 0.0 1.98771829493
1.9769 0.2071 0.283693232207
1.9557 -0.0758 0.826390476712
1.1336 -0.1599 0.508138504741
0.6291 -0.2206 4.66187494148
-3.8163 -1.6247 1.6769828413
-4.9096 -2.8963 2.70500315711
-7.0644 -4.5315 1.59031962196
-8.0249 -3.264 6.62813380674
-10.3525 -9.47 0.887324230482
-11.105 -8.9998 1.98702179404
-13.085 -9.1667 0.214624183167
-12.9905 -8.974 1.48310341177
-14.3767 -8.4467 1.05073728876
-13.3838 -8.7905 1.30314912807
-13.9045 -7.5959 2.01339337935
-14.4612 -5.661 2.99516713557
-14.7428 -2.6791 0.462976975669
-14.73 -2.2163 3.23257380117
-16.4933 0.493 0.370863600263
-16.388 0.5378 0.0355494022453
-16.684 0.4715 0.176288882236
-16.5885 0.5106 0.134996481436
-16.7795 0.5276 0.282336111753
-16.5333 0.3894 0.161374378388
-16.7165 0.2496 0.320615813709
-16.5085 0.2351 0.586822579661
-16.979 0.5858 0.656706997069
-16.3228 0.6116 0.141473283697
-16.1815 0.6186 1.06341738278
-17.1822 0.2588 5.56978989999
-22.7414 0.6021 0.927725174823
-23.6596 0.7347 0.033802366781
-23.6838 0.7583 1.18741151249
-22.4971 0.7994 0.600124028847
-22.6205 1.3867 1.61313286806
-24.0036 0.5565 8.48137574925
-20.8578 8.4329 0.835015520814
-27.3307 4.9638 9.28609304121
-19.7256 10.2924 1.374540927
-20.1796 11.5898 19.0774822893
-30.9895 27.3091 8.03938919633
-38.6282 29.8155 10.9882150516
-49.5711 30.8124 3.56630588845
-50.9123 27.5079 0.688823126789
-51.1202 26.8512 1.17686376867
-51.419 25.7129 12.4722548102
-43.8453 15.8035 0.138504187662
-43.7124 15.8425 1.64329430413
-48.0047 13.7141 7.3092639862
-44.2266 7.457 20.2316188423
-25.2059 0.5627 0.993619202713
-24.7613 1.4513 1.11068307811
-25.8712 1.493 0.960358500769
-25.2166 0.7903 22.912381714
-15.5931 -20.0031 0.625825702572
-14.9781 -19.8872 0.415809571799
-14.5625 -19.9004 1.20598866496
-13.3704 -19.7179 3.640994117
-9.8514 -20.6525 4.63001452374
-5.2246 -20.48 4.63637910659
-0.5895 -20.3711 0.643893935365
0.0531 -20.3303 3.8728614047
3.8992 -19.8758 9.1521826435
2.0359 -10.9153 0.357470684113
2.1086 -11.2653 1.5149061027
1.5931 -12.6898 0.873808703321
2.1205 -13.3865 14.5711854895
10.2209 -25.4986 0.748502718766
10.2085 -26.247 2.88880706348
11.055 -29.009 0.689818120957
11.5048 -29.532 3.57180526345
13.362 -32.583 0.454865012943
13.1603 -32.9907 0.396175428314
12.7667 -33.0358 0.205048311381
12.9082 -32.8874 0.536426220463
13.4429 -32.9304 0.345119993625
13.7864 -32.897 1.00687820515
14.7908 -32.9676 0.933470112001
15.7157 -32.8414 3.27070774145
18.9134 -32.1542 2.54774493425
21.4406 -31.8313 0.381230061774
4.8008 -26.9799 13.8269068866
-3.4843 -15.9101 4.58451544332
-7.9462 -14.8569 0.537632774299
-7.8408 -14.3297 1.43934674419
-7.2364 -15.636 0.652208195287
-6.8156 -15.1377 1.54426019181
-8.3561 -15.03 5.30266883937
-4.3552 -11.5499 2.7443044893
-6.4644 -13.3056 1.27210033016
-6.9595 -14.4774 17.1412777041
-15.3333 -29.4341 5.66462598942
-20.9819 -29.8599 1.41577425107
-21.7016 -31.0791 1.93652778188
-22.7652 -32.6974 1.33516862231
-22.425 -31.4063 5.40604178767
-25.9584 -27.3148 1.58958654058
-25.6908 -25.7479 1.49052415613
-25.5959 -24.2604 1.03019930596
-26.4949 -24.7635 1.34924576338
-27.7067 -24.1702 1.11831770978
-27.7888 -23.0549 0.443813023694
-28.2326 -23.0583 0.33505420457
-27.9092 -23.1459 1.4153607738
-26.7778 -23.9963 0.292428743457
-26.7737 -23.7039 1.10595111104
-27.7306 -23.1494 9.45884905102
-30.9125 -14.2418 0.265767191354
-30.8139 -14.4886 2.5043083616
-32.409 -16.4192 1.27490373362
-33.4838 -15.7335 3.27897884409
-41.2324 -11.4577 4.83404028634
-37.7134 -8.1434 0.974753532951
-36.8232 -7.7463 8.74971640455
-31.5532 -14.7309 1.21695694254
-30.4054 -15.1353 16.76027124
-15.3844 -22.5701 2.7373021755
-12.7448 -21.8453 1.56650625597
-11.2876 -21.2704 6.5789952736
-4.7092 -21.1819 0.446103452127
-4.4015 -20.8589 1.20913801528
-5.0208 -19.8204 12.9282684428
-12.7085 -9.4262 13.1100026194
-3.7437 0.1396 0.683953872714
-3.1426 0.4659 0.553574105247
-2.7156 0.8182 3.10337546069
-1.6386 3.7287 0.753646528553
-1.9681 3.0509 1.54937263433
-0.9171 4.1893 1.36409917895
0.3285 4.7454 4.94805921549
-0.3805 -0.1516 1.1924283794
-0.1565 -1.3228 9.71821685753
2.3043 -10.7243 0.918731005246
3.0164 -11.3048 23.6332033227
15.2516 -31.5243 0.884855722703
16.1363 -31.5409 3.11703479929
19.1918 -32.1572 5.04268809466
24.2217 -32.5161 10.8545017762
35.0617 -33.077 5.39059927745
39.6876 -30.3094 0.668176451246
39.0372 -30.1563 10.0856981974
33.0825 -22.0161 0.135760450795
33.1458 -21.896 1.97707209783
34.8746 -22.8552 5.11841822539
39.3458 -25.3465 2.05813376145
40.0695 -23.4198 2.31194107191
39.9851 -21.1094 0.92475307515
39.9088 -20.1878 6.49331377957
39.336 -13.7198 8.93476325876
44.3471 -3.8283 1.31357552124
44.4952 -2.5231 6.08932190396
42.9142 3.3574 1.37423619877
41.543 3.2661 0.832798372957
42.3757 3.2533 1.13955647513
42.0917 4.3569 28.0539761777
23.066 24.9736 4.20022265719
18.8671 24.8682 2.73600775584
16.1411 24.6344 3.65633670906
12.4914 24.8546 3.89534143946
8.6092 24.5349 5.0758495417
3.5408 24.26 4.59982534125
-0.9626 23.3231 1.60789758691
-2.5678 23.23 2.47395732582
-5.0416 23.2579 2.9917449039
-8.0107 22.8905 2.95203478469
-10.9598 22.7589 2.84835958755
-13.7895 22.4334 1.45114556816
-14.6634 21.2749 0.920333531933
-15.3668 20.6814 5.3320774563
-16.9494 15.5896 0.516747994674
-17.3437 15.9236 1.02281534013
-17.9748 15.1187 37.9957882499
-51.4438 20.9712 0.653438482185
-51.5497 20.3264 1.09947829901
-43.5496 23.1427 0.745244456538
-42.8297 22.95 0.211585089267
-42.9953 23.0817 1.32584270937
-43.6433 21.925 2.7089362211
-41.0662 21.0902 8.02538911705
-33.0504 21.4824 0.703511478229
-32.361 21.3422 9.22054998034
-34.0275 12.2735 1.06985367224
-35.892 2.114 3.61595143773
-32.2876 2.4028 0.634580696208
-31.7805 2.0213 4.14762430435
-27.6886 1.3437 3.48206831782
-24.2755 0.6541 3.29713212504
-21.128 -0.3279 4.382570174
-17.1638 -2.1966 0.902542464375
-16.3735 -2.6325 2.76598515
-13.8851 -3.8402 4.45583052303
-9.4457 -4.2225 0.984060567242
-10.3833 -4.5213 0.767649561975
-9.6644 -4.2521 1.01248029117
-9.5641 -3.2446 1.09421374969
-10.5994 -3.5988 0.852427557039
-10.2429 -4.3731 0.406114565117
-9.8399 -4.4233 0.308007305108
-9.5364 -4.4758 2.10205121251
-7.4751 -4.8877 3.16882417467
-4.8903 -6.7208 1.34287384367
-5.4449 -7.9438 7.53807372808
-11.3357 -12.6471 0.575008947756
-10.7834 -12.8071 2.95604925872
-8.0713 -13.983 3.38274724152
-5.086 -12.3921 2.42134766194
-2.7263 -11.8492 0.388145797349
-2.3467 -11.9302 0.209029950007
-2.1593 -12.0228 0.289688004584
-1.9378 -12.2095 0.462226578639
-2.1613 -11.8049 3.71075630566
1.5347 -11.4743 1.20632338119
2.6376 -11.963 16.8146186832
5.9561 -28.4469 3.43265192672
9.1592 -27.2127 1.52448171193
9.2217 -28.7359 0.835916419267
9.7516 -29.3824 1.00562494997
9.9651 -30.3651 4.07336328481
13.1137 -32.9494 3.55291391959
16.6333 -33.4348 1.40879441367
18.0264 -33.6445 2.44167602274
20.4672 -33.7099 0.505764540078
20.9633 -33.6115 1.3712696489
22.3267 -33.4648 1.15691433131
23.4828 -33.5082 2.96850202796
26.4505 -33.4392 0.842977674675
27.2825 -33.3036 0.941544693575
28.2121 -33.1541 3.55224279013
31.7399 -32.7381 3.53181359644
35.2717 -32.7479 4.14887539943
39.1555 -31.2887 2.5588332986
39.9459 -28.855 1.08115660753
40.2159 -27.8081 0.807965209647
40.3026 -27.0048 0.707315042962
40.2442 -26.2999 0.400090239821
40.2244 -25.9003 0.18466369432
40.1026 -26.0391 0.370920004853
40.1257 -25.6689 0.224131434654
40.1396 -25.8926 8.51728356931
38.7454 -17.4902 8.10126403532
40.1538 -9.5123 3.06033578713
0.0 0.0 2.13322741404
1.9536 0.8568 0.868929479302
1.1574 0.5088 0.63738425616
0.5664 0.2701 3.45895104475
-2.3829 2.0773 3.08424501297
-5.102 3.533 0.727857987522
-5.341 2.8455 1.32978109853
-5.4254 4.1726 23.036514999
-11.5505 26.3799 5.14499745384
-15.3523 29.8465 3.63646733108
-18.78 31.0609 3.22300020788
-21.6303 32.5654 2.73648420423
-24.3491 32.2548 1.79849943008
-47.0 9.16 16.9269894503
-38.5601 23.8328 0.549253939449
-39.1091 23.8495 0.837526029446
-39.8859 23.5364 1.23899778854
-38.6883 23.854 5.4128637984
-33.4134 25.0683 19.6769016466
-14.0454 28.5412 0.381559248348
-13.7769 28.8123 0.447427245482
-13.3302 28.7868 0.862383047143
-12.4756 28.6712 0.730650840005
-11.7479 28.7368 0.505997035564
-11.3759 29.0798 1.37255935027
-10.4428 30.0864 1.42518783674
-9.1322 30.6463 4.65394750722
-4.4806 30.4985 1.20753542391
-5.072 29.4457 14.8871397179
-9.0913 15.1114 0.624131148077
-9.4201 14.5809 0.634922121209
-8.909 14.9576 0.438021883015
-8.5391 15.1922 1.0824044392
-7.7675 15.9513 11.2701535344
-2.8588 26.0963 1.14948070449
-3.6033 26.9721 1.24417190131
-3.3997 25.7447 2.00716249965
-3.3344 23.7386 9.71172556501
-3.5768 14.0299 0.244375223785
-3.4863 13.8029 1.47797066953
-2.8494 15.1366 7.0566646151
-0.6064 21.8273 5.59406262836
2.8398 26.2338 0.549585416473
3.278 26.5655 2.63347655581
4.3966 28.9496 2.76526826185
6.69 30.4946 2.92581642794
9.5749 30.007 0.191463965278
9.5631 30.1981 0.303593313497
9.7952 30.0024 6.90894135523
14.5003 24.9432 0.600469049993
14.9951 25.2834 0.974209228041
15.295 24.3565 0.827290759044
16.046 24.7035 0.521026150975
16.5292 24.8984 1.49389129792
17.8332 25.6273 2.09876799337
19.6517 26.6751 1.43701425184
20.9757 27.2337 2.50456190381
23.0445 28.6454 0.704647386996
23.7358 28.7819 0.665901381587
24.3317 29.0791 0.740651584755
24.9663 29.461 1.2517851453
25.4612 30.6108 0.804818314901
26.2118 30.9012 0.0622414652784
26.1576 30.8706 3.98311487407
29.8687 32.3173 3.99388412952
33.7767 33.1411 5.72889529054
39.4114 32.1065 2.93130125542
40.9081 29.5861 1.01710508798
40.9555 28.5701 0.87733106636
40.7043 27.7295 0.632885218661
40.669 27.0976 0.716958645948
40.5791 26.3863 0.937970900401
40.3861 25.4684 0.869458095597
40.1294 24.6377 1.49094678979
40.2182 23.1494 1.19701764816
40.2117 21.9524 1.13599360033
40.7128 22.9719 0.533433454144
40.3758 22.5584 0.551234732215
40.696 22.1097 5.45541770811
40.7099 16.6543 0.875673369471
40.2163 17.3776 0.868934479693
40.1831 16.5093 10.2121995633
40.6697 6.3087 0.929869582253
0.0 0.0 4.1679877459
4.1667 0.1036 1.02440031238
3.1423 0.1028 3.03181834878
0.1488 0.5833 4.04219840804
-3.6966 1.8292 1.96014993559
-13.7726 4.9209 1.10795893426
-14.6756 5.5629 1.08388335627
-13.6604 5.9426 9.79963120173
-4.8309 10.1938 12.0501279035
0.9159 20.7853 2.69798575237
1.9513 23.2767 1.64890132209
3.0507 24.5056 0.841429664321
3.7995 24.8894 0.517970317682
4.163 25.2584 1.52976422366
5.0373 26.5137 3.84915361086
7.6337 29.3553 4.62170531298
10.8857 32.6393 1.66775323414
12.5463 32.7936 0.324579266128
12.857 32.8875 0.335209620984
13.1915 32.9093 0.810200055542
14.0017 32.909 0.473346743941
14.4742 32.8807 1.35282013956
15.7014 33.45 0.885800609618
16.585 33.3876 1.60479163757
18.1896 33.3628 1.33822737231
19.5243 33.2657 2.13264639591
21.6554 33.1845 0.685407098008
22.2939 33.4337 0.811645322786
23.1037 33.4884 0.885548067583
23.9794 33.6201 1.44646825752
25.4245 33.5572 2.18348688569
27.6058 33.6549 2.28645524994
29.2489 32.0649 2.53590677471
31.7468 32.5023 2.06479759056
33.8065 32.6473 3.47100795879
37.2689 32.403 0.685585953765
37.838 32.0207 2.54429817435
39.9642 30.6233 2.45338791266
39.8982 28.1708 1.45367331956
39.9128 26.7172 0.535206969312
39.9235 26.1821 0.413435907971
39.9341 25.7688 0.927159457699
39.9236 24.8417 1.08088682571
39.9373 23.7609 1.70700935264
39.7795 22.0612 9.7618784386
39.6344 12.3004 3.93512289135
40.8895 8.5708 0.793478222764
