0.0 0.0 7.5250493221
-2.4907 -7.1009 13.2705282973
1.0033 -19.9032 0.568939082855
0.6101 -20.3144 0.218798994513
0.4533 -20.467 1.46497865172
-0.0685 -19.0981 0.155592609079
-0.047 -19.2522 1.09671211355
0.7069 -20.0487 1.06003530602
0.2578 -19.0885 15.3995661608
-5.8059 -4.933 17.5825323469
-4.7821 12.6197 6.22960270724
-9.8346 8.9755 11.9300569056
-9.569 -2.9516 0.176142044952
-9.6561 -2.7985 8.24662041081
-12.4697 4.9533 0.711832993054
-13.1732 4.8447 0.773714760102
-12.9279 5.5785 0.452431530731
-12.5256 5.7855 1.42482376454
-11.6546 6.9131 1.90129345973
-9.8287 7.4432 1.84088392084
-11.0632 6.0776 5.40637335466
-15.0753 2.4538 0.947861677672
-14.1493 2.2514 0.965732302452
-13.1865 2.1762 0.215628615912
-12.9712 2.1881 0.389716640651
-12.7103 1.8986 0.526001539922
-12.4804 1.4255 5.90463416648
-6.5844 1.1063 0.298891836623
-6.5491 0.8095 0.180711289077
-6.4102 0.9251 1.33706619133
-6.3168 2.2589 0.247012651498
-6.3193 2.5059 0.361914147278
-5.9652 2.4311 5.36725285505
-0.6067 2.7375 0.637716426008
-0.3347 2.1607 0.919788236498
-0.7675 2.9723 4.6350548616
3.8536 2.6129 0.708054687153
4.5424 2.7769 0.458499127589
5.0 2.7482 0.520372366676
5.4892 2.5708 0.414232603739
5.8773 2.426 1.05104635959
6.8707 2.7693 1.29904132344
7.2717 4.0049 7.65844202498
3.9569 10.9088 9.92006629917
-3.4768 17.4775 3.44718652237
-0.0484 17.1181 0.618184260557
-0.5781 16.7994 1.24304716322
0.3779 17.5939 19.1292535989
14.0172 31.0065 0.955015837565
14.9477 31.2215 3.76943530254
18.6334 32.0116 3.86284994272
22.2496 33.3698 2.26857222058
24.4262 32.7304 2.46540016225
26.7912 33.4268 0.595429130964
27.3865 33.4392 0.282893195394
27.5631 33.6602 0.307653392635
27.2625 33.5947 0.130530954183
27.1353 33.5654 0.705076974521
26.4438 33.7031 0.505691071703
26.8303 34.0292 0.659227039797
26.813 33.3702 0.652000927913
27.4294 33.5827 0.244830145203
27.259 33.4069 0.629174832618
26.6429 33.5345 1.0112841836
27.6378 33.7158 8.50831089289
28.5011 25.2514 1.18285022298
28.1278 24.129 1.47125725827
28.7182 25.4766 3.55995596883
31.9557 23.9961 0.54524032316
32.0583 23.4606 0.43373850417
32.0948 23.0284 0.860998977932
32.1666 22.1704 1.64162188095
30.581 21.7452 0.66686017275
31.1142 21.3447 0.390123070325
31.2522 20.9798 1.48934308002
31.9637 22.2882 3.05534294311
30.0358 19.9179 1.5774240267
31.1874 20.9959 0.75230473214
31.9378 20.9424 0.453601333772
32.3822 21.0333 1.39114951749
33.7569 20.82 0.595159692856
34.3304 20.9791 14.2701292923
28.4915 34.0 18.1153672613
46.4465 31.5949 4.58330285493
48.4056 27.4514 6.35313098558
50.7052 23.243 17.7490550681
37.0602 11.8921 0.254002618097
36.9329 12.1119 1.21766425997
37.8949 11.3654 13.1865092037
45.9026 5.8854 6.64205260217
43.694 -0.3787 4.23452490369
39.5286 0.3833 0.338135135708
39.5922 0.0512 0.529168829392
39.0783 -0.075 15.6501126807
24.0529 4.3026 0.872795674829
24.8531 4.6511 1.09639045964
24.2891 3.7109 25.3070534725
14.9256 -19.8002 5.75829969783
9.5402 -21.8387 1.64915164251
7.9327 -21.4704 4.45183105924
3.5344 -20.7821 4.88525478762
-1.2703 -19.8986 2.88678114342
-3.8199 -18.5447 4.31192748084
-7.3277 -21.0523 1.37034975462
-7.7511 -22.3556 1.0245788647
-7.0522 -21.6064 3.1084294507
-8.6529 -18.9418 2.10249024968
-10.0204 -17.3448 2.960322702
-11.5037 -19.9067 1.40782297538
-12.6685 -20.6974 3.31924919974
-15.8308 -19.6888 2.58870972108
-16.6547 -22.1429 1.01292102357
-17.4659 -21.5363 9.66215416975
-22.2971 -29.9039 0.742911488671
-23.5573 -23.9566 27.7218245224
-47.0 -9.16 13.6997325233
-35.5711 -16.714 1.2773095357
-34.9108 -17.8074 1.03395698653
-34.0144 -17.2921 9.04496815528
-36.5486 -25.9748 0.645456962159
-36.0596 -25.5535 7.70621893797
-35.467 -33.2369 0.169145174333
-35.5442 -33.3874 0.475812778307
-36.0168 -33.4426 1.40120008921
-35.6848 -32.0813 16.5166715803
-28.8523 -17.0441 0.213847141669
-28.6539 -17.1239 1.20211089755
-27.4658 -16.9409 1.42298441313
-27.685 -15.5349 0.640713890906
-27.068 -15.3622 1.30637258085
-26.1056 -16.2456 0.997629690817
-26.8682 -16.8888 0.232294382196
-26.97 -17.0976 1.21678121287
-27.8076 -16.215 7.27525351448
-30.8915 -22.8043 3.00062984388
-27.989 -23.5654 0.771665892728
-27.3814 -23.0897 3.16501451497
-24.2276 -23.3559 1.17520939836
-23.0524 -23.3512 1.95097711417
-21.7085 -21.9369 6.98874449526
-20.9024 -14.9948 0.58735151315
-20.4912 -14.5754 1.18202230097
-19.6366 -13.7588 2.65849356215
-18.3087 -11.4557 0.542883118176
-17.8755 -11.1285 0.793804768189
1.2926 5.04 1.52334249924
-0.2043 4.7574 16.225201645
-8.0974 -9.4185 18.2944985638
-13.5881 -26.8696 7.96438153029
-20.5151 -30.8 15.4086143102
-35.9237 -30.821 6.58869589904
-42.4868 -30.2408 1.84853408137
-44.3339 -30.168 1.05778918977
-45.3345 -29.8249 0.869988195322
-46.2034 -29.7814 1.99427894739
-47.6408 -28.399 0.926968160187
-48.0817 -27.5836 1.50500913618
-49.4422 -26.9401 1.60951551717
-50.1766 -25.5079 13.7937962432
0.0 0.0 2.29404032441
-2.2905 -0.1274 0.924614281741
-1.9474 -0.986 5.89847988723
-1.5301 -6.8697 5.68636148693
-1.8271 -1.1911 0.551856113493
-2.303 -0.9117 0.365650789689
-2.0753 -0.6256 1.22222666474
-0.9282 -0.2037 1.32558046153
-1.1792 -1.5053 17.2044107461
-6.4336 -17.8877 0.822132866391
-7.0742 -17.3724 1.15676051973
-6.4469 -18.3443 0.356575181413
-6.6264 -18.6524 1.37176552297
-7.0321 -17.342 15.2197043391
-11.0605 -2.6651 14.4169142399
-9.4871 11.6657 0.548534894059
-9.8994 12.0275 0.833245438031
-9.133 12.3545 1.40651980434
-9.58 11.0209 0.824626200166
-8.9094 11.5008 0.415738980612
-8.6755 11.1571 0.23329813544
-8.5234 10.9802 0.92556677771
-9.4299 11.1671 0.636883199653
-8.8394 11.4057 9.06964464684
0.2107 12.0008 0.608581999405
0.7378 11.6966 0.5512978596
1.1555 11.3368 0.476494753381
1.6314 11.3606 5.71724147207
6.8248 8.9699 0.602943397012
7.0703 8.4192 0.203595309376
7.2547 8.3329 1.46562631663
8.5716 8.9762 1.34258864139
7.3781 8.3613 20.301116724
-1.4337 -9.9277 0.800732377265
-1.1962 -9.163 23.3255318246
-3.2231 14.0743 0.181916821652
-3.1169 13.9266 1.02221532467
-2.9568 14.9362 1.31158275759
-3.655 13.8259 11.3140196296
-8.9061 5.4132 3.59728729045
-12.498 5.61 10.5351198493
-22.644 8.4468 9.28735184269
-31.7772 10.1319 3.13742019659
-34.8429 10.7989 3.22193322867
-37.9951 11.4656 4.77522067553
-42.5786 12.8051 3.49831652227
0.0 0.0 7.07724315041
-2.827 -6.4881 0.586726725146
-3.3918 -6.3292 0.703234953625
-2.882 -5.8448 15.68173514
-3.6106 9.82 0.997248138629
-4.6027 9.7188 0.914485128365
-3.8823 10.2821 1.0943003701
-3.8814 9.1878 12.3487438167
-8.5171 -2.2578 18.9715517974
-10.7575 16.581 0.246947464049
-10.9072 16.3846 0.053132664153
-10.947 16.3494 2.16413390759
-9.2444 17.6853 1.34519149566
-9.864 16.4913 11.9610731847
-14.4938 5.4626 0.458048927518
-14.9429 5.3725 0.568821325198
-15.2602 5.8446 8.42267065781
-13.0867 13.982 1.07128588155
-12.1055 13.552 0.157887871605
-12.0978 13.3943 0.837587511846
-11.41 13.8723 0.252649203442
-11.2011 14.0144 0.252780260305
-10.9726 14.1225 0.476661913729
-11.2499 14.5102 0.614349648002
-11.8629 14.5509 1.25692148124
-11.3189 13.4178 4.78812008726
-10.6748 18.1624 3.00735635733
-8.3849 16.2129 1.41303852035
-8.928 17.5174 6.84402420948
-15.1907 20.2777 0.577034938284
-14.6893 20.5633 7.86827264525
-7.6832 16.9822 6.39743458036
-12.1621 21.5502 1.55434732283
-10.6175 21.3764 1.84817969906
-9.4523 22.811 0.282334500194
-9.2712 23.0276 0.95862182846
-8.9597 22.121 5.51975147991
-9.9823 16.6968 0.529606231081
-9.7873 17.1892 17.9818154156
-16.1703 34.0 17.8462628965
-18.7584 16.3424 3.00791061702
-18.6012 13.3386 0.937482570505
-19.2086 12.6245 1.04809009155
-29.5378 -13.0168 6.0909782482
-35.6267 -12.8577 7.87183116244
-43.319 -14.5293 3.41216274524
-44.7778 -11.4447 44.950187218
-51.5 33.0 9.35250856455
-48.7589 24.0582 17.4141535714
-43.2224 7.5476 6.61086478609
-47.0 9.16 2.41532475042
-46.5759 11.5378 0.336241460858
-46.2485 11.4612 0.871899191421
-46.8961 12.045 0.811710570339
-46.3444 12.6404 1.30200376344
-47.0556 11.5498 0.632912355702
-46.651 12.0365 0.536053252952
-46.522 12.5568 0.680750651854
-46.9356 12.0161 0.243214884413
-46.9214 11.7733 0.770133657231
-46.4651 12.3937 7.29455151466
-39.1935 12.9719 18.9668506677
-24.189 24.5739 0.998478622706
-23.259 24.9373 3.25679930146
-20.0802 25.6458 5.85879808322
-14.4899 27.3991 6.03282621828
-8.7872 29.3674 5.25477122813
-3.9937 31.5203 3.39846325565
-0.5972 31.4048 2.54807237142
1.9093 30.9464 3.75034867846
5.3604 32.4144 0.700188331808
6.0541 32.5095 0.568912972255
6.6147 32.6064 1.44599619986
8.0557 32.7265 2.26601151806
10.2199 33.3981 1.13577799327
11.3553 33.4274 1.17259343764
12.5229 33.5355 0.742406283648
13.2651 33.518 0.676718449579
13.9286 33.3849 0.66427362585
14.5835 33.4961 11.1620353543
18.0016 22.8703 7.0639233702
11.3179 20.584 1.1812633576
12.1745 21.3974 1.80523639726
13.9776 21.3096 1.57279663339
14.4646 19.8141 1.06279028976
15.079 20.6813 1.51132875312
15.0206 22.1915 11.8990527522
23.7332 30.2957 0.659836494899
24.316 30.6051 0.443272760273
24.7185 30.7908 0.447629333266
25.1204 30.9879 2.30711015125
27.2218 31.9402 0.318671304011
27.4634 32.148 1.05202559855
28.3765 32.6705 0.418295409968
28.6837 32.9544 1.23870992569
29.8319 33.4192 0.225970905207
30.0482 33.4846 0.142983635427
30.1778 33.545 0.673282243936
30.8481 33.6083 0.0353899703306
30.8823 33.5992 0.625945684545
31.5079 33.62 1.19496023365
30.3143 33.563 0.196905180226
30.2165 33.7339 1.52994814618
30.4382 32.2201 7.21114561356
28.6523 25.2336 0.557512331702
29.2087 25.2688 0.408438049158
29.5195 25.0038 1.57732321672
30.9708 24.386 1.14688034685
30.4921 25.4282 11.2517066674
23.2034 34.0 8.50062318892
28.705 27.5198 1.87161217404
29.3952 25.7801 2.64641270402
31.5074 24.1857 0.375575411868
31.1839 23.9949 0.50669320106
31.3861 23.5303 0.58047178226
30.8779 23.2498 1.72054370767
32.5952 23.3554 3.37305515668
31.5499 26.5624 2.20712084853
31.2299 28.7462 1.66115698536
29.5741 28.6129 0.698551995202
29.7033 29.2994 0.464485704839
29.4929 28.8853 7.70265178039
23.7335 34.0 13.5008699749
13.2307 25.5168 10.0497165517
14.8941 15.6057 1.13974030814
15.2615 14.5268 0.924647786998
15.4887 15.4231 8.65991006016
12.1887 23.4296 0.501889559565
12.3454 22.9528 3.05272214589
11.1221 20.1559 0.858454809527
11.9786 20.2138 0.689770229859
12.6557 20.0822 0.426867965535
12.7006 20.5067 1.48477701019
13.952 19.7076 13.9622438061
24.5071 28.8473 2.67522941446
26.0992 30.9972 1.20500320746
26.3395 29.8164 3.56311599867
27.8674 26.5975 0.938431910157
28.3537 27.4001 2.00819792849
30.3011 27.8905 0.452402387262
30.4517 28.3171 0.228646211427
30.4895 28.5426 7.40258178003
25.488 34.0 13.4215561009
13.3676 28.2351 1.219206332
13.8298 27.1069 10.3083388264
16.8388 17.2475 0.635167017406
16.4043 17.7108 7.42980861396
12.3041 23.9068 6.34458730652
14.7961 29.7415 3.66720917593
15.8828 33.244 1.49646399556
17.3621 33.47 6.39441306454
23.4451 31.4988 1.05363895144
24.4603 31.7808 4.69238632787
29.1471 31.5519 4.76965542676
33.8263 30.6274 4.50934646374
38.2975 30.0421 0.769961505531
38.7061 29.3895 0.714848585366
39.3498 29.0786 1.15033307351
40.3921 28.5919 0.76702773092
40.9048 28.0214 0.838773258992
41.5875 27.5341 1.60250179719
41.03 29.0365 1.50243278053
40.1815 27.7966 3.79005901933
39.6191 24.0485 0.70417367176
39.5861 23.3451 0.71258459147
40.0813 23.8575 0.278404058878
40.1102 23.5806 1.45626632866
38.6633 23.7455 0.168114484801
38.8291 23.7177 0.538889543413
39.2804 24.0122 12.006874899
32.6164 34.0 8.9035621568
40.8546 30.6228 1.02397754858
40.4237 29.6939 1.48816729234
40.7954 31.1349 0.183266063416
40.6536 31.0188 3.65425646746
38.5403 34.0 6.56999614992
40.9753 27.8979 1.07337688162
40.509 26.9311 0.520335324574
40.3937 26.4237 1.07926156237
40.1643 25.3691 0.360921390333
40.1323 25.0096 0.509966920496
40.1824 24.5021 0.371001900265
40.2295 24.1341 0.0
40.2295 24.1341 0.115614575206
40.1862 24.0269 0.340100058806
40.1503 23.6887 0.509180999253
40.0318 23.1935 0.515779419907
40.3722 22.806 0.0
40.3722 22.806 15.0912414612
45.7384 22.227 0.873439053398
46.1187 21.4407 1.21582400042
44.9515 21.7811 20.4604678101
25.2064 27.1441 1.72186245676
23.613 27.7967 3.52814956174
20.1277 27.2485 4.43782190945
15.7006 26.9402 3.07425152517
12.6318 27.1232 4.61247975389
8.0196 27.174 2.95143928448
5.0839 26.8696 4.44359020275
0.6429 26.7179 2.1167433288
-1.4725 26.6425 3.46151005487
-4.922 26.9306 2.51688859706
-7.4381 26.9936 0.554872886344
-7.9927 27.011 2.33764346512
-9.3191 25.0861 1.26455909312
-10.2498 24.23 2.43498936343
-12.0292 22.5678 1.37346954098
-13.3709 22.8615 1.79244751667
-31.0228 13.2097 0.355272346236
-30.7088 13.3759 9.91038730727
-27.4541 22.7366 0.586983142858
-26.9581 23.0505 3.19677567715
-23.7749 22.7562 8.55736945621
-23.0973 14.2257 7.26372208306
-17.34 9.7968 3.32876183738
-14.8524 12.0087 0.476617299308
-14.3766 11.9808 0.275487204785
-14.1908 12.1842 0.538062394151
-13.7075 11.9477 0.976604013918
-13.1193 12.7273 0.357711084536
-12.7864 12.5964 0.664016505819
-12.238 12.9708 1.29274299457
-10.9518 13.1007 1.22602266292
-9.7469 13.3273 1.33284010294
-8.5476 13.9088 2.12800132754
-6.6862 12.8775 0.537935646709
-6.3136 13.2655 1.44107825256
-6.9178 14.5738 4.46206531664
-8.2786 18.8233 0.794719906634
-9.0633 18.6975 9.50984470588
-10.7465 28.0572 1.37256526256
-10.0777 29.2558 2.24854923006
-10.6085 31.4408 1.80616474608
-9.071 32.3886 0.50289144952
-9.5035 32.6452 0.404709994935
-9.1898 32.9009 0.473420003802
-8.8853 33.2634 1.58046641217
-10.4245 33.6222 0.200213211352
-10.4732 33.8164 0.371758685171
-10.5636 33.4558 10.3979218717
-10.723 23.0591 5.99001167027
-16.5371 24.5001 10.2539375427
-26.4624 27.0753 17.4430725011
-43.8872 27.8735 7.9698237101
-48.3031 21.2389 3.21026652009
-50.5883 18.9842 0.704105361434
-51.0727 19.4952 2.75155903626
-52.043 16.9204 0.648751608861
-52.2574 17.5327 0.81872932035
-51.6727 18.1058 8.98268377268
-45.9201 25.0048 0.351991619218
-45.6644 25.2467 4.33872039431
-50.0019 25.1438 2.40899287878
-50.7304 22.8476 1.3785144758
-51.4354 21.663 1.17092913962
-50.4075 21.1022 5.13093337805
-47.2953 17.0229 1.19477168112
-47.2424 15.8293 14.1400933607
0.0 0.0 7.57765757012
-2.4668 7.1649 14.599005861
-0.7806 21.6662 0.891042097771
-0.7355 22.5561 1.02002761237
-1.0783 21.5954 17.1789861709
-4.9288 4.8535 7.56483749991
-7.9732 11.7787 0.441097766941
-7.7912 12.1805 1.26815423746
-8.2491 10.9979 8.74507892074
-11.1378 2.7437 0.680599831031
-10.882 2.113 2.20647183757
-10.1574 0.0289 0.375628499984
-9.8713 -0.2145 0.602717081225
-9.2971 -0.3977 0.775811317267
-19.8315 -11.3989 24.2303805527
-37.4873 -27.9936 11.4414391022
-48.822 -26.4344 3.29386945704
-50.7104 -23.7356 0.62220575375
-50.8692 -24.3372 0.794462365377
-50.205 -24.7731 1.05601694115
-41.2058 -6.3255 16.9425216641
-24.4243 -3.9952 10.20796377
-14.294 -5.252 7.00834041197
-7.2857 -5.2758 1.46270853214
-6.6902 -3.9398 1.21992868644
-5.866 -4.8392 19.4927419049
-0.2656 -23.5101 1.13121061257
0.0081 -24.6077 1.0818369794
0.0351 -23.5262 12.5511954052
1.1098 -11.0211 0.85094065598
1.3094 -10.1939 0.80357816048
1.8025 -10.8284 0.559768130568
1.8581 -11.3854 1.39700952395
1.2941 -10.1073 14.1562445504
-2.9838 3.3871 20.9267697615
4.783 22.8192 0.318003930793
4.6171 22.5479 6.21521208005
6.1649 28.5673 0.168936260169
6.1614 28.7362 1.89257818068
7.9878 28.2401 0.815903830117
8.5523 27.651 1.35209182011
7.2825 27.1865 14.9719553219
-3.5521 16.8535 0.847016133258
-4.2793 17.2878 0.42051070141
-4.0684 16.924 9.82624679774
-0.9126 26.2297 8.43003213814
-4.1113 18.4301 0.937153375921
-3.2956 17.9687 8.0194448349
-9.2371 23.3548 0.885347400742
-8.703 24.0609 1.19459830906
-9.4994 23.1705 8.27692682099
-11.7902 15.2169 0.69806496116
-12.4564 15.0084 0.605035874969
-11.8564 15.0863 0.422391394325
-11.4564 15.222 1.26286883721
-10.2067 15.0401 0.654156709054
-10.1851 14.3863 10.0146128158
-9.751 24.3915 0.87854059098
-9.6561 23.5181 8.72626324666
-12.7269 15.35 0.208061457267
-12.9083 15.4519 0.60143109331
-13.1327 14.8939 23.2469526676
-35.235 22.0987 0.783315115391
-34.4706 21.9276 23.295219163
-14.4929 33.9092 0.198498866496
-14.5267 33.7136 0.406818092026
-14.7531 33.3756 0.634923066206
-14.6158 32.7557 0.394269159332
-14.2254 32.8108 1.95314197129
-12.312 33.2028 0.427713513932
-12.0581 32.8586 1.06841348269
-12.9702 32.3022 1.60134541558
-11.5357 33.0139 0.356003721891
-11.7938 32.7687 0.306149016004
-11.5977 33.0038 1.69738046707
-12.7348 31.7436 0.175440502735
-12.5947 31.8492 0.462171245319
-12.9232 32.1743 0.555232942106
-12.8643 32.7264 0.365571333668
-12.5831 32.96 0.697336446774
-11.8975 33.0874 0.071136629102
-11.9676 33.0995 1.24081982979
-12.8167 32.1947 0.324401864976
-12.8156 31.8703 0.699462150513
-12.2045 31.53 7.23545303627
-19.0053 34.0 15.5275928881
-19.3704 18.4767 0.142000845068
-19.4722 18.5757 0.572779765704
-18.8997 18.5936 0.555264585581
-18.4077 18.851 2.9329469361
-16.1839 20.7633 0.630208616253
-15.743 20.313 0.487659850716
0.0 0.0 5.48208810582
0.9666 -5.3962 2.96073756014
-1.9937 -5.3453 1.23062996876
-1.7661 -6.5547 19.1412464957
-5.4946 -25.3293 3.15922364672
-8.5533 -24.5387 2.20611358728
-10.0673 -26.1433 6.16653763469
-14.8977 -29.9765 5.74078796334
-20.6115 -30.5325 3.04648044963
-23.6568 -30.4477 2.52687168254
-26.1371 -30.9306 12.1462681631
-38.2781 -30.5729 9.86746889785
-47.5599 -27.224 3.4727852813
-49.0179 -24.0721 2.93965032614
-50.2899 -21.4219 1.40711842075
-50.8599 -20.1354 1.48000900335
-51.5011 -18.8015 0.0481320059835
-51.5146 -18.8477 0.401000199501
-51.1796 -18.6273 9.41985256626
-46.8562 -10.2582 8.55278005388
-40.0134 -5.1273 14.9672012698
-25.0505 -4.7685 1.18561228907
-23.93 -5.156 8.98707540694
-15.4486 -8.1281 6.85364792866
-8.6018 -8.4344 15.4731798364
-8.7846 -23.9065 0.366238501526
-8.5536 -24.1907 1.40862269256
-7.8091 -22.9949 14.1638385263
-0.3223 -10.9715 0.832438159865
-0.9571 -10.433 1.59027953518
-1.3239 -11.9804 13.246066763
-4.6526 -24.8014 0.285699282463
-4.4188 -24.9656 1.20261605261
-3.7612 -23.9587 11.5671920728
3.2447 -14.7545 0.733556548604
3.8212 -14.3009 0.522754024375
3.7516 -14.819 1.43071950081
2.9218 -13.6535 9.12585926913
-3.0914 -6.7889 0.785504659439
-3.8685 -6.6743 1.22385532642
-2.7354 -7.1368 1.55006910814
-3.0586 -5.6208 9.91393984297
-10.3806 1.0631 6.76559692341
-4.2644 -1.8292 5.88331292046
-7.954 2.7534 5.48660094776
-2.791 0.897 1.11772684498
-3.4227 -0.0251 9.73757675194
-11.7981 -4.9923 0.661534949946
-11.1924 -5.2583 8.01712820466
-3.9996 -1.7174 0.271476149965
-3.7295 -1.6901 1.92211721807
-2.1133 -0.6497 0.429896778308
-1.8165 -0.3387 2.36294579075
-1.67 2.0197 9.51377548663
-8.7901 8.3297 16.9179776599
-10.6548 25.1446 0.370602887199
-11.0249 25.1639 0.948418441407
-10.0844 25.0416 1.37815652232
-10.801 23.8644 0.317275038413
-11.1182 23.8575 0.866211844759
-11.5668 24.5985 0.64814820836
-11.0225 24.9504 0.915906239743
-11.4443 24.1374 20.0921369521
-17.8884 5.1067 21.4612062224
-6.603 -13.1477 0.521774098629
-6.3095 -13.5791 0.253688076188
-6.4987 -13.7481 1.52914000994
-7.2653 -12.425 9.07243370712
-12.9269 -5.3359 2.42905665846
-11.4282 -7.2475 8.95299014408
-4.2446 -12.5909 15.7267868428
4.0856 -25.9303 1.08577141701
5.1287 -26.2317 0.840271729859
4.4894 -25.6864 16.3371327989
-7.8078 -14.9309 9.12968351313
-8.341 -5.8168 0.844337781933
-8.734 -6.5641 5.82813144155
-10.2063 -12.2032 0.51760642384
-10.4367 -11.7397 0.125176874861
-10.3293 -11.6754 2.20839458657
-8.1554 -12.0642 2.1927231745
-6.07 -11.3866 1.35610187302
-4.7625 -11.0268 1.05187470737
-3.7387 -10.7854 1.72824799146
-4.2851 -12.425 13.8684905487
-8.1062 -25.7567 0.254934069908
-8.0529 -25.5074 0.188096597524
-7.8801 -25.5817 1.44836475033
-8.4932 -24.2695 19.4084699995
-15.6936 -6.2461 0.503882466454
-15.5321 -5.7688 0.374190031936
-15.3628 -5.4351 0.264074553867
-15.1024 -5.3912 1.54582001863
-14.1751 -4.1544 1.10390254099
-15.1222 -3.5873 2.38011771978
-20.483 15.419 11.8404817085
-32.0127 18.114 13.002507537
-44.6575 21.1429 4.21852522216
-48.2216 18.8861 2.72708074321
-50.6003 17.5524 1.68803626146
-36.0471 10.0935 1.14269948805
-43.5064 3.7518 0.970906061367
-43.8891 2.8595 1.78321081199
-42.4143 1.8571 0.915936378795
-41.7282 2.4639 0.276814197613
-41.8775 2.2308 0.566286367486
-41.322 2.3408 1.02106536519
-42.2482 1.911 1.20401289445
-41.3403 2.7018 25.2356756884
-20.5295 16.9759 2.48759074206
-18.0436 16.8842 1.73201652706
-16.3502 17.2479 2.95280989568
-13.7584 18.6627 2.03837689596
-11.721 18.7258 3.02705104846
-8.8688 17.7119 12.9819169809
2.5103 11.4632 0.141224997787
2.3868 11.5317 1.16278273981
3.4419 11.043 2.72337797597
4.8213 13.3912 3.18614487116
7.1418 15.5745 9.36275875637
7.001 24.9362 0.563111995965
7.4876 25.2196 2.33174693524
8.6857 27.22 3.77738882431
11.5525 29.6797 0.690295762699
12.0007 30.2047 1.60345974069
12.9882 31.468 1.80204015771
14.5175 32.4212 0.781760385284
15.2462 32.7043 1.11870305712
16.3175 33.0265 0.767994075498
17.0356 33.2988 0.679406689693
17.6992 33.4445 0.646426492341
17.5756 32.81 8.82572677631
18.2784 24.0123 13.1237492852
11.7965 12.601 0.44634960513
12.2419 12.6301 2.78082006789
13.4832 15.1185 1.75159183031
14.9187 16.1222 11.3522015332
17.8249 27.0961 0.260257891331
18.0825 27.059 0.507683858321
18.5526 26.8673 0.722726704917
19.2716 26.9406 1.58180583195
20.5316 25.9843 3.84727611174
23.9148 27.8161 0.551828324753
24.4665 27.8042 1.66914930429
26.0303 27.2206 2.4479337777
26.086 29.6679 2.30477431433
27.5052 31.4839 1.73001286122
26.5987 30.0104 14.8216155624
15.7485 19.9132 4.0681137902
19.7719 20.5147 0.536282556121
20.2712 20.7104 1.80623985672
21.9193 21.4495 0.363157954615
22.2642 21.5632 0.134661427291
22.3975 21.5823 1.53400159713
21.1752 22.5092 0.369809707823
21.4753 22.2931 13.4025960269
8.0904 21.6046 0.856220234519
8.8674 21.2449 0.520635697969
8.4826 20.8942 0.605709080335
9.0876 20.8649 1.30225334709
10.3423 21.2136 1.01174327277
10.0396 22.179 0.478019455671
9.6368 22.4364 0.166441581343
9.6222 22.2706 1.87461155443
10.553 23.8978 9.66521440269
17.9842 30.0779 0.976195523448
18.5945 29.316 7.45231467197
13.7759 23.6311 0.600972253935
14.3706 23.5445 0.591960556118
14.6129 23.0044 19.0990063891
-1.0034 34.0 10.7104543788
-6.6736 24.9136 0.970760866537
-6.0361 24.1815 11.7315136555
1.2518 14.9883 0.386983475099
1.1863 15.3697 0.408520023989
1.5132 15.6147 0.499035319391
1.6152 15.1262 7.52973536122
-4.7338 19.1743 0.528693200259
-5.0219 19.6176 10.3464651142
-2.0009 29.5132 11.4706040804
9.4665 29.7843 2.00130578373
11.3885 30.3421 3.44272481764
13.9201 32.6752 2.21768425616
16.0446 33.3113 0.636584275646
15.7373 32.7538 8.42564906105
14.2802 24.4551 0.480679623034
14.6759 24.1822 5.73072313849
19.8259 21.6685 0.619780969375
20.2941 21.2624 1.15772917386
20.7163 22.3404 0.393738098233
21.1088 22.3716 0.083871330024
21.188 22.344 1.22666367844
20.6377 21.2477 9.1554017192
24.8785 29.3617 1.02513431803
25.7259 29.9386 1.21911806237
24.7908 29.1564 6.9067979998
20.2818 23.9245 0.488062055481
20.7334 23.7394 14.1521692291
33.6192 29.5909 0.855641279977
34.4278 29.3111 4.9698286892
39.158 27.7865 3.02744530091
41.4068 25.7596 0.132597926077
41.3658 25.6335 0.247368591377
41.5029 25.4276 0.480986403134
41.8735 25.121 1.07858236589
42.9481 25.2136 0.460520108139
43.3967 25.1095 0.352234822242
43.7383 25.0236 5.83768971512
43.2703 19.2047 0.532510225254
43.8028 19.208 0.288280505758
44.0797 19.2882 0.0967174234562
44.1596 19.3427 0.352528083988
44.1302 18.9914 10.3900632515
39.0388 9.9343 0.361856449438
39.3543 10.1115 0.166792715668
39.4953 10.2006 0.9633430334
38.5681 10.462 0.118114520699
38.6861 10.4672 1.46302648643
38.64 9.0049 0.651815809873
38.0817 9.3413 1.05302895022
37.3023 10.0494 0.144953647764
37.1583 10.0328 0.798590239109
36.3649 9.9419 0.989860237609
35.4476 10.3139 9.97071794657
27.4282 4.389 0.502484706235
27.8394 4.1002 0.969858881487
28.695 3.6435 1.7007927387
30.3525 3.2622 1.41762325743
30.6374 4.6509 0.901161039992
31.8186 9.6308 0.461953460859
31.3676 9.5308 1.13161093137
32.4667 9.8001 0.912737317085
31.6021 9.5076 14.656038069
17.9023 4.3004 3.68864151281
14.3709 5.3659 3.77835092335
10.594 5.2612 5.27743618057
5.3832 6.0972 4.86559496567
0.5181 6.0278 3.34888098923
-2.8187 6.312 2.02177618939
-4.8401 6.273 2.96439321616
-7.8034 6.1925 2.22230014175
-9.307 4.5561 0.827089964877
-8.5104 4.3336 2.91543923963
-11.3824 3.8322 2.98919336946
-14.286 3.122 2.21240214473
-16.4662 3.4981 2.97221821709
-18.1294 1.0348 3.15080136632
-21.0288 2.2681 1.9841174562
-22.784 1.3429 0.927806709396
-21.8865 1.5781 0.9347902492
-22.433 0.8197 0.915082362413
-23.2552 1.2214 1.16726586517
-22.1424 1.5738 0.536772810414
-22.1872 1.0389 1.80839456425
-20.8559 2.2628 5.19470871753
-15.7338 1.3973 3.19452277031
-18.9241 1.2331 0.0
-18.9241 1.2331 0.518351926783
-18.8927 0.7157 0.780784861534
-19.1447 1.4547 0.915907953891
-20.0464 1.6154 36.3609163958
-45.9397 27.1429 4.27177668541
-48.7788 23.9511 2.26140475148
-50.3817 22.3559 0.998265821312
-51.0625 21.6258 0.722329703113
-51.3269 22.298 1.3548521543
-49.9863 22.102 5.36341542769
-46.6986 17.8644 8.01541465178
0.0 0.0 7.81931167879
-2.0072 -7.5573 0.755895713707
-1.6364 -8.216 1.13300044131
-1.3774 -7.113 14.6286618971
-1.2281 7.5149 0.553669937779
-0.7905 7.8541 0.501636222775
-1.1754 7.5324 11.0867513208
-8.1111 16.1818 1.21687484977
-7.5705 17.272 1.02976987721
-7.0467 16.3854 11.6300244785
-8.5808 4.857 0.41958000429
-8.3291 5.1927 12.928721238
-6.4308 17.9813 0.438647523645
-6.4807 18.4171 1.05965567993
-7.3897 17.8725 0.705439047686
-7.7126 17.2453 3.27648284751
-5.7654 14.6102 11.19207441
-8.7586 3.8258 0.17119827686
-8.8584 3.6867 0.22551948918
-8.6336 3.7047 0.793934537604
-7.8647 3.5069 2.03907731339
-5.9249 2.8784 0.643977949933
-5.2927 2.7558 1.11689802578
-4.1905 2.9364 1.04005203716
-3.9823 3.9554 1.47209126076
-2.5395 3.6632 0.822261041276
-3.1674 4.1941 0.980589098451
-2.2457 3.8594 2.68179510776
8.0218 15.8959 0.952943996256
7.3753 16.596 14.0990755913
-2.588 26.5718 3.99581323387
-6.5212 27.2764 1.13281724916
-9.2304 17.5841 6.37043310929
-11.4442 11.6107 1.28690363276
-10.8706 10.4587 2.25974021958
-9.7691 8.4856 1.45176001116
-11.0438 7.7908 0.617633880224
-10.4482 7.6273 0.312009230633
-10.1362 7.6297 0.711779249487
-9.5319 8.0058 1.39128762303
-10.19 6.78 0.464330884176
-10.5809 6.5294 2.55184778935
-8.2604 7.5911 7.14921371411
-12.8052 13.1098 0.564543178154
-12.2586 12.9686 2.46989373456
-9.8051 12.6845 0.771929562849
-10.1796 13.3595 1.832966189
-8.3512 13.4888 1.27625642016
-7.5465 12.4982 0.966090192477
-7.79 13.4331 14.9662007537
-9.683 28.2791 3.00835654303
-7.8952 30.6986 0.989437092492
-8.8176 30.3406 0.732084366723
-9.3272 29.815 0.497489236064
-9.1249 30.2695 6.16466796267
-14.0327 34.0 8.52840689578
-16.4274 25.8147 1.39003050686
-15.1833 25.1947 0.970902286536
-14.5303 25.9132 0.346477416291
-14.3549 25.6144 0.689665317382
-14.7268 25.0336 0.665456572588
1.0396 -13.911 1.14359427246
1.5577 -12.8915 0.196788134805
1.7398 -12.9661 1.2454150232
0.7491 -13.7208 12.4536331105
-8.7803 -21.7385 0.689522914775
-9.4606 -21.8509 1.662359567
-9.8924 -20.2456 14.6868288834
-11.6407 -5.6632 0.212948561864
-11.6085 -5.8737 0.768540330757
-11.0585 -6.4105 1.05611879067
-10.4198 -5.5694 1.07832609632
-11.4449 -5.2348 4.2444070163
-12.8773 -9.2302 16.5116582974
-17.5635 -25.0629 3.17347510625
-20.5231 -26.2082 8.40191807268
-27.913 -30.2059 1.37916641853
-27.2931 -28.9739 4.14251025949
-30.502 -26.3541 1.37551211191
-31.5534 -27.241 0.633123842546
-31.0148 -27.5738 3.65910770544
-33.4402 -24.834 1.90123208736
-34.7765 -23.4816 1.17550527009
-35.6905 -22.7424 7.60665486794
-37.2107 -15.2892 2.79010684383
-39.9573 -14.7984 5.77630170697
-45.6803 -15.5813 18.3651849373
-51.5 -33.0 8.77424667137
-49.0536 -24.5737 1.05091384994
-49.4242 -23.5903 10.3081562512
-49.0709 -13.2882 8.89191510981
-43.6435 -6.2448 22.6327323859
-21.4316 -1.9006 7.29895745021
-14.4847 -4.1401 6.06536833919
-8.4357 -3.6948 0.455242023544
-8.0036 -3.5515 1.0281772318
-8.4747 -4.4654 18.3009716469
-17.0678 -20.6235 0.831155129925
-16.8776 -21.4326 3.40476441623
-13.5644 -22.2169 1.81573504675
-11.752 -22.1069 3.4776975271
-8.6173 -20.6009 0.200989253444
-8.4385 -20.6927 0.121301772452
-8.3291 -20.7451 1.271332663
-9.1576 -21.7094 8.14668001397
-14.7254 -27.6565 2.03105188757
-12.8878 -28.5216 0.13829464921
-12.7548 -28.4837 1.43089867216
-13.4903 -27.2563 1.0182955023
-14.3906 -27.7321 5.23891693387
-16.1264 -22.7891 0.395041124441
-16.1769 -23.1809 0.425774823117
-15.8291 -22.9353 2.8862722013
-14.681 -20.2872 2.06751181859
-13.0086 -19.0716 0.920241321611
-12.3106 -19.6713 0.860038196826
-12.3907 -20.5276 0.459796520213
-12.7035 -20.1906 0.495466426713
-12.2448 -20.3779 0.464266356739
-11.7897 -20.4697 1.36729320923
-10.4513 -20.1901 0.58393364349
-9.971 -19.858 1.74156939856
-8.2931 -19.3914 0.779608953258
-7.7877 -18.7978 0.505736186168
-7.2824 -18.8188 0.37648135412
-6.9779 -19.0402 0.524400085812
-6.5582 -18.7258 0.335312749534
-6.284 -18.5328 1.37425528924
-6.5836 -17.1916 12.3528316207
-9.6628 -5.2287 0.967502981908
-10.0517 -6.1146 0.813060120778
-9.5593 -5.4676 2.85056292686
-6.7143 -5.2896 1.3595892946
-6.0334 -6.4664 1.05780932592
-6.1118 -5.4115 16.5355340915
-9.6103 10.7497 1.20667852388
-9.4158 9.5588 14.2446478584
-11.1548 -4.5793 0.949500089521
-10.5037 -5.2704 1.22396552239
-9.5603 -6.0502 1.8264051303
-7.7622 -5.7299 1.74073628675
-6.1281 -6.3298 2.24963357905
-3.9891 -7.0266 3.62725539492
-0.7088 -8.5747 1.69398051051
-0.5654 -10.2626 17.3315095687
-6.5627 -26.5234 0.440387692834
-6.1833 -26.747 1.02564996466
-7.1941 -26.9209 0.951774159137
-6.4943 -26.2758 1.2168190416
-7.0966 -27.3331 10.6568517312
-15.4105 -34.0 7.52287587629
-16.7597 -26.5991 9.35696709891
-7.9124 -23.5531 0.852969893959
-7.7904 -22.7089 11.9880882988
-9.1345 -10.7964 7.9004538357
-14.7886 -5.2784 0.131848397791
-14.8106 -5.4084 7.57182861401
-8.2536 -9.195 0.809843546619
-8.46 -9.9781 7.12184984116
-13.8646 -14.6161 2.15018113656
-11.722 -14.4357 0.519600471516
-11.2036 -14.4004 1.82583877985
-10.4411 -12.7414 1.86429909886
-8.5784 -12.8186 1.05140107
-9.0745 -11.8916 10.276747484
-12.0739 -2.0623 2.39698663534
-10.6312 -3.9765 1.22279642214
-11.1897 -2.8887 0.874662563507
-11.5791 -3.6719 8.83582976126
-13.0585 5.0392 3.95013575716
-15.154 8.3877 2.42577661791
-17.4072 9.2863 0.875989663181
-16.9477 8.5405 0.980782978033
-14.4688 12.3013 11.0911857157
-4.0501 8.498 1.03423893274
-3.6125 7.5609 1.09888697326
-3.5122 8.6552 16.2172682348
-1.9188 24.794 5.08639281712
1.8947 28.1598 4.22590198892
5.2008 30.7919 1.51821011721
6.3544 31.7789 0.478467731409
6.6393 32.1633 0.282067686912
6.7796 32.408 0.676390419802
7.406 32.6632 0.234980531108
7.6253 32.7476 0.649942305132
8.0043 33.2756 1.84860645082
7.8753 31.4315 14.1450940075
2.9481 18.1723 1.07569336244
3.692 17.3953 1.09509083641
3.3165 18.424 17.4683575347
13.0979 32.897 1.01378159384
13.8335 33.5946 1.3050189309
12.7139 32.9241 12.1884357036
1.2756 28.7142 11.7107250232
5.0775 17.6378 0.472571370271
4.9938 18.1029 9.33856434898
-0.3411 25.7676 0.264214250183
-0.441 25.523 0.440596833852
-0.0024 25.5649 1.46427091073
1.4585 25.6642 0.866938434954
2.2809 25.3899 0.804391527802
2.4702 24.6081 0.219061726461
2.625 24.7631 0.579008065574
3.0303 25.1766 1.12777665342
3.945 24.5169 1.09234350824
4.8753 23.9444 0.385022648684
4.6315 24.2424 0.277667012805
4.8651 24.0923 0.733735354198
5.4772 23.6877 0.566681356672
5.9298 23.3467 0.288112825122
6.169 23.1861 1.44697066314
4.9019 22.4874 0.596214902531
13.6742 18.0623 0.142150131903
13.7087 17.9244 5.9808364507
10.4503 12.9091 15.4080128978
5.5664 -1.7044 7.79430783136
-0.8887 2.664 3.34091992122
-3.0711 0.1344 3.4970723098
-6.5616 0.3487 2.56660078119
-8.0295 2.4541 2.46016780932
-10.2289 1.3518 2.73018480327
-12.933 1.7283 0.66326071043
-19.1167 14.3804 0.533242393288
-18.5883 14.4521 0.497848099323
-18.1015 14.3478 2.50225700519
-15.7889 15.3034 0.914209390676
-14.9373 15.6359 1.97669025646
-12.9867 15.956 0.549767405363
-12.5281 15.6528 0.407902733504
-12.1841 15.4336 2.97799011415
-9.3565 14.4992 1.87455758247
-8.0767 13.1295 8.65019492555
-11.8148 5.3287 1.15033401236
-11.1513 4.389 13.9681127215
1.2773 -1.9858 1.84684228076
1.3477 -3.8313 0.433366565392
1.6254 -4.164 1.69697027965
2.1756 -5.7693 0.758861911022
2.8462 -6.1245 1.52248510666
4.3149 -6.5256 1.04226018345
3.9884 -7.5154 0.192229992457
3.8218 -7.4195 17.7572545186
-11.2384 -16.8275 0.487623871442
-10.7586 -16.9145 0.840823834106
-9.918 -16.9339 3.32644595477
-6.6735 -17.6677 9.68388695514
2.5345 -14.6693 0.598472488925
2.9729 -14.2619 1.91545012203
4.7698 -13.5985 1.92164103047
6.1744 -12.8078 1.29516470381
5.4624 -13.8897 1.23959479266
5.7026 -12.6736 0.943734162781
4.779 -12.8675 10.6510947137
-4.5752 -7.7739 3.61318138211
-8.1695 -7.405 2.02813322048
-10.1795 -7.1344 4.04164961371
-11.5433 -3.3298 1.3202670336
-12.8483 -3.1296 1.89296265151
-14.7309 -2.9318 2.16317726504
-16.8847 -2.7306 1.05610929832
-17.9401 -2.6919 0.973535926404
-18.9113 -2.6245 2.92108010332
-21.0809 -4.5804 0.1404841984
-21.1319 -4.4495 0.0993645812148
-21.2265 -4.4799 0.572722096658
-21.1193 -3.9173 0.147095649154
-22.3321 -2.2124 10.904512371
-23.403 8.6394 1.83509957223
-21.776 7.7906 1.44296490948
-20.4278 7.2763 10.4228815449
-10.6601 10.9134 15.3876069774
-3.5056 24.5366 0.927000005394
-2.5786 24.5365 1.21726474113
-1.3867 24.7837 0.733896920555
-0.653 24.7667 0.931825439661
-0.5554 25.6934 5.29744543719
3.3126 29.313 3.37863225877
5.6031 31.7967 0.868961736787
6.4424 31.5716 0.396317360205
6.7155 31.2844 0.601837394983
7.1107 30.8305 2.90430635436
8.9783 33.0547 0.52233002977
9.5004 33.0392 1.36033659438
10.7886 33.4763 0.306094919919
11.0929 33.4432 0.224296455612
11.1906 33.6451 0.157289319409
11.2599 33.5039 10.5825082003
15.9849 24.0348 0.13689799122
15.9174 24.1539 0.0
15.9174 24.1539 0.969125838062
15.0082 23.8184 11.6482611874
7.5817 14.8446 0.938508998359
7.7184 13.9161 0.696197134438
8.3918 14.0928 8.14256262917
14.3914 8.5877 3.2254245798
14.939 5.4091 1.34461664797
13.7783 4.7303 0.462637006734
13.9949 4.3215 2.02776555351
14.1294 2.2982 1.84359094433
14.2428 0.4581 0.7483045503
14.6327 -0.1806 2.58017918176
16.0121 -2.3611 2.36310282891
16.5208 -4.6688 2.06006829498
16.8615 -6.7005 1.29137914262
17.5135 -7.8152 0.856647979044
17.2135 -7.0128 0.545478028888
17.2633 -7.556 1.12296910465
16.5633 -8.4341 17.9655452645
3.5565 -20.827 0.927674565783
2.7014 -21.1867 1.27806876967
2.2997 -19.9734 8.44695431502
-2.6685 -13.142 12.4741716078
-1.2822 -0.7451 11.7344821317
-5.7079 -11.613 0.401962709713
-5.715 -12.0149 3.46991513441
-2.335 -11.2301 6.86037056142
2.7932 -6.6731 0.34741515511
2.768 -6.3266 2.9880209504
5.7146 -6.8224 1.38080608342
7.0746 -7.0612 0.544316268359
7.5332 -7.3544 1.53857786933
8.9837 -7.8675 0.764540397886
9.4418 -8.4796 1.18895235397
8.4939 -7.7619 24.6681343958
-8.046 10.5397 0.683760491693
-8.4556 9.9922 12.0268038314
-10.7164 -1.8202 0.0893319651637
-10.8036 -1.8008 1.13508101032
-10.5813 -0.6877 10.372050159
-10.9144 9.679 0.549824562929
-10.3872 9.5229 1.03340404973
-9.406 9.1986 8.86347947084
-10.1893 0.3698 7.54222340494
-8.7743 7.7781 0.385163367936
-9.0724 8.022 11.4782383583
-7.3674 19.3729 0.611678845474
-7.7124 18.8678 6.34231310801
-8.3674 12.5594 0.489525688805
-8.7078 12.9112 1.72521217536
-7.4297 14.07 1.57431933863
-4.1414 26.2986 3.06995733684
-5.9032 28.8127 2.77660432363
-7.8618 30.7808 2.86587390686
-10.7141 30.5022 1.13643291047
-11.7671 30.0748 2.74946529529
-13.6821 32.0477 1.84717223074
-15.3352 32.8719 1.89241319484
-19.67 32.7054 12.2413537638
-19.5646 20.4645 1.10868984391
-20.5767 20.0119 3.77253512774
-22.9712 22.9271 2.45038136828
-25.369 22.4222 2.89152504053
-27.6481 20.6427 14.1635581949
-38.0188 30.2892 12.7083187499
-50.1579 26.5284 3.40825248478
-51.4627 23.3798 1.14262859233
-51.2786 22.2521 2.44952703394
-51.4573 19.8091 11.9828036227
-47.6358 8.452 41.6317228282
-51.5 -33.0 7.60667717338
-50.2659 -25.4941 0.751563304054
-50.9221 -25.1277 0.738580598175
-50.454 -25.699 0.336710691841
-50.6645 -25.9618 1.53826213631
-50.1813 -24.5014 5.52640902033
-48.8878 -19.1285 0.611832174702
-48.2768 -19.1604 14.2099805207
-51.5 -33.0 9.79428864441
-50.7483 -23.2346 10.308415368
-47.6615 -13.3992 1.07766180688
-46.6331 -13.0771 1.51878184082
-47.5753 -14.2683 0.288760056102
-47.8062 -14.4417 1.44280049903
-46.9234 -13.3005 28.3163961656
-24.4364 3.9086 11.773777503
-12.9402 6.4501 0.944526473954
-13.1803 5.5366 1.08820491636
-12.694 6.5101 19.25791002
-4.7487 24.0526 0.101742075859
-4.7946 23.9618 9.00114292521
-7.2086 15.2904 7.43675488906
-5.6324 22.5582 4.50008494364
-1.5701 20.6221 0.598993163567
-1.0001 20.438 0.505266038835
0.8007 19.104 1.39614211311
-0.4137 19.7928 6.25082846109
-2.4259 13.8747 1.91793283772
-4.2993 13.4638 0.397545481675
-4.4688 13.1042 0.111276322729
-4.5249 13.0081 0.0661841370723
-4.4846 13.0606 0.06506919394
-4.4432 13.1108 0.0563468721403
-4.4108 13.0647 0.0249419325635
-4.4341 13.0558 0.784753337043
-4.3133 12.2804 1.23742577959
-4.5317 13.4984 15.6767362834
-11.7864 27.3955 5.3784777484
-12.7247 32.6915 0.158524982258
-12.7418 32.5339 1.66100468994
-13.1721 30.9296 4.53317965671
-14.3643 26.556 0.0758963108458
-14.4399 26.5627 0.205372076973
-14.6439 26.5864 0.124149345548
-14.6474 26.4623 0.718044079427
-14.4827 25.7634 0.049560972549
-14.5312 25.7736 1.35981562353
-13.5099 26.6714 0.631978243296
-14.0504 26.9989 4.05552325724
-15.2684 30.8672 0.563243925844
-15.7498 31.1596 0.830231293074
-16.2566 30.502 0.0814033168857
-16.3241 30.4565 0.106987709575
-16.3332 30.5631 0.0603135971403
-16.3369 30.6233 0.111292946767
-16.2893 30.5227 0.0510423353698
-16.3049 30.4741 0.13365245976
-16.2952 30.6074 0.0626260329256
-16.2871 30.6695 0.13277710646
-16.2347 30.5475 0.0239106670756
-16.2521 30.5311 0.0449728807172
-16.2837 30.4991 0.122588743366
-16.2653 30.6203 0.105484643432
-16.2754 30.7253 0.18150440766
-16.1875 30.5665 0.0411734137521
-16.2236 30.5467 0.0605875399732
-16.2703 30.5081 0.101128532077
-16.261 30.6088 0.0919457448716
-16.2581 30.7007 0.153696616749
-16.1938 30.5611 0.0291398352775
-16.2186 30.5458 0.0504250929598
-16.2549 30.5108 0.117850965206
-16.2446 30.6282 0.107641070229
-16.2518 30.7356 0.193844705886
-16.1697 30.56 0.0397141032884
-16.2086 30.552 0.0563071931462
-16.2431 30.5075 0.106622699272
-16.2409 30.6141 0.0869741340859
-16.234 30.7008 0.155060310847
-16.1697 30.5597 0.0306323358561
-16.2 30.5552 0.0469890412756
-16.2354 30.5243 0.111141891292
-16.2158 30.6337 0.0945611442401
-16.2192 30.7282 0.166425989557
-16.1512 30.5763 0.030026155265
-16.1803 30.5689 0.0479842682553
-16.2096 30.5309 0.122489387295
-16.1933 30.6523 0.105454492555
-16.2041 30.7572 0.193745012839
-16.1269 30.5795 0.0249839948767
-16.1505 30.5713 0.0449694340636
-16.1805 30.5378 0.11578911866
-16.1571 30.6512 0.0931558908497
-16.164 30.7441 0.172102353267
-16.0911 30.5882 0.0305132757992
-16.1216 30.5873 0.0445381858634
-16.1514 30.5542 0.111296406052
-16.1299 30.6634 0.0919980978064
-16.1373 30.7551 0.171259131143
-16.0673 30.5988 0.0307358097339
-16.0978 30.595 0.0465679074041
-16.1234 30.5561 0.122720169491
-16.1084 30.6779 0.0904712108905
-16.1154 30.7681 0.178845687675
-16.0481 30.6024 0.0248243831746
-16.0716 30.5944 0.04511064176
-16.1017 30.5608 0.117867764889
-16.0808 30.6768 0.0978491185448
-16.0862 30.7745 0.159756815191
-16.013 30.6325 0.0268793601114
-16.0385 30.624 0.0468002136747
-16.0636 30.5845 0.118074256297
-16.0463 30.7013 0.0843095486882
-16.0546 30.7852 0.155572748256
-15.9938 30.642 0.0279213180205
-16.0176 30.6274 0.0498600040112
-16.0475 30.5875 0.119289312178
-16.0338 30.706 0.101882530397
-16.0379 30.8078 0.181389773692
-15.9604 30.6438 0.0280643902481
-15.9873 30.6358 0.0453930611437
-16.0176 30.602 0.119358996309
-16.0025 30.7204 0.101149394462
-16.0109 30.8212 0.188694144053
