0.0 0.0 8.47454052147
-2.9044 7.9613 1.56656687696
-2.3987 9.444 14.0268334007
3.7763 22.0385 0.963476839369
4.0954 22.9476 1.11182446456
3.6434 21.9318 20.9797111667
-8.3826 4.741 0.57428438948
-8.6542 5.247 18.6935352486
-4.077 23.3715 1.04715294489
-3.153 23.8642 3.05141478826
-0.436 25.2531 3.96029866803
2.4617 27.9526 1.12932377111
43.5358 -9.4242 15.2525260587
28.3409 -8.0996 16.2838276965
16.4652 3.0418 0.401160329544
16.2371 3.3718 5.81327467182
10.4375 3.7703 1.44042666249
9.6231 2.5822 2.00530849746
7.6292 2.7958 7.43886351871
4.5565 -3.9788 0.272000073529
4.3517 -3.7998 4.09280107995
0.3089 -4.4376 4.12576723168
-3.7561 -3.7321 7.78435973603
-8.099 2.7282 2.22021240425
-10.3156 2.6016 5.38946462091
-15.6859 3.0557 4.38510147773
-19.7323 1.3658 5.08336257314
-24.5915 2.8587 1.81287740622
-25.7547 1.4682 5.9828121448
-31.7287 1.1436 1.4714368522
0.0 0.0 8.94480445957
-3.5251 8.2209 1.16880346509
-2.8828 9.1974 19.5029125215
10.7373 23.1565 4.1256000303
14.4233 25.0096 3.18153434839
17.3674 26.2156 1.22587807306
18.3911 26.89 1.15525810536
19.1563 27.7555 1.09544150916
20.076 28.3506 0.457343689144
20.4231 28.6484 0.788501166771
21.0328 29.1484 0.491628416591
21.2885 29.5683 1.54547142969
21.754 31.042 2.6444739458
24.1613 32.1366 0.650555093747
24.8065 32.2199 0.529374272136
25.3309 32.2923 4.01496799116
29.3448 32.3849 0.731801954083
30.0761 32.412 1.46905794304
31.5401 32.5338 4.05884777
35.5972 32.4147 4.36144180862
39.6868 30.899 0.550680061379
39.8221 30.3652 2.18054014639
40.5263 28.3015 8.9008423152
39.4087 19.4711 1.26611508166
39.6823 18.2349 9.42492363152
0.0 0.0 2.07056994086
2.0288 0.4138 0.0973497817152
1.9671 0.3385 2.46099835433
0.3422 2.1868 1.94070202247
-1.5675 2.5323 2.43138563169
-3.811 1.5951 0.29892335138
-3.7971 1.8937 1.0436691286
-2.7537 1.9174 0.371949485818
-2.9326 1.5913 1.3770757786
-4.0169 0.7424 5.16973426203
-2.5414 5.6971 2.4295314466
-4.6133 4.4283 0.985769369579
-5.5928 4.3173 0.445948573268
-6.0265 4.2135 10.5449675931
-11.1592 -4.998 0.981702363245
-12.1129 -5.2308 1.7283914979
-13.6823 -5.9549 0.498795288671
-14.173 -6.0444 0.755997943119
-14.9022 -6.2439 1.09084646949
-15.6111 -5.4148 1.28579142943
-16.4869 -6.3562 0.669321596843
-16.2237 -6.9716 0.892409530429
-16.7156 -6.227 1.05659249477
-15.7855 -5.7257 7.25751701686
-23.0426 -5.6479 0.917517367683
-22.8952 -6.5535 0.829333449223
-22.4838 -5.8334 1.18982691178
-23.5876 -6.2776 0.842212235722
-23.3608 -5.4665 1.42739194687
-22.2224 -6.3276 5.05062496133
-25.6949 -9.9951 0.634047979257
-26.1059 -10.4779 1.58694941633
-27.0845 -9.2286 6.61092769587
-32.8255 -5.9506 0.212323456076
-33.0373 -5.9357 0.308989077477
-33.3337 -6.023 0.407280357985
-32.9272 -6.0482 1.38169207134
-32.5399 -4.7219 4.93088633006
-27.7427 -5.8623 3.27151644349
-27.5747 -9.1295 1.88600883349
-25.8401 -8.3891 1.92735851621
-24.0644 -7.6397 0.68337688723
-24.5558 -7.1648 8.47610350397
-29.3943 -14.1242 2.5022501114
-31.6172 -12.9753 1.73397753734
-32.8113 -11.718 0.849962499173
-33.63 -11.4896 2.18327153602
-35.1918 -13.0152 2.00182851663
-36.8172 -11.8467 1.64921153586
-38.3359 -11.2037 1.18500179325
-28.6853 -4.5898 1.89460616752
-28.8836 -6.474 0.96633460561
-29.7837 -6.1224 7.37401622795
-47.0 9.16 11.5730158373
-42.9706 20.0089 14.4207940797
-31.8941 10.7747 1.42927004096
-30.475 10.6045 1.19387939089
-30.7066 9.4333 0.332682205716
-30.8875 9.7125 1.33166392908
-30.2214 10.8656 20.7047579684
-16.9761 26.7794 0.308636906413
-17.1368 27.0429 0.165029209536
-17.181 26.8839 0.550689976302
-16.6338 26.9458 2.52064033333
-14.5123 28.307 0.576762776191
-13.936 28.3301 3.11864825205
-11.1164 29.6627 0.675457903944
-10.4427 29.614 1.97853647932
-8.5951 30.3218 0.788019320829
-7.931 30.746 0.690939802009
-7.3576 31.1315 2.0374040959
-5.5629 32.0959 2.88330677521
-2.7039 32.4695 1.41562022096
-4.1189 32.4276 0.0849602848394
-4.2038 32.4308 0.741332833483
-3.5377 32.7562 1.20018469412
-2.4776 32.1935 0.920283782319
-3.3896 32.0703 9.20478802472
-12.2853 29.705 0.410055240181
-11.8876 29.6051 6.80245705315
-5.0912 29.8921 2.76715056511
-2.3624 29.433 2.56920551922
0.1816 29.074 0.588514366859
0.7696 29.0494 2.25851642013
2.6885 30.2405 2.66894906096
5.0707 31.444 10.9629654807
13.0805 23.9587 0.347958115296
13.2399 23.6494 0.536112021876
13.0058 23.1671 0.324249548959
13.2697 22.9787 1.30188650811
14.5405 22.6959 1.28784686201
14.6682 21.4144 12.0007785952
14.5315 33.4144 0.392008226954
14.3602 33.767 3.44147592902
17.6258 32.6809 0.357414619175
17.9797 32.7309 0.26803964259
18.2456 32.7647 3.27717534014
21.4981 33.1661 0.758029715776
22.1752 32.8253 0.237844676207
22.4127 32.8381 0.534777869774
22.9471 32.818 3.38970898161
26.3358 32.7353 4.49219770825
30.8258 32.5948 2.1847102737
33.0085 32.5011 4.26158855358
36.8325 30.6201 4.35493926134
40.4016 28.1247 0.534017462261
40.4128 27.5908 1.0053315672
40.3094 26.5908 1.212100264
41.2221 27.3884 0.914194623699
40.6451 26.6793 1.9817857856
40.4474 24.7074 0.777593807846
40.7696 23.9997 0.69421334617
40.6897 23.3101 0.951685294622
40.5886 22.3638 0.0637897327162
40.5278 22.3445 0.13142575851
40.5355 22.2133 0.437100732097
40.5883 22.6472 5.82266307543
40.2858 16.8324 8.61608495896
43.4249 8.8085 1.06881115731
42.6329 8.0908 1.1080262542
43.3356 8.9475 0.402130028722
41.1421 -2.5741 1.52498886881
41.0105 -4.0934 0.383908791251
41.3295 -4.307 1.47737027518
40.4017 -3.1573 29.0774677113
22.8102 19.9952 2.66866656778
21.3913 22.2554 1.0785063004
20.6341 21.4874 15.2268294799
8.2665 12.6049 4.2982959705
4.0694 11.6777 4.02426496394
0.0927 12.2946 5.22471734068
-5.1053 12.8223 1.66457973675
-6.1224 11.5046 20.0414031644
-15.6023 -2.5205 0.510254769698
-15.1676 -2.7877 0.540644624499
-14.8391 -3.2171 0.469568791552
-14.6164 -2.8037 0.500517182522
-14.1483 -2.9809 0.427140281406
-13.9594 -2.5978 0.241122582932
-13.7191 -2.6177 0.0358096355748
-13.7548 -2.6205 0.263179957444
-14.006 -2.699 1.06691991265
-14.7667 -1.9509 6.91263003567
-17.0487 4.5742 0.677617310877
-16.3796 4.4671 0.368778320946
-16.0892 4.2398 0.352809367789
-15.7654 4.3799 0.323079324625
-15.5123 4.5807 2.4420891159
-15.3018 7.0137 2.18635880404
-13.3539 8.0066 0.456110600622
-12.9821 8.2708 0.504171449013
-12.6195 8.6211 0.327695529417
-12.3851 8.8501 0.242016073846
-12.2074 9.0144 0.339938950401
-11.9834 9.2701 1.90863575624
-10.6732 10.658 0.558496553257
-10.288 11.0624 0.384570539693
-9.9537 11.2525 1.22519030359
-11.0175 11.8603 1.19422507091
-9.9989 11.2369 8.67376650135
-2.2183 7.4033 0.767316082198
-1.5289 7.7402 0.432904804778
-1.1378 7.9258 5.66720386787
4.425 9.0086 1.40586622763
5.8251 9.1358 3.49765554193
9.2853 9.6463 1.37298412591
10.6499 9.7978 5.17566372652
15.8125 10.1653 1.70125560984
17.2349 9.232 0.319585935235
17.3488 8.9334 0.0950710260805
17.4437 8.9391 2.91607042782
18.9012 6.4134 0.52430926942
19.3922 6.2295 0.796214468595
20.129 5.9277 2.54051691787
22.0335 4.2463 1.21123674399
22.7456 3.2665 1.71114008778
24.4354 2.9971 2.19646528996
25.7138 1.211 1.01394047656
26.7258 1.2737 0.323323522188
27.0491 1.2698 0.151046516014
27.1867 1.2075 0.453565364639
27.5792 0.9802 0.571077796802
27.9485 0.5446 0.323897823395
28.1477 0.2892 0.498784783248
28.5926 0.0637 1.6527717235
30.0187 -0.7717 0.585583136711
30.5367 -1.0448 0.901509678262
30.7016 -1.9311 0.212847785988
30.6629 -2.1404 0.806732675674
30.9748 -1.3964 0.373044045657
30.6129 -1.3059 0.716987587061
30.6865 -2.0191 7.97146021755
31.3595 -9.9621 0.593019131226
31.6482 -9.4441 9.48468327621
27.206 -1.064 0.733898208201
27.4957 -1.7383 0.617164783506
28.1003 -1.6144 1.2154368803
27.1419 -2.3619 0.633823358673
26.7348 -1.8761 1.29149724351
27.586 -2.8474 3.08985385577
29.7283 -0.6208 0.67873791702
30.3037 -0.9808 1.0369202573
31.2408 -1.4247 0.239093789129
31.473 -1.3677 0.183949041857
31.6557 -1.3463 0.422120421207
31.9715 -1.6264 0.454083979017
32.2614 -1.2769 0.255012627138
32.3776 -1.0499 0.211760714015
32.393 -0.8387 1.45652106404
33.7211 -1.4367 0.382773248804
34.0751 -1.2911 1.24157645757
35.1724 -0.7102 0.748640701538
35.6003 -0.0959 0.212479763742
35.8125 -0.085 0.152991829847
35.9248 0.0189 1.59879340754
34.3292 0.1199 0.150183920577
34.2803 -0.0221 0.595637347721
34.4876 -0.5805 0.180831026099
34.5251 -0.7574 0.634019589603
34.4771 -0.1252 0.139611532475
34.3398 -0.1505 0.689619815551
34.8723 -0.5887 1.22818045091
35.7122 0.3074 0.775419041551
36.0784 -0.3761 0.47590177558
36.2463 -0.8214 2.39394672038
32.8664 1.1058 1.47227402341
32.085 -0.142 0.259345811611
31.8322 -0.0841 0.405893298787
31.4781 -0.2825 0.743564744995
30.7543 -0.1122 1.42947075521
31.8853 0.762 6.88061131296
37.5503 4.6672 1.05073176882
0.0 0.0 1.99197915903
1.8729 0.6784 0.110973735631
1.882 0.5678 2.56083289576
-0.0476 2.2514 3.10858298908
-2.1784 4.5148 1.72978842926
-3.2724 3.1749 1.25927468409
-2.5512 4.2072 0.421960057351
-2.9527 4.337 0.887523796864
-3.1842 3.4802 1.26171966776
-1.9228 3.5086 0.484929242261
-2.3322 3.7685 0.735737901701
-2.9327 4.1936 7.34224052997
-4.4143 11.3848 2.52983348859
-6.9401 11.242 0.231426813485
-7.0175 11.0239 1.02455495216
-6.0209 11.2616 18.2486631428
11.5716 6.4121 1.09551512084
10.6393 6.9874 7.33922576094
4.7467 11.3625 1.84482701899
2.9124 11.1657 1.12780152953
2.3049 12.1159 0.879270771719
3.1102 12.4689 0.77293407869
3.5877 11.8611 9.3341348876
12.8736 10.9134 9.75001439435
19.9886 4.2471 0.414356682099
20.3925 4.3396 0.847744118234
19.7005 4.8293 12.1408670568
22.8713 16.5488 2.02627968455
22.6103 18.5582 2.15139394115
22.3733 20.6965 3.48375660746
20.2012 23.4202 2.16031157012
20.282 25.579 0.507839315138
19.8089 25.7636 1.1018525945
20.3506 26.7231 2.35954426108
20.1342 29.0727 2.01741711354
19.9512 31.0818 0.322871026882
19.7215 31.3087 1.02018502243
20.0307 30.3365 2.26179074187
20.5937 28.1459 1.96617457262
20.1896 26.2217 1.76961252821
20.0311 24.4592 0.776866848308
20.015 23.6825 1.23223914075
19.9669 22.4512 0.590579004029
20.0403 21.8652 0.747189467271
20.1674 21.1289 1.83851073698
18.7527 19.9547 8.42532942561
14.262 12.8259 0.548884723781
14.2058 12.2799 1.22099584356
14.5092 13.4626 0.118049184665
14.3937 13.4382 1.49849766433
13.8424 12.0448 18.1345056125
3.2774 -2.6943 0.686932696849
2.6452 -2.4256 1.85522235056
0.9093 -3.0802 2.6000744547
-1.6881 -2.9623 0.868896409246
-2.556 -2.9207 0.801375149353
-3.3358 -2.736 7.62232059481
-8.3471 3.0074 2.21780340427
-10.3408 2.0359 5.10949460221
-15.4386 2.3814 1.19116550068
-16.3937 1.6696 1.61688048414
-19.9448 -1.5257 0.785145445125
-20.0244 -2.3068 1.25837728047
-19.0281 -1.5381 5.77604589057
-24.5634 -3.1883 0.531189796589
-25.0596 -3.3779 15.7671208066
-12.1823 5.7203 4.8033968033
-14.8336 1.7149 9.28738737213
-20.6224 -5.5477 7.87803281283
-22.0424 2.2013 1.50008700081
-23.5073 2.5243 0.690312306134
-24.1931 2.6031 1.0106398963
-25.1861 2.7911 1.46707599326
-25.6512 1.3997 3.17252526546
-28.6346 0.3207 0.581159272489
-28.6115 -0.26 2.29486634033
-30.2019 -1.9144 2.70465348797
-31.9024 -4.0176 0.486590104708
-32.3887 -4.0008 1.7406385179
-34.043 -4.5422 0.83450273217
-34.827 -4.2563 1.16865102148
-34.7545 -3.0899 0.727552005014
-35.1031 -3.7285 24.1685476885
-36.89 -27.8309 1.44395218757
-37.6156 -26.5825 2.21048502596
-39.401 -25.2792 3.16310525433
-41.3996 -22.8275 0.830248258053
-40.6637 -23.2119 0.734899700639
-41.3968 -23.2633 2.81142653114
-42.2635 -20.5888 2.54487535451
-40.8684 -22.7172 5.03058204386
-41.3641 -27.7233 0.309419149375
-41.3416 -27.4147 1.63508079923
-41.6965 -25.8186 1.24489797976
-41.9778 -24.6059 2.70778680291
-43.0894 -22.1368 1.76387218641
-44.2041 -20.7698 0.935656331139
-44.226 -19.8344 14.2251813247
-45.5266 -34.0 7.64039187804
-39.3577 -29.4922 1.25888088793
-38.243 -30.0772 0.736208190663
-37.5245 -30.2377 0.64214647083
-37.5805 -29.598 0.408867081091
-37.3575 -29.9407 4.57918389345
-35.2383 -34.0 7.13799385332
-41.6156 -30.7936 0.477366410632
-42.0631 -30.9598 0.489293572408
-42.1667 -30.4816 1.21058416064
-41.0807 -29.9467 0.864435243381
-41.9442 -29.9065 2.67654333983
-39.3962 -29.087 1.41590936504
-38.8165 -27.7952 1.06570915826
-39.7141 -28.3697 2.5151228141
-41.1975 -26.3386 2.85355349345
-41.5748 -23.5101 3.48433815954
-43.3463 -20.5097 1.70674242345
-41.6756 -20.8586 0.619933835179
-42.217 -21.1606 1.40168048428
-42.6693 -19.8339 6.22955324562
-44.5803 -13.9047 0.404742201901
-44.8423 -14.2132 1.54800478035
-45.9401 -13.1218 20.6411076072
-51.8549 -21.5246 14.5980093263
-41.5272 -11.2076 1.81322764704
-39.7635 -11.6285 1.09296002214
-38.7735 -11.1654 20.531287005
-20.6147 -1.5846 0.320270651169
-20.3122 -1.6898 7.51111637508
-13.572 1.6248 4.8714434678
-8.8325 2.7509 5.38502336671
-3.459 3.103 5.34224844986
1.8713 2.7459 1.58492523483
3.4097 2.3647 4.00444115452
7.2777 1.3283 3.04168986256
10.3188 1.3882 0.698160010313
10.9512 1.0924 2.11353312016
12.8552 0.1749 2.33300297685
14.9912 1.1132 0.77794303776
15.7688 1.0901 3.99866411318
19.5125 -0.3149 0.590906938528
20.0155 -0.625 0.607208777934
20.594 -0.8095 2.35389179233
22.2899 -2.4419 15.8106396183
24.6566 -18.0744 0.658576312966
24.8642 -18.6994 3.04402985859
26.7649 -21.0771 2.32774627913
28.9656 -21.8356 3.92935345827
31.5528 -24.793 1.11559213425
30.9903 -25.7564 0.470530679127
31.4449 -25.635 1.80410077878
33.187 -25.1661 3.03907686313
36.2207 -25.3468 1.55270939007
36.8438 -26.769 0.340165195163
37.1838 -26.7796 0.337205945974
37.5046 -26.8835 0.229514814337
37.5494 -27.1086 1.54581894477
39.0933 -27.1856 0.427233917193
39.3954 -26.8835 0.3243499499
39.6246 -26.654 0.270228070341
39.8085 -26.456 0.408218385181
40.0861 -26.1567 0.851737195384
39.9061 -26.9892 0.533889951207
39.9159 -26.4554 6.16608754073
39.3493 -20.3154 0.899058852356
39.7574 -19.5143 10.9755920341
40.4245 -8.559 1.0891590747
0.0 0.0 2.01829727246
1.9928 0.3198 5.98719489995
-2.9018 3.7679 3.86505809141
-5.802 6.3228 0.174855368805
-5.9392 6.4312 1.70456633781
-7.4784 5.6988 1.57762789339
-8.8983 6.3864 1.01375941919
-9.6079 5.6624 1.58423584734
-8.2388 6.4595 14.1759499167
-14.4038 -6.3057 3.02298828645
-11.4711 -5.5724 2.31133284492
-9.2955 -6.3528 0.624344584344
-9.8405 -6.6574 9.95258393835
-11.3516 -16.4946 0.550113915476
-10.8382 -16.6922 0.25971062743
-10.6167 -16.8278 0.467233399919
-10.2263 -16.5711 0.503156953644
-10.1339 -17.0657 1.55123894033
-11.4739 -16.2842 9.34997870051
-18.4902 -10.1041 1.12922845341
-19.6173 -10.0348 0.88637260788
-18.8939 -10.547 7.97446954537
-11.3697 -13.1887 0.837503731335
-11.3672 -14.0262 0.500313551685
-10.889 -14.1733 0.300358469166
-10.5979 -14.0993 0.315462533433
-10.291 -14.0263 0.754416383703
-9.5772 -14.2705 0.606621669577
-9.0265 -14.0161 0.708180040668
-8.3806 -14.3065 0.583321403688
-7.9437 -13.92 0.33548323356
-7.6649 -13.7334 0.209138351337
-7.5006 -13.604 2.24344058312
-5.6413 -12.3486 1.40687645868
-5.4917 -13.7475 14.3383569648
-8.092 -27.8481 0.726598898981
-7.3656 -27.8311 3.23078240833
-4.1355 -27.7647 11.719920411
6.6165 -23.1009 9.15391363571
6.6007 -13.947 0.271785227707
6.8712 -13.9206 0.146271015584
6.8801 -13.7746 0.453746327809
7.2583 -13.5239 2.78319573333
9.3815 -11.7244 0.622030240422
9.6606 -11.1685 0.508394433486
9.9793 -10.7724 0.440301816939
9.8606 -10.3484 1.92495124614
9.8295 -8.4237 3.55500425457
12.6768 -6.2951 0.754306370118
13.4311 -6.2982 4.2877852185
17.7103 -6.027 0.301381635141
18.0063 -6.0837 0.30448185496
18.2585 -5.9131 0.338541873333
18.5969 -5.9229 0.526632101186
19.0788 -5.7105 0.691779104917
19.1071 -5.0193 1.6254311428
20.5103 -4.1989 0.632193008503
20.7415 -3.6105 0.208497218207
20.884 -3.7627 0.574993852141
21.4268 -3.9524 0.843625947918
21.7961 -3.1939 1.63225008501
22.6158 -1.7824 3.058896842
25.6008 -1.1141 2.10282587962
27.4716 -0.1539 1.3041257033
28.6568 -0.698 2.0006462081
30.4782 -1.5257 1.45251549045
31.9235 -1.3811 1.13947199176
33.0624 -1.345 1.01985100873
34.0822 -1.3348 0.173565549577
34.2522 -1.3698 1.27033609726
43.5909 -9.4811 12.7070803259
30.8854 -9.6815 12.8667391211
19.1539 -14.9659 1.55154308996
17.7279 -14.3545 1.24557707509
17.4207 -15.5616 1.02222424154
16.5611 -15.0084 14.6642297503
9.9907 -1.8985 0.323428941191
10.2865 -1.7677 3.15107667949
7.1455 -1.5159 2.70367646363
4.6474 -2.55 1.42787748074
4.5803 -1.1237 1.2969311624
4.4353 -2.4125 10.4013697348
3.1023 7.9031 3.97592620656
-0.2423 10.0529 5.27099004457
-2.3485 14.8848 0.556941908999
-2.0183 15.3333 1.16048035744
-1.7668 14.2004 8.17793881916
-0.9426 6.0641 0.431880562193
-0.5855 6.307 1.03099362753
-1.616 6.2751 9.14028835705
-10.5255 4.2341 1.65647505565
-12.1174 3.7761 3.63467989512
-15.2379 5.6398 2.94137813958
-18.1585 5.2908 2.61152738833
-20.7458 5.6457 1.72267782246
-21.539 4.1165 8.98762749562
-22.3778 -4.8319 1.56418009513
-23.9417 -4.8615 1.85680002424
-25.718 -5.4023 2.28588774221
-27.9974 -5.2302 6.1036423814
-27.4768 0.8512 3.1978041294
-27.7671 -2.3334 0.307770645124
-28.0745 -2.3485 0.292444952085
-28.3659 -2.3732 0.21450058275
-28.5778 -2.3399 0.0666790821772
-37.3546 -2.3675 0.544879087505
-37.8965 -2.4244 5.99759621182
-37.5869 3.5652 0.523061526018
-37.0699 3.6446 5.19531514059
-37.4034 8.8292 1.21669084405
-36.7204 9.8361 21.6831873118
-19.2964 22.7421 0.987904048985
-19.1204 23.7142 1.02838115988
-19.1809 22.6876 4.72043312102
-18.7946 17.983 14.9827434621
-9.5545 6.1888 0.470510573739
-9.0889 6.121 0.722858008187
-8.3672 6.1619 2.17212659392
-6.2297 6.5482 1.30964749838
-5.2841 5.6421 0.9902696249
-6.0589 6.2588 9.33400382312
-9.8388 14.7932 0.639047447378
-9.2178 14.944 11.1529855756
-5.4484 25.4407 8.34840352942
-13.7666 26.1502 0.689293123424
-14.1721 25.5928 1.1563019718
-13.036 25.3776 8.01103900877
-5.0882 26.3822 2.14970172117
-3.6464 27.9767 6.39143342295
0.6594 32.7001 2.0614773586
2.6305 33.3038 2.02427391921
4.6284 32.9781 0.20525469544
4.8302 33.0156 0.988406900016
5.546 32.334 0.398862444961
5.943 32.2955 0.372239774876
6.3151 32.3057 0.29106440868
6.6044 32.3377 0.22145186836
6.8241 32.3655 0.553201129789
7.1891 31.9498 0.221267485185
7.3204 32.1279 0.376227298318
7.5281 32.4416 0.290206616051
7.6849 32.6858 0.912315789625
8.565 32.9261 1.045070567
9.6082 32.9886 0.518346071655
10.0695 32.7522 0.3547217783
10.421 32.7999 0.798508572277
11.2147 32.7124 0.193409539579
11.3532 32.5774 1.11544277307
12.3665 33.0437 0.568334452589
11.8042 33.1263 0.404236811782
11.7346 33.5245 2.76556947119
14.4623 33.0684 1.06855820618
15.5131 32.8744 0.507742897538
16.0208 32.881 1.96459800468
17.9354 32.4406 0.989557421275
18.9121 32.5996 0.789041190306
19.6823 32.771 4.30923707633
23.978 33.1123 3.18552491907
27.1635 33.1249 3.41603261401
30.5794 33.0948 6.16929185969
36.6308 31.8945 0.587125412497
37.1745 31.6729 3.28216707223
40.305 30.6867 3.4466509774
40.4636 27.2437 1.23675369415
40.5955 26.014 0.418833523014
40.5361 25.5994 0.278488150556
40.426 25.3436 0.269372919946
40.3499 25.0852 0.209136343087
40.2814 24.8876 1.60698248901
40.4 23.285 1.79765688884
40.3023 21.49 1.26902072481
39.0651 21.7724 0.6459941331
39.692 21.6165 0.761936801841
40.404 21.3452 0.931344281133
39.5419 21.6976 0.506442464649
39.2393 21.2915 0.816595726171
39.7156 20.6282 5.18873228641
39.3899 15.4497 7.37696096303
39.043 8.0809 0.898867075824
39.8291 7.645 0.626107674446
39.8322 8.2711 0.313945377415
40.0425 8.038 0.677422084081
39.6267 8.5728 0.948765566407
38.8124 9.0597 0.539987268368
39.3484 9.1252 0.28608196378
39.5101 9.3612 27.1223704172
28.172 34.0 18.7173681334
46.709 31.4078 1.12595325835
45.8833 30.6423 10.1266495432
35.7982 29.7259 0.839922930988
36.6145 29.5281 0.903881103907
37.5073 29.387 2.7258633348
40.0777 28.4796 6.15891991992
42.1004 22.6623 4.12211307463
39.4162 25.7907 0.0915323440102
39.4626 25.7118 0.0921497151379
39.4145 25.7904 1.68355567179
40.8324 24.8827 1.83006420926
42.5714 25.4528 0.74345305837
42.7737 24.7374 1.75420327784
43.387 23.0939 0.847960170055
43.1384 22.2832 10.312103526
39.4997 12.6344 0.851491121504
38.983 11.9576 0.410492703955
38.8275 12.3375 1.52262952815
40.2403 12.9053 0.571186571971
40.2996 13.4734 0.0539008348729
40.2993 13.5273 2.72804272877
42.8592 16.6372 0.717099748989
42.5926 15.9715 25.2092174016
26.8438 -8.4984 0.560692785757
26.5156 -8.953 9.5510152073
26.6966 -18.5023 4.00463631432
29.8142 -21.0158 3.18358427091
32.0458 -23.2863 1.86399906116
33.6563 -24.2248 0.844234712624
34.4766 -24.4244 3.97425963545
37.7032 -26.7447 0.529751687114
38.0054 -26.3096 0.398738209857
38.235 -25.9836 0.465366962729
38.5671 -25.6576 2.14551113024
40.4796 -24.6852 2.17019898857
40.2335 -22.529 1.83335758923
40.5653 -9.7888 1.37365116387
41.3367 -10.9254 0.338324888236
41.5985 -10.7111 20.1048491775
43.3524 9.3171 20.3787557307
24.6915 4.5244 0.643155820933
25.2886 4.2854 1.55778591597
26.5646 3.3918 0.697870768839
27.1827 3.7158 1.94238431058
28.9211 4.5823 0.642966756528
29.4002 4.1535 0.359990138754
29.6723 4.3892 0.898324863287
28.9739 3.8242 0.183023741629
28.8727 3.9767 0.541295649345
28.5584 4.4174 0.565230935105
28.5019 3.855 12.1844572883
22.5673 -6.7865 1.26226377988
23.5012 -7.6357 0.595804615625
22.9879 -7.3332 0.231788394878
0.0 0.0 2.10517385743
1.9479 0.7984 0.203397738434
2.1409 0.8626 1.38393537421
0.8045 1.2222 1.13336995284
-0.3227 1.1041 4.16530567666
-4.4664 1.5278 1.48837158331
-3.8798 0.1599 3.80640563393
-0.6255 2.1343 2.64714071028
-1.684 4.5606 8.09139832724
-6.0232 11.3901 2.83247326731
-8.5337 12.7017 1.53449739329
-9.6597 13.7442 2.45622110161
-11.3768 15.5005 1.72640340882
-12.5995 16.7193 2.5011876479
-14.5209 18.3206 1.13628789486
-15.6136 18.0089 1.20291232016
-14.6254 17.323 0.528485392419
-15.1538 17.3135 11.015531659
-23.322 9.9228 3.29318981688
-26.3654 11.1809 3.75913636491
-29.8593 9.7939 4.01466843712
0.0 0.0 7.03024215372
-7.0055 -0.5893 1.13332511223
-7.5405 -1.5884 0.04263109194
-7.5195 -1.5513 1.50395014877
-7.0413 -0.1254 10.9697924402
-3.4686 10.2463 0.803920953826
-2.8179 10.7184 0.436617738989
-3.1978 10.5032 0.65257968862
-2.6597 10.8724 12.1576965668
3.7458 21.2058 0.374566736377
3.9068 20.8676 8.50951915974
-4.6024 20.9413 1.09526464838
-4.5905 22.0365 2.60238305597
-2.0014 22.2991 1.52834810498
-0.8177 23.2659 0.356051246312
-0.5584 23.5099 0.650837406731
-0.1641 24.0277 1.211327012
-1.1714 24.7005 0.238110436563
-0.9677 24.8238 16.0420175031
15.0742 24.7624 20.9834012329
34.8799 31.6933 0.780257624122
43.389 -9.2948 19.2254687787
23.3564 -8.5955 12.1554279172
15.0893 0.3157 0.244018380455
14.9669 0.5268 2.78733043072
12.1891 0.2965 2.90907223183
9.4022 -0.5377 1.03376111844
8.9121 0.3725 1.36024246368
7.7537 -0.3405 0.443922741026
8.1803 -0.4633 1.17613917969
8.1707 -1.6394 1.01472345986
7.156 -1.6463 2.91968525701
4.2446 -1.8661 1.99737132251
2.4374 -2.7167 0.27923568898
2.2158 -2.5468 13.2751916792
-2.2776 9.9448 0.747085624276
-3.0198 10.0301 2.83933936859
-4.8421 12.2075 3.25020735954
-7.2329 14.4093 2.80958633432
-8.8488 12.1109 1.20108951373
-9.8147 11.397 5.97793470858
-6.3624 6.5167 4.92151410137
-6.808 1.6154 2.85677331617
-8.8147 -0.4179 0.506694355603
-9.1678 -0.7813 0.938948523616
-10.089 -0.963 2.41772198567
-10.6292 -3.3196 5.51475380411
-14.1466 -7.567 1.05043360571
-14.8142 -8.378 1.8631547896
-16.6471 -8.7124 0.977641432223
-17.3525 -8.0355 1.89958642341
-18.4962 -9.5522 2.07411620938
-20.4823 -8.9544 2.00466008341
-22.3676 -8.273 0.836546286825
-23.1888 -8.1135 4.64472422109
-25.8458 -4.3038 2.04142235953
-27.8263 -3.8088 4.17669397131
-31.9976 -4.021 0.909433917335
0.0 0.0 6.12578029805
-2.0715 -5.7649 1.21489868302
-1.2455 -6.6558 1.11814487881
-0.7346 -5.6612 12.3921908636
1.0266 6.6052 16.6781609709
6.5197 22.3528 0.473294094618
6.919 22.0987 1.60438251362
5.6372 21.1338 19.2635228203
-10.7095 10.9422 0.878467631732
-11.0228 10.1215 1.14099098156
-10.0729 10.7536 11.5364385076
-5.4709 21.3324 3.71754371192
-1.943 22.5046 9.12517042581
3.3409 15.0649 5.28795433036
5.6765 10.3207 1.08334996192
6.665 9.8774 2.96833508216
9.3096 8.5294 1.31598814584
10.0452 7.4382 9.33183362046
12.8076 -1.4754 38.8196728201
38.9121 -30.2073 5.07199993789
40.4937 -25.3882 0.645719459208
40.5708 -24.7471 0.918992410197
40.8435 -23.8695 1.4356236589
41.371 -22.5343 0.637533724598
41.1185 -19.4987 1.1089677227
41.2631 -18.3992 1.44747195137
39.8174 -18.4708 22.9077174498
17.1248 -15.3388 3.00774022814
14.118 -15.2636 2.37465350104
11.751 -15.0731 3.58011680955
8.1711 -15.0337 5.84030134925
2.3515 -14.5424 2.87487861657
-0.2994 -13.4299 4.56113709616
-4.7319 -14.5055 1.40802736479
-6.1074 -14.2046 0.935961500277
-7.0366 -14.3169 11.4359321408
-7.9758 -2.9196 2.21386020336
-10.0318 -2.0986 4.14218018077
-14.0982 -2.8873 7.27563901523
-21.333 -3.6571 4.60197628525
-25.9333 -3.7813 2.59860575117
-28.3444 -2.8121 4.45121621582
-32.6572 -3.9135 41.4446328744
-51.2196 21.2893 1.28994169248
-49.9367 21.4239 0.841120330274
-50.6896 21.7989 0.219984181249
-50.4698 21.8079 13.3081842086
-39.7985 13.8561 2.49604644388
-37.3162 13.5945 0.791262598636
-37.0567 14.342 0.828944992144
-37.6799 13.7954 2.94911455356
-34.7406 13.555 0.666391904213
-34.7662 14.2209 6.36466286067
-26.0127 8.3708 1.06585972811
-26.7927 7.6444 1.89363331192
-26.4141 5.789 1.46450626834
-25.3836 6.8296 20.6548207375
-10.0423 20.6595 6.66467861266
-16.1873 18.0794 6.33345597679
-17.4854 11.8804 2.50257440449
-18.9022 9.8175 0.475786895574
-19.2868 9.5374 1.27885222368
-27.4655 9.0113 0.413180989398
-27.8653 9.1156 0.789609606071
-27.6666 8.3514 6.31188950632
-23.6371 3.4931 8.70795315387
-17.9568 -3.1071 1.23468902158
-18.7165 -4.0804 0.432904204184
-18.3896 -3.7966 0.656366985763
-17.7677 -4.0065 1.7062166363
-16.2357 -3.2554 9.89234843907
-7.0899 0.5146 0.409436014537
-7.2758 0.8794 0.65372417731
-6.8367 1.3637 0.938932638691
-6.2508 0.63 1.0329992304
-6.9198 1.4171 10.0941896044
-9.6697 11.1295 10.5078679974
-10.2941 21.6188 0.609736541467
-10.0474 21.0612 1.05799397446
-10.9329 20.4822 7.49695066344
-6.8699 14.1817 4.31605753553
-9.7466 17.3993 3.98158928068
-7.2168 14.3247 0.563216832135
-6.6702 14.1889 11.4552187954
3.1099 8.2247 0.673566106629
3.5772 7.7396 1.82663082203
4.7576 6.3456 2.87232243489
7.5967 5.91 4.89264144813
12.4662 6.3853 0.408807546408
12.1806 6.6778 0.76469157835
12.8842 6.3783 0.602972984469
13.3933 6.0552 3.79342571958
17.1528 5.549 0.876472384049
18.0068 5.3518 0.422993817922
18.4287 5.3822 0.350900555713
18.7691 5.4674 0.885517504062
19.5829 5.1183 0.535503239953
19.7505 4.6097 1.06724378658
20.3192 3.7066 1.34111005514
20.7965 2.4533 2.98185573427
23.7454 2.0112 2.26961554454
25.9938 1.7016 0.710348041456
26.3583 1.0919 0.354586364656
26.2465 0.7554 2.1800252338
27.8964 2.1803 0.323610151262
28.1931 2.3095 0.503563640467
28.6486 2.5242 0.529417802874
28.5306 2.0081 0.0723255141703
28.5999 2.0288 1.4012828551
29.9489 2.408 10.4744666065
33.4851 12.2675 0.766411377786
34.2127 12.5083 0.275348669871
34.361 12.2763 0.201659614202
34.4666 12.1045 1.112307916
34.6227 13.2058 0.385953378013
34.6778 12.8238 0.171372955859
34.8313 12.7476 8.37665580109
30.5409 5.5531 0.473344747515
31.0131 5.5202 0.291383269938
31.2956 5.4488 1.33365870072
32.1039 4.388 0.34198552601
32.4402 4.4501 0.705695755974
33.1043 4.2114 0.189065835095
33.1213 4.0231 0.375642982099
33.2464 3.6689 0.25839198904
33.2933 3.4148 0.267201347302
33.5303 3.2914 0.550908168391
34.0812 3.2884 0.438650350507
34.5174 3.2421 0.973316937077
34.4649 2.2702 0.292335098816
34.5259 1.9843 1.41280683039
33.1704 2.3826 0.484738909105
33.0554 1.9117 0.353575352648
32.8211 2.1765 1.08398022583
33.3123 1.2102 11.7245243916
33.4333 -10.5137 0.424834697265
33.7199 -10.8273 5.4417109111
38.4239 -13.5631 0.999876617388
38.6361 -14.5402 0.12665405639
38.762 -14.554 1.28478820823
37.5327 -14.1805 0.90264048768
43.521 9.3994 11.4149191977
32.1208 9.9789 14.3995956311
18.4773 5.3742 0.270301757301
18.2093 5.4094 1.97232285643
16.3302 4.8102 5.73302352777
10.6656 5.6933 3.33966169844
7.3907 5.0388 2.31254286447
5.0964 5.3287 1.27270631726
4.7865 4.0943 13.2891138862
-0.8057 -7.9609 4.08073106808
-4.6235 -6.5198 4.21863390448
-8.5774 -7.9907 1.89592835835
-10.4729 -7.9504 1.46657810225
-11.6876 -7.1286 6.28816923754
-10.9156 -0.888 1.93201576857
-12.7714 -0.3507 3.87811251513
-16.6286 -0.7529 1.77190366837
-18.378 -0.4714 2.67581902228
-21.053 -0.5376 3.32855968851
-24.3326 0.0312 2.23105143374
-26.5629 0.0891 41.4336517244
-51.6632 -21.0332 1.14182646668
-50.9464 -20.1444 2.27934624399
-50.7391 -22.4143 1.03898912891
-51.3687 -21.5878 0.311142170077
-51.0608 -21.6326 3.18735733171
-51.6082 -18.4926 7.4714004109
-44.5921 -15.9243 0.643415736519
-44.5876 -15.2809 47.133427401
0.0 0.0 7.54398638983
-7.5299 0.4608 0.452339540611
-7.7394 0.0599 0.83676001936
-8.2416 0.7292 1.2985092414
-7.5825 -0.3896 11.4239020869
-1.1842 -9.8536 10.5790368106
3.8286 -19.1696 0.240237590731
3.9399 -18.9567 0.761502626391
3.1784 -18.9547 0.798861352176
2.9289 -19.7136 8.61974067185
-4.9477 -23.2149 0.173492852879
-4.9968 -23.3813 3.69141986775
-1.3076 -23.2533 0.871334637209
-1.5619 -22.4199 13.315959499
3.0638 -9.9332 0.508489301756
3.5562 -10.0601 1.83269412614
5.1732 -10.9227 7.2668612344
11.6954 -7.7183 0.495353621164
12.159 -7.5438 0.394986797248
12.3911 -7.2242 0.491146464917
12.5262 -6.752 3.5501626174
15.9612 -7.6489 0.427311420395
16.2901 -7.3761 1.76698129588
17.352 -5.9638 2.36431521799
19.6666 -5.4815 4.03708545983
22.5792 -2.686 0.536461610928
22.9533 -2.3015 0.684040912519
23.2979 -1.7106 0.711240859344
23.9959 -1.574 2.13683190729
25.6647 -2.9086 0.513815861958
26.1754 -2.9651 1.15883628266
27.3311 -3.0503 2.9060838959
29.4242 -1.0343 0.933788011275
30.2609 -1.4489 1.25421124616
31.3821 -2.011 1.18402219996
32.2472 -1.2026 0.539834789542
32.308 -0.6662 0.488752391298
31.8349 -0.7889 0.806078222011
32.625 -0.9486 0.927041903044
31.8005 -0.5248 3.00230389534
28.8113 -0.2446 1.63142589473
29.741 -1.5852 0.323825632092
30.0358 -1.4512 0.349194788048
30.366 -1.3376 0.108939478611
30.4394 -1.4181 0.043569714252
30.4208 -1.3787 0.567656982693
30.0135 -0.9833 0.40254393549
29.8076 -1.3292 0.592384714523
30.2314 -0.9153 0.928400436234
31.1598 -0.9144 2.67035908447
28.999 0.6546 0.550495894626
29.1147 1.1928 0.406633127032
29.2092 1.5883 0.369947415182
29.1489 1.9533 0.251730113415
28.9056 2.0179 0.235816560063
28.7108 1.885 1.02347799195
29.71 1.6634 1.02785153111
29.9674 0.6683 0.181499449035
29.8168 0.7696 5.60896172388
35.2697 -0.5443 0.17407058913
35.1293 -0.6472 0.367397074022
34.7824 -0.7682 0.185424620803
34.8569 -0.5984 0.786517011895
34.5034 -1.301 0.54343974827
34.8514 -0.8836 0.00776466354712
34.8591 -0.8826 0.290858952071
35.0889 -0.7043 0.231699805783
35.3197 -0.7247 0.311455711137
35.6226 -0.6522 0.87849121225
34.9885 -1.2602 0.497248157362
35.3663 -0.9369 0.670037327318
34.9552 -1.466 0.520222961815
34.7435 -0.9908 1.17066186835
34.8224 -2.1588 8.07780609138
34.781 -10.2365 3.43624644052
36.3318 -13.3029 0.77597377533
36.3425 -12.527 0.0
36.3425 -12.527 0.765393709146
35.9632 -13.1918 0.0
35.9632 -13.1918 0.605176874971
35.5559 -12.7442 0.434542817223
35.9904 -12.7503 0.607862196554
36.5978 -12.7266 1.39089396433
36.0349 -13.9985 0.734410654879
36.6098 -13.5415 12.7282499854
47.9561 -19.3095 3.82893376804
51.5715 -18.0487 1.06916465056
43.4693 9.3987 10.9977262423
32.5012 10.2054 14.7198615296
18.9676 15.9947 0.747173728125
18.3183 16.3644 2.36758920634
16.4084 17.7636 3.66678252014
13.8831 20.4222 2.56943983389
11.5976 21.5963 5.41642137947
10.5442 26.9093 5.40140370089
5.5897 29.0606 2.16246333611
3.4289 28.9758 0.922648692624
3.6294 29.8764 1.14170933254
3.4622 28.747 14.6952824801
2.3628 14.0929 20.8102699812
-7.711 -4.1166 0.69696476238
-8.3692 -3.8874 1.20576359623
-9.1576 -4.7997 1.46092933778
-9.3774 -3.3554 6.43085160146
-13.6418 1.4582 4.23558374017
-17.5859 -0.0859 5.59415497998
-23.1304 -0.8296 2.64354475846
-25.5304 0.2787 6.76096275763
-32.2894 0.1158 2.10067824523
-33.9516 -1.1687 0.824891132211
0.0 0.0 8.05504545114
-2.4359 -7.6779 11.6375285735
1.8522 -18.4966 0.754548374857
1.9376 -19.2463 1.16459233211
1.4899 -18.1712 13.5748706016
-3.4193 -5.5151 0.311126501603
-3.5142 -5.2188 1.04480867627
-3.5821 -4.1762 20.947600069
-6.9585 16.4975 3.82024717656
-3.228 17.3207 0.409208076655
-2.8295 17.2277 0.309562433121
-2.5684 17.0614 1.11748088127
-1.458 16.9358 1.09151284463
-0.7503 16.1048 10.6577360096
3.7519 6.4447 1.045952236
4.6017 5.8349 6.05626968521
10.6376 6.3312 0.307221093026
10.6412 6.024 0.328748231934
10.688 5.6986 0.400785790666
11.0275 5.4856 2.91479032694
13.9419 5.5333 0.364678324006
14.2231 5.3011 1.27197588027
14.6021 4.0869 0.582297260856
15.1828 4.13 2.82618471088
17.9637 4.6339 0.5805232898
18.4512 4.3187 2.52410801671
19.6464 2.0955 1.01001886121
20.2985 1.3242 0.533602895419
19.8528 1.6176 0.43372425572
20.2856 1.6459 0.254779846142
20.5397 1.6273 0.67860669758
21.218 1.6069 0.499558575144
21.7171 1.6283 1.75638839668
23.4723 1.5637 0.941190697999
24.3926 1.3665 0.417840172793
24.643 1.032 1.03976903685
25.6131 0.6578 2.96381994224
28.5383 0.1809 0.454739145005
28.9238 -0.0603 1.24543873796
29.9469 -0.7705 1.31537572579
31.2592 -0.8604 0.19873754049
31.4523 -0.9074 0.443672638327
31.8653 -1.0695 0.732008285472
32.3906 -0.5597 0.160729586573
32.5472 -0.5235 0.287865124668
32.798 -0.3822 0.49200078252
33.2886 -0.3451 1.44930373973
32.2983 0.7131 1.50721568795
32.213 -0.7917 9.272572306
33.2659 -10.0043 1.91679811404
34.7744 -11.1869 0.757944885859
34.2595 -11.7431 0.21076024293
34.4283 -11.8693 0.221490270667
34.6168 -11.753 0.169964378621
34.7178 -11.8897 0.46974879457
34.2486 -11.867 0.313673365143
34.5509 -11.9507 5.84944036981
39.2317 -15.4587 1.40702660956
40.6309 -15.6069 3.76844760876
44.2996 -16.4682 1.4815548083
44.4323 -14.9926 13.916217107
0.0 0.0 2.03271633289
2.0312 0.0785 0.479570192985
1.9306 0.5474 3.66880712221
-1.3497 2.1905 1.15033418623
-2.4972 2.2712 2.8584362998
-5.124 3.3984 0.616283189776
-5.6329 3.0508 2.37198220904
-6.3487 5.3122 2.61278224887
-8.9585 5.437 13.9113202626
-14.8238 -7.1774 1.09829965401
-15.9151 -7.3012 1.19975378307
-17.1018 -7.1247 5.54782603368
-22.5735 -6.2088 4.50648624651
-27.0745 -5.9865 11.1736396241
-37.9704 -8.4623 0.564380412488
0.0 0.0 9.15183992211
-2.71 -8.7414 12.0347219415
4.4339 -18.4264 0.647470169197
4.9308 -18.8415 1.14110638417
3.9675 -18.2298 47.7818419131
-32.537 12.6008 0.365109914957
-32.294 12.8733 0.4065403547
-32.6349 12.6518 9.36508419183
-24.9733 18.0374 0.482446525534
-24.4909 18.0441 1.07086959057
-23.8607 18.9099 4.52558439541
-24.5261 23.3863 1.25082103036
-23.3096 23.6773 2.37307214597
-20.965 23.3108 13.2415976053
-11.8033 13.7503 8.64631546325
-4.4808 9.1525 0.641847030062
-3.8552 9.009 34.9898257789
25.25 28.43 12.5002812068
37.7216 29.2763 6.66630049203
40.9116 23.4228 3.86329559444
42.1595 19.7666 0.614893161452
42.6791 19.4378 2.62940033087
44.1494 17.2579 0.88495243375
43.5078 16.6484 11.6471629786
38.501 6.1323 0.535737967667
37.9684 6.1902 1.33866954847
0.0 0.0 12.7051661067
11.7994 4.7112 0.274026166634
11.6509 4.4809 0.440934847795
11.5944 4.9182 15.7974726751
21.182 -7.6372 4.95357411169
21.7812 -12.5544 4.08501687267
21.1913 -8.5122 1.32300458427
19.997 -7.943 1.09866304207
20.7362 -8.7558 7.06948742838
24.8117 -14.5323 9.78659872734
17.0421 -20.483 0.5617792538
16.9713 -21.0403 1.23597913413
18.0074 -20.3664 6.18377885762
23.3638 -17.2764 2.01059880135
21.6823 -18.3787 1.15866641446
21.2992 -19.4722 4.12194516339
20.6419 -23.5414 1.27747333827
20.4617 -24.8061 1.81445810368
20.4167 -26.62 1.8695009655
20.4186 -28.4895 1.09969116119
20.3298 -29.5856 0.757386361113
19.6051 -29.3655 1.72883065683
20.6913 -30.7105 2.02886215648
20.7952 -32.7367 10.4472760316
18.7304 -22.4955 8.59694586234
10.675 -19.4925 7.53420693769
3.1997 -20.4328 0.353808154231
2.8467 -20.4567 0.610116202047
2.2704 -20.657 1.53208679911
0.809 -20.197 1.87045403044
-0.9308 -19.5102 2.49586977425
-3.3755 -19.0074 5.5808473371
-8.3795 -16.5364 19.2434481497
-3.4025 2.0523 2.93578175279
-5.0346 -0.388 7.81376941047
-12.8468 -0.2314 2.3457984419
-15.1576 -0.6351 3.18970190613
-18.248 0.1546 3.11292829664
-21.3607 0.1169 3.64271841487
-24.7198 1.5261 1.82810717684
-26.5405 1.6905 0.781005153632
-27.2778 1.4329 0.679889770478
-26.7547 1.8672 3.37271917746
-29.7374 0.2928 0.396827544407
-29.9975 -0.0069 1.99478432418
-31.9792 -0.235 0.205486958224
-39.2078 -0.2996 0.53600530781
-39.629 0.0319 3.99892218604
-38.3042 3.805 1.09049238879
-37.6105 4.6464 0.914462273689
-37.69 3.7354 6.55322153753
-31.3144 2.22 0.724974682317
-31.7979 1.6798 0.996598866144
-31.3786 2.5839 9.41121721564
-29.0174 11.6941 1.26625536919
-28.1103 12.5776 15.080600812
-17.2726 23.0642 0.512810930071
-16.7629 23.0078 2.31358798406
-14.6123 23.8608 0.58107432399
-14.0387 23.9537 1.71846709017
-12.3404 23.6912 0.533979334806
-11.8292 23.5369 0.389640295657
-11.4626 23.6689 1.91619947031
-9.723 24.4724 1.23235645817
-9.9668 23.2644 15.0932513031
-3.7439 9.5137 0.869308472293
-2.892 9.3406 0.657785382933
-2.268 9.1325 3.62269500786
1.3354 9.5059 0.579431764749
1.8985 9.3693 2.12647464128
3.7081 8.2525 4.13684217369
7.8422 8.1019 3.41980346804
11.2496 8.3929 3.18165807874
13.4894 6.1332 3.71650163057
17.186 5.7491 3.67133502285
20.8243 6.2405 0.513049948835
21.1823 5.873 1.40826780479
21.8212 4.618 0.993580741561
22.6199 4.027 2.56684546087
23.4838 1.6099 0.84689478095
24.1367 1.0705 1.69147567822
25.2481 -0.2046 3.1748976204
28.4052 0.1311 1.52982588879
29.9198 0.3464 0.141207152793
29.9253 0.4875 1.12549853843
30.9067 1.0385 0.656854199956
30.2555 0.9525 0.721235190489
29.8517 1.5501 0.989914622581
30.1347 0.6015 0.922733683139
31.0116 0.8887 2.00449220502
29.008 0.8289 6.76072389171
22.4975 2.6512 0.926971482841
21.9642 1.893 1.08834244611
22.7574 2.6382 18.8162048312
34.7038 17.1755 0.931498684916
33.9212 17.6807 3.39273167227
37.6104 20.2629 5.35530686516
32.2983 19.584 0.22578064576
32.4744 19.7253 4.92054510192
36.7457 22.1682 1.34690637017
36.7923 23.5143 2.66399063437
36.4484 26.156 15.4072835195
21.0413 26.2312 4.1743701465
17.4007 28.2736 4.12265224582
13.3082 28.7713 1.90538417386
11.5523 29.5111 2.55236789276
9.0142 29.2416 3.50934636934
6.8705 32.0201 5.32157372964
3.3935 27.9915 4.59678857682
-1.1574 27.3436 5.60050827872
-4.9847 23.2549 2.1100773564
-7.0736 22.9567 1.72912735506
-8.7571 22.5621 2.4874197977
-10.5621 20.8506 2.78627942604
-13.1851 19.9108 4.2926929846
-10.7592 16.3693 0.128528362629
-10.7619 16.2408 0.127572489197
-10.7662 16.1133 1.05602189371
-9.7102 16.1065 0.165947130135
-9.7799 16.2571 1.09818268061
-10.0541 15.1937 1.09082943213
-11.0444 15.6511 5.89995549898
-15.4627 19.5611 1.62704412356
-16.72 18.5284 1.30293516723
-15.9873 17.451 0.733056750873
-16.7201 17.4316 4.13931806099
-14.03 14.2856 14.5987145311
-17.466 0.097 2.6389242221
-20.1047 0.1314 1.52922660518
-21.5647 0.5863 1.30391850205
-22.8132 0.2102 3.10616975228
-25.5129 -1.326 4.41722339145
