0.0 0.0 9.08948182461
-4.8172 7.708 1.19969226888
-4.3677 8.8203 1.07373226179
-3.8361 7.8874 14.205773193
-1.6885 -6.1551 11.6783982485
-8.3222 3.4563 1.07253006018
-8.477 2.395 6.97064714499
-9.8309 -4.4429 15.5710951221
-10.104 -20.0116 0.842529999466
-9.3764 -20.4364 10.3226480638
-11.7148 -10.3821 10.829727805
-11.864 0.4466 3.37107983293
-8.493 0.4234 2.48259721461
-6.5268 1.9391 3.46630562126
-3.3997 0.4436 1.49736040418
-4.8704 0.7249 9.62372798036
-10.9234 -6.7569 0.940893458368
-9.9979 -6.9264 1.43791237563
-8.7871 -7.702 2.92546482631
-5.862 -7.6558 1.44738335281
-4.9011 -6.5734 1.19697360038
-4.2689 -7.5898 10.8474978004
0.9849 -17.0801 1.88172497991
1.6536 -18.839 6.30327764897
4.394 -24.5154 2.17953074078
6.2224 -23.3291 1.24784544315
7.3841 -23.7847 1.9619518776
9.019 -22.7001 0.509184337937
9.4928 -22.5136 1.39575397546
10.7482 -21.9036 1.27866119437
11.9979 -21.633 0.927480161513
11.9651 -20.7061 2.79561711613
14.156 -22.4426 0.543621973434
14.2169 -22.9828 0.262024292767
14.3446 -23.2116 1.70752238346
13.6709 -21.6426 12.6346559336
23.4925 -29.5906 1.97253192877
24.8411 -31.0301 4.32255965835
28.4501 -33.4091 0.832772339838
29.2825 -33.434 0.576362741683
29.8326 -33.262 1.57869353897
31.4103 -33.206 0.177754099812
31.5879 -33.2134 0.308511669147
31.8396 -33.3918 0.138330220849
31.9685 -33.442 0.150684372116
32.0938 -33.5257 1.40673943927
30.713 -33.2568 8.31108600004
28.4629 -25.2561 0.396721816894
28.7837 -25.0227 1.2870301667
29.4128 -23.8999 0.0354622334322
29.4302 -23.9308 1.37096269825
29.2006 -25.2824 8.28473768384
36.2426 -29.6467 0.626015798523
36.8623 -29.7354 2.1377489586
38.9529 -29.2889 1.28876186318
40.0734 -28.6522 1.42552365817
39.4691 -27.3611 3.70584031631
38.0472 -23.9389 0.344306796331
38.3006 -23.7058 0.620616024608
38.8826 -23.4903 1.45487683327
40.2482 -23.9921 0.369928858025
40.4722 -23.6977 0.208372383007
40.577 -23.5176 0.636424590977
40.4875 -24.1477 0.249566744579
40.2809 -24.2877 1.5132799774
40.1844 -22.7775 4.91660118883
37.809 -18.4728 1.46664310928
38.9805 -19.3552 1.02190031314
39.6482 -18.5816 1.60724252059
41.1466 -19.163 0.714093341238
40.9127 -19.8377 0.600880395753
40.5153 -19.387 0.363882082549
30.5606 -34.0 3.6478841895
27.7247 -31.7055 8.237569973
29.1062 -23.5846 2.37757183908
26.7906 -24.1239 14.8643225221
12.4886 -28.1737 0.828617028548
11.6613 -28.2204 2.45783359892
9.2131 -28.003 5.32232312059
4.5647 -30.5952 4.14699541596
0.422 -30.4065 2.67416696001
-2.2518 -30.4508 0.917655327451
-2.1585 -29.5379 16.8098372705
0.8824 -13.0054 0.586290175596
0.9385 -12.4218 1.27251661286
0.0983 -13.3775 17.7925808628
-7.9117 -29.2651 3.54132870544
-10.9123 -31.1459 5.67797983794
-16.5871 -31.3359 11.5024045356
-28.0892 -31.2522 14.632863378
-42.7162 -31.6664 10.7271464612
-50.6778 -24.4772 0.813711896189
-50.5961 -25.2868 2.51744181661
-50.7419 -18.2019 0.826313215433
-50.2736 -17.5211 8.39635296662
-42.0031 -16.0728 10.0988806667
-37.6775 -6.9472 1.2824819102
-36.3952 -6.9256 15.0365235387
-22.4275 -1.3578 7.71030235529
-2.4815 -6.5441 0.241204684863
-2.6038 -6.752 0.222043351623
-2.3828 -6.7305 1.54738968912
-2.6737 -5.2107 0.526024809301
-2.1844 -5.4038 1.48757562833
-3.0649 -6.6028 12.8964347015
-12.325 -15.5788 1.28208703683
-13.5424 -15.1767 17.6664581832
-28.3231 -5.5002 3.49761433266
0.0 0.0 5.59011854257
-1.2766 5.4424 0.645559486027
-0.7677 5.0452 4.85757704417
-0.072 0.2377 5.96966984849
-2.1213 -5.3692 1.53104770664
-1.1791 -6.576 12.9204923145
5.0208 -17.9118 0.593341090773
4.4585 -17.7224 11.580361095
-7.112 -17.2446 1.02415909409
-6.5588 -18.1065 0.956930117616
-7.017 -17.2664 15.2786838242
-11.4376 -2.6412 1.7556362408
-9.7895 -2.0362 2.23203640203
-7.6204 -1.5099 0.699982149772
-7.4174 -0.84 0.673876197829
-6.8021 -1.1148 0.344632050164
-6.4591 -1.1483 0.172766923918
-6.2887 -1.1768 0.778270248693
-5.727 -0.6381 0.874273852977
-4.8796 -0.423 1.1990681215
-3.6816 -0.3724 9.90337818979
-9.163 -8.6205 11.3823371071
-0.4769 -15.9764 1.07281895024
0.2218 -16.7905 15.1828673688
9.2423 -29.0032 6.11864034325
13.5421 -33.3563 0.831835680889
14.3737 -33.3761 0.815946039883
15.1874 -33.4366 0.740764604986
14.4698 -33.2528 0.520733722741
14.8517 -33.6068 0.702148908708
14.2314 -33.2778 0.87445830661
13.5667 -33.846 0.295964339068
13.65 -33.562 0.166035237224
13.4841 -33.5687 1.15940766342
12.4079 -34.0 15.4722790526
0.3981 -24.2452 18.9596937299
1.2794 -5.306 12.7833066958
3.5122 7.2808 0.502255283695
3.7996 7.6927 0.490429729931
3.805 8.1831 0.540976496717
3.9371 8.7077 3.98227107691
3.3708 12.6495 2.25449910401
3.7122 14.878 0.286701534701
3.4858 15.0539 1.13173817202
4.6158 14.9912 9.83888090435
-1.3194 22.8383 1.02636381951
-1.9144 22.002 7.42052112725
-6.537 16.1972 0.678014638485
-6.0346 16.6525 6.99350613641
-3.7384 23.2583 6.57734499399
-6.7005 17.3857 0.561022281197
-7.0331 17.8375 2.49918282845
-5.5366 19.8391 1.24399521703
-4.6985 20.7584 0.638944582886
-5.0838 20.2487 0.257479552586
-4.8292 20.2103 0.306278990465
-4.7911 20.5142 0.94088049188
-4.5068 19.6173 0.16429354826
-4.6402 19.5214 0.727491209569
-4.5641 20.2449 0.893601577886
-4.0108 20.9466 0.0754258576352
-3.9663 21.0075 0.7824222709
-4.7453 20.9344 1.22955556198
-4.0945 21.9776 0.376275763238
-4.4149 22.1749 6.91316591006
-2.8422 28.9068 0.233604302186
-2.7291 28.7024 7.89717383499
-3.0488 20.8117 0.402434715202
-2.6985 21.0098 0.530761810985
-2.3736 21.4295 1.01446045758
-1.3725 21.5936 1.76357158063
0.3909 21.569 7.02330038799
7.3894 20.9793 0.922675522597
7.8938 21.7519 7.1304317471
9.0177 28.7932 0.596428788708
8.729 29.3151 11.1461549406
-2.3374 30.6461 3.72510766824
0.1759 33.3956 10.2566816018
-6.4729 25.5858 0.377705308409
-6.6096 25.9379 0.51574716674
-6.1163 25.7874 0.334456514363
-5.7883 25.722 0.478514033232
-5.4791 25.3568 0.253599881703
-5.241 25.2695 0.744872244079
-4.7681 24.694 1.69737584818
-3.071 24.6634 0.840081007999
-2.2797 24.9455 0.548527702126
-2.4739 24.4325 0.914807679242
-1.8317 25.084 10.3933066856
8.2914 22.7295 2.19133808437
10.4826 22.7541 2.48621289515
12.9466 22.4225 0.424373538289
12.5223 22.4304 1.00501482576
12.5717 21.4266 0.58898581477
12.8282 21.9568 0.121905291107
12.7075 21.9739 1.3885975983
14.0095 22.4566 5.95528448691
14.7229 28.369 1.12802021702
14.8809 29.4859 0.66641648389
14.9287 28.8212 6.19668620232
21.107 29.2982 0.365465032527
20.7605 29.182 3.69800307869
17.0711 28.9299 2.75479799078
17.4465 31.659 0.535787915131
17.7315 31.2053 10.0834059424
25.0964 30.1386 5.32729093067
21.5435 26.1691 1.26622093649
20.2774 26.1866 1.12278928566
21.3331 26.5689 1.05650500235
20.8452 25.6318 1.11643737845
17.1735 25.4109 5.24126862983
12.0848 24.1555 0.617855751774
11.467 24.1472 1.14448560061
12.5995 23.982 23.6350846942
34.6552 15.4871 1.24182888113
0.0 0.0 14.3134884696
14.3071 0.4276 0.870827296311
13.6408 -0.1331 15.3247905049
5.9529 -13.39 11.5614785927
6.5992 -1.8466 0.279255456527
6.8592 -1.9485 6.79119088894
10.0427 -7.9473 1.93625672885
8.6841 -9.3269 1.87454399788
6.8165 -9.1657 1.87499829333
5.1747 -10.0713 7.86402990457
0.535 -3.7218 1.45290969093
0.4109 -2.2742 3.43147203544
-1.0714 0.8206 0.53873764487
-0.7611 0.3802 1.28913320103
-0.7207 1.6687 23.1934486752
-8.7296 23.4355 1.44490604885
-9.3986 24.7162 0.954122444972
-8.6366 24.142 3.92872590161
-6.3002 20.9835 8.27253216978
-12.3637 26.611 1.01811312731
-13.079 27.3355 0.870731703799
-13.6953 27.9506 6.21778453792
-19.1519 30.9316 1.61264654528
-18.6477 29.3998 15.1772866827
-19.167 14.2314 0.764180567667
-18.8575 13.5327 1.2513535112
-19.4755 14.6208 13.8997365306
-22.7236 28.1357 0.229241008548
-22.5866 28.3195 7.37316962235
-18.1278 22.4473 15.1243022031
-19.9486 7.433 1.35778432013
-20.2671 6.1131 1.74287413774
-19.872 4.4156 1.22356617312
-20.5203 3.3779 0.866893955452
-20.9331 4.1402 1.71266745167
-22.5923 3.7156 13.4565852448
-17.861 -8.8818 0.784294192252
-17.1573 -8.5355 1.10692686299
-25.1669 -17.8109 0.900600161004
-26.0161 -18.1108 1.19950340141
-25.6126 -19.2404 7.25732257103
-27.8023 -12.3213 3.08680181742
-24.8108 -11.5602 0.563868894336
-24.8246 -10.9965 16.1055028003
-17.9883 3.5861 1.00625961859
-18.0152 2.5802 1.03437624199
-17.2491 3.2752 20.05788963
-7.412 20.7552 0.657951624362
-6.8923 21.1587 1.88909563813
-5.336 22.2295 2.44411225806
-3.1787 23.3783 4.31025770111
0.6561 25.3462 1.62978831754
1.7121 26.5876 4.6090346256
4.7494 30.0543 0.689758254753
5.4176 29.8832 1.29753152178
4.1929 29.4546 0.724099440685
4.7793 29.8794 0.801978515922
4.057 29.5309 6.31852875359
-2.2575 29.7565 1.68789279577
-3.5678 30.8205 0.515142242492
-3.351 30.3532 0.723846793182
-3.7593 30.9509 0.0798741510127
-3.8305 30.9147 1.21059424251
-3.2514 31.9778 4.26047406987
0.8993 32.9387 0.545764830307
1.3963 32.7132 1.67922421374
3.0733 32.7996 0.559817988278
3.577 33.0439 0.978406914326
4.4642 33.4564 0.288297155727
4.7192 33.5909 0.29633705472
5.009 33.529 0.999995939992
4.0441 34.0 10.8689199321
9.2848 24.478 6.14228701137
6.729 30.0633 13.8119151641
-7.0629 30.8066 1.18366767718
-7.6283 31.8465 0.728612517049
-6.9261 32.0409 1.313986229
-6.977 30.7279 7.83491610485
-3.0044 23.9748 1.69833826136
-2.993 22.2765 14.5069674298
-4.5654 7.855 0.35432496384
-4.3711 7.5587 1.45229658472
-4.0012 8.9631 0.679109541974
-3.4248 8.604 0.906431381849
-4.3036 8.8261 1.16502560058
-3.4032 8.0868 15.4690258161
8.3065 -2.0213 0.376952092447
8.2007 -2.3831 4.93014586498
3.3371 -3.1904 4.84425664473
-1.4541 -3.9054 1.33284212493
-2.5218 -3.1076 7.53714103092
-3.6342 4.347 18.9059975272
-7.7975 22.7889 1.22574549153
-8.9995 22.5488 1.53855952436
-8.9325 24.0859 5.83341551494
-9.5136 29.8903 0.579403072135
-9.135 30.3289 1.23185801536
-8.1969 29.5305 15.24812386
6.9556 27.8255 0.179295621809
6.931 28.0031 0.823015218571
6.1156 28.1148 4.25655854535
2.1344 29.6209 3.61170332392
-1.4773 29.6258 0.880161445418
-1.4102 28.7482 6.51878491515
-1.4593 22.2296 0.531075371299
-1.219 22.7032 5.24217302461
-0.6119 27.9101 0.424165309756
-1.0358 27.8951 8.59693438675
-9.5284 29.2304 0.239465488119
-9.646 29.439 7.99947470775
-3.5918 24.2104 0.786700762679
-4.0973 24.8132 8.43976570409
-9.7206 31.1067 2.66696835564
-11.8445 32.7197 3.05981841291
-11.8951 29.6603 1.59007718366
-11.6534 31.2319 0.391945812581
-11.3308 31.4545 1.46399483947
-10.9441 30.0425 7.64148066346
-7.6569 23.1442 0.185924070523
-7.8395 23.1092 9.93814194556
-13.6092 31.201 9.93839836191
-6.215 24.5604 1.00111420427
-5.2256 24.4077 0.821017624659
-5.8871 24.894 3.67820158365
-7.5151 28.1923 11.9829093199
-19.0455 31.4542 1.75854499516
-20.506 30.4747 5.68115089837
-26.1252 31.3114 18.8466755923
-44.6334 27.7556 5.59887256954
-48.6268 23.8313 10.7686701412
-48.2074 13.0708 0.487024763231
-48.0858 13.5424 19.754871789
-51.5 33.0 7.01469717807
-44.9547 30.4771 0.676222759156
-45.1698 29.836 1.40460172291
-46.1656 28.8454 1.9912600684
-46.7895 29.8342 5.45109181174
-41.816 27.6029 1.79279238341
-40.1542 28.2756 4.48656232878
-39.4905 32.7128 0.603997831122
-38.8932 32.8025 0.700377755215
-38.347 33.2409 11.0948188133
-36.7709 22.2586 11.7436581511
-29.2548 13.2352 0.952549993439
-28.783 14.0627 19.5016987696
-15.2879 28.141 8.80086155101
-7.8949 32.9158 1.90919476482
-5.9957 33.1109 2.70720527666
-3.3461 32.5554 0.881058687035
-3.8357 31.8229 13.352560162
-8.7705 19.4157 14.7633295516
-14.4793 5.8008 12.6462099951
-12.8361 -6.7382 1.1347431868
-13.509 -7.6519 0.604390577359
-12.9256 -7.8098 3.03662096746
-10.0239 -8.7049 7.37765848288
-2.7576 -7.4279 1.49866181976
-4.1303 -8.0293 0.0563602696942
-4.0995 -8.0765 0.31318864922
-3.9072 -7.8293 6.16452836801
-9.6302 -10.1203 0.713554833212
-9.3057 -10.7558 7.50054888658
-1.8825 -9.6814 7.10098680537
-8.4394 -12.4074 0.791362369588
-8.223 -13.1686 17.8130314436
4.7606 -25.3641 1.80890724196
6.3852 -26.1596 2.15181412301
7.5381 -27.9765 3.91570776489
8.8224 -31.6756 1.38257535057
8.0726 -30.514 6.87969589517
1.3441 -29.0796 0.149205663431
1.2653 -28.9529 11.2187902311
6.7621 -19.173 1.30666871854
6.1138 -20.3075 10.765162558
1.4555 -30.0126 0.883162346344
1.0253 -29.2413 10.1266478965
-3.5678 -20.2162 8.64355699987
-2.1298 -28.7393 1.945066531
-2.2103 -26.7959 0.551603707384
-1.8627 -26.3676 0.302361538559
-1.7722 -26.0791 11.1946449095
9.127 -23.5242 0.374766700762
9.3922 -23.789 0.393473417145
9.7324 -23.9867 0.31123658204
10.0429 -24.0081 1.14023634831
11.1772 -23.8919 1.69858826382
9.7 -24.7304 0.720807637307
9.7173 -24.0098 1.09136524592
10.567 -24.6947 6.92577689577
14.3125 -30.5203 0.628026018569
14.9397 -30.5525 0.364892984312
15.2789 -30.687 0.466570434125
15.6618 -30.9536 2.22314377628
16.7134 -32.9123 0.459932690728
17.1646 -33.0015 0.670841419413
17.7021 -33.4029 0.462421193286
18.1591 -33.3323 0.292119975353
18.4203 -33.2015 0.162679377919
18.574 -33.1482 0.545701108667
19.0773 -32.9373 1.44334389873
19.5693 -31.5804 13.2132691685
12.9099 -20.168 0.271661554144
13.0143 -19.9172 3.08829813651
13.6616 -22.9369 11.4904821004
2.2435 -24.2246 0.175119901782
2.0712 -24.2559 10.724367372
9.778 -16.7982 0.691631766188
9.1891 -16.4355 0.726781755412
9.8137 -16.0639 1.09722402908
9.2701 -17.017 11.7697334039
0.6167 -24.9948 8.62903316021
-0.3841 -16.424 4.65961686193
3.8042 -18.4661 1.06216218159
4.4111 -19.3378 0.641357817447
4.9499 -19.6857 2.5617854028
7.4181 -20.3718 1.03969430603
8.3128 -20.9014 0.400904390098
8.6876 -21.0437 2.08943188929
10.3825 -22.2656 1.98146677994
11.0969 -24.1138 6.85992177288
13.6146 -30.495 0.531031759879
14.1298 -30.3663 2.27078137433
15.2355 -32.3497 0.44231772517
15.5451 -32.6656 0.759679412647
15.7826 -33.3872 1.32752835751
17.0949 -33.1867 1.39213504015
17.3498 -31.8181 14.8368951503
2.9357 -28.3014 10.438126763
8.0783 -19.218 8.95892307423
4.8452 -27.5732 1.00005698338
4.9246 -26.5763 7.65864335571
6.2 -19.0246 2.56905374409
8.2205 -20.6113 1.13942379298
7.3072 -21.2926 8.08749757651
1.1724 -26.5625 4.24646470019
1.6331 -30.7839 0.401128071817
2.0173 -30.8992 4.05000601604
-0.588 -34.0 7.96503169736
-5.1193 -27.4495 4.87405242893
-2.1045 -31.2793 3.12719350377
0.5791 -32.8848 9.25283686931
7.3598 -26.589 0.887648719934
8.1386 -26.1631 0.197265227549
8.192 -26.353 0.760851660969
8.6953 -25.7824 0.474417895953
8.2268 -25.8571 0.929523673717
8.4953 -24.9672 0.495020201608
8.9085 -24.6946 0.786985597073
9.6688 -24.4914 1.33086853596
13.2063 -27.1906 1.05254480665
13.9464 -26.4422 6.6302206185
15.3456 -19.9613 6.67439561683
8.6714 -19.9102 11.7401434651
-1.0479 -13.3249 0.329764476559
-0.7185 -13.3404 0.777376536821
-0.9497 -14.0826 3.37821328516
-4.1007 -15.3006 0.880941002565
-4.3911 -14.4689 1.22127343376
-3.7923 -15.5333 12.9609512865
1.4837 -27.3718 3.9155406702
-2.4188 -27.6911 6.14949285876
-1.5879 -21.598 0.605911982057
-1.6441 -22.2013 5.65264605296
-3.3635 -27.5861 5.53715138677
-2.1467 -22.1843 0.407873914341
-2.2394 -22.5815 6.13574269669
-5.3374 -27.8777 6.17183173458
-5.8996 -34.0 10.3253066516
-12.076 -25.7257 0.502558225482
-11.5811 -25.6383 1.31470864073
-10.2702 -25.5383 1.93799191949
-8.337 -25.4021 1.01955365234
-8.1636 -24.3974 11.5362835718
-4.4623 -13.471 9.86428161094
-11.716 -6.7861 0.713597148257
-12.0693 -6.1661 0.587740801714
-11.5598 -5.8731 0.495958869262
-11.0706 -5.7915 7.4954479099
-4.2937 -8.9939 1.06503480694
-5.2402 -9.4822 8.25635825834
-11.3427 -15.0434 0.636717967392
-10.7148 -14.9378 2.04914251579
-8.672 -14.7767 0.870683099641
-7.8125 -14.9158 1.22044623397
-8.0355 -13.7159 1.12197192478
-7.3263 -14.5853 21.7073976886
7.9122 -30.0449 0.512614162894
8.3434 -30.3221 1.15505283429
9.3038 -30.9638 0.628169563096
9.6986 -31.4524 2.64335042323
11.6775 -33.2049 0.909608514692
12.5781 -33.0772 0.858201520623
11.72 -33.064 0.883434536341
12.5927 -33.2013 0.456850445989
12.6534 -32.7485 10.5189308981
12.7774 -22.2303 0.581291949024
13.2842 -22.515 2.70499684473
15.5334 -24.0177 0.935617106513
15.9198 -23.1656 1.07171259673
16.244 -24.1871 0.2280775526
16.3271 -24.3995 3.25986191425
16.428 -27.6578 0.809433165864
23.7498 -20.9105 0.214179294051
23.9367 -20.8059 0.778206720608
23.1646 -20.7086 0.793950829712
23.723 -21.273 0.964747225961
23.2494 -20.4325 2.13244160999
23.4963 -22.5506 9.19386942968
14.8188 -25.5884 4.17043290079
12.0221 -28.6821 4.47726648414
7.5595 -29.0442 3.69301079473
3.8808 -28.7194 3.5904258299
0.2978 -28.9502 4.68934114349
-4.3716 -29.3822 5.61711358262
-2.549 -24.069 0.504448768459
-2.682 -24.5556 6.77135181334
-7.3957 -29.4169 5.71263236433
-5.715 -23.9571 16.0520657776
-5.2848 -7.9108 10.2525066369
-15.4233 -9.4355 4.33246281
-19.4483 -7.8325 2.01587801466
-21.3219 -7.0886 1.71957105407
-20.9888 -5.4016 1.95661145862
-21.6322 -3.5538 25.1996388413
-21.222 21.6425 1.48946751559
-22.4842 22.4333 6.15911647316
-26.9169 26.7095 2.72022606597
-31.8907 34.0 15.6987124956
-32.6988 18.3221 0.289764473323
-32.6824 18.0328 5.66404054364
-27.1682 16.7386 0.425421038502
-26.8273 16.4841 1.42711232915
-25.8889 15.4089 2.80416194254
-23.3931 14.1305 2.86778642336
-20.6902 13.1721 0.632307338246
-21.1166 12.7052 1.16703166195
-20.4757 13.6805 11.0543466284
-11.2414 19.7572 12.0433350464
-1.7594 27.1824 5.75064122512
2.2021 31.3509 0.701619305607
2.803 31.7131 2.51084707021
4.7565 33.2905 0.528785476351
5.2813 33.3553 0.65922050939
5.9405 33.3605 0.499874584271
6.4187 33.5061 0.0635814438339
6.4741 33.5373 0.541470673259
7.0106 33.6105 8.06169888919
9.8749 26.0748 6.94805730043
12.7808 19.7636 10.9134061649
12.7692 8.8502 5.8396638131
14.6373 14.383 0.432473652377
14.4238 14.0069 6.89527033263
8.2202 10.9969 0.0723546819494
8.1978 11.0657 1.10845645832
8.5072 10.0013 24.5978340666
-0.2002 -13.0038 4.28806784578
1.9801 -16.6962 3.31296301368
4.2509 -19.1085 0.881909530508
4.8858 -19.7206 0.539716638617
5.3375 -20.016 2.63704527265
7.1426 -21.9384 8.74865583733
12.9856 -28.4498 0.945858393207
13.8809 -28.1447 0.891386251857
14.3717 -28.8888 2.27524552741
16.3282 -30.0502 0.41646489648
16.7157 -30.2028 0.396314079992
17.0958 -30.315 0.434409173476
17.3756 -30.6473 5.60771979507
12.8805 -34.0 8.62607111726
12.9881 -25.3746 20.2172052849
13.9913 -5.1823 0.835176208952
13.8178 -5.6012 19.7962142224
-5.1317 0.1265 0.554568679245
-4.6148 0.3274 13.5067371104
6.3691 -7.533 0.175962069776
6.2343 -7.6461 0.603997392378
6.0166 -7.0827 0.73670963751
6.5544 -6.5792 1.12262732017
6.3407 -7.6813 17.8724632776
-4.8853 -21.5882 0.479438442347
-4.5494 -21.9303 1.17029024178
-3.8821 -20.9689 14.5055842854
3.2234 -8.3228 0.631997824363
3.1879 -7.6918 12.2681573881
-4.444 -17.2971 10.673602131
0.6489 -7.9169 0.461576104234
1.0404 -7.6724 0.828815691212
1.8692 -7.6775 0.818014596447
1.937 -8.4927 0.988135177999
1.6882 -9.449 11.5514834376
-5.0978 -18.7971 0.661703022511
-4.4518 -18.9404 0.398623080115
-4.0562 -18.9894 0.461088852609
-3.5985 -18.9336 0.581967559233
-3.2553 -18.4636 0.30678983034
-3.0309 -18.2544 0.22331578538
-2.8714 -18.0981 0.408441183036
-2.631 -18.4283 0.862174228332
-3.4792 -18.5829 0.136891782076
-3.5052 -18.4485 0.100950383853
-3.4099 -18.4152 0.99278643222
-2.548 -17.9225 1.26290778761
-3.2902 -16.9007 0.183006120116
-3.132 -16.8087 0.297689804998
-3.2919 -17.0598 1.23382188747
-3.3341 -18.2929 1.04016022323
-3.6389 -19.2874 0.15073486657
-3.4911 -19.2578 0.547333846934
-2.9606 -19.1231 1.08560752577
-2.6837 -20.1728 0.591283121694
8.6883 -20.2189 5.94937192399
11.3485 -14.8974 0.230210099692
5.8102 -7.2821 0.860534392108
5.1664 -7.8531 19.9709608227
-5.1323 -24.9638 1.23817426883
-5.6239 -26.1002 1.04211451386
-5.6294 -25.0581 13.6242427111
-9.3975 -11.9653 0.931307301593
-9.5323 -11.0438 1.19710085206
-9.6964 -12.2296 16.4062395036
-8.3188 -28.5779 2.60700997505
-9.9453 -30.6153 2.76929516123
-12.2188 -32.1965 2.61204543797
-14.7039 -33.0009 1.32251023436
4.5506 -17.6666 0.0578498055312
4.4928 -17.669 12.5742584533
-3.7546 -8.1773 11.449304561
-15.1953 -7.7335 7.8783172372
-40.8816 -34.0 16.2269770506
-35.97 -18.5342 12.3226291549
-37.1552 -6.2687 1.01539807465
-36.5717 -5.4377 1.2692293134
-37.255 -6.5073 5.02479533215
-38.6537 -11.3335 0.871180865263
-37.9236 -11.8088 20.6152923348
-20.8202 -23.3181 0.526905465904
-20.2933 -23.3205 2.70774564906
-17.945 -24.6686 0.452520640413
-17.4992 -24.5909 2.0745291514
-15.5044 -25.1605 0.657194225477
-14.8924 -25.4 0.505999140315
-14.4177 -25.5752 1.31020738816
-13.1075 -25.5796 1.82884255473
-11.2928 -25.3526 2.54724304494
-9.0125 -26.4878 0.698648652758
-8.3762 -26.7763 0.519603310228
-7.864 -26.8637 4.88679128365
-3.4076 -28.869 1.63388207959
-2.1992 -29.9687 2.95084823907
0.5706 -30.9864 4.06201188822
4.3179 -32.5541 0.551166399556
4.8581 -32.6635 1.15925217705
5.85 -33.2635 0.349102420501
6.1991 -33.2648 0.454859802577
6.2979 -33.7088 0.101682840244
6.3953 -33.6796 0.38913036376
6.6265 -33.9926 0.445884659974
6.6512 -33.5474 0.261418381144
6.8913 -33.6508 1.32793231755
5.5663 -33.739 0.299616171126
5.314 -33.5774 1.48327542958
0.0 0.0 10.2313080068
10.2313 -0.0128 7.78468695967
2.5922 1.4857 0.10335032656
2.6774 1.5442 11.8523104908
4.7488 13.2141 0.862072647751
5.3301 12.5775 1.31065712526
4.778 13.7662 25.4633000143
-14.0429 30.9171 0.938108415909
-14.9215 31.2459 1.47555370624
-16.393 31.3552 2.33917303764
-18.1925 32.8497 2.31495175976
-20.2756 31.8399 1.73230720428
-21.8863 31.2023 0.772582914644
-21.1769 30.8963 2.08156709476
-19.1255 30.5432 9.29474590992
-13.0028 23.55 0.433717707732
-13.2067 23.9328 9.64020071005
-20.3294 30.429 2.47575724375
-22.4666 31.6787 2.53672381823
-24.9083 32.3665 2.86919487836
-27.7588 32.0395 2.46354577794
-30.1376 32.6801 2.89848495597
-33.0028 32.2421 4.46852529813
-37.4543 31.8524 11.8505711601
-48.7384 28.2323 0.853040831379
-48.5663 29.0678 1.16422272783
-48.5573 22.7828 0.302184132608
-48.8326 22.6582 0.21261876681
-48.7083 22.8307 1.37984723792
-47.4559 22.2515 0.901414111272
-48.2161 21.7671 0.980703879874
-49.1504 22.0652 1.30346047504
-47.9144 21.6513 10.7110931814
-37.9769 17.6546 9.67552170893
-31.6784 10.3099 0.319901562985
-31.3585 10.3109 3.13418575231
-32.7493 7.5022 1.74201309984
-31.0085 7.4372 2.91254709833
-28.1591 8.0404 1.04089024397
-28.4696 7.0469 0.769496068866
2.1251 33.3058 0.516587040101
1.755 32.9454 13.2113524096
-11.211 30.4111 0.77883776231
-11.8309 30.8826 1.58256015683
-11.4105 32.4083 0.0822525987431
-11.4915 32.4226 1.35557601041
-11.1261 31.1172 8.17332573192
-8.1995 23.4858 4.7568014432
-10.7521 27.4997 12.9544728959
-9.3641 14.6198 9.92487765567
-1.2429 8.9146 0.983088042853
-0.32 8.5759 3.04726143939
2.6402 7.8527 1.28742369871
3.4875 6.8834 0.52989027166
3.9916 6.7201 2.62012213837
5.9417 4.9702 0.704642781841
6.5864 4.6858 1.88551994155
8.4712 4.7379 0.710989690502
9.1227 5.0226 0.418226888184
8.708 5.0768 12.4801795264
-2.923 9.6017 0.141549320027
-3.0644 9.6082 0.509248112417
-2.8186 9.1622 1.50070685012
-3.5037 7.827 3.55948604436
0.0426 7.5209 2.02142675356
2.042 7.8185 0.426530186505
1.62 7.7565 1.11350797932
1.1101 6.7666 12.0398085184
-6.8989 -2.223 0.928681667742
-7.3719 -3.0222 0.568566451701
-6.806 -3.0772 2.17302845356
-4.6465 -3.3193 8.33071628673
-5.2993 4.9858 0.170686877059
-5.1668 5.0934 0.166785041296
-5.2518 5.2369 1.03735912779
-13.6681 12.9641 5.50978905222
-19.0785 14.0059 7.58086500605
-26.5825 12.9291 5.64966621315
-32.0409 11.4715 3.03203625968
-34.9817 10.7333 1.9172068433
-36.7709 10.0445 6.71913872234
-43.439 10.8711 1.07556116051
-43.0345 11.8677 0.0867700409128
-43.0855 11.9379 1.49237861483
0.0 0.0 9.14255326372
-2.5377 -8.7833 8.39612433269
-6.8718 -1.5923 0.229725858362
-7.0912 -1.6604 9.68992842337
-3.2025 -10.5358 21.7257083116
8.9695 -28.5316 6.2295169283
14.1595 -31.977 2.94428504904
16.7849 -33.3097 0.712601157731
17.4828 -33.4537 0.513299376583
17.996 -33.4436 1.05311542577
18.9761 -33.0583 0.320189600081
19.2758 -32.9456 0.112729765368
19.3862 -32.9684 0.476516998647
19.4289 -32.4938 0.26439080922
19.5396 -32.7339 0.0290146514713
19.5679 -32.7275 2.31157614843
17.6381 -34.0 7.13892711967
19.8182 -27.2021 0.351199202733
19.9944 -27.5059 0.246852688865
20.0684 -27.7414 1.83288106543
21.8896 -27.948 1.4862141232
23.2655 -28.5099 3.30854944046
25.0017 -31.3263 0.495078680616
25.4056 -31.6126 1.99846139067
26.4884 -33.2923 0.530985093953
26.7963 -33.7249 0.0653853959229
26.7445 -33.685 0.169674541402
26.9113 -33.6539 1.33333091541
25.5931 -33.8542 0.233968651746
25.7989 -33.7429 0.511615187421
25.3518 -33.9916 1.08312422649
6.4251 -14.3313 5.44107243106
0.9929 -14.6419 4.33372366101
-2.2357 -11.751 6.97114177879
-0.279 -5.0601 1.19060060474
-0.2778 -3.8695 16.3319259764
-2.0645 12.3644 19.3802103704
-12.6071 28.6262 5.90048593677
-18.4256 29.6064 2.09733125662
-20.1532 30.7956 2.562213865
-22.6365 31.4266 1.29298317468
-21.6415 32.2523 10.1601077101
-15.6937 24.0151 11.2530726204
-14.1859 12.8635 23.4624939521
-1.0801 -6.5974 0.684923535878
-0.4758 -6.275 5.68448174771
5.0617 -4.9907 5.27828825473
0.4046 -7.475 0.960185112361
-0.5042 -7.1651 7.35908018437
-3.7996 -0.5851 1.09158471957
-3.231 -1.5169 8.26109353839
0.2929 -8.9887 1.67447713929
-1.0759 -8.0242 4.92366650475
-3.0575 -3.5169 3.82861854982
-1.5895 -7.0529 1.29452589005
-2.1147 -8.2361 19.6999154191
-7.6931 -27.1297 3.38538143198
-10.7593 -25.6947 5.5377806105
-14.0221 -30.1692 3.75058857914
-17.4346 -31.7254 3.21337605642
-20.6308 -31.3936 2.73475411143
-23.0906 -32.5887 3.69598433979
-26.7288 -31.9377 11.9992753019
-38.7147 -31.3713 10.0854247119
-47.8706 -27.1422 4.42209278962
-49.3446 -22.973 11.3657850358
-37.9848 -22.6042 13.5779054088
-33.8883 -9.659 0.64145370059
-34.4064 -10.0372 1.6512762004
-36.0234 -10.3719 0.803200398406
-36.0242 -9.5687 9.87198944185
-30.6285 -2.9677 1.3130380421
-29.3406 -3.2234 1.22382656451
-30.1711 -4.1223 16.433578805
-25.3208 -19.8238 0.998186856255
-24.9496 -20.7504 17.6986090609
-9.4834 -29.3549 3.98419629286
-5.4993 -29.3826 3.98628400895
-1.5187 -29.1698 0.666658488283
-0.8722 -29.3325 0.490282877531
-0.3825 -29.3564 1.49818771187
0.8506 -30.2073 1.96126124981
2.0894 -28.6868 0.743867757064
2.6676 -28.2188 2.61012962513
3.7101 -25.8259 0.28600295453
3.9736 -25.9371 0.211138816895
4.1658 -26.0245 1.64794493233
2.5185 -25.9784 13.3119816323
-10.7458 -27.1041 2.46404501785
-9.9054 -29.4204 0.310865179781
-9.595 -29.4374 1.31796625905
-9.0359 -28.2439 0.618734749307
-8.7864 -28.8101 0.871494624195
-8.7232 -29.6793 0.954819532687
-8.7479 -28.7248 21.5735831576
-7.0228 -7.2203 0.144056412561
-7.0664 -7.3576 2.23857078065
-5.1379 -8.4943 7.665634975
-7.9805 -15.6134 0.547706527257
-8.4067 -15.2694 7.55105450782
-7.9254 -7.7337 1.77335950388
-6.1921 -8.1085 1.44849472557
-4.7677 -8.3716 0.507838488104
-4.2625 -8.4233 0.35104650689
-4.1779 -8.764 0.772115444736
-4.8028 -8.3105 1.27974830338
-4.1902 -9.4341 18.5982028403
3.939 -26.1616 2.52658373501
6.3226 -26.9995 2.50044949759
7.1086 -29.3732 0.578302420884
6.5523 -29.5312 0.595944829661
6.9055 -29.0512 0.387420353105
7.0588 -28.6954 0.94118164028
7.6976 -29.3866 1.38047118405
8.1239 -28.0736 0.314937533489
8.4233 -28.1713 0.551355393553
8.9654 -28.2719 1.3751913685
7.5921 -28.344 15.1160632024
-3.7922 -18.3995 0.779995211524
-3.6665 -19.1693 11.9675865341
4.7023 -27.7242 1.49103018413
3.3874 -27.0212 5.17986265938
-1.3927 -29.0166 11.2831115394
-7.9282 -19.819 0.59980867783
-7.8843 -20.4172 9.21014094409
-4.2468 -28.8786 0.233928023118
-4.1814 -28.654 0.891438477967
-4.5714 -29.4556 0.284211646489
-4.8549 -29.4355 1.01746917398
-10.3894 -34.0 2.87216775276
-10.9996 -31.1934 3.52913291475
-14.5264 -31.0651 2.74947260579
-17.2608 -31.3526 1.18233745183
-16.7064 -30.3083 17.6597504447
-10.01 -13.9674 1.86943170242
-11.7995 -13.4266 3.13652091496
-12.7819 -10.4479 1.5165228452
-14.2092 -9.9354 0.348998638966
-14.2381 -9.5876 0.661937678335
-14.0599 -8.9501 1.40306684089
-14.3469 -10.3235 17.4834788129
-18.6027 -27.2811 7.96563651255
-25.6483 -30.9974 2.20061819723
-27.8485 -31.0403 2.62845751345
-30.2498 -29.9714 2.88871636891
-33.1349 -29.8269 14.1699315189
-47.2876 -30.5255 4.72852515273
-50.093 -26.7191 0.787889954245
-49.7983 -25.9884 12.7747341565
-48.8289 -13.2505 3.60230819614
-52.3774 -12.6302 8.83533880731
-48.6746 -20.6522 1.3283340619
-47.3719 -20.3925 18.3136048336
-35.6393 -6.3307 0.835031981423
-34.8768 -6.6711 1.0148243789
-34.4264 -5.7617 0.404909002123
-34.4291 -6.1666 1.04047929821
-35.229 -6.832 0.642983701193
0.0 0.0 7.27137299621
-2.6405 6.775 13.1114847016
1.2267 -5.7532 14.3943742136
5.7705 -19.4116 0.659798302514
6.2017 -19.911 0.518484647796
6.7094 -20.0162 0.863226140707
7.3125 -20.6338 2.30369206493
9.5972 -20.3386 2.10444963114
11.696 -20.4927 1.73756265211
13.3654 -20.0108 0.465463177921
13.8155 -20.1294 0.245599531759
14.0547 -20.1851 0.262070601175
14.2885 -20.0667 1.02086685224
15.0493 -19.386 0.665384377634
14.8567 -18.7491 2.65971631006
14.1259 -10.9313 13.8909737474
0.4016 -8.7859 3.51234703582
-3.1015 -8.5312 0.323731277451
-3.2578 -8.2477 0.98211797662
-3.1214 -9.2203 20.0921451239
0.9234 -28.9011 2.30779081591
-1.1792 -29.8524 7.72593552652
-1.4062 -22.1298 7.96005188425
-5.0556 -29.204 1.35359303337
-6.3415 -29.6267 0.839345250776
-5.6137 -29.2086 8.31325165323
-1.5945 -21.9315 8.19164118965
-5.4498 -29.1592 1.69026317477
-6.9826 -29.8716 2.26891659168
-9.0939 -30.7025 2.19782689264
-11.1471 -29.9184 1.14905955024
-12.2404 -29.5648 7.80933375711
-6.3231 -24.4686 1.01486976997
-7.1278 -25.087 8.7606546793
-14.4799 -29.851 1.39688821314
-14.9681 -31.1598 3.36631421142
-18.1792 -32.1702 2.43091062978
-20.5197 -32.827 3.61894774762
-24.0791 -32.1732 10.1040435787
-15.5799 -26.7092 14.0028660224
-16.3971 -12.7302 4.71035867212
-18.3962 -8.4651 1.15004869462
-19.4722 -8.0591 2.58744535208
-21.7595 -6.8495 0.951737763252
-22.7024 -6.7201 10.7572725837
-25.3404 -17.1489 1.36340968164
-26.5354 -17.8053 0.492084586225
-26.4522 -17.3203 1.59247878479
-26.9484 -15.8071 7.05807783253
-25.2934 -8.9458 0.714513211914
-24.9741 -8.3066 1.2914751643
-25.384 -9.5313 15.2238857648
-32.4413 -23.0206 8.89740957021
-40.8198 -26.0147 8.15611895082
-39.1593 -34.0 4.05838668562
-39.7388 -29.9832 0.980310670145
-39.9378 -30.9431 8.98593135128
-48.907 -30.395 0.729580290304
-49.1452 -31.0846 1.1165953833
-48.8097 -30.0196 15.2428417042
-45.1975 -5.2737 0.13946616077
-45.0615 -5.2428 0.567689184325
-45.2025 -4.6929 7.78349900045
-37.484 -3.6891 0.485971377758
-37.0383 -3.4954 1.07885743729
-36.8292 -4.5538 0.499369372309
-36.8788 -4.0569 0.329488588573
-36.768 -3.7466 1.13632483472
-36.6137 -4.8724 11.1468789219
-29.235 -13.2275 15.50761441
-17.7812 -23.682 0.647580496927
-17.1809 -23.9249 3.36978942072
-14.0602 -25.1964 0.862340912865
-13.2006 -25.2651 1.65284898282
-11.563 -25.4891 1.30782520239
-10.2606 -25.3701 1.21513866287
-9.0525 -25.5007 1.43769268274
-7.6152 -25.4671 2.51024212776
-5.6007 -23.9694 5.46483036516
-0.4973 -22.015 1.57317011159
-1.4811 -20.7874 11.923234796
-7.0591 -10.2494 9.22621721509
-1.9088 -17.9043 0.727733502046
-1.9881 -17.1809 15.4360675993
-7.4159 -2.7306 1.83859857772
-6.6431 -1.0623 6.39003905622
-1.5098 -4.8678 8.82912482639
1.9236 -13.002 14.5290589213
9.2041 -25.5753 4.47718612524
11.9787 -29.0891 3.04969434042
14.0476 -31.3297 1.94480082528
15.5005 -32.6225 1.20206476531
16.5018 -33.2876 0.398409462739
16.8999 -33.3033 0.278323283252
17.1782 -33.2997 0.253499447731
17.4303 -33.3263 0.859440079354
17.7692 -32.5365 0.380955771711
18.0661 -32.7752 0.791072095324
18.4456 -33.4693 0.218987237071
18.6431 -33.5639 0.168579743742
18.8108 -33.5811 0.116682475119
18.927 -33.5917 1.11158712659
17.8775 -33.2254 0.649896791806
18.4265 -33.5732 0.082528298177
18.5089 -33.5778 1.12571716697
17.4014 -33.3761 0.745331235089
18.0998 -33.1158 0.690729650442
18.6562 -33.5251 1.08752013315
17.571 -33.4541 20.3044035157
-2.3193 -29.3743 1.26703070997
-1.0774 -29.1232 13.5283320439
11.5868 -24.3657 0.412720401725
11.1811 -24.4415 0.991813288881
12.0735 -24.8743 0.783867877898
11.3569 -24.5566 11.400527094
0.569 -28.2435 10.8104231666
-4.0308 -18.4605 0.232028834415
-3.8491 -18.6048 10.4948338529
-2.9063 -29.0572 10.4676765755
-2.8455 -18.5897 10.4213793876
-1.0102 -28.8482 0.774062762313
-0.5748 -29.4882 0.428456135444
-0.3327 -29.1347 0.312668658487
-0.1647 -28.871 7.71219341887
-4.2025 -22.3003 6.1915
-4.2025 -28.4918 13.6163470964
7.8124 -22.085 0.584980862935
8.3954 -22.1331 1.55511129505
9.9121 -22.4766 1.12908153824
10.7805 -23.1982 1.61286816572
11.1991 -24.7558 5.64919607112
12.8162 -30.1686 3.76756530003
15.3135 -32.9896 0.313801290628
15.6069 -32.8783 0.764658799727
16.3421 -32.6681 1.18262576498
17.2748 -33.3952 0.135099259806
17.3898 -33.4661 0.919853303522
16.4705 -33.4342 0.155574580186
16.4149 -33.5795 1.09560268802
17.473 -33.8637 0.900472098402
16.708 -33.3887 0.323472796383
16.5251 -33.6555 1.09432072538
17.576 -33.9607 1.19387946628
16.3823 -33.94 17.0157715035
0.2842 -28.4275 0.0854845015193
0.1988 -28.4237 1.27545502861
-0.4129 -27.3045 10.7190203979
-3.3464 -16.9947 11.0494558929
0.8519 -27.2155 0.483417469688
0.4546 -27.4909 0.219779275638
0.3464 -27.6822 2.65436447573
1.9665 -29.7848 12.0176815605
12.4393 -23.8903 0.953894485779
13.3923 -23.849 0.710948451015
14.1032 -23.8573 19.8981790014
33.2113 -29.4087 6.83093381976
40.0295 -29.8256 3.3907632135
43.3746 -29.271 2.86188693173
46.2321 -29.4294 1.81870614724
48.0488 -29.344 0.504453863103
48.5479 -29.2707 1.38355045083
49.9203 -29.0954 0.639504378406
50.5539 -29.0087 0.410317255304
50.9614 -29.0567 4.55340291321
46.4767 -29.8447 1.21540301546
46.7942 -28.6715 8.30562944033
47.4784 -20.3941 0.657613214587
48.0367 -20.0466 0.510732846016
48.4815 -19.7956 1.37476610374
49.7237 -19.2066 0.918346258227
49.5869 -20.1147 2.24496968799
51.5416 -19.0106 0.911222283529
34.8786 -4.9868 26.2882137592
23.3694 18.6481 1.92052006759
21.5056 19.1114 3.28855078264
18.224 19.3251 1.92793983827
16.2969 19.2682 1.31515751908
14.9818 19.2559 4.27322992829
10.7089 19.309 3.72025650325
7.5595 17.3287 4.0670832497
3.5249 17.8417 9.34961413642
-5.3382 14.865 5.99469080437
-0.8892 18.8828 0.821965844789
-0.8436 19.7035 1.08525842545
-0.5529 18.6579 13.3434816206
2.3495 5.6339 1.29047911258
2.371 4.3436 0.673316448633
2.021 4.9188 18.331729995
-4.3995 22.0894 0.757967862116
-3.7473 22.4756 4.82553525425
-1.6518 18.1288 0.61469531477
-1.7475 18.736 6.63666218064
-7.0536 22.7223 0.705339528171
-6.8879 22.0367 18.4640792592
-5.3414 3.6375 0.246846429992
-5.436 3.4095 1.46053905802
-5.3865 4.8692 10.7503762692
-3.7378 15.4924 0.379972420052
-4.0926 15.6284 12.0138165301
-9.2407 26.4833 4.79757231941
-13.3167 29.0137 6.35665259787
-19.4268 30.7669 2.9668678046
-22.2609 31.6445 1.33673587892
-21.2809 30.7354 0.934271106264
-21.075 31.6467 0.702597644459
-20.8994 30.9664 0.808796989361
-21.4578 30.3813 0.235757248033
-21.2256 30.3405 3.00408514027
-21.7889 27.3897 1.27936265773
-22.2794 28.5713 7.11209908606
-29.0109 26.2759 5.9137642902
-23.6431 28.7577 1.2347896501
-24.8209 28.3869 6.28706779111
-30.958 29.7519 0.43696098224
-30.5519 29.5906 3.84560712762
-34.3216 30.3509 2.63558769537
-36.8059 31.231 6.01352733926
-42.8068 30.8415 5.17805058009
-47.5078 28.6706 0.773281268362
-46.9052 29.1552 1.18560003796
-40.1452 7.3628 0.504324994423
-39.6619 7.2187 2.39354173141
-38.21 9.1216 0.872189669739
-37.6351 8.4657 0.256470680586
-37.4226 8.6093 8.65691598954
-31.7033 15.1079 0.417364169521
-31.349 14.8873 2.20757487982
-29.1428 14.9652 5.95826438655
-27.7513 9.1717 1.76402677984
-26.1355 8.4639 8.70543302656
-22.6102 16.4236 15.2287872731
-10.6943 25.9066 0.555072481754
-10.1438 25.9777 0.368514775823
-9.7753 25.981 2.10268417267
-7.706 26.3542 3.31447747013
-4.4051 26.6539 5.58193290626
1.1418 26.0295 0.202569296785
1.0732 26.2201 1.2397524148
0.3385 25.2215 12.1295432729
-5.3939 14.532 0.518537915682
-5.108 14.9646 13.3541831922
-12.1907 26.2858 0.602167260817
-11.8478 25.7908 6.69133123153
-11.4304 19.1125 0.493040931364
-10.9398 19.0635 2.14132329413
-8.9911 18.1759 2.17482510791
-7.0506 17.1939 0.403618557552
-7.2031 17.5676 8.94307144777
1.2613 20.4542 9.57756952154
6.9888 28.1305 0.619351612576
7.5939 28.2626 2.34833714999
9.789 29.097 1.11411318097
9.4513 30.1587 0.583696196664
9.8239 30.608 1.08028096808
10.6203 31.3379 0.94187710451
11.2895 30.6751 6.39715360219
15.3234 25.7101 2.91478554271
18.2354 25.8375 0.819488425788
18.9662 25.4667 0.338180676562
19.2886 25.3646 0.270130135305
19.5559 25.4036 1.06247707269
18.2812 25.8778 1.21907448501
18.8576 24.8036 1.32860444828
19.1379 26.1023 8.91497070831
18.9367 17.1896 0.152695415779
18.855 17.0606 6.65373634885
12.6622 19.494 1.05236968789
11.8836 20.202 12.5305752821
2.4113 28.4051 1.79522897704
1.5755 29.9939 0.426954388665
1.5113 29.5718 3.10858146749
-1.5622 30.0375 2.56506342417
-4.1073 30.3569 2.37635521966
-6.483 30.4127 1.12605444362
-6.3936 31.5352 0.999156709431
-6.5113 30.543 16.5287463169
-5.8497 14.0275 1.07654358946
-6.4934 13.1646 1.20258686589
-6.5625 14.3652 14.0412735562
-6.2243 28.4024 0.666352279204
-3.5033 21.638 0.211071954556
-6.5117 10.9668 0.493629597978
-6.4084 11.4495 2.94839573497
-8.2863 13.7225 15.1940217954
-10.6477 28.7319 2.88830723089
-13.5348 28.6484 1.22886539946
-13.7687 29.8548 2.77193175241
-14.6267 32.4906 0.343549588851
-14.8021 32.786 1.43380831704
-14.3486 31.4258 8.17417775987
-9.8217 24.6196 7.69264392131
-14.3824 30.8145 1.41495386851
-15.7775 31.0507 1.46165471299
-16.0852 32.4796 2.93423032497
-19.0186 32.5494 0.581293815553
-19.5833 32.6873 2.79407295896
-20.1156 29.9444 2.59188824026
-22.2333 31.4388 2.63492982829
-24.7637 32.1736 1.10321483855
-24.9294 31.0829 0.955577364738
-25.0035 32.0356 1.31529143919
-24.3421 30.8987 16.0816132664
-18.4746 15.9257 0.263378226131
-18.3074 15.7222 1.42562047193
-19.3552 16.6889 19.2368239504
-30.1851 32.5876 17.1298636612
-47.192 30.5388 2.70448146786
-47.4066 14.1257 16.3856939749
-31.9346 8.7305 0.679473104692
-32.3389 9.2766 12.9383474161
-41.8864 18.0085 1.65908315946
-43.1837 19.0427 0.906731768496
-42.9592 18.1642 10.0829622299
-41.3629 8.2084 42.4369299899
-51.5 -33.0 5.7541014885
-32.7171 -11.3869 0.655006419816
-32.0806 -11.5415 0.867461751318
-32.4148 -12.342 1.07103331881
-38.9539 -0.0856 0.65616413343
-39.566 0.1508 0.330978700221
-39.3989 -0.1349 0.329167692825
-39.2825 -0.4428 0.368192476838
-38.9218 -0.5167 26.0734236404
-26.3225 -23.3439 1.02935440933
-19.078 -34.0 7.20591950344
-12.6747 -30.695 0.531103699855
-13.203 -30.6405 8.47423947974
-21.6656 -30.1965 0.226113820896
-21.4395 -30.194 0.961229140216
-21.8556 -31.0605 5.63681609155
-17.0007 -28.1963 6.09074664471
-22.722 -30.2853 8.15834027851
-15.9383 -25.7532 17.4244378587
-14.9345 -8.3577 0.689730737317
-14.7365 -9.0184 9.97059877841
-5.2271 -21.5191 1.15803209368
-4.4308 -20.6783 11.5972281111
2.4667 -11.3552 0.662347718347
3.0902 -11.1317 0.677549850565
3.9662 -21.981 1.29038517118
4.4257 -23.1868 0.862290444108
4.4602 -22.3252 9.55606649673
7.0057 -13.1144 0.54214333898
7.1425 -13.639 1.19309128737
6.2494 -14.4301 10.9171514911
-2.9654 -20.2843 0.878886710561
-3.817 -20.067 6.83747438533
-9.1141 -24.3904 2.15697240131
-7.0828 -25.1159 7.39348853587
-7.03 -17.7226 5.27713473866
-2.4456 -20.3363 1.41641987066
-1.2139 -21.0357 12.5819988082
8.5985 -28.9112 2.56943560534
10.1862 -30.9314 1.48751514278
10.8243 -32.2751 1.27225962759
11.0233 -33.5317 0.354529843596
11.1554 -33.2027 0.872768927036
11.3602 -34.0511 1.3982682611
10.0169 -33.6629 0.247265545517
10.0764 -33.4229 0.194966279136
10.1188 -33.6132 14.5565153828
-2.9132 -27.1279 3.33346441409
14.9549 -21.4675 0.440886209809
14.615 -21.7483 0.523798129054
14.1922 -21.4391 15.6673128111
1.2718 -30.3007 3.94399478955
-2.5095 -29.1796 1.34633875381
-2.5397 -30.5256 2.73590065975
-1.9998 -33.2077 0.147927448433
-2.0345 -33.3515 1.47480012205
-2.0351 -31.8767 9.52652390382
-0.5339 -22.4692 13.8388882375
-11.4158 -13.9194 0.349003452705
-11.6068 -13.6273 13.9649508402
-6.7809 -26.7319 6.0113697316
-4.4711 -21.182 4.34951614091
-5.1706 -25.4749 2.68706846954
-7.2486 -27.1785 2.57760750503
-9.46 -28.5028 1.86384089986
-10.9237 -29.6567 1.20862874366
