0.0 0.0 7.25188916076
-2.6998 6.7306 1.00904882439
-2.1101 7.5494 15.35397083
4.3206 21.4918 0.776236664942
4.6846 22.1774 1.22198315046
3.8667 21.2695 16.6277326491
-5.0562 7.2387 0.543959888227
-5.1512 7.7743 0.0
-5.1512 7.7743 13.5633842683
-6.9647 21.2159 5.31369635
-3.7248 25.4276 3.83848542136
-0.6011 27.6584 9.55851352722
7.7575 23.0217 0.896946291592
8.6539 22.9904 0.516259246891
9.0184 22.6248 2.24452936715
11.2266 23.027 9.06928538806
16.8513 30.1414 3.0357822221
19.5086 31.6093 5.15976112819
24.3617 33.3616 1.55570105419
25.9096 33.206 0.836604141754
26.7461 33.2192 0.822247803281
27.5553 33.0733 0.626127247451
28.1796 33.1211 2.13887464102
29.3703 31.3443 2.00763909605
31.0246 32.4818 5.87984085244
36.8713 33.1052 3.3621628515
39.6465 31.2072 0.601315241783
39.7086 30.6091 0.778766569647
39.865 29.8462 2.45453739022
40.2126 27.4164 8.53102210641
39.1833 18.9477 0.933609522231
39.1976 18.0142 1.23206896317
39.4668 19.2165 3.07471829116
41.1369 21.7981 1.53290674211
40.4141 20.4463 0.403285729973
40.2498 20.078 0.432760256955
40.1078 19.6692 0.492712664745
40.4927 19.9768 1.4158373812
40.777 18.5898 5.21640468618
39.8119 12.8889 1.15480003897
40.9666 12.9041 8.79290625277
36.0 20.16 5.06199514915
30.9385 20.0892 1.06767515659
29.8817 19.9372 11.8542688927
19.119 24.9059 2.57804242207
18.5007 27.4087 0.266402871606
18.465 27.6727 4.52851579439
14.0949 28.86 5.26774420886
8.8786 29.5944 1.15397457511
8.8492 28.4408 13.7289338687
6.9786 14.8399 17.6194885703
-1.9372 -0.3573 0.476222343029
-1.8696 0.1141 3.09676063654
-4.6858 -1.1739 3.42052865066
-8.1038 -1.0424 1.04181750801
-7.2982 -0.3818 5.07184045688
-6.3913 -5.3719 0.769361274045
-6.4462 -4.6045 3.25445812387
-6.7284 -1.3623 2.27909514062
-8.8439 -2.2102 7.58610189887
-12.4928 -8.8611 0.60992735633
-13.0521 -8.6178 1.52632479506
-14.5784 -8.6091 2.64905213614
-17.1845 -8.134 1.32014596163
-17.6655 -9.3634 1.01144592045
-18.6604 -9.1812 6.27851860633
-42.6261 9.9082 10.4861272203
-32.2399 8.464 0.526037992924
-32.765 8.4326 2.27251651259
-31.3569 10.2163 11.1011911834
-21.2382 14.7823 0.92082680239
-22.156 14.7077 0.963601349107
-21.465 15.3793 12.3406654164
-12.7734 24.1399 2.58188243342
-11.3443 26.2902 0.903814461048
-10.4786 26.5499 1.61790504666
-8.9111 26.9506 4.10317924054
-4.8369 26.4638 2.74468114906
-2.8663 28.3743 0.113600396126
-2.957 28.3059 0.520624864946
-2.4366 28.3212 1.43330979903
-1.0489 27.9625 1.77397853707
0.7187 28.1128 2.49871074356
2.9034 29.3255 1.70835202461
4.1984 30.4397 1.73303272041
5.7655 31.1797 1.36988398414
6.8693 30.3684 0.813656936307
6.6049 29.5989 1.44011027356
8.0321 29.7913 0.375175292363
8.2388 30.1044 1.60724209129
7.2205 31.3479 0.946435005692
7.3846 32.28 0.626553916275
8.0096 32.3241 0.496170343733
8.477 32.4906 0.744965730755
9.1807 32.7351 0.563156266058
9.544 32.3048 0.20643274934
9.7058 32.1766 0.69465837647
10.3993 32.2167 0.246703972404
10.5299 32.426 1.3424055572
10.9287 31.1442 8.4090824446
16.7753 25.1002 1.33009407938
18.1038 25.1653 0.848143973627
17.7326 25.9279 0.174260724204
17.8912 26.0001 4.26761711732
16.4257 30.0082 0.870764376855
17.0685 30.5956 6.01141526514
23.0167 31.4651 4.0548465384
27.0701 31.3568 2.96415494366
29.2419 33.3741 0.932435654616
30.171 33.4529 0.136723699482
30.1299 33.3225 3.27825018112
33.4079 33.282 6.27172905346
39.6455 32.6286 3.36222162416
39.9224 29.2778 0.586402251019
39.9378 28.6916 1.08774631234
40.028 27.6076 0.903767010905
40.1764 26.7161 1.27507826426
40.0451 25.4478 0.379880152153
40.0893 25.0705 1.09440924704
40.3715 24.0131 1.46002775316
40.7313 22.5981 5.55500781818
40.8982 17.0456 3.37906600409
41.2423 20.4071 0.862918825846
40.8312 21.1658 1.11644348267
41.9174 20.9077 0.819073897765
41.3657 20.3023 4.60389049609
0.0 0.0 1.95239700112
1.9478 -0.1339 2.2388009045
0.7028 -1.9946 0.66187748111
0.1102 -2.2894 0.701398011118
0.1921 -1.5928 4.1735277464
-3.9812 -1.5492 1.2882620308
-2.9747 -2.3533 0.294278779391
-2.9415 -2.0609 21.3404926841
16.4765 -10.9129 6.0800053495
18.5893 -16.614 4.55356781107
20.1888 -12.3506 1.32812543082
20.2934 -13.6746 3.82057075972
20.5536 -17.4863 2.60094164679
20.3287 -20.0775 0.818178269083
21.1279 -19.9023 6.03799587943
23.8011 -14.4883 0.840581304812
23.6694 -15.3185 0.354914426306
23.9514 -15.534 3.89433887714
23.8254 -19.4263 4.81212697463
24.2853 -14.6362 2.28518491593
22.1684 -13.7755 0.646753507915
21.5487 -13.5904 0.936661689192
21.2913 -12.6898 8.10935445643
15.1122 -7.4381 9.83599404738
7.6725 -1.004 1.03791121489
6.6513 -1.1895 2.64922638142
4.0114 -0.9674 3.73305220564
1.446 1.7445 0.463826044978
1.1528 1.3851 1.43585570654
-0.1537 0.7895 10.1016627225
-4.2361 -8.4505 3.01242389115
-7.047 -7.3672 1.79794006852
-8.5238 -8.3927 0.748619756619
-9.2473 -8.2004 2.3887151358
-19.3806 -16.7863 0.521321263714
-19.8391 -16.5382 0.753150675496
-19.1604 -16.8647 2.33083372423
-16.9865 -17.7055 1.89247282147
-15.4292 -18.7808 11.4626831314
-4.2943 -21.5024 13.6808450762
5.1799 -31.3718 8.82523867156
13.9839 -31.9837 12.9320829881
26.9139 -31.7516 7.09708349465
33.9866 -31.1638 6.19638407622
40.1177 -30.2667 2.56331922515
41.5561 -28.145 0.717162910363
41.3503 -27.458 1.07396659631
41.1658 -26.4 0.802484074608
40.9528 -25.6263 2.12277722336
40.1663 -23.6546 2.23775452854
39.5365 -21.5073 0.771200894709
40.1344 -21.0202 0.864136343409
40.2733 -21.8731 1.17405329521
39.9158 -20.7548 4.86644164046
39.1338 -15.9516 0.760204288333
39.7618 -16.38 1.31584271476
40.0372 -15.0933 9.24185896938
39.4673 -6.423 1.33559581461
40.1156 -5.2553 0.210500095012
40.1154 -5.0448 0.0406686611533
40.0749 -5.0485 0.535725396075
39.6226 -4.7614 3.0508122525
35.9568 3.1375 17.9324829826
25.9852 18.0419 0.750134021359
25.2356 18.0136 1.33007046806
25.6999 19.26 0.539728311283
26.237 19.2068 0.989218610824
25.4509 18.6063 18.6415461231
10.3124 7.7282 5.60161304001
4.714 7.9179 3.64368791336
1.096 7.486 2.95248858592
-1.7697 8.1966 4.52189634224
-6.231 7.4588 3.42443660914
-9.543 6.5885 2.75751313505
-12.2955 6.7547 2.67930890343
-14.9439 6.3489 1.51896920969
-16.2054 7.195 0.865779429185
-15.4285 7.5771 0.921902234513
-15.5263 6.6604 3.3615259169
-18.8878 6.6472 4.04802184036
-20.9659 3.1733 6.26261230877
-21.0941 -3.088 3.68864343899
-24.7092 -2.3551 1.14489163243
-25.027 -1.2552 3.14501637834
-21.9069 -1.6503 2.23009203846
-23.8798 -2.69 3.04309154808
-26.7219 -1.6024 1.44776111634
-28.008 -2.2672 4.82562119214
-23.1825 -2.233 0.429637824219
-23.5946 -2.3545 4.05870210412
-27.5092 -1.2826 1.50456242808
-28.7295 -0.4025 1.09236969932
-29.8075 -0.5791 15.4174722614
-17.6492 8.9011 9.34614059385
-21.1592 17.5631 3.38907700267
-21.9674 20.8544 0.940200047862
-22.9076 20.8541 9.80290541115
-17.0341 13.0056 2.74946952884
-19.5003 14.2211 1.3732904609
-20.6913 14.9048 7.01806592873
-24.828 9.2355 12.9713654832
-37.5785 6.852 3.91149883932
-39.9351 3.7301 1.02979658185
-39.1165 4.3549 1.17116156016
-38.5449 5.3771 0.95140799345
-39.4963 5.3732 4.38077636156
-35.6846 7.5324 0.346223107259
-35.6806 7.8786 0.127582953407
-35.5531 7.8832 1.64115313423
-40.8798 7.2022 0.693815220358
-40.8558 7.8956 0.0895287663268
-40.806 7.97 0.970803795831
-41.0059 7.02 0.454096245305
-40.8465 7.4452 10.0677782912
-31.3361 4.1418 10.0311118875
-21.3298 3.4367 5.18124000795
-16.1507 3.5856 1.11244024559
-15.0504 3.7495 5.09113406325
-10.0675 4.7937 1.03676923662
-9.0444 4.6259 2.12928837878
-6.929 4.3831 2.72837018749
-4.2028 4.4919 1.36400057551
-4.5422 5.813 18.4985059205
-3.8407 24.2982 0.229248184289
-4.06 24.2314 0.308194646287
-3.9087 24.4999 1.09836344167
-2.8262 24.6859 0.6795560904
-3.179 25.2667 1.1052544051
-2.6461 24.2984 15.7772863576
6.253 11.2704 0.745257733942
6.378 12.0051 11.78505245
3.5447 23.4445 0.397569377593
3.4377 23.8274 0.684237977607
3.8933 23.3169 3.05395315779
6.8216 22.4499 0.85022336477
7.34 21.776 1.80269258611
8.177 20.1794 1.09005886538
9.2603 20.0582 0.747676467464
9.6232 20.7119 0.574181939807
9.9599 21.177 0.238395721438
10.1333 21.3406 0.51004095914
10.2826 20.8529 10.7607529277
13.1755 10.4883 11.407303578
11.5549 21.7799 9.84218948405
15.4071 12.7229 0.152680614356
15.2702 12.6553 1.35837102811
16.1349 11.6077 0.43953317281
16.1403 12.0472 1.00562081323
16.5744 12.9543 3.53325169355
19.6777 11.2651 1.66402500582
20.1166 9.66 1.95142051081
21.8267 8.72 1.90635965127
23.2461 7.4474 0.431057362772
23.6759 7.4145 1.3738463524
24.6733 6.4697 0.486914058125
25.1554 6.4014 0.880544405467
25.8705 5.8876 1.60579792004
27.1415 4.9062 0.823858361613
27.9621 4.833 0.400730258403
28.3564 4.7615 1.27028801852
29.5815 5.0973 0.681728428335
29.0973 4.6174 0.274528268126
29.3014 4.801 0.763309963252
29.9097 5.2621 0.292547859332
30.0005 4.984 0.511295139817
29.8429 5.4704 0.572938783816
29.6715 6.0171 0.431321991093
29.5594 5.6006 0.56743712427
29.8277 5.1006 0.543362052411
30.2583 4.7692 0.0807941829589
30.213 4.8361 0.256097208107
30.1607 4.5854 0.187771137292
30.1153 4.4032 0.238233834709
30.0353 4.1788 0.517462906883
30.4838 3.9207 0.411796369581
30.8418 3.7172 0.272185690292
30.7055 3.4816 0.20020959018
30.6017 3.3104 0.616785084126
31.2145 3.2404 1.07889481415
30.1436 3.1093 0.462378048787
30.0421 3.5604 0.112945296493
29.9881 3.6596 0.0182526710374
29.9777 3.6746 8.70907430443
33.7427 11.5278 5.11770761572
36.6145 15.7638 3.19815479613
35.3508 12.8259 0.726940822901
34.8218 13.3245 0.599902600428
35.3846 13.1168 0.732876265136
34.8197 13.5837 0.0649889990691
34.7548 13.5803 0.833839486952
35.525 13.2608 8.64510251183
37.4238 4.8268 0.755334416004
38.125 4.546 0.524321857259
37.7396 4.1905 1.23148832313
36.8126 5.0012 0.57764577381
19.0591 11.6451 1.29335577859
17.7677 11.574 6.37949432244
11.3967 11.2449 3.85658830704
7.5423 11.115 3.21579297375
4.329 10.9884 1.82864771074
2.5037 11.099 3.05255557525
-0.5486 11.1385 2.34981838022
-2.8977 11.1966 4.9366767972
-7.8189 10.806 3.27621906014
-17.3884 11.1385 1.69623479507
-16.0632 10.0797 12.1571555987
-19.1684 -1.6742 3.00992502398
-16.5236 -3.1111 0.697223099158
-15.8325 -3.0189 1.03344923436
-16.7229 -3.5435 4.99242665044
-19.7914 -7.4816 1.3847258104
-18.49 -7.0085 0.782329265719
-17.7318 -7.2013 0.415506558312
-17.3347 -7.079 5.45092947395
-2.477 -7.4975 0.579382602431
-1.9354 -7.7033 2.11030751314
0.1278 -8.1467 4.63518079151
4.7479 -8.5203 0.983961482986
5.7277 -8.4299 4.48834358088
10.1904 -7.9508 3.2412284415
12.857 -6.1083 5.18574120932
16.9265 -2.8941 3.45187254979
19.7972 -4.811 2.0290228806
21.6744 -5.5811 1.75191621946
23.1956 -4.7121 1.14836859065
23.8335 -5.667 12.2597501838
26.1464 -17.7066 0.335601802737
25.9368 -17.9687 2.94193516244
27.3713 -20.5372 0.614122504066
27.9834 -20.4874 0.243647286051
28.2006 -20.377 0.181228253868
28.3638 -20.2982 0.274643860299
28.6244 -20.2115 12.0591954624
26.1452 -8.4099 0.770925742209
26.1389 -9.1808 10.2778910059
30.5212 -18.4776 3.06874164765
31.7989 -21.2677 1.15547830789
30.8585 -21.9391 3.14492475268
33.9534 -22.4978 2.52823543999
36.1846 -23.6868 3.33642179738
39.5181 -23.5472 2.29045192047
40.8759 -21.7026 1.12035503301
41.4461 -22.667 0.210596604911
41.5414 -22.4792 0.186747556878
41.6731 -22.3468 0.367567694446
41.4291 -22.0719 1.17239840498
41.032 -23.175 0.718624366411
41.2653 -22.4953 0.241362155277
41.4093 -22.3016 0.205360658355
41.3513 -22.1046 1.05521905309
41.7298 -21.1196 1.12133752278
41.1888 -20.1374 0.954383072985
41.12 -21.0893 0.73459317993
41.6455 -20.576 1.6275400886
40.0698 -20.1685 0.435175941431
40.0365 -19.7346 0.225712759941
40.095 -19.5166 0.179301422192
39.9162 -19.5032 0.623461249798
39.8854 -20.1259 0.320028701838
39.752 -19.835 0.267367256784
39.7875 -19.57 0.137286306673
39.8292 -19.4392 0.143241614065
39.7438 -19.3242 0.331350358382
40.0193 -19.5083 1.07882058749
41.0824 -19.6918 0.817545234223
40.7319 -18.9532 4.25277339392
39.9146 -14.7797 1.16108612084
43.4124 9.3578 16.7290485172
26.8551 6.9668 18.7203104216
13.4769 20.0616 6.92884379677
10.9663 26.5196 4.54420748756
6.5723 27.6783 1.62470793068
4.9798 28.0002 3.21411232224
1.7657 27.9913 6.77416074359
-2.933 23.1116 10.919746378
-1.961 12.2352 15.4050726399
-9.3962 -1.2568 0.347167178748
-9.7423 -1.284 1.04480926489
-10.7871 -1.2884 4.81938348132
-13.0938 2.9431 0.196119376911
-49.7652 -18.8701 0.546817382679
-49.2921 -18.5959 0.442424795869
-48.9464 -18.872 10.3701613353
-41.8 -11.3574 8.70333718524
-34.5446 -6.5504 0.596922850961
-33.9579 -6.6604 2.56234846381
-32.0498 -4.9502 1.03654106045
-32.9999 -4.5358 1.02162850391
-31.9807 -4.6062 14.9764489626
-17.3239 -1.5285 0.284840885408
-17.0546 -1.4357 6.91360346057
-10.2462 -2.6372 0.575363094055
-9.7072 -2.4359 1.76197656341
-7.9501 -2.3049 4.41178902487
-3.5497 -1.9881 1.11027602424
-3.9403 -3.0274 9.38264037731
-6.5469 -12.0407 16.9844917219
-20.3732 -21.9051 2.60988191495
-17.9007 -22.7407 11.4112829813
-6.5009 -23.2525 1.48479974407
-5.8187 -24.5713 0.716437219859
-5.1964 -24.9263 0.541875419262
-4.8165 -25.3127 2.46726318215
-2.8221 -26.7652 0.532856040596
-2.3105 -26.6162 5.3597719541
-7.5853 -27.5668 1.06902791357
-7.1291 -28.5336 1.06695085641
-6.6808 -27.5654 15.1109068279
0.3042 -14.1658 9.21936977727
7.832 -8.8433 4.32701447305
11.7296 -6.964 1.71807383136
13.3408 -7.5605 4.65409188564
16.523 -4.1643 0.580696357833
17.0331 -4.4418 0.382817410785
17.4157 -4.4289 0.570111085667
17.985 -4.4593 2.27978607988
20.0119 -5.5029 2.80500783778
21.779 -3.3245 0.441249362606
21.3756 -3.1457 0.523201395258
21.5287 -3.646 0.873961812667
22.3282 -3.999 2.19367238438
23.7764 -2.3513 1.60410462564
24.6591 -3.6907 0.696304279751
25.1885 -4.143 1.27666373411
26.4262 -3.83 0.947349655618
27.0138 -4.5731 2.27436565442
29.2546 -4.1838 2.04753536233
30.7111 -2.7447 0.896607517256
31.5513 -2.4317 1.8862766128
33.3648 -2.9506 1.77654480945
34.7113 -1.7917 0.218868659246
34.7788 -1.5835 13.8031503089
31.4482 11.8118 0.788808119887
31.5286 12.5965 0.968608574193
32.4775 12.4021 0.396500920554
34.9426 8.0776 2.3434713269
35.4045 5.7801 1.40773148008
34.0211 6.0407 20.0819709454
14.0928 8.5203 1.65589339331
12.7095 7.6101 4.14749459795
8.6457 8.4391 2.16875075562
6.4785 8.3571 4.35323014324
2.1253 8.3733 5.03284566821
-2.5251 6.4489 4.28085767691
-6.5717 7.8456 3.6868775434
-9.8856 6.2297 3.42493828412
-13.3103 6.1893 1.90879870337
-15.2048 5.9561 1.60336053338
-16.6866 5.3437 0.991708893779
-17.0719 6.2575 1.00548064626
-18.0637 6.0922 2.52963502703
-20.5906 5.9746 1.71869364344
-22.0626 5.0874 4.87639034123
-26.9266 4.74 2.55958579657
-28.8282 3.0267 2.12595438568
-30.9495 3.1673 0.75490223208
-31.6828 2.988 1.69656873719
-33.3696 2.8062 2.09969771634
-35.4529 2.5443 10.2333317473
-34.7757 12.7552 7.25771542291
-39.1907 18.5156 9.88000374291
-43.8477 27.2292 0.57253402519
-44.1657 27.7053 2.63268672652
-46.5403 28.8421 2.97213524928
-49.2088 30.1508 3.22869573977
-51.2861 32.6225 0.354200225861
-51.6129 32.4859 2.69057570977
-50.892 29.8937 0.945431478215
-51.7192 30.3515 2.34376812206
-49.7287 31.5889 0.303465797084
-49.4492 31.7071 5.29812952371
-44.8671 29.0473 5.94603848373
-39.6177 26.2546 0.972345453016
-38.6565 26.4014 1.4958851627
-37.3646 25.6473 1.38643867877
-37.5336 27.0234 3.73931270824
-39.0584 30.4377 7.33822193518
-46.3785 29.9223 12.7487048205
-36.0311 22.4751 2.42854713152
-35.9845 24.9032 0.553058523124
-36.2587 25.3835 2.02978611927
-34.2375 25.57 2.75224142291
-34.3534 28.3198 0.432114348292
-34.1939 28.7214 10.1051547341
-41.5417 27.7856 4.29124575036
-38.7952 24.4884 0.442706957253
-39.164 24.7333 0.0973593857828
-39.2613 24.7367 2.82494809156
-36.5507 25.5323 0.95742108291
-35.9774 26.2991 4.13019736211
-32.4158 28.3904 14.7101207204
-17.8289 30.2904 1.37216157941
-16.8923 31.2932 0.547714715888
-16.4377 31.5987 1.26603538655
-15.4053 32.3315 2.36148774505
-13.2534 31.3589 1.46754086826
-11.8228 31.0317 1.97169620632
-9.8805 30.6925 1.99698851524
-7.8957 30.9128 3.00669173179
-5.0391 31.8509 1.16780988179
-6.1717 31.5663 6.8880040977
-12.9714 30.4669 0.918343911615
-13.7529 30.9492 1.16838293808
-12.5934 31.093 9.53981890499
-3.0541 31.1925 2.54274083815
-1.048 29.6301 6.82946180603
-4.6714 23.8411 6.25295862772
-0.998 28.9013 0.615562027744
-0.4174 28.6968 0.23218098544
-0.1994 28.6169 1.69672220767
1.4094 28.0778 0.784502957292
2.0194 28.5711 0.593445844201
2.4888 28.9342 3.0733783171
5.5346 28.5234 0.330416857923
5.8617 28.5701 7.16258680645
11.0217 23.6025 13.9786077941
10.8032 9.6256 2.95639990022
13.2898 8.0265 2.0418688621
14.8232 6.6782 5.27293128061
19.9834 5.5937 2.67630907782
22.6436 5.3005 0.800938511997
23.1781 4.704 0.370818014665
23.2519 4.3406 0.258815300939
23.1813 4.0916 0.450315444994
23.6077 3.9468 1.59296690801
25.2006 3.9614 2.14415294697
26.3787 2.1699 0.300628707877
26.4498 1.8778 0.296220357167
26.7269 1.7731 0.850511546071
27.5427 1.5326 0.456300690335
27.2793 1.16 0.611784480025
27.7349 1.5683 0.897093462243
28.6287 1.6451 1.23751748675
29.126 0.5119 1.21759870647
28.0766 1.1294 1.09444846841
28.2679 0.0518 1.12790372816
29.3958 0.0547 0.331753598323
29.7164 -0.0306 0.244858918563
29.9574 0.0127 0.10286928599
30.0146 0.0982 0.824879385122
29.6992 0.8604 0.752611041641
30.3835 0.5471 0.691632452969
30.9686 0.1783 0.557968637111
31.3814 -0.1971 1.17397353037
32.5273 0.0581 0.0
32.5273 0.0581 0.45725205303
32.2503 0.4219 0.324984953498
32.5714 0.3718 0.440673223602
32.9039 0.0826 0.721453920912
32.2129 -0.1248 0.108434911352
32.3186 -0.1006 1.62503743034
33.2013 1.2638 0.985789252325
33.7016 0.4144 0.049246827309
33.7507 0.4106 0.585950987711
33.9023 0.9766 1.14521947678
32.7812 0.7428 0.0
32.7812 0.7428 1.50852365576
31.5951 -0.1893 2.67687148179
30.9028 -2.7751 0.208558528955
30.7799 -2.6066 0.51563710107
30.666 -2.1037 0.989295228938
30.7348 -3.0906 0.935511223877
30.9239 -2.1744 14.5450388219
32.2242 12.3124 1.72419049122
33.6171 13.3286 0.185166654665
33.4909 13.4641 0.433819974183
33.6218 13.8777 0.538368953414
33.1706 14.1714 1.67026279369
32.682 15.7686 0.370421840609
32.9567 16.0171 1.08215094141
33.3632 17.02 1.02383125563
33.3712 18.0438 1.23308285204
33.6566 19.2434 0.84955852653
33.4478 20.0669 0.565325605293
33.378 20.6279 5.65037159221
38.7312 22.4362 1.13387258984
39.802 22.0633 1.14108866001
39.0977 22.9611 0.238000420168
38.8601 22.9473 1.74288299091
38.7245 21.2097 5.11330273796
39.0328 16.1057 7.55520305816
0.0 0.0 2.12063449232
2.0336 0.6013 2.8636947271
2.4618 3.4328 4.6055968788
-1.5847 1.2334 1.336645701
-2.829 1.7216 2.17185758741
-4.8213 2.5863 4.16460307833
-13.4907 10.329 1.9911010346
-12.5784 12.0988 1.12509859568
-11.5413 11.6626 10.8010224021
-1.2696 8.3228 25.5710937905
18.7746 24.2008 3.67278152903
21.985 22.4168 3.6357891303
25.6178 22.2694 4.95159193492
29.984 19.9339 3.43817084072
33.2992 20.8452 3.66282519375
36.8514 21.7386 0.540716006791
37.392 21.7274 1.63079417769
38.8929 22.3652 0.892311296578
39.7836 22.3116 0.845090302867
40.6225 22.2095 1.79428559878
42.3285 22.7654 0.962682216518
43.2673 22.5523 0.249381835746
43.1266 22.3464 0.593369673981
42.952 21.7793 1.64892096233
41.8155 20.5846 0.357980558131
41.4663 20.5058 0.229325641828
41.5238 20.2838 0.491116136978
41.0543 20.1397 2.08050932706
39.9084 18.4032 0.432295084404
39.8304 17.978 1.34861772938
40.9729 7.2509 0.736654226893
41.5257 6.764 1.4589281168
40.069 6.8446 6.38007004507
36.9643 12.4183 15.9674940003
23.1607 20.4446 3.96990900274
20.0297 22.8853 2.85787734166
17.521 24.2542 4.58930509881
13.6737 26.7562 4.42125320243
9.6559 28.6014 4.88901896499
4.8429 29.4602 2.96662694992
1.889 29.7347 5.39564475665
-3.2363 28.0482 3.97278369535
-6.449 25.7112 11.9208868336
-5.6623 13.8163 17.2858614046
-12.7488 -1.9502 2.53846290893
-15.0251 -3.0737 0.734271802536
-15.7493 -2.9525 6.83696336834
-17.7804 3.5758 1.47818799887
-43.8386 -30.9488 0.403806215901
-43.4575 -31.0823 1.28033215222
-44.6946 -30.7524 1.9102021359
-43.6252 -32.3352 0.260346403855
-43.5119 -32.5696 0.143756738972
-43.4409 -32.6946 0.0265836415865
-43.4619 -32.7109 0.13218642139
-43.3909 -32.8224 0.0389281389229
-43.3771 -32.8588 0.76642927919
-44.0149 -33.2838 0.615590163989
-43.3995 -33.2685 0.936473320496
-42.5413 -32.8937 12.1908480529
-38.8757 -21.267 0.436498808704
-38.5421 -21.5485 1.11137257479
-39.2329 -22.4191 2.90453353914
-42.0711 -23.0363 0.306106713419
-42.1737 -22.7479 3.53101485837
-39.5624 -20.3711 13.2028382437
-26.3837 -21.1691 19.7135383531
-10.2353 -9.8619 0.53126965846
-9.7246 -10.0083 2.2819946056
-7.5113 -10.564 4.75894045455
-2.9433 -9.2295 1.54001734081
-3.5803 -10.6316 8.98945979245
-9.0363 -17.776 5.87052939776
-8.0009 -23.5545 0.817665567332
-8.5646 -24.1468 2.36865585723
-6.3042 -24.8547 1.85879516085
-4.4566 -24.651 0.220240981654
-4.2366 -24.6407 0.0946451266574
-4.1505 -24.6014 0.571606376801
-3.5789 -24.5987 0.788962895199
-2.8046 -24.4473 0.346741358941
-2.496 -24.6054 0.997639298544
-1.4991 -24.567 1.6290484738
-0.1029 -25.4063 1.34584811179
0.7154 -26.4748 9.51748727554
6.5424 -34.0 13.5716923256
-2.3469 -23.7447 18.5988312334
-6.5166 -5.6193 13.0137432901
-9.7177 -18.2332 0.747272487116
-9.4498 -17.5356 1.57818161819
-8.1859 -16.5905 12.1387284627
1.1391 -8.8192 8.40077784018
9.4475 -7.5768 3.06773475385
10.9571 -4.9062 0.97876240222
11.2799 -3.9822 0.638295581999
11.6268 -3.4464 0.376477064374
11.6925 -3.0757 0.362388920912
11.7042 -2.7135 2.60108788971
12.4432 -0.2196 2.55305712627
14.5369 1.2414 4.41513079534
18.9406 1.5589 0.596311479011
19.5369 1.5552 1.04860948403
20.4413 1.0245 3.34379291823
23.7835 0.9213 2.36455110539
26.1403 1.1126 1.69643348529
27.8287 0.9477 1.20397656539
28.0278 2.1351 13.4036167306
31.4053 15.1062 6.79713063653
30.7986 21.8762 1.43482063687
32.0687 21.2087 1.13469539966
32.8529 22.0288 2.09332643656
34.5423 23.2649 1.55350380753
35.9255 23.9721 0.405003419739
0.0 0.0 1.96674516905
1.93 -0.3784 0.0879432203186
2.0095 -0.416 3.55689606961
-0.1971 -3.2057 1.64128117031
-1.5113 -4.1889 1.98680020385
-3.1002 -5.3817 1.2693335653
-2.1093 -4.5884 0.672474356388
-2.7593 -4.416 1.31147796398
-2.6547 -5.7233 0.375289221801
-13.4992 -6.116 0.83562951719
-14.2887 -6.3898 0.101434560185
-14.1886 -6.3734 0.940683905465
-13.7296 -7.1945 14.5686928116
-13.2264 -21.7545 0.422887940239
-13.0653 -22.1455 0.494066493501
-12.5802 -22.0518 2.30962469895
-10.3698 -22.7215 0.421138005884
-10.0959 -22.4016 11.4816904722
-4.5118 -12.3693 9.91359492061
4.1525 -7.5517 0.334271222213
4.424 -7.3567 1.19090957675
4.1961 -8.5256 16.831883127
-3.1907 -23.65 1.15720197459
-3.4927 -24.7671 0.574517580236
-2.9185 -24.7862 3.09985481757
-0.2615 -26.3829 1.75584901401
-0.4315 -28.1305 1.29237657051
-0.2433 -26.8519 12.3995282366
2.8912 -14.8551 12.1615571359
12.9618 -8.037 1.50506499527
14.1226 -7.079 2.66657263355
14.9086 -4.5309 2.39436518727
17.0063 -3.3765 1.43696364951
18.4401 -3.4718 0.704131536007
18.402 -2.7687 0.450589891143
18.569 -2.3502 1.29345884357
19.4557 -1.4085 1.84910772536
21.1064 -0.5752 1.12716508551
22.1916 -0.8799 0.884905785946
22.8077 -1.5151 0.688746956436
23.4358 -1.2325 0.270197353799
23.2664 -1.443 0.362412196263
23.6286 -1.4554 1.65816676182
25.1685 -0.8404 2.32731385077
27.4165 -1.4428 0.715939334022
28.0148 -1.0496 0.466418910423
28.298 -0.679 0.323544896421
28.6191 -0.6393 0.628629254808
29.1606 -0.9586 0.778048976608
29.6191 -1.5872 0.794535398834
30.3564 -1.2911 1.70442949106
31.9434 -0.6694 0.779856653495
31.468 -1.2876 0.356502861139
31.801 -1.1603 0.942565504355
32.7103 -1.4085 1.04349751317
43.4326 -9.5081 12.267318835
31.166 -9.3753 1.08370111193
30.7653 -10.3822 1.08746908002
30.4823 -9.3322 15.4063544114
30.3778 6.0738 15.4921304361
17.1859 14.1966 0.696730801673
17.1724 14.8932 0.0311713009032
17.1865 14.921 0.25868289468
17.4145 14.7988 1.35394138721
17.0913 13.484 18.1226403178
7.3553 -1.8013 0.70852159459
7.1852 -1.1135 2.86134740638
4.3309 -1.3142 1.59142308956
2.74 -1.355 1.93132427365
1.0569 -2.3022 4.3471596474
-1.1393 -6.0538 0.510223872432
-1.6475 -6.0992 2.00083969623
-3.5393 -6.7507 1.47481514096
-4.2162 -5.4404 14.8883498515
-5.0621 9.4239 3.22526382487
-8.2714 9.1034 0.636946881616
-8.8856 9.2721 2.24893230667
-11.1332 9.3495 0.952288737726
-10.5982 10.1373 1.08536917682
-11.6541 9.8861 1.30665215341
-10.5849 9.135 0.377009548951
-10.9421 9.2556 5.41700095071
-7.6464 4.9565 11.1002183731
-14.8792 -3.4638 1.09434073761
-14.8175 -2.3712 5.93370814668
-17.7846 2.7674 0.982209534672
-16.8927 3.1788 0.699302995847
-17.2465 3.782 1.46134954751
-18.4288 2.9231 0.491628803062
-18.282 2.4539 1.60455105559
-16.69 2.6542 6.26624747756
-22.4893 0.2806 0.385993600983
-22.8548 0.4047 1.40416000869
-22.5141 -0.9575 0.159794680763
-26.9125 -3.3593 2.24347657443
-24.716 -3.816 1.12047576502
-25.8567 -10.9031 2.47304849326
-28.2973 -10.5038 2.13131577435
-29.1246 -8.5396 3.35138672791
-32.4078 -9.2122 1.87854935788
-33.8791 -8.0442 1.19189801997
0.0 0.0 7.56456846158
-2.3524 7.1895 0.558396355647
-1.9992 7.622 1.3496705561
-1.5623 6.345 15.3535197684
-0.1155 -8.9402 10.8465056133
6.2916 -17.6921 1.28309256486
5.0103 -17.6243 10.4345328966
-5.1006 -20.2029 1.31870023887
-6.1032 -19.3463 6.41243936112
-10.3416 -14.5343 0.117592516769
-10.4568 -14.5579 1.03474982967
-9.6468 -15.2018 1.15547083477
-10.0466 -14.1177 1.16779207481
-10.6558 -15.114 0.936185905683
-10.0005 -15.7826 7.87223264964
-5.85 -22.4718 0.688719427634
-5.1669 -22.5596 2.31594728999
-2.8873 -22.9683 1.81558908347
-1.6629 -24.3089 3.0754266452
0.8939 -26.018 29.7964978977
30.3768 -21.7064 14.2604018772
37.1007 -9.1307 0.646134328139
37.5258 -8.6441 3.25332509903
47.0 9.16 26.0273213845
41.6034 -16.3017 27.5347708067
15.6347 -25.4554 2.47873717042
13.1683 -25.7024 1.11011542193
12.1071 -26.0283 4.87613426497
7.6227 -24.1134 1.64779266293
6.3006 -23.1299 20.7692797607
4.7233 -2.4206 1.32621741807
3.4441 -2.0706 2.65946286306
3.3165 0.5858 9.12747408268
-5.7592 1.5566 2.11964759807
-7.8505 1.2111 3.02960487358
-10.8293 1.7636 2.35458218162
-13.1818 1.6646 2.72593717096
-15.6379 0.4821 1.72037625245
-13.9866 0.9647 8.4729462845
-21.3571 -3.2146 0.860188653727
-22.2035 -3.368 0.801350921881
-21.8242 -2.6621 1.25749440158
-21.4051 -3.8477 0.706999130127
-21.244 -3.1593 9.04553750421
-23.5725 5.5814 3.17359103383
-26.4686 6.8792 2.30024340669
-28.6468 7.6185 1.6049663579
-30.1643 8.1411 2.14781958507
0.0 0.0 8.32731041153
-3.2838 7.6525 1.2290437421
-2.6662 8.7151 15.2856495567
5.0092 21.934 0.498742258085
4.7692 22.3712 1.71489406087
3.7992 20.957 9.08307787151
-31.2875 24.6876 0.969504538411
-31.1911 23.7229 3.16107964151
-34.235 22.8702 3.46848204551
-36.6571 20.3875 3.46153742288
-37.8049 17.1218 3.57911715511
-41.0718 15.6598 4.69577876182
0.0 0.0 7.27203932676
-2.1274 6.9539 0.211259011642
-2.044 6.7598 1.63114732627
-1.5636 8.3186 12.0218420223
2.5995 19.5966 0.447861864865
2.6175 20.0441 1.38076227136
1.8681 18.8844 19.1523000042
-8.2626 2.6308 0.700175328043
-8.5608 1.9973 1.04307748993
-8.1352 2.9496 19.1813195667
-8.5696 22.126 3.68245822515
-6.1119 24.8683 3.59408936172
-3.8154 27.633 2.94175509688
-2.251 30.1243 4.21743680569
1.8685 31.0279 2.75899105653
4.6216 31.2081 1.97461957096
6.589 31.3768 2.81926663159
9.4043 31.2273 0.420993123459
9.8204 31.2913 0.256167777052
9.9931 31.1021 0.424594924605
10.3997 30.9798 2.73108668848
10.6186 33.7021 3.4488933312
10.3447 30.2641 7.95260971317
16.0492 24.7231 0.886650472283
15.2633 25.1336 8.40044923204
7.963 29.2897 4.25026017674
9.2629 33.3363 0.401631572464
8.9943 33.6349 0.572238062348
9.5665 33.6283 0.411906312163
9.9756 33.5803 0.900997652605
10.7745 33.1637 1.22926794475
11.9673 32.8665 2.03942486255
14.0064 32.9029 7.08025926361
21.0782 32.5569 0.797507924726
21.8599 32.7149 0.644989054171
22.4927 32.8397 4.71674916971
27.16 32.1585 3.5426710742
30.6803 31.761 5.44029738158
36.0705 31.0244 0.708335019606
36.682 30.6669 3.88093375362
40.2238 29.0803 1.8579251465
40.3505 27.2267 0.565296745082
40.2985 26.6638 0.421303714676
40.2854 26.2427 0.317222760848
40.2892 25.9255 0.833858357277
40.7618 25.2385 1.32554932009
40.189 24.0431 0.800110823574
40.9187 24.3713 1.12927571921
41.1166 23.2595 0.646515119699
41.0862 22.6137 0.949431898558
40.792 21.711 0.27402897657
40.5182 21.7222 0.401529924165
40.919 21.7464 0.661871656743
41.4637 21.3704 1.45635347701
25.5024 -29.7711 2.07879927843
27.3936 -28.9081 0.34144826841
27.6802 -28.7225 0.23681216185
27.8682 -28.5785 0.447324054797
28.0562 -28.1726 0.661733700215
28.6412 -27.8633 3.18848716792
31.6701 -28.8594 1.2077505413
32.6905 -28.2133 0.46583722479
33.1541 -28.1677 0.376009587644
33.5277 -28.1252 0.885117404642
34.4026 -27.9911 0.780102486857
35.1809 -27.9381 1.83105307951
37.0036 -27.7634 1.82510222179
38.586 -26.854 0.740613347166
39.0063 -26.2442 0.995414109806
39.4794 -25.3684 2.03597280925
40.6106 -23.6756 0.954718937698
40.9303 -24.5752 0.966833206918
40.5125 -23.7033 0.410936941635
40.6071 -24.1032 0.648551193045
40.5124 -23.4616 1.15668739511
39.5402 -24.0883 0.779338501551
40.1943 -23.6646 1.18847002486
40.8181 -24.6762 0.260723550912
40.8872 -24.4248 0.147204653459
40.8692 -24.2787 1.21307510485
39.7403 -23.8347 0.571190791242
40.2417 -23.5611 0.383498696217
40.4298 -23.2269 0.556722453292
40.6393 -22.7111 1.1628704485
39.8281 -23.5443 1.14549184196
40.2781 -22.4909 7.45574470392
42.7153 -10.9868 1.40349063766
42.0199 -9.7677 0.0660825241649
42.027 -9.8334 0.884937534519
42.4822 -9.3968 14.167858342
28.3192 -9.7678 17.0556905061
15.7642 1.7764 5.56408571555
10.3538 0.4777 4.37309085202
6.1244 1.5895 2.19863580431
3.926 1.6217 2.84283797111
1.1117 1.2199 2.23914270425
-11.9256 2.3184 0.926622652432
-11.2579 2.9609 1.07214215942
-11.097 1.9009 5.07011284391
-15.6215 -0.3871 3.08733464496
-12.636 0.3993 0.284081343984
-12.3674 0.3068 1.70349976225
-10.9784 -0.6794 5.32274017401
-15.8498 -2.8244 0.653144471002
-15.1979 -2.7841 6.21438832469
-9.4943 -0.3168 0.261309108146
-9.6102 -0.0826 1.32258298794
-10.8878 -0.4246 0.655711277926
-10.6206 -1.0234 7.24828964791
-15.2947 4.5165 0.534524657991
-14.7616 4.4775 1.54462456927
-13.2457 4.181 0.641681735754
-35.5709 15.7292 7.45849247234
-42.0289 19.4606 7.90086960087
-48.1355 24.4739 4.9849393226
-43.1873 25.078 3.87774521339
-43.9158 28.8867 0.57442426829
-44.0288 29.4499 2.31057051396
-46.2359 28.7662 3.03109835043
-49.262 28.5922 4.07335949923
-51.7365 25.3566 1.10910596428
-50.6313 25.2636 3.11711001089
-50.6392 28.3807 2.71577101391
-49.3326 30.7615 0.444574133301
-49.1096 31.1461 0.873741895528
-48.5839 30.4482 17.2061931141
-34.1017 21.1574 1.24949351739
-32.8543 21.0851 0.138652407119
-32.8158 20.9519 2.52051975791
-30.8482 22.5272 0.209585901243
-30.6842 22.3967 1.51692943804
-30.2498 23.8501 4.41089093041
-32.6396 27.5575 1.11468717136
-31.7966 28.2868 1.08048701982
-32.1088 27.2524 1.35422044365
-31.8362 25.9259 1.21966474492
-30.619 25.8484 1.09190348475
-30.4339 26.9245 0.112675862544
-30.4207 27.0364 2.61331541342
-28.8115 29.0955 3.53789168432
-28.0704 32.5549 0.30883770819
-27.8972 32.8106 3.17673659594
-25.7698 30.4514 1.79821441436
-23.9716 30.4442 2.93596333935
-23.0504 33.2319 0.267399794316
-22.9621 33.4843 1.1987142612
-21.8629 33.0061 0.167760096566
-21.7018 33.0529 0.601681784667
-22.0587 32.5685 14.3031575972
-14.5566 20.3907 0.993893756898
-14.9442 21.3059 0.287792772668
-15.148 21.1027 19.4727393145
3.5141 15.5427 2.82451096298
0.6968 15.341 2.84304341332
-1.94 16.4041 5.40160316295
-7.0832 18.0548 0.740640162292
-7.7968 17.8565 0.282702122383
-7.6233 18.0797 2.63652360505
-14.8198 14.6036 0.488692623231
-15.279 14.4364 4.87888656663
-12.0167 10.8086 12.226110152
-0.0863 8.1359 0.595971140241
0.4089 7.8043 0.382140353797
0.7759 7.6978 0.376595870928
1.1333 7.5791 1.93523733428
2.7668 6.5414 2.99581197841
4.9463 4.486 4.31789001481
7.92 1.3553 1.42842159393
6.6715 0.6613 0.734616940997
7.1926 0.1435 9.7003820399
13.728 -7.0249 2.70183893857
16.3879 -6.5507 2.69987165991
18.2776 -4.6224 5.26116119217
21.9173 -0.8234 0.180397810408
21.8957 -0.6443 1.70199779671
23.5682 -0.3288 0.782579325053
24.1078 -0.8956 2.5775565115
25.6384 -2.9695 2.26111584179
27.877 -2.6512 1.81556542157
29.6912 -2.5808 1.55803833714
31.2467 -2.4919 0.340484948272
31.5797 -2.4209 0.306936931633
31.8459 -2.5737 0.318661089561
32.1094 -2.3945 0.468736962485
31.8729 -2.7992 1.4362562724
30.6347 -3.527 0.201747986359
30.574 -3.7194 0.521050333461
30.4904 -4.2337 0.518231608453
30.1376 -4.6133 0.821173678341
29.3966 -4.9672 1.39808632781
30.2423 -6.0805 8.49957811718
32.9054 -14.1521 0.232593572568
33.0835 -14.0025 1.16075675746
39.6343 -7.217 0.397031396743
39.5615 -6.8267 6.51763805224
39.0598 -0.3284 3.89615426414
37.9532 3.4073 0.540407920001
37.4178 3.4807 5.5304342325
32.824 0.4013 1.06688337226
32.8982 -0.663 0.932452341946
32.0866 -0.2039 17.6384927363
20.6901 13.2585 1.69467987833
19.9126 11.7527 12.5765677452
8.4898 6.4906 2.18076159403
6.4766 5.6523 5.23024170187
1.2465 5.6138 4.9208305742
-3.6008 6.4613 4.38210961182
-7.7516 5.0564 10.2131234174
-9.5491 -4.9973 2.7486499668
-12.1483 -5.8913 6.50048724943
-13.9065 0.3669 0.96473074482
-14.8294 0.0859 1.99453965115
-16.6103 0.984 0.767454233163
-16.4641 1.7374 0.741662868155
-17.2036 1.6808 2.99112373532
-20.1878 1.4774 0.513415075743
-20.603 1.1754 1.21271520564
-20.2899 2.347 0.355649448193
-20.4281 2.0193 1.32491394815
-20.3912 0.6949 0.573857098937
-24.0952 -6.8441 0.874579904869
-24.3852 -6.019 0.978895239543
-25.0062 -6.7757 0.667729436224
-24.7306 -7.3839 1.43666742846
-23.5785 -6.5256 13.3378922836
-18.7989 -18.9777 0.432763503544
-18.9777 -18.5836 8.20031431166
-19.4637 -10.3977 0.515548843467
-19.0806 -10.7427 0.276812210713
-18.8038 -10.7453 1.00843290803
-17.7996 -10.653 1.37102846068
-17.0948 -9.477 1.03464177376
-17.809 -8.7284 0.906924368401
-16.9549 -9.0334 6.30721928666
-15.9786 -15.2646 0.513800360062
-15.467 -15.3121 0.748283803112
-14.7202 -15.3592 1.75520187158
-13.4422 -14.1561 0.187905215468
-5.7352 -19.2335 1.14948862543
-5.8061 -18.0862 8.0759310163
-5.6438 -10.0119 0.0448692545068
-5.6265 -9.9705 7.64069808918
-6.1817 -17.591 0.671672435046
-5.6952 -17.1279 1.48216928858
-6.4954 -15.8803 6.83998164106
-4.602 -9.3076 1.58196965837
-4.714 -7.7296 10.1434992074
-14.5219 -5.142 0.908015511982
-14.209 -5.9944 0.847664237773
-13.5361 -5.4789 0.952508692874
-10.8452 -7.3196 1.11491564703
-11.9519 -7.1845 2.21271287338
-9.7718 -6.806 7.92930415421
-2.0567 -4.9754 0.88294765983
-1.2423 -5.3165 4.91132653873
3.5898 -4.4379 0.71240118613
4.2991 -4.5043 2.88873308736
7.1818 -4.6909 4.726230955
11.807 -5.6629 0.892277496074
12.6843 -5.8257 0.607080834815
13.291 -5.8042 2.13353052474
15.1693 -4.7923 0.945069955083
16.0564 -4.4664 1.33223068573
17.2256 -3.8278 3.91908715137
21.1445 -3.8661 1.68564651692
22.8168 -3.6544 0.502900089481
23.2679 -3.4321 2.80437778482
26.0689 -3.5697 1.2137006715
27.0903 -2.9141 0.767542839195
27.7978 -2.6165 0.907838950475
28.2968 -1.8581 1.17262812946
27.9331 -0.7433 1.22579625142
27.8342 -1.9651 11.8316634477
31.2479 -13.2936 2.9307481178
32.5137 -15.9369 0.478444615395
32.6907 -16.3814 0.447509608835
32.2869 -16.5743 0.764516853967
32.618 -17.2634 0.550776342992
33.1673 -17.3037 4.05058866339
30.8649 -20.6363 1.08646263166
31.8661 -21.0582 1.68405678052
32.6281 -22.56 0.653747917779
33.1736 -22.9203 0.628317793795
33.7426 -23.1868 3.5310711576
35.909 -25.9752 5.01172723919
40.8746 -26.6536 1.87673971024
40.3059 -24.8651 2.83769484265
40.364 -22.028 0.552905896152
40.6243 -21.5402 0.402613176635
39.2914 -11.4889 0.91185013023
40.0419 -10.971 1.09143232956
39.3677 -11.8293 4.31507002492
35.6891 -14.0849 18.4779629724
17.2135 -14.3804 0.649712459477
16.5643 -14.4062 1.72056072837
14.9882 -15.0963 7.95125643719
7.0604 -15.7066 5.82239211064
1.2609 -15.1908 1.95614703946
-0.4331 -16.169 4.93240389668
-5.1583 -14.7544 3.71396971986
-8.7065 -15.8516 9.71157556785
-12.6441 -6.9741 2.70211787308
-15.3391 -7.1701 12.004453534
-14.7584 4.8203 1.68165450078
-16.4169 4.5422 2.14646027683
-18.0155 5.9746 1.74062914201
-19.489 6.9012 1.71692590696
-20.9974 7.7213 1.19973937586
-20.069 6.9614 0.680241148417
-20.6921 6.6885 1.31530018627
-21.2388 7.8848 0.730912005648
-21.8732 8.2478 2.16123938979
-23.6249 9.5137 0.773417468124
-23.9166 10.23 6.13999818974
-27.8165 5.4876 3.02751880258
-30.5706 6.7449 3.95468160539
0.0 0.0 5.47094990747
-5.4708 -0.0405 0.611607431283
-5.5657 0.5637 1.44120086039
-5.4611 -0.8737 18.163611642
1.0907 -17.8145 0.723342498406
0.5641 -18.3104 0.532481257886
0.8451 -18.7627 0.798815135059
0.5592 -18.0168 13.2148593106
-11.1792 -11.947 0.665401119626
-10.6355 -12.3306 17.2856629786
-1.8136 -27.1956 2.95798876604
1.0641 -26.5111 7.7377189675
8.0 -23.081 0.692809353286
8.5668 -22.6826 0.914615383645
9.3165 -22.1587 2.89962013547
12.1898 -21.7689 3.80871027252
15.9843 -22.0976 3.6904622976
17.9697 -18.9867 1.5551264193
18.7474 -20.3334 1.81824445001
20.5652 -20.3736 0.693060531267
21.2523 -20.4643 0.1320297315
21.3779 -20.505 1.89371383794
23.0552 -21.3841 0.49340241183
23.5347 -21.5004 2.01263366016
25.114 -22.748 0.593796463445
25.596 -23.0948 2.00509401775
27.1301 -24.3859 0.643012690388
27.7535 -24.5435 2.51387856906
29.7996 -26.004 2.80673194481
32.5982 -25.7905 3.50981640688
35.5271 -27.7245 1.13373147173
36.5955 -27.3452 1.29378900907
37.8821 -27.209 0.785951378903
38.6555 -27.0691 2.12025434323
40.0977 -25.5149 0.701070395895
40.189 -24.8198 0.597402519245
40.1366 -24.2247 0.77184403865
40.2917 -23.4686 5.94904598906
39.941 -17.5299 1.81250320276
40.2055 -19.323 0.0
40.2055 -19.323 0.359507732879
40.5389 -19.1885 1.97632659497
40.2229 -17.2376 0.247467977726
40.2287 -16.9902 0.633200442198
39.9893 -16.404 1.2004091844
40.8876 -12.4263 22.1715471743
43.6025 9.5784 12.5341326325
31.0703 9.7985 14.23658066
18.0418 4.0593 3.47569336392
14.5728 4.2749 3.5146129417
11.0621 4.1091 3.25451546317
9.2992 6.8448 1.09081492472
8.2466 7.131 3.070545432
5.2436 6.4905 4.20105239791
1.0718 5.9956 4.29158673803
-3.1975 5.5588 1.53685679879
-4.7246 5.3859 0.614939379126
-4.1116 5.4347 2.20295255056
-13.5694 7.9207 0.549433207952
-14.0028 7.583 0.472374533607
-13.6545 7.2639 1.30874809264
-12.5796 6.5173 0.796895538951
-11.8231 6.7678 0.465058114648
-11.3799 6.9087 0.314125102467
-11.1506 7.1234 0.774855367149
-11.2278 7.8944 8.25140639891
-6.2468 14.4728 0.6989881401
-5.5479 14.4617 8.76835596449
-1.3633 6.7563 0.83239198098
-0.5393 6.8742 0.254388226929
-0.4877 6.6251 5.94391202156
5.3487 5.4997 0.616186286767
5.831 5.1162 1.09903581379
5.4894 6.1608 10.5073783548
-1.1076 14.3391 9.79238968843
6.1754 7.7932 1.25993563328
5.8538 6.575 0.878230180534
6.6173 7.009 29.5798708331
28.3336 27.0931 12.5265067521
40.4426 23.886 4.58307631291
44.0194 21.0205 4.75083117359
48.4522 19.3115 1.28830565085
48.2093 18.0463 13.6545510278
40.5064 6.7719 0.327092356988
42.2131 4.8936 42.4958013523
0.0 0.0 2.09809087506
2.0856 0.2286 0.16518886161
2.2012 0.3466 1.95597129069
0.61 1.4841 0.389006079644
0.2362 1.3764 0.656922560124
-0.1928 0.8789 1.8499423991
-1.9796 1.3581 1.52343600128
-3.2498 2.1992 2.81973153509
-4.901 4.4849 7.14882809557
-7.9743 10.9394 1.41285761845
-9.2559 10.3447 4.64923499083
-9.5257 5.7033 11.6976999812
-11.2899 -5.8606 0.937195241132
-12.1343 -6.2672 3.41806373405
-15.143 -4.6452 0.704136464047
-15.729 -5.0356 0.973782984037
-14.7873 -5.2835 1.80531134434
-16.0277 -3.9718 9.84059405117
-18.3019 5.6024 1.67248205073
-19.9724 5.521 1.71161287679
-27.5313 12.8721 7.00417065041
-20.9788 15.3466 0.507167082922
-20.5189 15.1328 1.04628165424
-19.5278 15.4681 14.8857323132
-6.9677 7.4788 0.335436342694
-6.79 7.1943 1.02008783936
-6.2364 8.0511 1.16450774149
-6.6846 6.9763 21.442597837
-10.5648 -14.1123 0.405601775144
-10.2396 -14.3547 0.444651515234
-9.8025 -14.4363 0.223567484219
-9.6314 -14.5802 0.690166661032
-8.9465 -14.6653 1.64490484223
-7.937 -13.3666 9.34909556535
-2.3412 -5.8771 4.82415493636
1.9354 -3.6448 0.82589318922
2.7604 -3.6064 0.702996913222
3.4583 -3.5219 3.25725566083
6.7121 -3.3719 4.01222248635
10.7013 -2.9427 0.399774836627
11.0939 -2.8673 2.27920926858
13.1019 -1.789 1.47414246259
14.1159 -2.859 0.278634527652
14.3033 -2.6528 2.11737105865
16.0219 -1.416 1.87584189366
17.736 -0.654 1.31566406807
19.0025 -1.0103 2.71798315852
20.7531 4.288 0.926001646867
21.6147 3.9487 0.900013561009
20.7727 4.2666 10.9672836901
9.915 5.8131 2.75251950039
7.1676 5.9809 2.144778928
5.0229 5.9993 1.6559704466
3.3703 6.1049 5.54289949124
-2.1431 5.5338 2.27804816674
-4.0922 4.3546 5.02836067223
-9.1203 4.3034 3.1951311585
-12.2989 4.628 1.1435540783
-11.4309 1.5183 15.7183680721
-16.6155 -13.3204 0.490323780782
-16.1326 -13.2354 0.737966516856
-15.4079 -13.3747 0.759845786986
-15.4458 -14.1336 7.22100758066
-17.718 -7.2794 4.948890608
-17.0656 -12.1851 1.12022942293
-15.9826 -12.4715 0.452212781774
-15.5744 -12.2769 0.418699856699
-15.3395 -11.9303 0.553630066019
-14.9039 -11.5886 1.04277923359
-14.1456 -10.8728 1.33349245592
-14.7054 -9.6625 14.4234688823
-5.224 1.2067 0.107844564073
-5.2026 1.101 9.81938307736
3.1425 -4.0739 9.09275250955
-4.9191 0.1319 0.477474659013
-4.5085 0.3756 11.5475142165
6.8488 -1.7117 1.08924386618
6.1742 -2.5669 20.4976225904
-5.2603 -19.5788 0.286974737564
-5.0212 -19.4201 6.95807459072
1.1964 -16.2966 0.476024547686
0.8448 -16.6175 7.47199475174
-6.2238 -19.0394 0.534420667639
-5.875 -19.4443 1.09597267302
-5.1557 -20.2712 0.487568384947
