0.0 0.0 7.73363786326
-2.3822 -7.3576 1.13785086017
-2.7425 -8.4369 1.0766731166
-2.3839 -7.4217 14.5985539811
-2.4236 7.1768 15.8605006359
5.7285 20.7819 1.16792990372
6.632 21.522 1.36998636855
5.4717 20.7936 14.9302909952
-6.6465 12.0722 8.89805827414
-9.4478 3.6266 0.857911329917
-8.8311 3.0302 0.97631168179
-9.3098 3.8811 5.45139409693
-11.9006 8.6775 0.844055164074
-11.4122 7.9891 5.87910121362
-10.737 2.1489 0.606381274447
-10.2393 1.8025 3.07180511914
-7.3255 0.83 2.13656972271
-5.1918 0.7193 10.1939575848
-4.0358 -9.4089 0.894264949554
-4.9166 -9.2543 0.893100453477
-4.9175 -8.3612 1.06347101512
-4.0913 -9.0308 27.4840859788
12.2067 -31.1611 3.29577222059
15.451 -31.7413 8.80456479617
24.17 -30.5168 8.20795843679
31.8951 -27.7431 5.53160206902
37.3838 -27.0555 0.592034542911
37.9281 -26.8226 2.39780606388
40.3145 -26.589 1.85773926319
41.9924 -25.7916 8.73204999528
39.014 -34.0 8.08409579669
44.6862 -28.2399 1.00491223995
45.5256 -27.6874 0.753969442352
46.266 -27.545 2.23091224615
48.4189 -26.9602 0.505797795567
48.7643 -26.5907 0.366704254134
49.0098 -26.3183 0.719447544995
48.6839 -25.6769 17.6435743828
48.0179 -8.0459 0.424015589336
48.4418 -8.036 0.287139338998
48.5666 -8.2946 0.180449799113
0.0 0.0 3.91192963255
3.8916 -0.3983 0.177409638972
3.8123 -0.557 1.5874553852
2.2321 -0.4054 1.12133050436
1.7382 0.6013 4.61400653337
-0.3583 4.7115 2.68433554162
-3.0014 4.2428 0.822321670637
-3.7211 3.845 1.26298850747
-2.4725 4.0351 0.882019614294
-2.8343 3.2307 0.605724070844
-2.3744 3.6249 0.976915891978
-2.9969 4.3778 0.12123110162
-2.9092 4.4615 1.45959398807
-3.9323 3.4205 0.767184990729
-3.8343 4.1814 0.923749154262
-4.0488 3.2829 4.03921418224
-0.8028 0.879 1.45898178193
-0.11 -0.405 17.3749082717
9.1668 -15.0961 1.00005279861
-8.601 -25.6998 0.958550285588
-7.6442 -25.7577 23.0104066885
15.2324 -28.2356 10.765861456
25.6409 -30.9864 10.1786993943
35.8103 -31.4214 4.22569077075
38.5738 -28.2246 3.59573447852
39.6958 -24.8084 2.67659975529
41.3503 -22.7044 1.067742291
40.3471 -23.07 5.09872219482
36.9452 -19.2721 2.70779876099
39.756 -22.4449 5.40818332622
34.8452 -20.1794 0.136078102573
34.8961 -20.3056 0.900368263546
34.1191 -20.7605 1.25488454449
34.9089 -12.7925 10.730112635
30.9939 -2.8021 0.985050927617
30.0161 -2.9214 1.08124347397
30.1653 -3.9923 1.17162028405
30.8998 -3.0795 0.821895784148
31.5926 -3.5217 1.15784346524
32.7501 -3.5499 1.0009250921
42.6261 -9.9081 21.9687965198
31.4259 -28.8074 1.22601373973
30.3139 -29.3237 16.3604189558
13.9718 -30.0977 0.274215718003
14.1743 -29.9128 4.88990905948
9.2862 -30.0458 3.09045071794
6.2002 -30.2116 3.13911338597
3.0716 -30.4683 1.56788303454
2.4431 -31.9047 5.11349642515
-2.6689 -32.0284 3.50776811377
-6.0122 -30.9669 2.85200426718
-8.5725 -32.2234 2.40893856294
-10.7423 -31.177 1.28966602266
-9.5341 -30.7259 1.02370875741
-10.552 -30.8348 18.1391068206
-9.3328 -15.6621 0.0802554048024
-9.2715 -15.7139 4.38129888732
-9.5328 -11.3404 16.2201735395
0.9879 1.005 0.985838227094
0.9449 1.9899 21.8008372502
6.6633 23.0274 0.622316270075
7.236 23.2709 3.24803608662
10.2001 24.599 2.38046147837
12.0114 26.1436 0.332261403115
12.2256 25.8896 0.250043196268
12.4008 25.7112 0.131179762159
12.4686 25.8235 0.84078469301
12.7539 26.6144 0.385676470633
13.0942 26.7959 0.547198556285
13.5107 27.1508 0.40266140863
13.9132 27.1622 1.23813553781
14.3092 25.9891 0.371171119566
14.0688 25.7063 1.62775282214
13.3585 27.1709 10.1252922708
21.9416 32.5423 10.6068027049
11.6635 29.9222 0.211947186818
11.4835 30.0341 9.39074391995
3.0139 25.978 11.3177432225
-5.68 18.7318 0.957416199988
-5.9857 19.6391 2.52741512419
-3.7496 20.8171 0.319695261147
-3.7301 21.1362 0.782934256499
-3.6962 21.9184 6.13910213631
-2.3302 27.9036 0.725415198352
-1.8502 28.4475 5.92823022495
-4.9494 23.3939 2.10332556206
-2.8555 23.5928 1.39320242607
-1.5173 23.2052 2.68930348789
1.1369 22.7721 1.87529572335
3.0103 22.8564 3.84334891729
6.836 22.4885 7.97578939165
10.6479 29.4944 0.520855546193
10.9738 29.9007 2.70776453925
11.7006 32.5091 0.227684869941
11.8952 32.6273 0.79682181195
12.5706 33.0501 0.526748383956
12.9725 33.3906 8.82803633941
15.442 24.915 0.702426060166
16.1441 24.8936 2.14190302535
18.286 24.8972 1.78352601607
20.0609 24.722 3.42780559542
23.3773 23.8552 1.81368677009
25.1582 23.5119 3.84701682346
28.9922 23.1957 2.86721381309
31.8594 23.2046 4.2230066493
35.839 21.7916 19.258638362
40.145 19.3728 15.953692775
26.6104 27.8188 1.50643015437
25.3059 27.0654 4.40697252658
20.9942 27.9768 3.59902961366
17.3952 27.9622 5.41648754545
11.9794 28.0485 4.03476149605
7.9811 28.5897 3.75182022224
4.5788 30.171 5.84932574747
-1.2689 30.0331 3.18370087163
-4.4519 30.0999 2.58480736033
-7.0354 30.0177 3.14039826296
-9.2164 32.2772 1.00263710783
-9.7578 31.4333 0.795456629867
-9.006 31.1734 11.2511585612
-2.3896 22.0733 9.55306755603
-9.0114 28.959 0.244478628923
-8.7716 29.0066 0.0381744679072
-8.7589 28.9706 6.38387471055
-7.9753 22.635 8.82181413599
-12.7641 30.0439 7.56761603743
-10.2401 22.9096 13.1431813417
-8.1178 9.9389 0.695240807203
-7.7295 9.3622 1.19091613895
-8.449 10.3112 16.5617887971
-13.187 26.1808 0.462758651999
-12.8976 25.8197 6.04087205625
-8.8532 21.3325 12.8920201776
-8.5983 8.443 0.960868175142
-9.5025 8.1179 0.680615493506
-9.3049 8.7692 9.64893723889
-6.7619 18.077 18.0074615482
-18.1698 32.01 11.4897888588
-29.5207 30.2289 16.6030245106
-46.0714 31.546 1.3532314584
-45.9737 30.1963 17.73465852
-47.7656 12.5524 1.55217551843
-49.2426 12.0752 3.9923199734
0.0 0.0 7.1124268186
-1.9854 6.8297 12.8799960287
-0.6473 -5.9806 15.2523666652
7.446 -18.9086 0.39084403539
7.0945 -18.7377 0.591602924266
6.8576 -19.2798 0.799571641568
7.2411 -19.9814 1.07138177136
6.7024 -19.0553 15.8666076576
-7.196 -11.4013 0.448118957421
-7.5954 -11.1981 9.22894552644
-4.8107 -19.9969 1.02701698623
-3.7852 -20.0527 1.92127455872
-1.8644 -20.01 2.41548281923
0.4719 -20.6234 1.77377021342
2.1705 -21.1343 1.87752685467
4.0127 -21.4968 1.23011905928
5.1674 -21.9209 1.95166933675
7.0812 -22.3035 0.451456753189
7.425 -22.5961 0.962151630462
8.3224 -22.9431 0.481229176173
8.803 -22.9185 0.34435227602
9.1337 -23.0145 0.198443594001
9.2552 -23.1714 0.667384694161
9.9224 -23.1871 1.01164544184
10.8699 -23.5416 1.05294425304
11.8405 -23.9498 0.684687760954
12.2487 -24.4995 6.1660745868
12.6796 -30.6505 1.59029128464
13.507 -32.0086 0.434635306895
13.8293 -32.3002 0.239964372356
13.976 -32.4901 0.297809771499
14.1735 -32.713 0.732269089884
14.7084 -33.2131 1.82731284951
13.0592 -34.0 15.6601648845
-0.0943 -25.5014 0.999495912948
0.3239 -24.5936 12.2179143335
8.6334 -15.6365 1.25559358472
8.3615 -14.4107 14.4801712504
1.4477 -1.6877 0.517471979918
1.5359 -2.1976 9.71225664045
5.9223 -10.8629 0.355350882931
5.968 -10.5105 0.877103443158
6.8447 -10.5371 1.23406126671
5.6182 -10.6735 13.5518196948
-7.7116 -13.1165 1.51905171077
-7.8265 -14.6312 11.0041727731
-5.9506 -25.4743 0.248588917693
-5.7437 -25.3365 7.14290865684
-5.0995 -18.2227 1.46249316238
-4.6531 -19.6154 8.04727888482
-3.8044 -27.6178 3.36234826572
-5.0763 -24.5053 3.06693447762
-4.2298 -21.5575 1.26840531771
-4.9619 -20.5217 0.316258027566
-5.0954 -20.8084 2.37739010051
-6.7266 -19.0789 0.850977790544
-6.909 -19.9101 4.18267244713
-6.2498 -24.0405 0.678687859034
-6.7109 -23.5425 0.973877250992
-6.5006 -24.4934 1.00790543703
-6.241 -23.5195 17.3509709553
-11.1495 -6.8773 1.29557507309
-11.5941 -5.6604 0.569807414834
-11.3961 -6.1947 0.769189996035
-11.2695 -5.436 15.1585232609
-9.9756 9.6672 2.80870372414
-7.2001 10.0978 0.638493382894
-6.9503 10.6854 2.77600555115
-7.0584 13.4593 0.952955235045
-7.9072 13.0261 0.967456133372
-7.1831 13.6677 25.6466592587
10.8716 31.8825 5.29795556512
16.1517 31.4479 11.6573225271
27.779 32.284 1.25500567728
28.8935 31.707 0.910441568691
29.7219 31.3293 5.88170142901
35.186 29.1526 6.18350902724
40.5418 26.0621 0.761547221123
40.6422 26.817 0.438129683998
40.6473 26.3789 1.72028289825
42.3558 26.1779 3.97623452276
46.0861 24.8012 1.7369274625
46.5811 23.1363 15.1457439837
44.3392 8.1574 0.0
42.625 -9.9128 18.6495114386
25.0463 -1.5733 0.193413675835
26.0943 -1.3062 0.0827647267862
26.0593 -1.3812 0.2474026071
26.2859 -1.2819 0.276056697075
26.5618 -1.2912 1.14011659491
25.4549 -1.5644 9.27681497067
21.7133 -10.0532 7.78533713207
21.6308 -2.2683 2.59377346929
21.7267 -4.8603 1.06850478707
21.5385 -3.8085 1.3692071611
20.6822 -2.7401 9.58535358242
22.3559 -12.1782 17.8281377662
11.4864 -26.3096 1.00663068203
10.4801 -26.2838 4.83522179016
5.6825 -26.8858 4.06352707017
2.5454 -29.4686 4.02572708588
-1.4795 -29.387 0.568116766167
-0.935 -29.2249 5.03966999912
-5.9551 -28.7812 0.957703508399
-6.2427 -29.6947 1.16299348665
-5.6691 -28.683 6.91565952314
-1.3549 -23.278 0.366322617374
-1.6954 -23.4131 9.72809218963
-9.9401 -28.5765 0.814038162496
-9.1363 -28.4478 0.606390402299
-9.7039 -28.2344 10.5144527509
-0.9112 -34.0 4.91590029394
-0.9129 -29.0841 1.30485219469
-1.8416 -30.0007 2.67695685434
-4.5046 -30.2737 1.36560567149
-3.1392 -30.25 5.77928516687
2.601 -30.921 5.40499796115
-2.794 -31.2496 1.03378499215
-1.8186 -30.9071 5.41261314062
3.0815 -28.6081 5.64750098716
-2.3021 -30.3143 1.45931329398
-0.8773 -29.9988 6.00518437102
5.1249 -29.8095 9.54218740384
-3.8628 -33.0149 1.62537919576
-5.4815 -33.1621 2.13023807355
-7.5872 -32.8397 6.84816335232
-14.2313 -31.1804 6.37704990885
-7.864 -30.8279 2.33514429747
-9.788 -29.5046 1.19897589634
-10.5696 -30.4138 6.74387633413
-17.212 -31.5793 3.89017061065
-20.6447 -33.4096 13.822514187
-34.4438 -32.6054 16.0314182308
-50.0003 -28.7322 1.36314310694
-50.4475 -27.4445 0.799450723935
-51.231 -27.2856 1.86532952853
-50.8949 -25.4508 12.4770075631
-38.9066 -21.993 11.3039234145
-33.9176 -11.8496 0.656779445476
-33.6226 -11.2628 1.19792627486
-34.4306 -12.1472 1.09570947336
-33.9057 -13.109 1.20255385326
-34.6676 -12.1786 0.0547846693884
-34.7182 -12.1996 1.71379691329
-33.0957 -12.7515 28.9662334529
-6.1335 -23.3384 1.31578237182
-4.8221 -23.4457 0.120566869413
-4.702 -23.4351 0.849935644623
-5.2922 -24.0467 1.30070859534
-5.3248 -22.7464 14.0751908904
1.766 -10.5878 0.994486128611
1.9831 -11.5583 1.02548168682
1.3693 -10.7368 20.9403046026
-12.245 5.1738 17.8165194098
-18.6412 21.8026 0.618508156777
-19.2557 21.8729 1.27833616862
-19.0757 20.6073 11.8352347053
-14.858 9.5491 0.918211914538
-14.6184 8.6627 0.937598560152
-15.2325 9.3712 13.1026346103
-19.0483 21.9059 3.3437218096
-19.7338 25.1786 1.09783104347
-18.6418 25.2916 8.13670343874
-15.1509 17.9418 0.567006684264
-15.1226 18.5081 17.6192985428
-26.2909 32.1356 17.7978919853
-44.0003 30.363 3.57534283111
-47.3213 29.0386 3.29281437375
-49.928 27.0267 2.93198256475
-51.3356 24.4547 0.511821550934
-51.6239 24.8776 1.30183493961
-50.3325 24.7131 0.467463634949
-50.5302 25.1367 1.35327988605
-51.874 24.9768 1.408046963
-51.02 23.8573 5.66200763069
-45.3775 23.3877 1.48090086434
-46.6931 22.7078 4.69901772289
-51.3665 22.2178 5.91607275902
-47.2182 17.9998 1.34700122123
-45.2523 9.0615 0.524311853766
-45.5599 8.6369 14.9724253753
-36.0 20.16 18.4812216807
-19.4109 28.306 0.318336488641
-19.2465 28.5786 1.88066405825
-17.6882 27.5257 2.40660619338
-15.2926 27.7556 3.50352560287
-13.0808 30.4727 0.707926337976
-12.4571 30.8076 0.556669641709
-11.9896 31.1098 0.505710529849
-11.5641 31.3831 0.440512996403
-11.187 31.6108 0.438486362388
-10.8247 31.8578 1.33593356871
-9.7476 32.6481 3.76055779107
-5.9913 32.827 0.721985664678
-6.1962 33.5193 1.50273931206
-6.1282 32.0181 8.91441677116
-7.4181 23.1975 4.71220118416
-6.7321 18.5355 9.65164775
-9.2766 27.8457 1.5717659654
-8.3451 29.1117 0.920203439463
-8.0797 28.2306 9.53446940579
-6.1746 18.8884 1.14736134239
-6.5052 17.7897 1.02304688553
-6.049 18.7054 0.465408229407
-6.4049 18.4055 9.44629172109
-4.8307 27.7197 4.30724790557
-0.6391 28.7111 0.52821364049
-0.1113 28.732 1.40700056148
0.925 29.6837 0.449598976867
1.374 29.6605 0.26623211677
1.5885 29.8182 1.8427299151
1.599 31.6609 0.69187589205
2.143 32.0884 0.390733016266
2.3675 32.4082 1.93047353776
1.2753 34.0 20.1316096368
-4.9623 14.8591 0.50358911823
-4.4613 14.9101 1.99380798724
-2.4883 15.1974 1.20646470732
-2.3736 13.9964 15.1322223946
1.5362 -0.622 0.799552205925
1.0075 -1.2218 1.44524060281
0.4141 0.096 0.93872245632
0.1165 -0.7943 24.2268789127
-7.0702 -23.9307 0.587431170436
-7.2285 -24.4964 9.56375404535
-14.0423 -31.2074 4.11047409553
-17.9296 -32.5434 3.02930790941
-20.9561 -32.413 18.912907599
-39.862 -31.8982 9.39967625506
-48.7053 -28.7123 2.94227501774
-49.7361 -25.9565 0.886065031473
-49.9829 -26.8075 0.774097887867
-48.5912 -19.7037 1.2327890371
-47.4887 -20.2553 22.755879526
-26.3467 -28.6723 0.96071883504
-25.4559 -29.0321 6.15315897568
-19.8182 -31.4974 0.51152262902
-19.408 -31.803 1.38280492478
-18.0595 -32.1091 2.02273023659
-16.149 -32.7735 1.93124126147
-14.5675 -31.6651 1.36967643624
-13.2248 -31.3946 3.12631063876
-10.1309 -30.9456 10.1986106725
-13.9696 -21.497 12.079198391
-5.244 -29.8499 0.401824899676
-4.975 -30.1484 9.36560457899
-9.8197 -22.1332 11.385852929
-0.8583 -29.1568 0.534874237555
-0.9984 -28.6406 8.46120261547
-6.3285 -22.0693 0.518183181896
-5.811 -22.0427 0.866698707741
-5.7738 -22.9086 1.15831064055
-6.1615 -21.8171 16.216369685
-10.1335 -6.0947 0.595024201188
-10.4169 -6.6179 1.42591686995
-9.2563 -5.7895 12.7703780343
0.5004 2.45 19.0318033302
5.2586 20.8774 6.02550844079
9.8197 24.8148 5.05843685144
13.2054 28.5731 0.840815092633
13.8073 29.1602 1.98745976815
15.1961 30.5819 0.949854920501
15.9082 31.2105 4.06393240347
19.4739 33.1602 0.952355332846
20.3991 33.386 0.155337857588
20.5348 33.4616 0.114136146772
20.6393 33.5075 0.600147398561
21.1212 33.8652 1.28919915064
19.8678 33.5635 0.331169322251
20.1734 33.4359 0.721043521571
20.8864 33.5433 1.02235131437
19.8678 33.6308 0.18132186851
19.6907 33.6697 1.15636718217
20.8316 33.8582 1.16067598407
19.6921 34.0789 0.306861548585
19.9441 33.9038 0.545340719184
19.5618 33.5149 0.670035730391
20.2256 33.4237 1.09622459378
19.1486 33.6281 0.826289688911
19.5794 32.923 8.23012964782
21.5485 24.9319 0.484959555015
22.0281 25.0038 1.07724651311
23.0674 25.2872 1.33044886035
23.359 26.5853 2.70219644179
25.9934 27.1868 0.431260292631
26.4046 27.0568 0.412220632671
26.6818 26.7517 2.63550075887
29.0063 27.9937 2.05214273383
30.5997 29.2869 4.24854426833
34.6823 30.4627 5.6398068513
40.0497 32.1943 0.636109943327
40.6782 32.2924 1.29213685421
41.6696 33.1211 0.48554155332
41.9802 33.4943 1.74010276995
40.3249 32.9577 30.0754458263
10.2995 31.2234 1.16189470263
10.6162 30.1055 12.5232688584
13.8299 18.0016 0.241274698218
13.5921 17.9608 10.7545627735
12.0918 28.6102 1.05657564803
11.5717 29.5299 0.370997857137
11.2246 29.3989 1.06830372554
11.9565 28.6207 0.759127723114
11.8062 29.3648 1.16674483929
10.8076 28.7614 0.137980071025
10.6697 28.7661 0.777491716998
10.9718 29.4825 1.3240900347
12.1597 28.8976 8.22043472634
20.0852 31.0798 5.8560711232
15.4684 27.4772 1.60508640577
16.643 28.5711 1.34530351222
15.5603 27.7726 0.149664190774
15.6807 27.6837 1.24014232248
16.92 27.638 4.83430485282
21.2671 29.753 0.957889769232
21.3587 30.7065 0.463903114885
21.079 30.3364 2.07067240287
21.9894 32.1962 0.481261550511
22.4336 32.3814 1.31806361758
23.3375 33.3407 0.152120478569
23.4883 33.3207 0.504943095804
23.81 33.7099 1.55651759065
22.2535 33.7025 0.129849913362
22.3285 33.5965 0.112989778299
22.4355 33.6328 0.477886147529
22.9126 33.6054 0.473070502145
22.4397 33.6181 0.0542379940632
22.4137 33.5705 0.081883636949
22.41 33.6523 0.11947489276
22.3195 33.5743 0.215932697848
22.4833 33.715 0.194483649698
22.3391 33.5845 0.025079872408
22.3579 33.5679 0.0355759750393
22.3637 33.603 1.52727926065
23.8874 33.7075 0.0797937340898
23.8294 33.7623 0.227614806197
23.9971 33.6084 1.89059525018
22.1487 33.2112 6.47872479814
25.1337 27.4611 0.908926955261
26.0426 27.4541 2.15967424627
27.74 28.7894 0.836991355989
28.5678 28.9131 0.778887289664
29.3243 29.0985 4.167338322
33.3588 30.1423 0.809779309442
34.0986 30.4716 3.56491867509
37.2186 32.1962 2.39887282072
39.4831 32.9878 0.449823887761
39.3623 33.4211 1.04712918019
39.1187 32.4027 6.87173986993
36.9215 25.8917 0.674351992657
37.479 25.5123 0.893586576667
38.1071 24.8767 0.422266610094
38.3124 24.5077 1.34883527905
39.5649 25.0083 4.84586586793
37.4344 20.6559 0.439830740172
37.8742 20.6611 1.73822468628
39.5507 21.1202 0.483962581198
39.9254 20.8139 0.377826256367
40.2222 20.5801 1.14970523179
39.0798 20.4507 0.396769416664
39.1599 20.0621 1.13279841984
39.6824 21.0672 0.586226236192
40.0802 20.6366 14.4426086134
34.6022 34.0 7.15069937419
40.8887 30.5923 0.28072741227
40.6089 30.5695 0.345314928724
40.4365 30.2703 4.19472035778
37.8257 26.9871 17.1018998529
26.4904 14.1814 0.666069620986
27.0769 13.8657 1.0088069637
27.9699 13.3964 0.83206351921
27.2482 12.9823 1.24757643854
26.5746 14.0324 0.602311580496
26.1896 13.5692 1.10687562535
26.7558 12.6181 0.545039393072
14.9382 1.1505 1.08101581857
14.9166 2.2313 0.932425407204
14.2931 1.538 21.0102107048
7.9112 -18.4795 13.3596010887
6.1957 -5.2305 4.17158999064
2.9961 -2.5538 7.49298369543
-3.4334 -6.4017 0.624019046184
-2.9438 -6.0148 1.40875436113
-3.1492 -7.4085 17.3258843021
-4.4458 -24.6858 1.11966175249
-5.4028 -25.267 1.3222001853
-5.4755 -23.9468 13.7777826681
-6.7085 -10.2243 0.385701918585
-6.8211 -10.5932 15.2336276159
-7.7464 -25.7987 0.701346476429
-7.1536 -26.1735 0.224008861432
-7.3187 -26.3249 1.11155482096
-7.1143 -25.2323 4.58183013653
-6.3129 -20.7211 4.48276743541
-7.5377 -25.0333 4.97507928078
-7.2508 -20.0665 10.4808731149
-13.4809 -11.6383 0.287205936568
-13.2274 -11.5033 0.995418489883
-13.9825 -10.8547 1.18703274597
-14.063 -12.039 17.1604858171
-13.7272 -29.1962 0.506585323514
-14.2335 -29.1792 1.52499877049
-13.5525 -27.8147 7.08735392724
-10.7305 -21.3134 1.15350497615
-10.5182 -20.1796 1.27408201463
-11.6455 -20.7733 14.9570526632
-20.9526 -32.4819 0.598623629671
-21.4906 -32.2194 0.903898628166
-22.3789 -32.3866 0.84657520044
-23.2143 -32.5237 0.809596665013
-23.9653 -32.2213 1.13495321489
-22.9375 -31.7399 8.92511506536
-16.4712 -25.5881 9.87267615239
-25.3191 -29.9681 0.778979974069
-24.6633 -29.5477 6.08582291313
-25.5871 -23.5324 3.31116029965
-27.5553 -20.8697 3.19992832732
-32.3467 -19.8429 1.27457062966
-31.2332 -20.4631 8.55654700507
-25.486 -26.8022 0.762573655459
-26.1983 -26.5299 1.33215633467
-25.4778 -27.6504 0.180579317753
-25.6518 -27.6021 1.39803041812
-26.6082 -26.5824 0.368925697126
-26.2626 -26.7115 2.96325455032
-28.0738 -24.3662 0.469256699473
-27.7317 -24.045 11.7094543767
-24.4099 -12.8166 15.0664496193
-15.8981 -0.3849 1.1372197369
-14.8458 0.0463 0.57493969249
-14.3012 -0.138 0.277707201923
-14.0235 -0.136 0.196828097588
-13.8268 -0.1431 0.158478894494
-13.8052 0.0139 0.419293334075
-13.6615 -0.38 0.254255658737
-13.4178 -0.3075 0.147334992449
-13.2872 -0.2393 0.357594812602
-13.6206 -0.3686 0.999484437097
-12.6289 -0.2441 0.352046644637
-12.3139 -0.0869 0.263778562434
-12.0927 0.0568 1.40662712188
-10.7696 -0.4207 1.26952038188
-9.5586 -0.0397 1.18088146738
-9.9876 1.0605 0.976708927982
-9.3469 0.3233 0.6379237572
-9.2925 -0.3123 3.58986997258
-10.9134 -3.5154 2.92828552228
-8.9051 -5.6465 8.77137272096
-8.1522 -14.3855 1.36429368173
-7.4839 -15.5749 0.61074833606
-8.0746 -15.4197 0.107826759202
-8.1561 -15.4903 11.0429768858
-9.573 -26.442 1.19664250718
-8.4435 -26.8372 0.455974780004
-8.6737 -26.4436 7.85348741134
-12.4891 -19.5792 0.414923727931
-12.1228 -19.3843 2.45924188522
-9.7759 -18.6495 1.4974278213
-9.4067 -20.1007 0.529974423911
-9.22 -19.6047 9.99286999865
0.0 0.0 9.4043875723
9.402 0.2119 7.20353067947
2.4275 -1.5901 3.01368273048
5.0481 -0.1019 0.407580090289
4.7353 0.1594 1.01463820646
5.4118 0.9156 6.44263586197
9.0565 6.2282 0.878659444836
9.2906 5.3813 1.1048421833
8.4975 6.1505 10.4818529707
3.2728 15.2374 18.8934937915
-8.2954 30.1753 1.12574387851
-9.0972 30.9655 1.16874223848
-8.4541 29.9896 12.1481241815
-2.6524 19.3164 0.478138735097
-2.1925 19.4472 1.41814959013
-3.0076 20.6077 11.0727279751
-9.7781 29.3693 3.17209532328
-11.6988 31.8938 3.14652281098
-14.8452 31.9216 1.45719740941
-16.285 32.1461 1.8302079472
-18.1102 32.2814 1.81053310381
-18.6798 34.0 8.28464373706
-25.673 29.5581 0.238724213267
-25.4343 29.5547 1.22117390244
-25.5692 30.7684 5.3358814389
-20.2509 30.3356 0.320189225303
-20.4754 30.5639 10.4681998032
-30.9428 30.6933 1.53503433186
-32.4544 30.4261 17.0007159308
-49.319 28.2791 2.75756886043
-50.8819 26.0072 12.9185391593
-49.5539 13.1571 0.529935552685
-49.9754 13.4783 0.755620069876
-47.0 9.16 14.9256875637
-45.8166 24.0387 1.41225881481
-44.648 24.8317 26.1453082858
-19.241 31.0011 0.560701364364
-19.7399 31.257 1.00966064101
-18.7349 31.3539 5.33224288363
-13.4105 31.643 6.30493427801
-7.1669 32.5203 0.809132529318
-7.3306 33.3127 1.29899590838
-7.8197 32.1093 18.130170264
-16.1071 15.9841 0.823893081656
-15.358 15.6411 1.80180955986
-13.732 14.8648 0.584802274277
-13.1509 14.7991 0.519410146224
-12.636 14.7308 3.64662768596
-9.4158 13.0196 1.0952263693
-9.4082 14.1148 17.406411226
-14.9053 30.6304 0.734406495069
-14.2234 30.9031 2.78708899391
-11.4379 30.9972 0.560899037261
-10.9066 31.177 1.45372704453
-9.544 31.6836 1.52342291567
-9.7757 30.1779 9.56868736087
-12.1923 20.9194 0.488888545581
-12.0324 20.4574 0.495263344091
-11.7097 20.0817 0.521359856529
-11.2346 20.2964 0.179282040372
-11.2677 20.1202 0.274530526536
-11.1392 19.8776 0.607885400384
-10.5777 20.1105 0.325818369648
-10.2717 19.9986 0.715343141436
-9.8408 19.4276 0.0193341666487
-9.8567 19.4386 0.411968178383
-9.889 19.0279 0.0970987641528
-9.9086 18.9328 0.0757449668295
-9.9243 18.8587 0.590337666086
-9.5563 19.3203 3.1861260019
-7.039 17.3672 9.68078215538
-1.2357 9.6187 0.653162896987
-1.6033 9.0788 0.969030242046
-2.4638 9.5244 7.94057920557
-6.0544 16.6068 1.3181782884
-4.7422 16.4814 8.63634216842
0.674 9.7545 3.36226096548
4.0234 9.4607 0.936899039385
3.55 8.6522 1.31179462188
3.9757 9.893 21.3924306634
12.8362 29.3642 7.35539704571
19.8581 31.5539 5.19290623832
24.8549 32.9675 6.79803036327
31.629 33.5374 0.509316581313
32.1123 33.3767 2.30095153361
34.4109 33.2727 0.581731424284
34.9922 33.2503 0.369036285479
35.3605 33.2736 0.907462946902
36.2429 33.4854 0.200849446103
36.4412 33.5173 0.160264312933
36.6011 33.5065 0.119855120875
36.7197 33.4892 8.36878283623
33.1827 25.9046 0.850413005545
33.8395 25.3644 0.401775509458
34.2095 25.2078 0.444069206318
34.609 25.0139 14.6980231174
21.0474 19.3469 1.83633389393
20.8538 21.173 15.9959068596
5.1087 23.9945 3.40039459622
8.3542 22.9799 2.33411322776
10.6412 22.5133 1.28028153935
11.6193 23.3394 9.08351537512
18.7443 29.7055 11.3181756043
18.6118 18.3881 0.4787133798
18.2723 18.7256 0.319160226219
18.5274 18.5338 1.28727099323
18.3209 17.2632 1.1425722778
17.2459 17.6503 2.47963331563
17.4312 20.123 1.37267018981
18.2955 19.0566 0.680955358302
18.4803 19.712 1.39296694146
17.0946 19.8541 20.4522914677
0.6268 31.9829 1.48172088127
-0.8071 32.3563 2.62106087301
-3.349 31.717 2.85354655473
-6.2025 31.7333 0.929609218973
-6.4004 30.825 2.4964797716
-5.6499 28.444 3.40234170095
-8.2511 30.6371 1.42754739326
-8.7295 29.2921 8.125829893
-4.5419 22.3284 0.186773124405
-4.6443 22.1722 1.5646923851
-4.5444 23.7337 5.45985148608
-7.2259 28.4897 1.3497200043
-8.5687 28.3532 1.00836724461
-8.8202 29.3297 1.47859942175
-9.9838 28.4174 0.91284927562
-10.0852 29.3246 1.37775824077
-10.2008 30.6975 0.44240108499
-9.7772 30.8251 1.17232488671
-9.5764 29.6701 8.36139400459
-5.3845 22.4354 10.9117270113
-13.3091 29.9365 1.08678316605
-12.3508 30.4491 1.21307940795
-12.5749 29.2569 7.52875980889
-6.9774 24.222 0.895500826354
-7.3772 23.4207 14.2885287854
-8.7534 9.1986 1.00857575323
-7.9558 9.8159 0.397287125389
-8.2617 10.0694 0.832750202642
-8.446 9.2573 0.970276089575
-8.868 8.3836 1.49070262963
-8.7412 6.8983 5.32367587669
-14.0142 6.1655 0.673203542771
-14.6241 6.4505 1.77306663721
-13.55 7.8612 14.5331790497
-17.5548 21.8317 0.267360000748
-17.3449 21.9973 1.00753205904
-16.6562 21.2619 6.41821349364
-12.4524 16.412 0.974848198439
-12.6898 17.3575 5.19875829983
-16.1717 21.218 0.179558486293
-16.0107 21.1385 0.356486212917
-16.2566 20.8804 4.25893006399
-13.4439 17.6824 3.73145018994
-16.4603 19.879 0.549609679682
-15.9849 19.6032 0.4112218501
-15.9114 20.0078 0.865880944472
-16.3755 20.7388 0.189909899689
-16.1924 20.6884 1.00235805978
-15.8842 19.7346 14.1676457554
-12.971 5.8697 1.06294313112
-12.6709 4.85 1.16064627256
-12.92 5.9836 22.253958034
-14.9333 28.1463 0.279839561177
-15.0556 28.398 0.532876815033
-15.4683 28.7351 7.90833155729
-12.0682 21.595 0.651331098597
-12.2166 22.2292 11.7389207685
-20.9375 30.0872 16.9818040835
-37.9043 30.8009 12.2269664484
-49.2765 26.3096 3.05071886774
-50.3563 20.0032 15.3141861112
-41.2283 7.7067 21.874021048
-19.4399 5.7732 0.874037464872
-18.5681 5.7107 0.414646512104
-18.1719 5.5884 6.85325777496
-11.3217 5.3837 2.89096597351
-8.4318 5.4622 5.67022323723
-2.7834 5.9592 4.71289993316
1.7949 4.8409 1.01713749316
1.8211 5.8577 15.6698885995
5.5677 21.0731 1.34145056189
6.5697 20.1812 1.14156191247
5.4319 20.0886 20.3010164635
-14.7138 22.595 0.549973062977
-14.1644 22.6201 1.306715474
-4.6442 17.7417 7.45615501046
2.1473 14.6644 0.406206105321
2.5355 14.784 2.1167742865
3.2688 16.7697 1.50311208498
1.8725 17.3262 13.7463210293
-6.1565 6.1684 15.6616108689
-3.7135 -9.3015 31.5174588349
19.3111 -30.824 11.7536843892
31.0125 -29.7166 9.00588911546
39.9525 -28.6292 0.504880837426
40.1304 -28.1567 0.395141114034
40.3029 -27.8012 2.57192074917
42.8176 -28.3407 3.46543423109
46.2647 -27.9847 2.81316544306
49.0197 -27.4156 1.64344903785
49.2922 -25.7949 16.7468198014
0.0 0.0 5.97468004583
5.9618 -0.3921 5.21821971557
0.754 -0.0625 3.43090704771
-0.9009 2.9429 0.38812608776
-0.7128 3.2824 0.461810177454
-0.3128 3.5132 3.0790273789
0.772 0.6316 1.47437083531
-0.1786 -0.4954 6.07565957736
-0.2447 -6.5707 1.28020178488
-1.5153 -6.7272 1.13228597536
-0.5216 -6.1844 1.23567628852
-1.2166 -7.2061 17.1393841456
-5.9249 -23.6861 2.60751035473
-7.9205 -25.3644 5.68838763887
-11.1412 -30.0532 2.99943077933
-13.6614 -31.6796 0.535668498234
-14.0169 -32.0803 3.53025954995
-17.4137 -33.0418 1.27469002506
-16.4612 -32.1947 11.4313868494
-10.6741 -22.3364 0.316681369834
-10.5091 -22.6067 1.40362805971
-10.4458 -21.2045 12.2374757744
-10.8051 -8.9723 3.59601822159
-13.1075 -6.21 6.13980269797
-19.1369 -7.3691 5.98974415564
-25.0792 -6.6167 0.562782373569
-25.6256 -6.7515 1.3442664654
-25.2063 -8.0287 4.78621901923
-23.4178 -12.4682 14.6789125755
-31.0722 -24.9934 2.07620702484
-45.7469 -30.1963 0.0952470996934
-45.8309 -30.2412 0.704841521195
-45.1408 -30.0978 3.27759945234
-46.1264 -26.9719 2.71619805243
-43.5895 -27.9424 10.4260350604
-35.1597 -21.8072 0.995305882631
-34.1723 -21.9324 20.4757401869
-15.8351 -31.043 0.291468780489
-16.093 -30.9072 1.03406445157
-15.703 -31.8649 1.34386709536
-14.5444 -31.184 19.0633004409
-3.1097 -15.9309 11.399499582
-6.2361 -26.8933 0.989827101064
-6.4124 -27.8673 1.08020007406
-5.9118 -26.9101 12.2749077333
0.0901 -16.2026 2.59259535022
2.6362 -15.7138 0.645099837235
3.26 -15.5494 0.627943436943
3.792 -15.2158 0.548555411969
4.039 -14.726 0.505801789242
4.3946 -14.3663 1.91267063814
6.053 -13.4134 1.54189097215
7.0186 -14.6155 2.20558810751
8.2119 -16.4704 3.53462770458
7.5845 -19.9489 0.446222691041
8.0307 -19.9534 13.3941234555
-1.0438 -29.8051 0.253551296585
-0.4243 -30.3695 28.203611657
-27.0988 -21.209 0.928451296515
-15.7194 -34.0 4.61588716067
-12.3372 -30.8588 1.83947241621
-14.0906 -31.4149 7.36794323811
-21.409 -30.5619 0.291878690555
-21.3564 -30.849 0.130337293205
-21.453 -30.7615 6.14028432729
-15.3151 -30.5904 3.88489669618
-19.1946 -30.3857 1.09342446013
-18.6215 -29.4545 16.8980228302
-12.6576 -13.6439 1.12691955347
-13.7544 -13.3851 3.99678200681
-17.0742 -10.1925 0.359543071133
-17.1791 -9.8486 1.1570032541
-16.2389 -10.5229 6.85518157673
-15.5278 -17.3411 2.70270265105
-12.8567 -17.7532 0.40755835165
-12.5133 -17.9727 0.518399199459
-11.9971 -18.0204 3.1450600201
-9.1149 -16.7617 2.78673891314
-6.427 -17.4973 0.340392508731
-6.7461 -17.3788 9.91482363787
-15.7525 -21.5247 5.58038225304
-12.0445 -17.3544 3.3413069853
-11.4646 -14.0638 2.10215073912
-9.8648 -12.7001 9.50214375444
-9.5316 -3.2038 0.852312413379
-9.5362 -2.3515 0.275244545813
-9.2832 -2.4599 1.24415936278
-25.5229 24.4202 16.8180281927
-41.6856 29.0692 1.14147531292
-41.8539 27.9402 15.5568889801
-40.2054 12.4709 1.13161884926
-40.5555 11.3948 17.4300123523
-36.4221 -4.8594 0.0835752355665
-36.431 -4.9425 1.52633134345
0.0 0.0 8.9504056584
-3.3919 -8.2828 0.0193540693395
-3.3982 -8.2645 5.78480444786
-5.4989 -2.8746 7.31324397788
-8.7291 -9.4358 0.969444196434
-8.1089 -10.1809 24.61455253
8.2116 -28.6069 3.4562957874
10.7575 -30.9445 0.593654663925
11.2844 -31.218 0.919139690145
12.034 -31.7499 1.42972313753
13.0391 -32.7667 0.299297260261
13.2985 -32.916 0.170873052293
13.3717 -33.0704 0.392004336711
13.7283 -33.2332 0.611993472187
14.1263 -33.6981 1.42472365391
12.7056 -33.5911 0.194120297754
12.8611 -33.7073 1.07740525337
13.9239 -33.8841 1.27754115785
11.8688 -34.0 3.69017975172
10.085 -30.7696 0.507599221828
10.0281 -31.274 0.404942786082
10.3756 -31.0661 2.01338167271
8.6932 -32.1721 1.66647912078
7.0367 -32.3542 2.34726380494
4.7456 -32.8646 2.00566462052
2.74 -32.8485 10.6595440428
-7.6696 -30.5537 1.46558762618
-6.2049 -30.5027 5.52412304081
-0.688 -30.2203 14.668709012
-0.8102 -15.5521 0.738412411868
-0.9985 -14.8381 1.34203302865
-1.2529 -16.1558 9.0538313448
-0.9308 -25.2039 15.3828152316
-14.4241 -32.5905 1.09779224355
-15.2886 -31.9139 1.48735997324
-13.9173 -31.3379 11.134553053
-4.9685 -24.7124 14.7217463122
-6.1307 -10.0366 22.6759966319
4.4819 10.0027 0.640411125762
4.7779 9.4348 1.13889014835
4.1653 10.3949 7.94018347521
-2.0438 15.344 1.34820862629
-2.1515 16.6879 1.02510140962
-1.3304 16.0742 1.29801258854
-2.5866 16.401 19.7986700465
-15.4646 31.4391 14.3210867594
-29.7805 31.8245 16.0803715396
-45.8191 30.6662 0.743917797878
-45.8011 29.9225 16.2045967296
-47.0982 13.7699 3.01185142396
-49.5182 15.5629 1.2011280781
-50.4903 14.8574 1.36075882507
-51.1306 13.6567 0.934329674151
-50.8043 14.5322 0.84591546859
-51.585 14.2065 0.816637251171
-51.9624 13.4823 1.2992610977
-50.9306 14.2719 0.411351771602
-51.3304 14.1751 0.23707123402
-50.9156 34.0 5.34225651294
-46.2197 31.4528 4.13620800734
-42.8885 29.001 0.740047633602
-43.2454 29.6493 4.09780483918
-45.3069 33.1908 0.141187888999
-45.181 33.2547 1.30458845618
-44.7462 32.0247 1.0881606499
-43.9094 32.7203 1.73707964699
-42.1895 32.964 6.84508612802
-43.7134 26.2907 10.5278713527
-35.8515 19.2888 9.46319053702
-31.014 11.1555 2.57515902422
-29.1204 9.4103 0.995552253777
-28.7281 10.3253 22.9558949904
-13.2041 27.2362 0.556971211105
-12.6479 27.2069 0.522114364867
-12.14 27.0859 0.997710990217
-11.3789 27.731 1.32813818935
-10.2542 28.4374 3.40273625925
-7.7379 30.728 2.88262794165
-5.1711 32.0399 1.25380386425
-5.7804 33.1357 1.2378542806
-6.4425 32.0898 17.1033326159
-10.5386 15.4842 0.853831318236
-9.6912 15.3796 0.195465239877
-9.8183 15.2311 2.23951504795
-7.5789 15.2538 10.4225513119
-11.3572 5.5402 2.41096526105
-9.3965 6.9432 1.0635035543
-9.5456 7.9962 8.25045340875
-13.0873 15.4478 24.4100430913
-11.4699 -8.9086 0.47051338982
-11.8878 -8.6924 3.59972834114
-11.7556 -12.2897 0.249276894236
-11.8672 -12.5126 0.419538436857
-11.5147 -12.7401 2.53067547702
-10.2481 -10.5492 1.53758471637
-10.8891 -11.9468 3.23672530963
-12.2379 -14.8891 0.935551564586
-11.8622 -14.0323 1.84141527364
-10.0361 -14.2693 0.420125183725
-9.6402 -14.4099 0.320283390141
-9.347 -14.5388 0.534590703249
-8.8129 -14.5159 9.74270949223
-0.5169 -9.4074 9.7132450036
-7.3896 -16.2713 0.773502585645
-6.6212 -16.1826 21.1598481148
9.9206 -29.3776 5.37092686973
14.5016 -32.1814 5.08617838657
19.5523 -31.5817 2.58688726658
21.943 -30.5935 1.37010995909
20.6339 -30.1892 4.02679239594
23.3099 -27.1802 0.584406921588
23.8831 -27.2941 0.397636077337
24.2649 -27.4052 0.550084957075
24.676 -27.7707 0.348283864111
25.0177 -27.8381 1.13794661562
26.1072 -28.1666 4.10401876336
28.2248 -31.6821 0.903297387354
29.1099 -31.5017 0.59724340934
29.6911 -31.6392 2.48974806958
31.971 -33.0938 0.599091019796
32.0761 -32.504 6.36479852391
34.1129 -26.4739 0.893580108328
33.5764 -27.1885 7.50930163064
27.5947 -31.7282 1.04429870248
27.474 -32.7655 0.939401777729
26.8861 -32.0328 13.3207299759
17.9851 -22.1225 5.04429908411
13.0342 -21.1563 2.63983330534
10.4034 -21.3745 3.3194491064
7.0855 -21.4759 4.8201185307
2.7908 -19.2875 2.62948530325
0.1744 -19.5495 2.58348478803
-2.3962 -19.2918 0.887121214942
-2.0484 -20.1079 8.82305738902
-0.1719 -28.7291 0.498496629878
-0.6152 -28.9571 5.80448028509
-2.0835 -23.3414 0.243719531429
-2.153 -23.575 5.88914430457
-4.591 -28.9358 1.10910580649
-5.2022 -29.8613 1.07661907841
-4.8862 -28.8321 6.73365135495
-4.4971 -22.1097 0.655600686394
-4.3572 -22.7502 6.06921891597
-6.0987 -28.5642 1.38580144682
-7.4436 -28.8984 1.50489099273
-8.4275 -30.0371 2.37637016056
-10.7858 -30.3296 1.0998330146
-11.6233 -31.0425 1.99850291218
-12.415 -32.8775 0.971524003821
-13.3858 -32.84 0.863562134418
-12.6274 -32.427 10.9018282343
-9.0605 -22.1252 11.0153408445
-10.1269 -11.1616 0.544659976499
-10.1137 -10.6171 1.37735028224
-9.6895 -11.9275 8.5962993061
-7.4819 -20.2355 0.801551495538
-7.0151 -19.5839 1.2371382542
-7.8356 -20.5098 13.4925423105
-8.087 -34.0 4.46770004029
-10.3547 -30.1506 2.44024405542
-12.4199 -31.4505 1.90416976659
-14.1302 -30.6134 1.13375641123
-14.274 -29.4888 1.34105046885
-14.034 -30.8082 8.67288353894
-5.9698 -34.0 4.7459663979
-8.4494 -29.9533 2.06501868515
-9.5998 -31.6682 1.0209080321
-8.5809 -31.6042 1.2120196203
-9.4725 -30.7832 0.855524196034
-8.7231 -31.1959 0.183296617536
-8.8982 -31.2501 0.7093
-9.5902 -31.0944 1.32238301562
-8.2724 -30.9844 4.11395643268
-4.1692 -31.2817 2.75747860372
-6.9052 -30.9382 2.25253720946
-4.753 -31.603 1.89927582252
-6.4398 -30.7301 1.45126968548
-7.8219 -30.2874 1.25309098233
-6.6514 -30.7348 0.673066564316
-6.0658 -30.403 0.10032870975
-6.1501 -30.4574 2.09476843589
-7.6399 -31.93 8.59468573771
-0.6157 -26.9773 3.58675126124
-3.8927 -28.4354 3.20547664162
-1.1546 -26.7687 0.337627013137
-1.3206 -27.0627 1.44692098609
0.0969 -26.7724 0.384754701076
-0.2874 -26.7537 1.10616292652
-1.3903 -26.8386 3.72336712802
-3.8384 -29.644 0.135356159816
-3.7924 -29.7713 2.92756595827
-6.6686 -29.2253 9.37552409202
-15.9426 -30.6013 1.38373293666
-17.3204 -30.4733 12.2400531441
-29.5533 -30.0549 19.2184535707
-48.6964 -28.3547 0.628643142013
-48.6728 -28.9829 4.47485821451
-39.5513 -8.2541 3.10454832786
-36.7249 -9.5385 2.38249372927
-34.3523 -9.3216 1.18116549645
-21.0092 -10.5444 0.431214389834
-21.0281 -10.9752 0.168334191417
-21.1395 -11.1014 0.922545782062
-20.6759 -11.899 1.6960372549
-22.3653 -11.7491 1.18497436259
-21.8935 -10.6621 0.33787750739
-21.5655 -10.581 1.67818838633
-22.1854 -12.1405 21.2732236509
-32.4889 -30.752 17.3390957838
-49.6465 -28.2498 1.85430768752
-51.1887 -27.2202 0.678704913788
-51.0767 -27.8896 1.32212350406
-50.8867 -26.5812 1.05094689209
-51.5751 -25.7871 0.929162682204
-52.0171 -26.6044 2.4511605129
-47.3768 -12.9557 1.35511039403
-48.4205 -12.0914 2.01284158592
-50.395 -12.4824 20.5473340061
-51.5 -33.0 4.59337386351
-47.4339 -30.8632 1.06904106563
-48.1611 -30.0796 1.06887216261
-48.1611 -30.862 5.93874405998
-43.4737 -27.2155 1.67049697994
-43.2541 -25.5595 3.85203009464
-43.49 -29.4043 0.387920404207
-43.1968 -29.6583 1.15907253009
-42.1761 -30.2075 5.31197354097
-45.022 -25.7222 3.00333567388
-43.4789 -28.2988 1.63406345042
-43.4933 -26.6648 3.01230471234
-41.7565 -24.2036 1.13086372742
-41.4104 -25.2802 2.32652785283
-42.9692 -27.0073 1.39085884618
-42.2604 -25.8106 0.642809528554
-42.2639 -26.4534 4.78627515402
-42.7115 -21.6881 2.4514070735
-40.2635 -21.5589 13.3556165751
-29.7488 -13.324 14.5706628295
-23.544 -0.1405 22.0048447313
-14.9749 20.1273 2.95006404337
-12.093 20.7578 0.604449542973
-11.4908 20.8099 2.64481362103
-8.8578 20.5602 2.45214282822
-6.5216 19.8151 0.680407532292
-6.6276 19.143 1.5287395756
-5.0989 19.132 0.949165154228
-5.8234 18.5188 12.4750402328
-13.4379 8.6372 12.9762883353
-5.7165 19.0662 0.733351334628
-5.2368 19.6209 1.23230123347
-5.5205 18.4217 10.5097106335
-10.2993 9.0613 0.284611805799
-10.1655 8.8101 0.806929519847
-10.5456 8.0983 2.7209005862
-9.8512 10.7291 7.02211538285
-12.6914 17.1512 0.696808051044
-12.0075 17.2847 10.0310560087
-10.7263 27.2336 0.356650599327
-10.3732 27.2838 0.125072339068
-10.2922 27.3791 0.593799705288
-10.7594 27.0126 1.3440349177
-11.4499 28.1657 0.352719789635
-11.7954 28.0947 1.4705670913
-10.5488 27.3146 18.5812283902
-13.372 8.9491 0.992103149879
-12.4891 8.4966 13.8605860554
-14.1707 -5.2616 0.550093673841
-13.6211 -5.2383 1.24099115226
-12.4259 -4.9043 0.931580699671
-11.5797 -4.5147 1.07691717416
-10.5361 -4.2489 1.67806890502
-9.3267 -5.4122 0.287509043336
-9.0563 -5.3145 0.388312309874
-8.8601 -5.6496 0.599131713399
-8.3617 -5.9821 0.985553945758
-7.3774 -5.9324 1.41684226363
-8.2064 -4.7834 0.863829734381
-7.3449 -4.8468 0.910600444762
-8.1858 -5.1962 8.43375031762
-11.8547 2.3977 0.385331026521
-11.5283 2.1929 2.06384798859
-9.5357 1.6553 1.63704551556
-8.7426 3.0874 0.484811767596
-8.5145 2.6596 10.370620088
2.7275 -18.2686 0.364971697533
2.4928 -18.5481 14.0680536482
-8.692 -27.081 9.82780995441
-18.0991 -29.9257 10.2337733432
-28.2471 -31.2479 13.3369988427
-41.5609 -30.4616 8.42100585738
-46.3135 -23.5099 2.05195025281
-47.4263 -21.7859 1.25447411293
-48.035 -20.689 2.30497514303
-48.745 -18.4961 0.125776985176
-48.8169 -18.3929 0.11094129078
-48.878 -18.3003 0.0465188133985
-48.8996 -18.2591 0.0667929637013
-48.9659 -18.251 0.0452443366622
-48.9572 -18.2066 0.042702810212
-48.948 -18.1649 0.76116916648
-49.3315 -18.8224 1.56222504461
-47.7737 -18.9399 0.422979491229
-48.1735 -18.8018 1.38128428645
-49.5223 -18.504 0.695241080489
-47.5586 -9.159 15.9569180909
-36.0 -20.16 8.52324252969
-29.3811 -25.5299 17.7714293145
-12.0203 -29.3281 0.524316278595
-11.5053 -29.4265 0.495925125397
-11.0195 -29.5262 1.63127258605
-9.4739 -30.0479 3.15673964875
-6.3814 -29.4143 4.13588076472
-2.2767 -28.9074 2.87514449376
0.5798 -29.2343 0.601807444288
1.1412 -29.0175 0.527576894869
1.5205 -28.6508 2.8627277691
1.7413 -25.7966 0.923798300496
0.891 -26.1577 14.2075130167
-13.3134 -26.4551 1.88089407729
-11.5241 -25.8753 0.166085911504
-11.3699 -25.937 0.107728779813
-11.2644 -25.9588 5.9196488156
-11.8471 -20.0679 0.615622238065
