0.0 0.0 9.17630465111
-4.3361 8.0872 1.34512164877
-3.5797 9.1995 14.7514576653
3.4997 22.1412 0.374424625259
3.1609 22.3006 12.6188896833
-1.8113 10.7026 0.667586698489
-2.4341 10.4622 0.0377902103725
-2.4174 10.4283 6.01019151775
-7.0482 14.2595 1.89558604395
-5.7665 12.8629 0.298935528166
-5.5706 13.0887 0.606262550386
-6.1298 12.8545 1.07966876402
-5.079 13.1025 1.37471994239
-4.1514 12.0879 0.84151977398
-3.5811 12.7067 1.47150936456
-2.2136 12.1633 0.657552286894
-1.5587 12.1043 1.32314445545
-0.2922 11.7213 1.91314758971
1.5631 12.1882 3.4009552908
4.5791 13.7599 1.75357103078
5.3091 15.3543 2.03351711082
6.0411 17.2515 16.4143848682
17.1973 29.2919 0.93574847582
18.0937 29.5604 5.79851657754
23.661 31.1815 9.21910001356
32.6285 33.3206 7.0323442976
38.4471 29.3712 3.72348472402
40.6028 26.3352 0.672528579318
40.609 25.6627 3.57620286058
41.9499 22.3474 3.07038860244
43.3855 19.6333 1.26660355281
44.4625 20.2999 0.985955744443
42.6238 -9.9183 11.6165381728
31.0512 -8.9089 9.79578783457
21.3401 -10.1942 0.666520067215
21.6617 -9.6104 1.00859594487
21.5609 -9.9401 0.638252692905
21.1062 -10.388 11.6501544196
17.7392 0.765 0.543705701644
18.2825 0.744 0.375196655102
17.9863 0.5137 1.03615883435
16.9611 0.664 5.00282582647
12.2314 -0.9664 1.70513202421
10.5513 -1.2575 0.828448676745
10.4618 -0.4339 20.957375777
3.1323 19.2 3.63409483641
-0.4685 18.7092 2.90295357352
-3.2157 17.7711 2.61846487278
-5.6547 16.8184 3.13292025433
-8.4753 18.182 1.28036982939
-9.7364 18.4033 1.76044418543
-11.4262 18.897 1.97018971929
-13.3234 19.4283 1.75817917176
-14.986 20.0001 1.01151945607
-15.434 19.0932 2.52043977512
-16.6765 21.2861 2.22965350671
-18.5891 20.1401 0.994854165192
-19.2875 19.4316 2.42847264757
-21.6453 20.0132 1.3249959132
-22.9677 20.0961 1.49526204058
-24.3746 19.5897 0.703397142445
-25.0271 19.327 2.09858180922
-25.1111 17.2301 6.0542809317
-28.8159 12.4417 1.17705184253
-27.8711 11.7397 0.752030744052
-27.8643 12.4917 4.19532479315
-31.5749 14.4493 1.22394230665
-30.3518 14.4947 1.67649127943
-31.1848 15.9496 0.197342975553
-31.0053 16.0316 0.243831191606
-30.8126 15.8822 2.13079179884
-32.3513 17.3562 4.02880623758
-34.3866 20.8331 16.5111573383
-48.9097 28.6879 0.293010665335
-49.1456 28.8617 1.5277626419
-49.6451 27.4179 3.25035671273
-50.9141 24.4255 0.838412601289
-51.7521 24.4518 0.657207212377
-51.6345 23.8052 11.9358201335
0.0 0.0 9.2713678047
-3.7004 -8.5009 11.2411071541
3.5382 -17.1012 5.44046882631
1.3305 -12.1288 10.6772049006
-6.4963 -19.3913 0.92442408558
-7.1546 -20.0403 1.1738632842
-7.4631 -18.9077 13.5904173155
-8.9311 -5.3968 0.712411348871
-9.4358 -4.894 6.99183726641
-13.3714 -10.673 0.592107600019
-12.8899 -10.3284 1.28751497079
-11.6761 -10.7578 2.58712809501
-9.6568 -12.3751 7.23937807895
-4.7972 -7.0092 1.10330711046
-3.8375 -7.5535 1.16324464323
-4.4724 -6.5788 9.92760420242
-1.5698 2.915 1.11155207255
-0.8674 3.7765 18.6687604583
4.9793 21.5061 0.527178489698
5.4903 21.6357 2.04568651557
6.5097 23.4093 1.78028439582
7.5704 24.8391 3.95161305039
10.7081 27.2412 0.438216111069
10.7975 27.6702 2.98654198196
10.564 30.6476 0.137824526119
10.6814 30.5754 0.203368753746
10.8492 30.4605 1.42017567927
11.3706 31.7815 1.38640041114
12.4589 32.6404 0.871390962772
13.3299 32.6665 0.158582785951
13.4448 32.7758 1.58704587205
13.7802 31.2246 1.84359855988
14.2869 32.9972 0.232106225681
14.5172 32.9683 8.7770106215
18.4076 25.1006 0.567595384055
18.9742 25.067 0.339858750071
19.2201 24.8324 0.75038825284
19.9598 24.7062 0.960832644117
20.4327 23.8698 0.428248269115
20.84 24.0021 1.0323643785
20.023 23.371 0.710136191163
20.7276 23.2825 2.54251282199
23.1848 22.6294 5.92362158228
25.1484 28.2181 0.309506348885
25.4577 28.2068 3.21965393327
28.3518 29.6176 0.530108866178
27.8728 29.8447 0.586890730886
28.452 29.9394 2.81843646194
30.696 31.6447 3.41663010875
33.9749 32.605 4.29911176058
38.2661 32.3443 3.77682794419
39.9897 28.9837 0.511002935412
40.1189 28.4893 1.86353616815
39.9793 26.631 0.379399802319
40.0568 26.2596 0.594828983826
40.1914 25.6802 0.657136972023
40.111 25.028 0.241340340598
40.1364 24.788 1.22720945238
40.3412 23.578 1.46920230057
41.2248 22.4042 5.76095260526
40.7044 16.6668 1.22295874828
40.1827 15.5607 0.556164148431
39.9311 15.0647 0.860294658823
40.2788 15.8516 0.631097654884
40.2312 15.2223 4.91354199127
40.7949 10.3412 0.5349734199
41.2715 10.0982 0.774246950268
40.884 10.7685 0.0
40.884 10.7685 0.161209335958
40.9486 10.9162 1.0338729951
41.083 9.8911 0.426512567224
41.4654 10.08 0.675580417123
42.1173 9.9027 1.23522995835
41.732 8.7291 0.853960028339
41.0823 9.2833 0.58250757935
41.2061 9.8525 0.94442427436
41.3081 10.7914 1.19414542665
41.614 9.6371 6.83343316423
42.4981 2.8611 7.36389704504
41.7569 10.1876 8.1465343429
42.1977 2.053 1.31282849223
43.3429 1.4111 1.04285899334
42.3457 1.1059 0.853954665073
41.7181 1.685 0.951732924722
42.4765 1.11 0.546966406647
41.9357 1.1919 1.28598838642
43.11 1.7161 1.00375583186
42.6171 2.5905 0.745442989101
42.0121 2.155 1.26960819547
42.5625 1.0109 0.137847343101
42.3287 2.5505 3.30528258399
42.7647 5.8269 0.38656986432
42.9662 6.1568 0.938793960356
42.6035 7.0227 0.452670531402
42.2125 7.2508 0.0997401624222
42.1528 7.1709 5.01930484928
25.3286 27.859 1.64340854628
23.744 27.4233 2.55061275971
21.1968 27.5552 1.1080871852
21.1829 28.6632 1.38794136043
19.8108 28.4541 3.31682997002
16.494 28.44 2.79614879611
13.6993 28.53 3.63152552104
10.0928 28.9556 3.17017814168
6.9436 29.3197 3.74497320952
3.2283 29.7902 3.05475469555
0.2031 30.2141 2.7249271293
-2.415 30.9696 1.21350033375
-3.5991 31.2351 1.31418440867
-4.9076 31.113 3.31209910782
-8.1721 31.6725 2.74441976563
-10.8714 32.1681 2.80966649266
-13.647 32.6043 1.42121967338
-15.066 32.6837 0.855827558565
-15.8869 32.9257 2.01093864899
-17.7589 32.1912 2.22042778311
-19.8844 32.8335 3.97588731857
-23.7818 32.0474 3.16675617628
-26.849 32.8352 2.75998136407
-29.5778 32.4215 3.71399653339
-33.2859 32.2123 2.61043887689
-35.8782 31.9051 3.64764049352
-39.0996 30.194 10.7534600687
-49.6057 27.9008 1.12977840305
-50.0877 28.9226 2.46972648283
-50.921 26.5977 1.69123879154
-51.5387 25.0233 0.862420483291
-50.9009 24.4428 12.4407338497
-43.9213 14.1444 1.15464128629
-44.8242 13.4247 1.06048385183
-44.7488 14.4825 1.26915026691
-45.7016 13.6441 2.88922610572
-48.5101 12.9659 1.95705538501
-50.4228 12.5516 0.923287690809
-50.1148 13.422 1.48367480601
-51.505 13.9403 1.08059728854
-50.4245 13.9258 0.783975312111
-50.855 14.581 1.48912250671
-52.0728 13.724 0.760264966969
-51.4087 13.3539 1.5177476536
-50.7824 14.7364 0.777655122789
-51.5514 14.8521 1.25526253031
-52.0385 13.6952 0.800506339763
-52.1653 14.4856 0.428531084053
-52.2653 14.0689 1.36065419927
-51.1509 14.8496 10.0671478607
-52.2642 24.855 0.581401350188
-51.9315 25.3318 1.37328072148
-51.7952 23.9653 12.0112550989
-50.3118 14.2322 0.421977357212
-50.1835 13.8302 0.768412597502
-50.1879 13.0618 0.571400183759
-49.7003 12.7639 10.3244884542
-45.8813 3.1717 4.8551806434
-41.3451 4.9025 0.508421213169
-40.8613 4.7462 0.281896878308
-40.8224 4.467 1.74373449814
-39.0954 4.226 1.89791507977
-37.218 3.9477 0.658372569295
-36.8868 4.5167 1.55921149944
-35.4913 3.8212 1.32113727523
-34.817 4.9573 15.24865818
-36.0 20.16 7.36904706254
-30.7495 25.3306 0.485119902704
-31.1019 24.9972 0.623890198673
-31.2142 25.6109 9.36437345795
-33.5627 16.5458 0.616922401928
-33.2016 16.0456 6.25832249089
-35.1362 21.9974 0.672110853952
-34.5094 22.24 2.71056968182
-32.2722 20.7096 11.2630212932
-25.6094 11.6287 0.917651769464
-25.7705 10.7253 14.4710224425
-15.9507 0.096 11.8967368639
-4.1567 1.6561 0.369974012601
-3.7868 1.6635 0.169879251235
-3.6254 1.6105 7.18683325325
-9.8768 -1.935 0.777231323352
-9.3335 -2.4908 1.24991506911
-10.1027 -1.5056 12.4800021234
-17.2521 8.7236 0.242510412148
-17.242 8.4813 11.4927245482
-10.6615 -0.941 0.400454167165
-10.2892 -1.0885 0.905163731045
-9.4035 -1.2752 0.467484727023
-8.9669 -1.4423 0.312837082201
-8.6689 -1.5375 0.930123330532
-8.866 -0.6285 3.08705546597
-6.9529 -3.0513 0.660699909187
-7.4143 -2.5784 8.83037379164
-12.4902 -9.8041 1.17152004251
-11.8166 -10.7626 1.08982907375
-11.3941 -11.7672 0.34197020338
-11.5032 -11.4431 7.72490706352
-4.3797 -8.4548 1.01757337328
-4.7756 -7.5174 15.6276314715
0.2998 7.2631 17.4778113175
7.4547 23.2093 1.46623943474
8.6955 23.9905 1.87022948859
9.4652 25.695 0.724403734115
8.7438 25.6291 2.71109601822
11.0727 27.017 4.72422278264
13.678 30.9579 2.12451574247
15.7147 31.5624 1.88745653725
17.395 32.4221 2.59580907811
19.8251 33.3347 0.461473520367
20.2861 33.3556 0.567706129965
20.8373 33.4915 2.59524688614
23.3829 32.9863 0.452275402824
23.7979 33.1661 1.35053696358
25.1354 32.9789 0.705049473441
25.8314 32.8663 2.26207229106
28.0801 32.6207 3.04170775223
31.114 32.4029 2.76234439743
33.8531 32.0453 4.37609987546
37.8957 30.3697 2.92932955128
40.3546 28.7776 1.91150602667
40.3498 26.8661 1.26025797756
40.6062 25.6322 0.31655844642
40.5388 25.3229 0.236394014307
40.4771 25.0947 1.29878575985
40.283 23.8105 1.44534643598
39.5724 22.5519 8.32030140079
40.3116 14.2645 2.58077294623
40.9592 11.7663 2.38634095846
41.5258 9.4482 13.8568248892
36.8609 -3.5998 1.133309437
37.4597 -2.6376 8.53000966236
40.8257 5.2002 0.593389627479
41.3704 5.4356 0.865708784754
40.5047 5.4395 1.26458785776
0.0 0.0 3.93850830264
3.9114 -0.4613 6.40332028014
-0.788 -4.8108 3.75150918965
-3.3878 -2.1062 1.86587164618
-4.9794 -1.1324 5.3084815164
-7.7099 -5.6848 0.49373940495
-7.3651 -5.3314 1.10084989894
-8.212 -6.0347 1.09283706013
-7.1998 -6.4467 0.929170996104
-8.0591 -6.8002 0.64647565306
-8.6317 -6.5001 1.09729967648
-6.083 -11.6592 9.81991888001
-0.7235 -19.8876 10.861155689
-11.5508 -19.0307 3.12700617364
-8.4364 -18.7502 0.570921080361
-8.0096 -19.1294 1.10028087323
-7.2366 -19.9124 1.72525222794
-7.6071 -21.5974 0.195112300996
-7.4256 -21.669 0.20122199184
-7.2511 -21.7692 2.0905800176
-5.6126 -23.0676 13.4968649041
5.8942 -30.1216 0.473465035668
6.2609 -30.4211 1.27636742751
6.745 -31.6021 1.12052213276
7.1074 -32.6624 0.793245699642
7.8531 -32.9329 1.9869301573
9.8383 -33.0158 8.81491282146
14.7006 -25.6632 0.519661668781
14.7225 -25.144 0.293011160197
14.801 -24.8617 0.561713138532
15.1593 -24.4291 0.523190185305
15.5812 -24.7385 0.777626452739
16.0079 -25.3886 0.42083863891
15.6489 -25.6082 0.2971809718
15.8871 -25.4305 0.468206802599
16.3552 -25.4405 0.789710560902
16.9961 -24.9791 0.243195086299
17.1865 -24.8278 0.292301385559
17.4198 -24.6517 1.01378974645
18.1844 -23.986 0.642832178722
18.638 -24.4415 1.18803253322
19.2733 -25.4454 1.35506681754
20.5981 -25.1606 0.694566807442
21.1894 -24.7962 0.412212675691
21.5979 -24.8514 0.294549503479
21.7489 -24.5985 0.38650884854
21.8179 -24.2182 0.682627424002
22.1091 -23.6008 1.73480959762
23.8438 -23.5813 1.17388059444
25.0051 -23.7527 1.53827974699
26.5404 -23.657 0.71847288049
27.2586 -23.6768 0.614356134502
27.7761 -23.3457 1.45654038392
28.9246 -24.2415 0.025109759059
28.9301 -24.217 4.82086223927
30.4509 -28.7917 0.291070936371
30.1614 -28.7615 1.31390715045
31.3142 -28.1311 3.28295642676
34.5351 -28.7664 4.40655163365
38.7748 -29.9675 0.934472755087
39.1455 -30.8253 4.60749706457
40.0969 -26.3171 0.296165916337
40.1621 -26.0282 0.233154991368
40.2202 -25.8024 0.536510512479
40.2955 -25.2712 0.605919837932
40.2681 -24.6659 0.222158231898
40.2043 -24.4531 0.065403516725
40.2124 -24.3882 0.634259607732
40.5066 -23.8263 0.908153841593
41.2378 -24.3649 1.28810752657
41.739 -23.1783 5.65364356323
41.1025 -17.5606 11.5011042878
41.7853 -4.9944 16.2316086526
36.0 -20.16 19.3339337668
18.7249 -28.8417 4.85629605049
13.8767 -29.122 3.96422861727
9.92 -29.3662 3.96361052703
5.9565 -29.3366 4.01399857125
1.9492 -29.1048 3.81640003799
-1.8569 -29.385 3.0962619479
-4.939 -29.0892 2.88073936516
-7.5825 -30.234 2.27642027095
-9.6927 -31.0879 2.02565020672
-11.5803 -31.8229 1.82101812457
-13.2777 -32.4824 2.64922727602
-15.9227 -32.3328 1.11636674977
-14.9823 -32.9344 0.743132511737
-15.6286 -33.3012 0.886588568616
-16.3434 -32.7767 1.40820382758
-17.6723 -32.3108 9.7699062974
-17.7614 -22.5413 0.46483443289
-17.8453 -22.9985 0.373499263721
-17.9586 -23.3544 3.1014133117
-20.5923 -21.7166 3.04975026683
-23.4948 -22.6528 21.2316669247
-42.9606 -31.1302 0.532474750575
-43.4012 -30.8312 8.10056513646
-49.01 -24.9865 3.1717825556
-50.1357 -22.0212 2.72300649467
-51.2918 -19.5558 0.64575416375
-51.9158 -19.722 0.37428537241
-51.8773 -20.0943 0.967330889613
-51.6445 -19.1554 1.03047341062
-51.6568 -20.1858 0.861652656237
-52.2561 -19.5667 0.797794892187
-51.7099 -20.1482 0.981747920802
-51.6326 -19.1695 1.06250872938
-51.6174 -20.2319 0.830574319372
-52.1825 -19.6232 0.929325916996
-51.7946 -18.7787 1.00513963707
-51.9751 -19.7675 0.747787188978
-52.1289 -19.0357 5.9173830601
-50.8667 -24.8169 0.435702249248
-50.6809 -24.4228 0.975248532426
-50.8742 -23.4669 9.98791203906
-46.7909 -14.3518 3.79005991641
-49.7153 -11.9409 2.01397709024
-50.9849 -10.3775 0.796496428115
0.0 0.0 7.2249181068
-7.2198 0.2719 0.718281978056
-7.6174 0.8701 1.31687048718
-7.2736 -0.4011 13.6010599473
-2.9873 -13.3091 0.301497728018
-3.1091 -13.0333 0.250742577158
-3.1511 -13.2805 0.877289832382
-2.9248 -14.1281 1.25440989314
-2.3105 -13.0344 11.9440406061
-7.0695 -2.0794 1.12398788695
-6.7426 -1.004 1.19882236382
-7.5161 -1.9199 7.80281310362
-12.2368 -8.1327 10.5511158543
-1.9049 -5.9931 0.244395908313
-1.7299 -6.1637 0.801333401276
-0.991 -6.4738 0.452340491223
-0.5784 -6.6592 0.652870622712
-0.7895 -7.277 0.481699667843
-0.3096 -7.2354 10.0927317551
-9.3704 -11.6812 0.766183293997
-8.6064 -11.6234 0.897341718633
-7.711 -11.6824 0.247211265925
-7.4756 -11.6069 0.0762785684187
-7.4507 -11.5348 2.54481881477
-4.9121 -11.357 14.1853756753
-11.3968 -23.9734 8.83666796762
-10.2459 -15.212 1.55412642021
-9.3421 -13.9477 4.78847334857
-5.4151 -11.2076 4.26260694177
-9.6496 -11.6963 2.39722020682
-11.613 -10.3209 7.07345015816
-18.6263 -9.4004 0.495957548587
-18.8218 -8.9446 3.78093311366
-22.2254 -7.2981 0.742058353501
-26.0688 -7.378 0.951162089236
-26.5362 -6.5496 12.5979327133
-39.0686 -5.2663 5.71442492382
0.0 0.0 7.24111551144
-2.8923 -6.6384 1.67424417873
-2.4494 -8.253 13.5918159331
3.3212 -20.559 10.4741657066
-1.773 -11.4071 0.374884422189
-2.1357 -11.3123 0.622741872689
-2.3195 -10.7173 0.858154415009
-2.1215 -11.5523 12.0713472736
-4.5575 -23.3753 8.65552506611
-8.5319 -15.6862 9.86062039681
-10.2454 -5.9756 0.441863191497
-10.4516 -6.3664 7.84877981663
-12.0847 -14.0434 0.624246722058
-12.5141 -13.5903 10.6476499201
-12.1132 -2.9502 0.55275421301
-11.5741 -2.8281 0.945399016289
-22.048 17.1851 15.159416559
-37.1784 18.1226 5.74101388694
-42.9147 17.89 6.30521515018
-49.2175 17.7155 2.90581227886
-50.2505 14.9995 0.513657054853
-50.3224 14.4909 1.07222414168
-47.3072 12.4377 5.72580273848
-46.4682 6.7737 1.42272522294
-45.0491 6.6722 7.14962218093
-38.0634 5.15 2.08418722048
-35.9795 5.1846 0.677260363524
-35.3179 5.0398 1.41180375407
-34.6057 3.8208 0.490306434794
-34.5603 4.309 9.59826790728
-41.3494 11.0939 1.05265438298
-41.8049 10.1449 0.872929968554
-41.1346 10.7041 11.3308561146
-31.1844 16.1246 10.5334058485
-21.885 21.0717 1.07768921772
-20.9252 21.5618 9.7882282973
-12.0294 25.6452 0.594298620224
-11.4372 25.5953 1.56547414223
-9.8824 25.4128 2.88054147167
-7.0283 25.0234 4.5816417636
-2.7413 26.6399 5.37807678822
2.5202 27.7536 5.9081768093
7.4302 31.0397 2.33977573712
8.4507 33.1452 0.288263507923
8.3851 33.4259 3.63868186298
11.8764 32.4008 0.620212221743
12.4892 32.4964 1.34510277674
13.5084 33.3742 3.27829819419
16.7852 33.2751 0.742757382999
17.527 33.2374 1.78473368321
19.3076 33.116 2.07416260934
21.3783 33.2358 2.67077814316
24.0368 33.4916 1.02626621303
25.0571 33.3811 2.01552585694
27.0703 33.4779 3.6345773028
30.7047 33.442 1.85668270041
32.5604 33.3816 2.72833499593
35.2792 33.6095 1.68167871188
36.8765 33.0835 2.18928531032
38.9554 32.3971 2.07380923182
40.0082 30.6104 0.720188031003
39.9496 29.8926 1.14908286907
39.9358 28.7436 0.333704599908
39.9782 28.4126 1.04960964649
39.9737 27.363 1.65651997875
40.3149 25.742 1.83143766479
40.0143 23.9354 0.948018190754
39.6538 24.8122 0.811788500781
39.7514 24.0063 7.83809850474
40.1163 16.1767 7.38563819856
40.8141 8.8241 0.230408702093
40.6145 8.709 0.749028497455
40.2032 9.335 0.892256330883
41.0242 8.9856 0.0
31.8439 12.6495 25.8870473683
13.9427 31.3494 1.20527009836
13.4778 32.4614 3.14680162228
10.3364 32.2771 4.56245548033
5.8688 31.3516 1.53530032567
4.3335 31.3506 4.18663154457
0.1555 31.0819 18.1687848281
-9.1612 15.4837 2.99538551776
-12.1504 15.2913 1.94190235079
-14.0897 15.3918 3.06491553717
-15.4055 18.1599 1.95353914729
-17.3179 17.7611 2.18722696582
-19.4607 18.1997 1.58114587879
-20.8017 17.362 2.64577305338
-23.292 18.2556 1.70183222734
-24.9293 18.7198 1.17603575626
-23.7536 18.6917 0.453382939688
-21.6058 20.4303 5.88435488818
-16.2551 22.8789 1.67271621622
-14.5878 22.7444 0.818081181791
-13.7717 22.6875 2.84754515504
-11.2263 21.411 1.36066176914
-9.8701 21.3009 1.65285578621
-10.5985 19.8172 0.168069420181
-10.4508 19.737 2.34418327782
-8.1826 20.329 1.4309548141
-8.9414 19.1158 1.53282988293
-9.6233 17.743 6.59065285082
-10.4703 11.207 17.6877368945
-0.5204 -3.4168 0.389192111945
-0.5901 -3.7997 1.28249306041
-0.869 -2.5479 12.0477373477
-8.9822 6.3585 0.325659776454
-9.302 6.42 0.147231790045
-9.2846 6.2738 7.95286567345
-14.5537 0.3169 13.0728195907
-4.257 -7.7377 0.854461824776
-3.8569 -6.9827 8.9947454133
-6.9076 1.4789 7.9201987715
-11.7333 7.7592 1.66654820512
-10.8209 9.1538 0.445825761929
-10.4115 9.3303 0.335049250111
-10.1937 9.5849 1.94299185021
-9.3439 11.3322 1.94589155916
-10.4825 12.9102 1.00254851254
-10.0141 13.7966 1.03039088699
-10.4434 12.8599 1.1850342822
-9.7726 13.8368 13.943811821
-4.6045 26.7875 9.19478175162
4.5194 27.927 0.4233731333
4.5794 28.3461 0.602666640855
4.8066 28.9043 0.45583072516
5.2524 28.9994 0.403231409987
5.6358 28.8745 1.64362594589
7.2786 28.8224 0.587820831546
7.3924 29.3991 2.35139831164
8.3775 31.5342 4.67170939593
12.8753 32.797 1.09608804391
13.8939 33.2018 0.383749201954
14.2736 33.2574 0.555506840642
14.8255 33.3206 0.767821242217
15.5894 33.3981 1.28895503801
16.8747 33.4951 3.14421874557
19.9591 32.8847 1.7343254856
21.2931 31.7764 0.305547132207
21.5628 31.6328 0.241109311309
21.7797 31.5275 3.44751156198
25.2256 31.4221 3.51303008242
28.27 33.1751 0.616987260809
28.8868 33.1599 1.42284461906
30.3084 33.1004 1.16215429268
31.405 32.7156 3.44474860912
34.8497 32.6973 4.24028759048
38.8766 31.3691 3.46917035759
40.055 28.1062 2.25949321752
40.0186 25.847 0.712707583796
40.4267 25.2627 3.86673283277
44.1189 26.4113 1.03225941023
45.1079 26.1156 0.400318997801
45.1118 25.7153 0.316631283988
45.1239 25.3989 0.48601146077
45.0856 24.9144 0.597777993907
45.3843 24.3966 1.31785878227
45.7507 23.1307 1.63667001256
47.296 23.6699 1.02749211189
42.4197 11.9936 1.34587990549
27.576 -23.1904 4.27126080801
23.3085 -23.3696 18.1317314741
9.8422 -11.228 0.553118079618
10.2403 -10.844 1.4555509335
10.6709 -12.2344 3.70760611851
7.4737 -14.1117 5.14131031256
2.8384 -16.3359 4.25294262482
-1.386 -15.844 1.22322815942
-2.6092 -15.8357 2.95118091956
-5.5553 -16.0088 1.8034930108
-7.3493 -15.824 0.93184802409
-6.47 -16.1325 2.1466706897
-8.4163 -17.0381 10.8981660865
-9.8765 -27.838 4.45071469879
-13.6918 -30.1298 3.41505490439
-17.0738 -30.6038 3.61211193902
-20.6843 -30.7117 8.59653962127
-29.2808 -30.7378 12.33062211
-41.6047 -30.3307 1.03107577316
-42.6105 -30.1038 1.89673930734
-44.4925 -29.8678 0.618401164294
-45.0865 -29.6958 2.14974659902
-47.1195 -28.997 0.546821186495
-47.6149 -28.7655 0.699574799432
-48.2208 -28.4158 1.63362968876
-49.1722 -27.0878 1.74021207041
-50.6228 -26.1265 0.879645314885
-50.715 -25.2517 1.33366656253
-50.7977 -23.9206 0.845241787893
-50.8739 -23.0788 0.865233870118
-50.0682 -23.3942 0.504482318818
-50.1353 -23.8942 1.07445579248
-51.2082 -23.952 0.88503641168
-32.5348 -18.51 1.54239716027
-33.7474 -19.4632 2.47850634456
-35.5511 -21.1631 3.61544487028
-41.3195 -23.7127 9.32554629016
-38.6095 -14.7896 5.65201838992
-39.4117 -20.3844 7.84400647756
-39.7638 -12.5483 0.42015437639
-39.5981 -12.9344 11.0006579485
-34.227 -22.5347 21.8090184327
-14.4436 -31.7135 2.19774078772
-12.3232 -31.1356 0.545803050559
-11.8071 -31.3132 0.975451331436
-10.88 -31.6165 0.891219613788
-10.0306 -31.8863 0.76706074075
-9.4039 -32.3286 2.05072121216
-7.3696 -32.5876 3.82441818451
-3.5489 -32.7562 0.756970514617
-2.7983 -32.8542 4.17021390938
1.2103 -31.7045 10.9259917133
-2.5031 -21.4289 0.0928203641449
-2.4562 -21.3488 1.27200880893
-1.2883 -20.8448 0.818961812297
-2.0929 -20.6921 10.5496982033
-12.6366 -21.0478 1.44023158207
-14.0096 -20.6129 6.80135505616
-8.1964 -17.0823 10.4660688804
-7.9934 -6.6182 13.4138437985
1.987 2.3441 0.679938798716
1.5001 2.8187 0.729986417682
1.9525 2.2458 1.55672714372
2.2093 3.7812 17.8808018223
6.6683 21.0971 0.549060943794
6.1269 21.0057 12.488276522
-6.1576 18.7589 3.85395322883
-2.6733 17.1119 3.75382613343
0.9977 16.3277 0.65746863043
1.6487 16.4197 1.53102959148
2.3431 17.7842 1.43841130766
3.5609 17.0187 0.726410827287
4.2099 16.6924 2.3174639803
-1.5572 5.0724 1.05936964276
-0.9252 4.2222 10.2520397053
-5.7244 -7.1238 0.315065405908
-5.7879 -7.4324 1.05276362494
-6.7264 -6.9554 0.936089408123
-5.8647 -7.3211 14.9122846435
1.8778 -20.0659 0.431482108551
2.3033 -20.1375 0.273656445201
2.5722 -20.1883 1.11511313327
3.6821 -20.296 0.348238553294
4.0221 -20.3713 1.66208653505
5.5695 -20.978 0.315388332061
5.8767 -20.9066 0.662502226411
6.1729 -20.314 1.32188745739
7.033 -21.3178 5.03973604468
11.4228 -23.7934 1.51817458812
11.5456 -25.3066 0.81305213855
11.9713 -24.6139 0.225474610544
12.1811 -24.5313 0.902709742941
13.0649 -24.7151 0.878711750234
12.3964 -25.2854 0.239312536237
12.5704 -25.4497 1.12925145118
12.6964 -26.5719 0.279004587776
12.9754 -26.5735 0.227247222205
13.1835 -26.4822 0.187308115147
13.3607 -26.4215 0.159059548597
13.517 -26.451 0.552789155103
13.9779 -26.7562 0.971932739442
42.2872 -34.0 15.5022543457
40.075 -18.6564 44.2048287629
0.0 0.0 3.75058921904
3.679 -0.7293 0.351217368591
3.3448 -0.6213 4.31834783453
-0.9431 -0.1094 4.7710143869
-4.6109 2.9418 3.26416009411
-7.2605 4.8482 1.27538713338
-6.323 3.9835 0.430694845569
-6.7409 3.8793 1.51308859291
-7.4262 5.2283 21.6272331529
-10.2929 26.6647 4.34322825212
-13.8867 29.1036 4.36363311473
-18.1757 29.9072 1.94273824279
-20.0779 30.302 3.90926501148
-23.9632 30.7342 12.0026523673
-35.9383 29.9214 14.0975609993
-49.5161 26.1287 2.41116035966
-50.0389 23.7749 2.68201558907
-51.279 21.3968 0.99017334341
-51.73 22.2783 0.346785077534
-51.8965 21.9741 0.128038783187
-27.4088 3.6309 18.1280291099
-16.9623 -11.1845 16.2437629301
-6.2766 -23.4187 0.565753462208
-5.8133 -23.7434 2.95144409739
-4.3384 -26.2999 5.9090538972
0.2516 -30.0213 3.44082641527
3.6837 -29.7764 7.41919497655
3.86 -22.3593 11.2420411287
-1.3645 -12.405 12.1625937735
5.7236 -2.5213 1.7539567412
5.0564 -0.8992 0.598269270479
5.5198 -1.2776 0.905873859872
4.6259 -1.1308 14.0299242567
-9.0045 2.1935 0.441560788567
-9.0538 2.6323 11.5127020742
-7.5442 14.0456 0.272471099385
-7.5939 13.7777 5.32371366341
-8.3545 8.5086 2.81601295629
-5.5424 8.3602 1.22256357708
-5.1777 7.1933 0.692455955278
-4.5027 7.3478 15.5592798966
2.421 -6.5861 1.07376705574
2.433 -5.5124 0.597407038793
2.8429 -5.947 6.6986919559
5.3585 0.2614 0.107429791027
5.3489 0.3684 4.07862888971
9.4218 0.1523 1.02605074436
9.03 1.1006 0.988471269183
9.8908 1.5865 0.300383970944
10.1615 1.4563 0.5248498833
10.6021 1.1711 0.573393616986
11.0139 0.7721 0.689462783622
11.6882 0.9159 0.867880942296
12.516 0.6552 0.0
12.516 0.6552 10.2301435112
12.1885 -9.5697 1.18706394099
12.4069 -10.7365 11.7602082847
14.7516 -22.2606 0.741516189978
14.7565 -23.0021 1.0703889807
15.2421 -22.0482 0.632245537746
15.083 -22.6601 3.0750715325
14.5052 -25.6804 0.666866973241
14.7592 -26.297 2.61307136718
16.7798 -27.9539 3.20349589355
19.1693 -30.0876 3.61879698242
22.2579 -31.9734 0.837280896713
23.083 -32.1157 1.83838551452
24.9077 -32.3396 2.54557963733
27.4257 -32.7133 2.80000239464
30.2187 -32.9112 3.45773188666
33.6763 -32.9414 5.50244719738
39.1467 -32.3484 2.99764880031
39.828 -29.4292 3.13380987298
41.7224 -26.9328 2.96746225755
41.0248 -24.0485 1.84084606907
40.8111 -22.2201 0.38664055659
40.7317 -21.8417 0.855888269577
39.9149 -22.0974 0.802709517821
39.8185 -22.8943 1.20375343821
39.8432 -21.6908 5.13210461702
40.534 -16.6054 1.39460525239
40.8705 -15.252 8.52169412089
39.4892 -6.843 0.410756813699
39.8482 -7.0426 0.446871849639
40.2945 -7.0652 0.320948905591
44.9176 -4.6791 0.194543825397
45.0287 -4.5194 3.40667848204
44.1455 -1.2292 1.31486769296
45.1691 -0.4039 3.44844637047
44.088 2.8707 1.14573669314
43.6021 3.9083 10.6122594677
34.597 9.5233 15.3119872744
20.9672 16.5008 1.97963340293
19.1443 15.7288 3.45057079336
16.6801 13.3134 5.38229399606
11.3172 13.7699 3.42985837608
7.888 13.8371 2.85702380984
5.0443 14.1127 2.85544342091
2.19 14.1935 3.62130504791
-0.8924 16.0942 1.53779709975
-2.233 16.8476 2.64449959917
-4.8072 17.4533 2.65972758943
-7.4486 17.765 0.575993758647
-8.0101 17.8934 3.0596204879
-9.4929 20.5697 0.665972559495
-9.8108 21.1549 2.50906991732
-11.3395 23.1445 4.79059515718
-14.1305 27.0381 2.74164687733
-15.5879 29.3603 3.4753823171
-18.9675 30.1706 1.59090636431
-18.972 28.5797 5.66827545202
-24.5718 27.7013 2.67197566606
-27.2378 27.8799 1.59042698669
-28.686 27.2225 1.9840348006
-30.5435 27.9197 2.63790277683
-33.0694 28.6802 6.45709501556
-39.1754 30.7804 11.020926716
-50.1776 31.4226 0.484234984279
-50.522 31.763 2.34217254702
-50.955 29.4612 15.295146525
-44.0839 15.7963 2.51534366638
-46.4259 14.8787 3.19202030225
-49.5615 14.2812 2.1677689637
-51.3643 13.0774 1.01474499752
-51.1188 14.062 0.829982180532
-51.8069 13.5979 0.327981539115
-51.9844 13.3221 3.75920859357
-52.5049 17.0451 1.09320280369
-52.1803 16.0012 0.682553917284
-52.1314 16.682 2.58117992011
-50.4597 14.7153 0.371831601669
-50.1932 14.456 0.472334733002
-50.2709 13.9901 0.594000008418
-47.7514 7.9595 0.904957242084
-46.9469 7.5451 0.535076592648
-46.8639 8.0737 6.115507342
-42.0948 4.2455 1.25403379939
-41.2769 5.1961 0.564924384321
-41.4953 5.7171 2.15473044718
-39.3704 5.3598 1.41083063477
-38.7732 6.638 21.2965798336
-23.5913 21.573 0.450626341884
-23.176 21.7479 6.92728413161
-16.314 20.7991 0.485808655748
-15.8326 20.7338 0.937004855911
-14.8959 20.7099 1.69730315795
-13.2034 20.8375 2.52741324085
-10.6914 20.5588 0.635923831917
-10.058 20.5022 1.3369541503
-9.0708 19.6006 19.9024724919
-7.0735 -0.2014 19.5178603786
-1.3311 -18.8554 0.561841730383
-0.8089 -19.0627 2.42548941453
1.4018 -20.0606 0.978648256525
0.8922 -20.8961 2.18277804873
2.4707 -19.3885 4.2767179589
6.5554 -18.1214 1.31801944219
7.5872 -18.9415 0.470714350748
7.9532 -19.2375 1.52726454814
8.4964 -20.6649 0.67033377507
9.048 -21.0458 2.75963084488
11.5956 -22.1066 2.57768515727
14.1007 -21.4992 0.516496321381
13.7426 -21.127 12.9601695363
8.603 -9.2295 1.24328884013
8.1145 -8.0862 22.8683750975
-5.3529 10.396 0.413493228481
-5.3785 9.9833 1.0788478345
-4.7842 10.8837 1.11761376155
-5.5908 10.1101 12.1075552429
-9.9088 -1.2013 0.265654098406
-9.9895 -0.9482 1.13163006323
-9.1453 -1.7018 0.587004889247
-8.5868 -1.8825 14.5613178854
-6.1384 -16.2365 17.5083735538
6.0237 -28.8312 6.36447520932
11.7399 -31.6297 3.026209578
14.6324 -32.5193 0.679359175989
15.3032 -32.6268 0.516678817061
15.8022 -32.7608 1.16679577048
16.9021 -33.1502 1.59915908527
18.4914 -33.3275 1.27482210524
19.7598 -33.1997 1.97795322493
21.7368 -33.2611 0.789720583498
22.515 -33.1267 0.613357033057
23.1019 -33.3049 2.13052525214
25.2256 -33.4753 1.40690387021
26.6325 -33.472 2.50619212751
28.0652 -31.4157 2.50514910135
30.2373 -32.6638 1.97158379228
32.1344 -32.127 2.24392691503
34.3732 -32.2786 2.72022804375
37.0822 -32.0317 1.14702747134
38.0683 -31.4458 1.31175427958
38.9131 -30.4423 2.81164680748
39.9207 -27.8174 8.53308190808
39.0265 -19.3313 10.0154142505
0.0 0.0 2.00617807784
1.9758 0.3478 0.316949223063
2.1599 0.0898 3.41859173637
-0.9526 -1.3241 1.4655024872
-2.4181 -1.3268 1.56261750918
-3.2413 -2.655 0.61029206123
-3.2307 -2.0448 2.02053974225
-3.9716 -3.9246 1.69423140096
-4.9064 -5.3376 0.695390429903
-11.2814 -7.0236 0.747246813309
-11.7922 -6.4782 0.808930188582
-11.4268 -7.1999 12.0118966313
-10.5686 -19.1811 2.86867820607
-7.9138 -18.0942 3.05285306558
-7.8958 -21.147 1.54287696204
-8.0554 -22.6816 1.44241098166
-6.7174 -23.2204 14.7210381489
5.9789 -30.6711 0.553669910687
5.4735 -30.8972 3.10446472037
8.2289 -32.3274 1.35363868148
9.2607 -31.4512 2.13708526737
10.2695 -33.3352 2.68047179616
12.9356 -33.058 0.690183374184
13.3934 -32.5415 0.2678255589
13.6611 -32.5497 0.936803357167
12.7533 -32.781 0.0955792864589
12.7819 -32.8722 0.311884289441
13.0478 -32.7092 0.485023319027
13.4957 -32.8953 0.393713614192
13.8561 -33.0538 0.9125309529
14.7066 -33.3845 0.231180665282
14.9051 -33.266 1.76324530341
16.6485 -33.0022 0.821338736454
17.4419 -33.2146 0.661774803086
18.0861 -33.0631 1.73305750914
19.8188 -33.0279 2.15882524536
21.9428 -32.6417 0.711050110752
22.6229 -32.8492 1.26897032668
23.8234 -32.438 0.596101551751
24.4193 -32.4225 0.525748276269
24.9392 -32.5007 1.76985938707
26.6692 -32.8742 1.03544337363
27.6955 -32.7369 0.599338176658
28.2923 -32.792 0.486671737417
28.776 -32.8457 3.07625295611
31.756 -33.6092 5.52644042852
37.2501 -33.0122 0.812708582457
37.9641 -32.624 0.525243791015
38.3371 -32.2542 0.442128408949
38.6339 -31.9265 0.711777978024
39.1154 -31.4023 3.63952782789
40.9239 -28.2439 0.764752541676
40.5865 -27.5576 0.539867113279
40.5078 -27.0235 0.326502266455
40.4396 -26.7042 1.01887302938
40.0371 -25.7682 0.581104121479
40.0261 -25.1872 1.23451148233
40.9189 -26.0398 0.97801513792
40.7245 -25.0813 0.350086232234
40.4124 -25.2399 9.36617387945
39.8919 -15.8882 1.05305146123
40.4906 -15.0219 8.65507588066
0.0 0.0 4.04487094603
4.0401 0.1964 0.512062740297
4.5516 0.1724 1.37939399013
3.1769 0.0587 2.52751273983
0.6517 -0.0494 3.19805902541
-2.267 1.2578 1.9895914455
-3.5186 2.8044 0.970462415553
-3.0139 1.9755 1.02461862661
-3.4686 2.8937 19.8312209311
-8.4665 22.0848 3.41374320798
-11.446 23.751 1.07550941418
-10.7971 22.8933 1.74331773639
-12.5214 23.1501 2.23005412042
-14.0547 24.7694 3.2459046397
-16.5965 26.7881 2.57983295583
-18.5377 28.4873 2.76969374841
-20.7766 30.1178 2.61714692366
-22.8667 31.6929 3.47225388617
-26.2634 30.9725 2.61856674156
-27.3517 33.3542 2.06587503252
-29.2539 32.5483 17.6031709291
-46.4949 28.9959 10.7360507958
-48.2824 18.4097 3.38845568659
-50.7719 16.111 0.909465700288
-51.6804 16.1529 0.58977457558
-51.3495 15.6647 17.3359532862
-51.5824 21.3956 1.78846681266
-50.4601 22.7881 9.18708859705
-41.8636 19.5473 11.6395574628
-34.3584 10.6506 2.27186412446
-32.2322 11.451 2.52407491569
-29.7095 11.3677 1.7845757507
-28.9376 9.7587 0.472646305391
-28.5173 9.9749 3.92384692107
-28.0668 6.077 2.48558707954
-25.6431 5.5258 0.53769130549
-25.9066 5.0571 0.783905868073
-25.4045 4.4551 1.02251670891
-24.7316 5.225 1.85745908434
-23.29 6.3963 0.609902918504
-22.6874 6.3022 12.7119769607
-15.4921 -4.1774 18.7347666722
-8.9626 -21.7375 0.460431102338
-8.5162 -21.6247 0.513615352185
-8.021 -21.4884 1.12061368901
-6.9062 -21.6024 3.09224954523
-3.8447 -21.1674 0.603716299266
-3.2468 -21.0838 1.20321879141
-2.3383 -20.2949 4.00994581634
0.8961 -22.6652 2.90668027998
3.5312 -23.892 0.617049252491
3.9505 -24.3447 0.479342727075
4.3704 -24.5759 0.592008783719
4.77 -25.0127 3.576396695
4.5464 -28.5821 1.5107374954
5.5281 -29.7304 3.14222165514
8.2559 -31.2901 0.625240825602
8.4831 -31.8726 0.400125830208
8.8749 -31.7914 0.310827942759
9.1794 -31.729 0.483622631811
9.6503 -31.6188 0.123380914245
9.7706 -31.6462 0.140089400027
9.8576 -31.756 0.274159442661
10.129 -31.7948 0.485381911488
10.4448 -32.1634 0.329095001481
10.6844 -32.389 0.994354106946
11.6447 -32.131 0.523307175567
11.3175 -32.5394 0.569906167715
11.7025 -32.1192 0.437359920432
11.7648 -31.6863 1.38549055933
12.4568 -30.486 2.39542234272
12.5114 -32.8808 0.559278553138
13.0699 -32.9103 0.386839721332
13.4538 -32.9579 0.407933940731
13.8409 -33.0866 1.6461425971
15.4545 -33.4123 1.44499697232
16.798 -32.8803 0.731434487839
17.5095 -33.0499 0.574520817726
18.0804 -32.9855 1.64912862142
19.1519 -31.7319 1.14129723561
19.7306 -32.7156 0.494773362258
20.1994 -32.5574 2.05050467203
22.244 -32.7129 2.07165928183
24.3063 -32.9096 1.49342805652
25.7883 -33.094 1.13296871978
26.9197 -33.0344 1.90680907539
28.794 -32.6838 1.18650185841
29.9511 -32.9463 1.96566581595
31.915 -32.863 2.06125554214
33.971 -33.0101 3.55625864357
37.4533 -32.2886 1.0832814085
38.2564 -31.5616 1.89415562719
39.1641 -29.8991 2.70897076027
39.9168 -27.2968 1.36632074199
40.0417 -25.9362 0.323426313092
40.128 -25.6245 0.231105603567
40.1894 -25.4017 1.35182934204
40.5293 -24.0933 5.46466753335
38.9028 -18.8763 1.20402867906
39.2103 -17.7122 0.198246639316
39.0125 -17.7255 1.16312780037
39.5187 -18.7727 1.12266955067
39.0643 -17.7461 0.373151510783
38.7281 -17.5842 0.117275103922
38.7165 -17.4675 0.0133753504627
38.7192 -17.4806 0.0290903764156
38.7255 -17.509 0.0534838293319
38.7679 -17.5416 0.0644000776397
38.7678 -17.606 1.45439418316
39.2616 -18.974 0.631234544365
38.6368 -19.0639 1.12287354586
39.8215 -3.8254 3.01652029995
39.2739 -6.7918 0.834017289989
0.0 0.0 4.11989695138
3.9808 1.0615 0.15195213062
3.8689 0.9587 3.43161399344
0.5453 0.1045 3.24949338205
-1.3607 2.7363 1.33530210814
-2.6943 2.8037 13.4754819328
-5.6139 -10.3517 15.0809372842
-9.2263 -24.9936 3.31360435176
-12.5279 -25.2754 0.355213625865
-12.7293 -24.9828 5.63145319878
-14.0566 -30.4556 1.01476117387
-13.3536 -31.1874 4.07264199752
-17.4258 -31.1274 1.32263978845
-18.7282 -31.3579 1.69670884361
-20.3939 -31.6808 0.619531710246
-21.0012 -31.8033 3.19731783375
-24.1469 -32.3755 2.88257145271
-26.9866 -32.8708 2.78502918477
-29.7082 -32.2798 2.04964090513
-31.7554 -32.3798 5.85231549132
-37.5973 -32.0308 6.73129948301
-44.2745 -31.1791 2.0238279497
-46.1936 -30.5365 3.39955675346
-49.2822 -29.1161 2.34598287504
-50.6441 -27.2059 2.76469254168
-51.5247 -24.5852 0.976691583869
-50.7006 -24.061 9.78074064782
-46.3967 -15.2781 9.02537771453
-40.6487 -8.3198 0.711669698666
-40.0687 -8.7322 5.70227803601
-39.0885 -14.3496 1.07137764117
-38.2578 -15.0262 21.4944666112
-21.5431 -28.5403 0.840777289179
-20.7024 -28.5289 0.399433849342
-20.3116 -28.6115 0.695131361686
-19.6372 -28.78 7.5705703517
-12.0681 -28.6308 2.78143660902
-10.7825 -31.0973 1.03598569971
-9.7716 -31.3239 1.58949021387
-8.6571 -32.4572 4.43210957107
-4.2442 -32.8694 0.78773250536
-3.4569 -32.8955 3.00061907779
-0.4563 -32.9062 4.39191503788
3.8156 -31.8865 0.901082998397
4.5152 -31.3186 3.13222836013
7.6317 -31.0051 0.667089499243
8.2451 -31.2673 1.27711951281
8.3284 -32.5417 3.29723289593
11.6135 -32.8243 0.510950506409
12.1186 -32.7472 0.253389206558
12.2491 -32.53 2.05074009323
14.1908 -31.8702 1.81442302124
13.5777 -33.5779 0.469780289071
13.9931 -33.3585 0.945411159232
14.8246 -32.9086 2.40213346007
17.2086 -33.2032 0.428352810193
17.6184 -33.3279 0.664688378114
18.2526 -33.5269 0.180228327407
18.4135 -33.6081 0.0374204489551
18.3762 -33.6111 0.233525694518
18.5889 -33.5147 0.737503661008
18.9903 -32.896 0.164751024276
19.155 -32.9001 0.0211286535302
19.1539 -32.9212 0.0159790487827
19.1641 -32.9335 0.591048305978
19.7538 -32.8936 2.19938293619
21.9531 -32.9127 0.354459941319
22.1552 -32.6215 0.271614082845
22.3138 -32.401 0.197222818152
22.3966 -32.222 0.14391344621
22.4608 -32.0932 2.01883707614
24.1341 -33.2227 0.922608410974
24.9203 -32.7399 1.4756537331
26.3958 -32.7612 4.71501139977
31.0523 -33.5017 3.24273648636
34.2889 -33.3023 2.50736455467
36.7915 -33.1478 2.13362958828
38.8364 -32.5389 3.56990624247
39.8201 -29.1072 2.49728432502
40.5975 -26.734 1.70134477693
40.8674 -25.0542 0.322490759558
40.7751 -24.7452 0.477571617666
40.6515 -24.2839 0.219917302639
40.5236 -24.105 0.164748657051
40.433 -23.9674 0.386716705096
40.4235 -23.5808 0.299469814839
40.3216 -23.2992 0.236840473737
40.2891 -23.0646 1.16885696302
39.9835 -24.1928 0.768185947541
39.8381 -23.4385 11.8606507359
38.7453 -11.6283 0.473436130856
38.8782 -12.0827 1.34673983011
43.1524 -6.4184 43.62711868
0.0 0.0 3.93647483162
3.9357 0.0781 0.179532866072
3.766 0.0195 3.27861312295
0.4884 0.101 2.54989031921
-1.5224 1.669 2.02661810907
-3.0884 2.9554 4.89658442692
-6.5307 6.4378 18.1899829129
-10.5366 24.1812 2.54061378804
-12.3155 25.9951 5.95189042658
-16.3326 30.3869 2.04798701412
-17.9742 31.6114 3.4789219149
-21.4302 32.0101 2.96906750513
-24.3234 32.677 2.78021024565
-27.0964 32.8771 3.45069761787
-30.545 32.9974 3.14258988257
-33.6624 32.6003 3.73430000134
-37.3771 32.2182 12.027326503
-49.3062 30.6842 3.07504979634
-50.1504 27.7273 1.92407725936
-51.3351 26.2112 1.01842651674
-51.5935 27.1963 0.964464727193
-51.8749 26.2738 0.787482729969
-51.505 25.5786 1.41007978498
-51.0958 24.2292 1.45798876882
-50.8207 22.7974 10.16789428
-45.5079 14.1279 0.632642276488
-46.1035 13.9146 0.732141441253
-45.5932 14.4396 2.09525666685
-47.5451 13.6779 19.7226971386
-51.1785 20.9114 0.542518801518
-50.6798 21.125 10.3049983663
-40.7971 18.2052 8.82463053334
-34.989 11.5614 16.8969268401
-19.9598 3.8394 0.516732754913
-19.6743 3.4087 0.861066362135
-18.9225 3.8285 0.455030471507
-18.7757 3.3978 2.10393314057
-16.8728 2.5003 1.98970804391
-15.0017 1.8236 1.44814267253
-13.5759 1.5702 0.528382664364
-13.4141 1.0672 0.379928624876
-13.5981 1.3996 0.69501010784
-12.9109 1.2957 1.91209331624
-11.0187 1.0206 1.56173265958
-9.7754 0.0755 0.932139817839
-9.0234 -0.4753 1.17374846113
-7.8641 -0.6589 2.1307254375
-6.8149 -2.5134 3.27869628054
-3.742 -3.6567 0.416614990129
-3.3773 -3.8581 0.848394560331
-4.2231 -3.7918 9.4103895015
-10.879 -10.4442 9.73122790608
-3.236 -4.4208 2.05884041392
-4.8753 -5.6664 7.39405403348
-10.8825 -9.9775 1.04950313006
-10.1364 -10.7156 0.485529412085
-9.6519 -10.684 2.47116287606
-7.2489 -10.1076 1.0323529629
-7.7349 -11.0184 1.03060761204
-7.3175 -10.0761 17.6285313342
0.1815 5.8779 5.36088469191
5.2467 7.6337 33.5083981309
33.6108 25.4744 11.4711913139
37.7318 14.769 4.35361188096
40.9793 11.8694 0.856412809339
40.8346 12.7135 0.981013358727
0.0 0.0 1.99035252405
1.9699 0.2846 0.208398944335
-3.8578 10.492 0.123082289546
-3.9808 10.4965 1.22293990449
-4.3284 9.324 6.89401982301
-10.813 6.9836 1.65885382418
-10.1315 8.496 0.406907667659
-10.0427 8.8931 0.173024391344
-10.0239 9.0651 0.810988754546
-9.5289 9.7075 0.600011208229
-9.3217 10.2706 3.27869583371
-8.1083 13.3165 3.53508662694
-7.1268 16.7126 1.84482759086
-5.549 17.6686 0.191289205132
-5.455 17.502 12.6341867475
-9.0719 5.3966 12.0231589846
-1.417 -3.8748 1.08169922344
-0.3359 -3.9108 0.587543019702
-0.9161 -3.8182 5.80982178212
4.6724 -2.2299 0.988111936979
3.913 -1.5977 1.30804685314
5.0894 -1.0258 5.08670621326
6.8635 -5.7931 17.1283299189
11.9569 -22.1466 0.341323087411
12.272 -22.2778 0.294767857814
12.564 -22.2375 0.339533150075
12.2614 -22.3915 3.1179976347
13.2867 -25.3361 0.752883264524
12.8272 -24.7397 0.541746112123
13.197 -25.1356 4.61716001455
16.1328 -28.6992 0.594748156786
16.3397 -29.2568 1.4869926059
17.2792 -30.4094 1.32559381788
18.4276 -31.0715 0.783240065369
18.8978 -31.6979 0.515570538336
19.4085 -31.6272 0.309252728363
19.7175 -31.6147 1.24996864761
20.9546 -31.4358 0.532338689182
21.4458 -31.641 2.5409758952
23.6431 -32.9171 5.71075422777
29.3298 -32.3935 4.56085585499
33.7656 -33.4542 3.53450947799
37.2805 -33.0824 1.10788850071
38.1642 -32.4142 1.45129693723
39.084 -31.2916 2.55551264524
39.8998 -28.8698 1.15551634346
40.4407 -27.8487 0.254768051372
40.2737 -27.6563 0.258147012379
40.0875 -27.4775 0.222533705312
40.1109 -27.2562 0.166567763988
40.1258 -27.0903 0.492779149315
40.0981 -26.5983 0.216995599034
40.1606 -26.3905 0.150470860966
40.2098 -26.2483 0.520017778542
40.1866 -25.7288 0.273711033756
40.1429 -25.4586 0.313602056753
40.1869 -25.1481 0.452175187289
40.1641 -25.5997 7.75915283327
39.4979 -17.8692 0.355875216895
39.6725 -18.1793 2.92269128886
40.3436 -21.0239 1.34044639206
41.2218 -22.0366 1.0220921387
41.3615 -21.0241 5.11902167411
39.9242 -16.111 7.18849392363
39.5917 -8.9302 1.24413354991
40.3547 -7.9475 2.86463063762
42.541 -6.0965 1.16670305134
44.1073 9.2368 13.4138125606
30.7058 9.8114 9.24774967492
21.7044 11.9317 1.14174078494
20.8393 12.6768 22.8402000002
7.4015 31.1457 0.219804458554
7.5037 30.9511 3.63758621066
4.3325 29.1691 2.97553754807
1.6726 30.5028 4.46578721056
-2.7739 30.9174 2.71536278423
-5.4615 31.3047 1.35069770489
-6.8105 31.237 2.41232102756
-9.2112 31.4735 2.17243045919
-11.3795 31.6074 2.62707851615
-14.8005 31.8635 1.33713516519
-14.3399 30.6082 8.06266423523
-7.832 25.8486 4.63225317205
-3.8124 28.1509 0.765869766997
-3.2367 28.656 2.28765327792
-1.6261 30.2806 4.14610776753
2.0678 32.1635 0.95952701369
2.9731 32.4815 0.545735412082
3.4548 32.225 2.22798343351
4.7375 30.4033 9.08056207787
13.7204 31.7315 0.895332619756
14.5509 32.066 0.535972331375
15.0412 32.2825 0.775925576328
15.7559 32.5846 1.95261078815
17.7084 32.5638 1.06487877244
18.759 32.7376 2.12495260182
20.821 33.251 2.53336033758
23.3522 33.1464 3.05059250966
26.3957 32.9385 1.27988050223
27.6718 33.0368 0.622011872877
28.2839 32.9262 2.90024393629
31.1299 32.3679 3.73651185198
34.837 31.9 2.40211015568
37.1204 31.1542 3.80383898844
40.6725 29.7934 1.83733570422
40.4557 27.9689 1.84667102105
40.1862 26.142 1.21073176633
40.2997 24.9366 13.0732208564
39.9447 11.8682 0.892934068115
0.0 0.0 5.8893335786
3.6374 4.6318 1.91436038666
4.3389 6.413 0.18320010917
4.1557 6.4132 7.6359825157
-2.5236 2.7125 0.469808950532
-2.8078 3.0866 1.09280148243
-1.715 3.0884 2.56031335973
-3.5049 4.9191 2.52496499976
-5.0878 6.8863 2.51480694289
-6.9092 8.6203 17.4236917228
-10.6902 25.6288 6.07921396235
-15.0914 29.8224 0.19664836638
-15.2507 29.7071 0.414933729648
-15.1937 29.2961 0.0660136349552
-15.2531 29.2673 9.78443915715
-15.632 19.4902 0.746927821145
-15.1506 18.9191 1.28343944929
-16.3495 19.3772 1.01226799811
-15.444 19.8297 0.676024622333
-16.0992 19.6632 0.976813313791
-17.0355 19.3848 0.862577839966
-17.8917 19.2801 7.19601499165
-19.4691 26.3011 0.526596961632
-19.8347 25.9221 1.57018223465
-21.2422 26.6181 3.35083916952
-24.4405 27.6176 0.995747277174
-25.3865 27.9284 0.669343895169
-26.007 28.1794 0.593682356147
-26.5675 28.3751 0.570692561718
-27.1205 28.5161 0.315690988151
-27.4069 28.6489 9.60531482305
-29.4747 19.2688 1.52567968132
-30.6847 20.1981 3.31875041544
-27.1298 0.4338 26.1854909024
-32.9354 -25.1 15.1921354434
-48.1212 -25.5387 3.29112268383
-49.6536 -22.6261 1.16394918274
-50.3605 -23.5508 0.918169189202
-50.6434 -22.6773 2.56914008376
-51.4373 -20.2339 0.474147593055
-51.856 -20.0114 0.265859229669
-52.0292 -20.2131 0.433124981962
-52.2502 -19.8406 1.31622144793
-50.9361 -19.9153 3.78165095825
-50.5935 -16.1492 2.52201590796
-50.5605 -13.6274 0.609833091919
-50.6051 -13.0192 1.25878087847
-51.3188 -11.9823 6.37653079739
