0.0 0.0 7.42527647499
-1.6628 7.2367 6.5934013377
-4.9634 1.5289 14.8349038534
-9.9539 15.4992 0.186510723552
-9.8404 15.6472 0.975756465518
-9.9616 16.6154 1.11274408558
-9.903 15.5042 10.5509156404
-10.7884 4.9905 13.3414919585
-0.7456 -3.7923 0.8009627457
0.0258 -3.5767 8.27225365484
8.102 -1.7864 0.60863536703
8.5795 -2.1638 0.37128028496
8.8768 -2.3862 0.953098200607
9.3171 -3.2315 0.627666232961
9.6468 -3.7656 1.36196147155
10.7669 -4.5404 17.7121167592
11.9464 -22.2132 0.750888387179
12.678 -22.3823 0.572777880159
13.2245 -22.5538 2.83799981677
16.0475 -22.8452 1.3558236021
17.3667 -23.1582 3.39312854163
20.7586 -23.2495 0.60776081644
21.3346 -23.4434 1.62488760534
22.6809 -24.3532 1.60382271152
24.2836 -24.2932 0.727081515375
25.0083 -24.352 1.7489797769
26.7528 -24.4771 1.07264239148
27.7879 -24.7584 0.625834043497
28.4114 -24.7044 2.48202931691
30.8862 -24.8937 1.04539432273
31.7789 -24.3497 1.04457734994
32.7967 -24.1147 2.42205883083
35.193 -23.7624 0.678470758397
35.8561 -23.906 0.881901474089
36.6526 -24.2846 3.75838059409
40.4064 -24.0991 0.808446071176
40.6088 -24.8818 0.520472554512
40.9636 -24.501 3.97620859111
42.8762 -21.015 1.50015724509
44.2436 -21.632 0.832280679819
44.5079 -20.8428 4.60775175113
42.8747 -16.5342 5.8114727161
42.0475 -10.7819 0.37253393134
41.6752 -10.7687 1.21714620732
43.4518 -3.9781 0.192258367828
43.3696 -4.1519 9.98018365061
36.1569 -11.0498 1.42132609911
34.8101 -11.504 2.89954804237
32.145 -12.6462 0.325897928806
32.1611 -12.3207 14.2703114752
22.0967 -2.2039 0.406545114348
22.1229 -2.6096 4.32330107672
17.8023 -2.4568 1.34467850805
17.4578 -1.157 5.08262965501
12.4864 -2.2145 1.03970507838
12.3941 -1.1789 1.21864955586
11.9486 -2.3132 21.1256100097
8.1364 -23.092 5.96885312686
3.4415 -26.7778 4.77952448053
-0.9936 -28.5593 4.43252710426
-5.1458 -30.1106 2.8667406318
-7.6354 -31.5319 2.94355934372
-10.5785 -31.4799 1.05465673088
-11.5544 -31.8798 2.31689488972
-13.8376 -32.2735 3.07605360974
-16.621 -30.964 0.767302111296
-17.3883 -30.9658 0.89319877407
-17.1105 -31.8147 2.02360887772
-19.1238 -31.6107 4.62629626591
-23.6433 -30.6224 1.71550517633
-21.9357 -30.7869 5.92760185066
-27.0964 -27.8708 0.634491552347
-26.4636 -27.9171 4.64036626679
-21.8514 -28.4276 6.03458771583
-27.5803 -30.3239 3.0387015714
-29.9123 -32.2721 1.877254719
-31.6935 -31.6793 1.71923520788
-33.4042 -31.8504 2.52464616333
-35.8171 -32.5932 3.03783340722
-38.843 -32.3242 2.86024774626
-41.0336 -30.4851 8.908684065
-49.824 -29.0382 0.52256124043
-50.2372 -28.7183 0.550101127067
-50.7827 -28.6473 3.4310992772
-51.3298 -25.2601 7.74177111842
-51.5 -33.0 13.5603225364
-38.2277 -30.22 19.216587535
-26.3972 -15.0768 2.27512906447
-28.6621 -14.8613 0.865651159533
-28.2269 -14.113 1.27003653491
-29.1585 -14.9762 0.773865104524
-19.7221 -23.5475 0.492457064118
-19.2435 -23.6635 2.9561029566
-16.4097 -24.505 1.31979183965
-15.7542 -23.3595 14.6060726884
-9.2495 -10.2818 1.18850172907
-9.1665 -9.0962 10.3715920475
-8.5101 1.2546 16.505157341
-1.0642 15.9848 1.14534615292
-1.6152 16.9889 1.07780230562
-1.7361 15.9179 15.4155314213
1.3669 0.8179 21.0636677929
7.4429 -19.3504 4.03113119608
10.2013 -22.29 4.57357637085
14.5674 -23.6519 6.74191984082
19.4759 -28.2736 9.32791455578
27.3259 -33.3122 0.620804067319
27.2247 -33.9247 0.932179424789
27.5089 -33.0369 14.8306952855
33.6337 -19.53 0.39471074219
33.9868 -19.7064 15.5801073681
43.7416 -31.8548 3.89413046777
43.7995 -27.9611 8.59101543009
40.2279 -20.1477 3.0576493782
40.3153 -17.0913 0.994631192955
40.1832 -17.254 34.4997389696
21.4113 11.6916 1.07769025698
21.4403 10.6143 8.64584477827
22.7615 2.07 0.454025605005
23.2078 2.1534 10.6485621161
20.8511 12.5379 0.391114203271
20.7045 12.1753 6.36865931339
22.8876 6.1925 0.37059418506
22.7134 6.5196 6.23937521952
20.2331 12.2448 3.95717250824
21.4516 8.4799 6.18933050418
17.8316 13.5002 0.371598304625
17.8763 13.1313 6.61281321753
19.748 6.7889 0.724623046832
20.47 6.7273 0.729594750529
21.1925 6.8288 0.487390213279
21.6644 6.7069 1.45496214727
23.1097 6.8743 1.49723513517
23.8004 5.5459 0.847148676444
23.9386 6.3817 11.0368775335
26.1591 17.1929 3.9779084278
27.1446 21.0468 0.557593839636
27.6479 21.2868 0.663848423964
28.2632 21.536 2.39048321475
30.545 22.2486 2.664373249
33.2059 22.1126 12.8683134715
38.1337 34.0 5.59239064801
39.7491 28.646 0.429137553705
39.3343 28.756 0.196721757821
39.3011 28.5621 0.376807709581
39.5604 28.2887 0.221561819816
39.6574 28.0895 0.333842073442
39.9912 28.0948 0.361454865785
35.5534 7.7857 0.600741758162
36.0779 7.4928 1.72548596053
35.1737 6.0232 15.6771824771
33.9468 -9.6059 1.15453362446
32.8253 -9.8801 4.99364165815
28.2508 -11.8827 4.35553163804
25.7356 -15.4386 4.00184365637
21.89 -16.5459 1.12540056869
21.95 -15.4221 0.781341109887
21.2112 -15.6764 15.7054029589
10.1523 -26.8281 6.01849381241
5.0899 -30.083 3.60603004425
1.4861 -29.9562 2.89570048348
-1.3779 -29.5289 2.93979087862
-3.9559 -28.116 3.47610368804
-6.9632 -26.3726 2.93335649726
-9.5935 -25.0741 2.14288471458
-9.3074 -27.1978 0.263635221471
-9.2147 -27.4446 2.45155386847
-10.1573 -29.7077 2.29984626443
-11.7623 -31.3549 2.53273260531
-13.5382 -33.1607 2.14259081021
-15.6739 -32.989 1.96529412557
-17.4543 -32.1568 4.50372334852
-21.9427 -32.528 2.25445208643
-23.9832 -33.4866 3.75148663865
-27.6564 -32.7242 1.35184798702
-28.8901 -33.2769 1.12545911076
-30.0115 -33.1814 17.3826446716
-47.3902 -32.8111 3.94993703747
-49.3254 -29.3677 1.3238848326
-48.021 -29.1414 18.1262110715
-30.594 -24.1555 0.978590823583
-29.98 -23.3935 0.904549197114
-30.747 -23.873 12.8147571187
-42.6646 -28.5835 1.13075339929
-43.7056 -29.025 2.63490012145
-45.6115 -15.0387 6.5992281973
-39.0159 -14.8199 18.5083809773
-22.8511 -5.8055 0.790686233597
-22.7937 -5.0169 1.48476732857
-22.0708 -6.3138 20.5090112926
-13.8042 -25.083 0.423027244985
-13.402 -24.9519 0.707067889244
-12.725 -25.1559 1.83214815176
-10.9007 -25.3253 0.536417234995
-10.3643 -25.3296 2.31606179753
-8.0511 -25.4447 0.829791787137
-8.1071 -24.6168 14.4079230415
-10.2405 -10.3677 0.596130941992
-9.6904 -10.138 1.69860752971
-8.2427 -9.2495 10.4593223729
-5.4238 0.8228 1.13352440203
-5.5489 -0.3038 7.04946852819
-3.4196 -7.024 8.28656078781
-5.5936 0.9723 0.349590117137
-5.9251 0.8613 1.10772172047
-6.4516 1.8359 0.954977067787
-5.9578 1.0185 0.6013523759
-6.232 1.5537 0.104374901198
-6.1816 1.6451 0.678872219199
-5.5806 1.9608 1.17725120514
-4.8248 1.0582 4.16507971112
-0.8098 -0.0498 0.595971182189
-0.8544 -0.6441 0.0535770473244
-0.8025 -0.6308 0.623773500559
-1.4258 -0.6065 0.446342581433
-1.2739 -0.1868 11.6716883654
-10.164 -7.7495 14.7390426229
-1.0128 3.8045 1.53266418044
0.1557 4.7963 2.38011475564
1.5197 6.7468 0.650119412108
2.1686 6.707 1.27571346705
0.8983 6.8244 11.5551681978
-10.3195 9.5962 2.43622170584
-9.8303 11.9828 1.1613541794
-8.6926 11.7496 9.73247947134
1.0195 11.1201 0.584842628405
0.7966 10.5794 0.785397790931
1.3553 10.0274 1.02132879133
0.6168 10.7329 0.212209071437
0.6506 10.9424 8.48943241448
-6.2638 15.868 10.4373800094
-4.6773 26.1841 2.60984697827
-2.1858 26.9611 0.520953011317
-1.7028 26.7659 0.77030405685
-0.9331 26.7354 1.70236673194
-1.1538 25.0474 8.28597575727
-2.9574 16.9601 11.3689145093
-8.689 7.1417 0.478593867491
-8.7255 6.6645 1.96605050291
-7.0978 5.5618 0.686565838067
-6.4209 5.6766 2.68025733279
-3.801 5.111 3.20457380786
-1.8665 2.5562 9.90982134703
4.2802 -5.217 0.583284030297
4.8301 -5.0225 1.13669391219
5.8217 -4.4668 1.44875745727
7.2521 -4.2369 5.18376291993
12.0545 -2.2854 0.555082570434
12.506 -1.9625 3.10424441209
15.2816 -3.3526 0.807004956614
16.0176 -3.0216 3.63846775717
19.3257 -1.5067 2.86389465763
22.1862 -1.3673 1.76841006839
23.9481 -1.5189 0.479324295232
24.4084 -1.3852 0.678402152119
24.9716 -1.7634 17.4168626466
28.2129 -18.876 0.654606477206
28.7429 -19.2602 4.05041805867
31.0246 -22.6068 1.03328190248
32.0553 -22.6798 2.65537873193
33.9592 -24.5308 1.6272917409
35.5052 -25.0387 0.663131148416
35.8186 -25.6231 9.00706554045
32.5088 -34.0 7.96257738424
39.366 -29.9526 2.16356387703
39.7411 -27.8218 0.629749386661
39.8526 -27.202 1.14877138283
40.8826 -26.6933 12.3538318691
0.0 0.0 1.95806563986
1.7072 0.9589 3.32060742184
-1.141 2.666 0.430649056658
-1.4979 2.425 0.0
-1.4979 2.425 0.183927376973
-1.5907 2.5838 1.44765109747
-2.1686 3.9111 7.89455245913
-0.1203 11.5353 11.6667962359
9.4637 18.1882 0.941047926516
10.4045 18.1666 1.41118313836
9.7746 19.4294 15.6650588061
-3.4252 27.865 1.94217450297
-5.1998 28.6542 3.09999440322
-8.2527 29.1925 4.46474080995
-8.4648 33.6522 5.20021249566
-13.6614 33.846 0.302525106396
-13.5002 33.59 0.90387826614
-14.4036 33.6194 1.14289793945
-15.5457 33.5767 9.61238383961
-25.1365 32.9329 6.93807799466
-32.066 32.588 6.56188162191
-38.6261 32.7409 3.73624707159
-42.3418 33.1322 1.61398562881
-42.7763 31.5778 6.01872780328
-47.9114 28.4384 2.63456069393
-48.5292 25.8773 1.99231082163
-48.6732 23.8902 1.45335607475
-49.298 22.578 11.4224042657
-49.3659 24.2471 8.69912482265
-42.5191 18.8809 1.25188849743
-41.4007 18.3184 1.81314657157
-41.0222 20.0916 5.07180173903
-38.048 15.9834 0.188321666305
-37.8688 16.0413 0.928976538993
-38.7598 15.7784 0.641363149861
-38.1185 15.7874 0.606127181374
-37.7631 16.2784 1.13504061601
-36.8777 15.5682 1.28900812255
-36.469 16.7907 0.68532859272
-36.2132 16.1549 0.740273091501
-36.7016 15.5986 1.10525901489
-35.6186 15.3779 1.51471381125
-34.5738 16.4746 14.8934990496
-23.4975 26.4311 0.945077097384
-22.5579 26.3295 0.447565972791
-22.144 26.4998 0.735304107156
-21.4122 26.4281 1.56940765896
-19.898 26.8407 2.7609554234
-17.1374 26.885 0.557355837863
-16.5857 26.9642 1.45748667232
-15.1691 27.307 0.807013884639
-14.4737 27.7165 2.49529272231
-11.9893 27.9494 1.37172332852
-10.6493 27.6561 1.40702222442
-9.2548 27.4688 1.35199934911
-7.9116 27.3148 0.608852404118
-7.3082 27.3961 0.376986153592
-6.9398 27.4761 1.30154353366
-5.6799 27.8027 2.50406688808
-4.1942 29.8184 1.36089455874
-4.5064 28.4938 5.55053244293
-5.744 23.083 10.6896615026
-2.006 13.0682 10.8652770393
2.8923 3.3697 8.91105785022
-0.9628 11.4037 0.346103120471
-0.7339 11.1441 11.8202651091
3.0596 -0.0509 0.224979487954
2.8385 -0.0925 1.39421199608
3.4807 1.145 5.36590506439
3.7237 6.5054 0.569787556902
3.5318 7.0419 0.926228314186
3.7335 6.1379 0.388482303329
4.1096 6.2352 2.07529053388
6.0934 6.8446 0.977849564095
6.929 7.3525 1.93511780003
8.8641 7.3442 0.405497780512
9.2227 7.1549 0.103817146946
9.1713 7.0647 0.0686997088786
9.1846 7.1321 8.36940023
12.6085 14.7691 0.21887405054
12.8193 14.828 0.399840530712
13.1327 14.5797 0.924506268232
12.4999 15.2537 16.839760003
-4.2937 16.4997 4.91812104772
0.2505 18.3807 1.11712604481
-0.5913 19.1151 1.81443000967
-2.3862 18.8496 0.872057779049
-1.5281 18.6942 0.0899580457769
-1.4438 18.6628 0.611496868348
-1.2439 18.0849 1.09935865849
-0.6404 19.0038 18.3783683715
12.8416 31.4938 0.910546264613
13.7055 31.7815 4.49994420965
18.1785 32.2732 6.60279503392
24.743 32.9833 5.1470235457
29.8893 32.897 2.49721581366
32.3432 33.3601 0.875050261414
33.1892 33.1365 5.63691054125
38.8074 32.6776 1.0683474388
38.5694 33.7191 0.327122010877
38.741 33.9976 0.0506874737978
28.5642 26.2864 0.990106625571
27.8734 25.5771 0.942355988998
28.7529 25.9155 12.199848065
27.3813 13.793 1.01346886484
28.018 14.5815 1.00630512768
25.5004 18.8475 1.05419723487
24.7095 19.5445 16.4176457524
10.7168 28.1319 1.40885997885
10.7298 29.5407 0.173316617784
10.7655 29.7103 0.778366044994
9.9918 29.6252 1.85166461866
8.1523 29.4133 2.62202839992
5.6085 30.049 4.89264002355
0.7293 29.6866 4.34542465704
-3.5608 30.3778 2.88307241671
-6.4148 29.9694 3.76635166308
-7.1525 26.276 2.00303644001
-9.1392 26.0207 2.91280614013
-10.5772 28.5538 3.77706105987
-13.7872 30.5443 2.86723048428
-13.9168 27.68 2.71153387772
-15.0027 25.1954 1.92511581989
-16.8423 24.628 1.37794689665
-16.5045 23.2921 3.3116876921
-16.4804 19.9805 1.60304950017
-18.0065 19.4898 1.04388235448
-18.9591 19.0629 1.14174750273
-19.8147 19.8189 2.75702154689
-22.5632 19.6023 2.81571015909
-24.6623 17.7256 1.24795484694
-25.6536 16.9675 1.60655364056
-26.967 17.8927 2.54114475188
-29.4191 17.2259 18.2684625245
-42.2641 30.216 1.53686033848
-43.4942 29.2947 6.20864237173
-50.3839 24.1761 13.0279377205
-41.7213 14.4454 0.951642842667
-41.85 13.5025 2.6327389882
-43.2387 11.2658 1.31363118492
-43.7482 10.055 12.7336415938
-36.0 20.16 8.7556143411
-29.5155 14.2768 0.237896490096
-29.295 14.1875 0.764734104117
-29.7926 14.7682 1.14601119104
-29.4884 13.6633 20.7121726084
-17.2714 -3.0621 1.06473186296
-16.2579 -3.3884 0.896631306614
-15.4166 -3.6985 1.70832723153
-13.9239 -4.5293 10.8832719501
-3.5842 -1.1328 0.902705937723
-3.2693 -0.2868 1.14616885754
-3.0405 -1.4099 26.0678323443
-2.1672 -27.4631 12.1782952436
-2.252 -15.2851 0.523371235358
-2.3959 -15.7883 10.9887723473
2.2638 -25.7402 1.00768572978
2.6596 -26.6669 0.853971111924
2.7161 -25.8148 8.49935750807
2.0372 -17.3426 8.11269697758
5.1223 -24.8458 2.85798338869
7.9722 -24.631 0.52500541902
8.4959 -24.594 0.534807872044
9.0224 -24.5001 0.347559059729
9.3663 -24.5504 2.01908980731
11.2237 -25.3421 0.524884530159
11.6338 -25.0145 0.292746477349
11.8933 -24.879 1.26129387932
12.5334 -23.7922 1.70542113567
10.8764 -24.1957 11.5324656939
6.4561 -13.544 0.3639019923
6.8196 -13.5269 8.35618879933
11.0677 -20.7227 1.10752026618
11.6892 -21.6394 1.26848070541
10.9741 -20.5917 8.70036660032
8.3834 -12.286 15.7349032974
-6.0393 -18.5767 3.31461990732
-2.7266 -18.6895 0.453108165894
-2.2736 -18.6796 0.336460770373
-1.9373 -18.69 2.14104775285
-0.1331 -17.5372 1.58779667464
0.3967 -16.0404 0.123530158261
0.3044 -15.9583 0.472642877869
-0.0871 -15.6935 11.9341657526
-0.4382 -3.7645 10.0661187759
7.5979 2.2975 1.55485691303
7.755 3.8444 16.3091634405
9.4552 20.0647 0.782583906045
10.0133 20.6133 0.381948687653
10.3357 20.8181 1.36232041018
10.8446 22.0818 2.48175913819
12.8757 23.5079 1.35162081221
13.8946 24.396 1.76298661651
15.4537 25.219 0.818185810192
16.1428 25.6601 2.49655299363
18.2554 26.9904 1.77610736725
19.9911 27.3671 3.74383258306
23.399 28.9171 3.89549295083
27.1623 29.9233 3.88689190099
31.0256 29.4957 5.82291758142
36.7846 28.6353 0.739470959538
37.2409 28.0534 0.636429328363
37.6344 27.5532 3.02536094541
39.437 25.1235 0.669597050471
39.5584 24.465 1.65919016391
40.384 23.0258 14.9348626254
51.7157 23.2193 0.937801540839
51.5115 22.304 0.415765751355
38.2844 10.6175 22.5488391047
18.228 0.3126 2.06256047669
16.1834 0.041 5.67183950496
11.067 -2.4069 4.57256162124
7.0123 -4.5206 3.97199200024
3.0446 -4.7052 4.91298862405
-1.1413 -7.2773 0.90911967309
-1.422 -6.4126 1.28315441393
-1.8922 -7.6065 23.2775903059
-1.2035 -30.8739 1.33154076543
-2.5244 -30.7059 1.60712439469
-4.0923 -30.353 1.25267759619
-5.0677 -29.567 5.42361197912
-9.8396 -32.1447 0.408192809834
-1.602 -34.0 8.50549971078
4.6963 -28.2838 0.398436306077
4.8145 -28.6643 0.821025048339
4.9498 -29.4741 6.67550895513
0.0428 -34.0 6.65224566669
5.0868 -29.6629 0.793633971047
5.498 -30.3417 1.12726789185
4.7189 -29.527 23.4507250059
-7.8024 -9.6989 0.414922896452
-7.5609 -10.0363 3.95434263184
-3.8122 -8.7777 13.4667754507
37.381 27.4397 0.237757944136
37.6038 27.5227 1.35763683657
36.6751 28.513 2.65853751149
34.1414 29.3181 4.80850207445
31.1318 33.0683 0.467140835295
18.7148 3.8347 0.177730723287
18.8634 3.7372 0.527458860955
19.3835 3.825 0.398257517192
19.7808 3.7974 2.24984487021
21.8395 4.7049 1.97511564472
23.6429 5.5104 0.438431716462
24.0568 5.655 1.1508712743
25.153 6.0055 0.579164199515
25.6924 6.2164 0.393801625187
25.993 6.4708 3.97254578325
29.785 7.6548 0.925329525088
30.7098 7.6861 3.66684061557
34.3731 7.8472 0.525020875775
34.8967 7.8858 0.69206121839
35.549 7.6546 29.9470149123
50.968 25.0539 0.856153490912
50.2686 24.5601 9.98390992347
41.3792 20.0151 4.14313416751
37.8405 22.1699 0.973006294944
36.892 21.9529 20.809466665
17.2252 28.7537 5.22960227933
12.0332 29.3797 3.82536995989
8.211 29.224 2.89546801744
5.335 29.5592 4.3306593782
1.0154 29.8685 3.65190055314
-2.6364 29.8414 3.90980962196
-5.6526 27.3536 2.91430648011
-8.4701 26.6087 2.03444042675
-10.4085 27.2264 2.11531628368
-10.4168 29.3417 2.43663371273
-11.4844 31.532 2.20864918898
-13.5884 30.8602 3.7064354156
-16.5294 33.1159 5.56162951751
-22.0661 32.5899 10.5974626326
-32.663 32.4807 11.8046645937
-44.1074 29.5866 4.98138898702
-47.8256 26.2716 2.99997421656
-48.5655 23.3643 1.92177738565
-49.2659 21.5747 2.49402961691
-48.6882 19.1485 1.51945440866
-48.4579 20.6504 9.15654888973
-46.5268 11.6998 35.1528685967
-18.5161 -9.5399 0.464188086879
-18.9774 -9.5916 1.15648143089
-18.0347 -10.2615 0.87620502167
-18.7479 -9.7525 0.947350352298
-18.2641 -10.567 20.409589171
-7.7163 -28.0397 3.40903212364
-4.4022 -27.2408 6.64841249322
0.7636 -31.426 0.948822222548
1.708 -31.5175 5.53054814372
7.2191 -31.9809 5.3687014538
12.3684 -33.5 3.61481711294
15.9754 -33.7376 1.25218280215
17.1938 -33.4487 3.34943983973
20.5418 -33.3505 2.20256954714
22.7312 -33.11 3.5840491654
26.2851 -33.5739 1.11027763195
27.3902 -33.681 1.1164509528
28.1799 -32.8918 15.7030571154
33.9363 -17.6007 15.9167940013
32.3525 -1.7629 2.36725807634
29.9947 -1.9743 3.2009508353
26.8207 -2.3888 15.3715094828
13.822 -10.5935 11.5433825636
8.5419 -20.8585 0.768258270375
7.9193 -21.3086 22.7326141579
0.0 0.0 1.99845591645
1.6749 1.0902 0.242529771368
1.6711 1.3327 1.04473166411
0.6266 1.3547 0.863058978286
-0.2156 1.1661 1.50112428533
-0.774 2.5595 4.35921512775
-4.0378 5.4492 8.16812604273
-0.235 12.6781 9.15568835042
4.8704 5.078 1.49267714192
4.674 6.5577 1.43702583136
3.8258 7.7177 8.27420269573
-4.1047 5.3577 0.76531434718
-3.361 5.5383 0.714147834835
-3.1893 4.8451 0.248362899806
-2.9971 4.6878 0.458798605055
-13.1076 -1.3561 14.0981172193
0.4516 -5.2168 0.733344837031
-0.2521 -5.0104 12.4759503894
-12.1325 -8.819 10.8605869938
-1.2749 -9.0737 0.624190756099
-1.8382 -9.3426 0.694522029888
-1.1845 -9.5772 0.5664449223
-0.6677 -9.8091 0.997637935325
0.3299 -9.8004 3.11617047833
2.4852 -12.051 0.863947868798
2.2268 -11.2266 0.913907090464
2.1884 -12.1397 0.967759830743
2.6637 -11.2967 8.31684205693
7.0845 -4.2521 0.797040990163
7.8648 -4.4146 1.11542982298
6.8836 -3.8841 15.616583483
-7.4552 2.3027 15.0757929586
6.6286 7.681 0.625344225207
6.4174 8.2696 1.04168007565
5.5317 7.7213 0.10708239818
5.5359 7.8283 1.08714788782
6.6177 7.7206 0.853802043802
5.764 7.7338 16.7269591465
-10.7833 10.1788 2.92894059346
-8.1221 11.4022 10.2947824649
2.1669 11.0572 0.361622123217
1.8053 11.0612 0.709638111998
2.5148 11.0472 0.526950965461
3.0102 11.2268 5.31885160726
4.6403 6.1639 12.5925297002
11.0223 -4.6916 1.19220070877
11.0821 -5.8823 0.573332687015
10.536 -5.7077 35.6569615398
-24.59 0.4228 1.09835037215
-23.6465 0.9851 7.19388061133
-23.7205 8.1786 0.260052379339
-23.7615 8.4354 1.13450479946
-24.896 8.4321 1.10419524542
-23.8005 8.2938 12.4519312064
-12.3839 3.3227 0.953788786892
-11.7292 2.6291 0.627508868463
-11.1265 2.4544 1.34833890399
-9.9643 3.138 0.747955680505
-9.2386 3.3191 2.78753930914
-6.9578 4.9217 0.358101675506
-7.1758 4.6376 1.45609873292
-8.1034 5.76 8.28728960517
-14.8368 10.5912 0.37356619226
-14.6309 10.9029 11.7710045183
-3.275 14.0013 0.873365244328
-2.7156 14.672 14.4485003322
4.7652 27.0331 6.63949924768
10.2501 30.7746 3.74617326081
13.8208 31.9077 4.42652719522
18.0382 33.2522 1.54408563558
19.5809 33.3176 3.00182896415
22.5722 33.5688 14.3776311557
30.7876 21.7695 17.9751089059
28.6849 3.9178 0.485278002798
28.5614 3.4485 0.885814907303
28.1272 4.2206 1.20798435834
28.3811 3.0396 42.8174766348
41.8685 -16.8371 3.8565924506
39.7068 -20.0309 2.9556722704
37.0419 -21.3093 2.56613247125
34.9234 -22.7574 17.060910112
17.957 -24.5507 0.262026601703
18.0233 -24.8042 4.18158929595
13.8423 -24.8744 4.93976260563
9.6725 -27.5228 4.95282273052
4.7233 -27.3334 4.24523741268
0.9795 -29.3349 5.34142372406
-4.3533 -29.0315 2.97781438307
-6.7198 -27.224 2.12429328719
-8.3767 -25.8946 1.08070988706
-9.2222 -25.2215 2.39666243973
-10.128 -23.0026 2.72012619193
-10.6811 -20.3393 0.636638775131
-10.8558 -19.7271 1.11223037182
-11.6856 -18.9865 1.66411800663
-13.3399 -19.167 3.85644787855
-17.1579 -18.6238 19.8802114777
-4.5565 -34.0 15.7135589126
6.3792 -22.7161 1.22914339277
5.318 -22.0959 1.38074832609
6.6775 -21.8546 0.726866067443
6.6873 -22.5814 7.51569741009
2.2193 -28.6248 4.56894981478
-2.3478 -28.4948 3.75911207601
-5.936 -29.6154 3.04610987326
-8.765 -30.7448 2.08737434352
-10.7232 -31.4677 1.5570129415
-12.1749 -32.0306 0.291165726005
-12.4047 -32.2094 3.99347127447
-16.2796 -33.1753 3.79902261246
-20.0755 -33.3293 2.67876697941
-22.7308 -32.9755 4.29983843999
-26.9677 -33.7085 2.01913360133
-28.8282 -32.924 4.36292224318
-33.1669 -32.4649 5.5859390992
-38.718 -31.842 3.09259050797
-41.8051 -31.6578 0.950280574357
-42.7482 -31.7744 1.62600984622
-44.2563 -32.3823 3.49883029883
-46.5074 -29.7038 3.63972029969
-49.8443 -28.2503 2.10905144556
-51.3327 -23.9867 13.082372562
-42.6766 -14.1775 0.817139064052
-42.5851 -13.3655 16.454584515
-40.7685 2.9885 1.02153697926
0.0 0.0 7.42568969793
-3.5755 6.5082 0.293494139635
-3.4814 6.2302 5.24985840285
-0.9724 1.6187 0.273276581507
-1.2196 1.5022 5.34168515077
-6.404 0.2155 8.90055389793
-11.3377 -7.1925 9.79969400032
-2.873 -12.1304 0.411003807768
-3.1448 -11.8221 0.204359731846
-3.1585 -11.6182 6.50439359356
-9.5286 -10.3033 9.5532176637
-13.2613 -1.5095 0.281525629384
-13.2815 -1.7903 7.60923398247
4.2171 -11.1771 1.32941059496
4.9948 -10.0989 0.260882387294
4.9627 -9.84 1.41325846539
5.0477 -11.2507 14.0046345736
-6.9958 -18.398 0.715936568419
-6.5124 -18.9261 22.7112065256
13.1577 -30.2789 0.929244817042
14.0509 -30.5352 4.87011429537
18.6519 -32.1317 4.82003085986
23.2814 -33.4735 5.38561632592
28.6503 -33.0495 11.8332653148
31.8302 -21.6515 0.360519527904
31.5945 -21.3787 13.3031596897
39.8903 -31.7784 3.78617218969
41.4907 -28.3471 4.02476983193
43.6251 -24.9349 1.61450366986
42.7364 -26.2828 11.9273632509
40.7968 -14.5142 0.38837663421
41.0163 -14.8346 3.35336635935
41.5618 -18.1433 1.37229158709
41.8736 -16.8069 1.25653837188
42.4038 -17.9461 0.401362903119
42.7135 -17.6908 0.770506177782
43.0596 -17.0024 0.825773122595
42.9041 -17.8134 0.44003096482
43.336 -17.7292 0.333836486921
43.1774 -17.894 20.2423800108
24.2303 -10.7693 11.5206535774
41.5079 -5.6278 6.45706701994
40.5694 -12.0163 3.55899925962
38.6916 -8.993 1.8803418971
36.8478 -8.6241 15.2463575339
23.1329 -1.9643 0.146509556002
23.1492 -1.8187 1.12019118458
22.8394 -2.8952 0.080534464672
22.7802 -2.8406 4.08616648829
18.7471 -3.497 3.92730674636
15.9279 -6.2312 1.12348850016
15.1094 -5.4616 1.31152731195
14.9069 -6.7574 17.9192901335
7.8724 -23.2382 3.95186637932
4.3432 -25.0164 5.66777734654
1.8735 -30.1178 3.15692511473
-1.2832 -30.0801 3.61508254401
-4.0258 -32.4353 3.41709816218
-7.4427 -32.3985 1.85080940402
-9.2351 -32.8598 1.93703165952
-11.1282 -32.4496 0.879223390271
-11.9241 -32.8232 3.3600289716
-15.1771 -31.9819 1.94865980612
-17.1119 -32.2139 1.50847324471
-18.6087 -32.4012 1.06153722968
-19.6467 -32.6235 3.65166870896
-23.2561 -32.0695 1.95556922148
-25.2108 -32.1278 2.34895411833
-27.5565 -32.2514 2.79671152785
-30.3361 -32.5603 16.2394026901
-46.5039 -31.037 2.77922800792
-48.0983 -28.7606 1.25321386842
-49.2881 -29.1542 3.07871887804
-49.3673 -26.0765 12.918810141
-36.4634 -26.697 9.96799802618
-37.737 -16.8107 2.72173194859
-42.628 9.901 13.2916367578
-30.0903 14.3139 1.27828791749
-28.9383 14.8679 1.36998769703
-29.2481 16.2024 0.876930538868
-28.6775 15.5365 19.9333887736
-18.1483 -1.3891 1.31424637721
-16.836 -1.3176 2.18520610698
-14.9197 -0.2674 9.57416825944
-5.8128 2.6871 0.872584803902
-5.3638 1.9389 1.25662741097
-5.3721 3.1955 20.8956541554
-2.3414 23.8702 0.706088131893
-1.738 24.2369 4.00836974966
0.5923 27.4983 0.828006582099
1.3822 27.7466 4.41165749577
5.3353 29.7051 3.51419043593
7.6592 27.069 2.81338691971
10.2102 25.8826 3.58704937518
13.2421 23.9657 2.96457991628
16.1709 23.5065 3.7124192503
19.7659 22.5802 2.81487168446
22.4353 21.687 0.425433014704
22.8607 21.6923 1.24956927379
24.0638 22.0299 0.293296437073
24.31 21.8705 0.614828472015
24.7159 21.4087 1.43232723216
26.133 21.2004 17.0913671732
14.8067 34.0 8.39914753829
17.5483 26.0609 3.94725602539
17.1421 29.9872 1.63083611991
17.3899 28.3753 6.11543340492
23.4582 29.1331 2.79414928914
22.5991 31.7919 0.794746380929
23.3857 31.6784 4.71874590649
28.096 31.9606 11.3080322802
31.6192 28.515 0.807289192297
30.8152 28.5878 1.39513441646
31.0502 29.963 0.401277024012
30.6591 30.0528 3.56611956193
27.1879 30.8701 4.42181178365
22.7707 30.6682 4.07060216676
18.7001 30.6724 4.90397013245
13.7992 30.4989 11.7452526554
2.0629 30.9574 2.85037030577
-0.6879 31.7042 2.6315584508
-3.1607 32.6044 3.61162040779
-6.7721 32.6443 1.85185171383
-8.6235 32.6852 2.30195789927
-10.7659 33.5273 0.999212594997
-11.7218 33.2363 1.46634404217
-10.6899 32.1945 11.3246788957
-12.1627 20.966 0.107302982251
-12.1619 20.8587 0.426218124908
-12.2624 21.2729 1.54575082403
-13.6279 21.9973 2.9248267094
-14.8357 24.6611 7.53582415135
-19.9115 30.2311 0.920900005429
-26.9379 29.9527 13.8268257981
-25.3793 16.214 3.6640705247
-28.1002 18.668 3.46248179779
-31.5578 18.4842 5.6662006477
-37.2131 18.8355 5.21196568005
-42.2396 17.4575 3.39024187485
-45.5647 16.7961 3.75726706131
-49.1483 15.667 0.973186210342
-49.6349 14.8242 2.77459152309
-51.4455 12.7218 0.994324398775
-50.636 13.2992 0.73611067782
-42.3326 5.7535 1.28033207021
-41.1036 5.3946 0.863611724098
-41.9025 5.0666 0.412431060906
-41.6198 5.3669 0.461805153717
-41.2142 5.5877 1.13457255828
-41.9334 4.7102 1.52673746925
-40.5751 5.4073 0.938544884382
-40.9022 4.5276 0.457273003795
-40.6475 5.0488 15.0852865674
-42.6266 -9.9061 11.974715058
-30.8672 -12.1667 1.04861543952
-30.0687 -11.487 21.3095027593
-17.6478 5.8282 17.8224549269
-10.3257 22.0771 0.495379622108
-9.8656 21.8935 0.544560786322
-9.3543 21.7061 2.68865378396
-6.6669 21.624 8.20314474577
-8.4563 13.6184 0.557782869941
-8.096 14.0442 7.7019388163
-4.4517 20.8294 1.38731199447
-3.7421 22.0215 0.786326662399
-3.768 21.2356 5.61149738394
-5.1447 15.7956 1.30785489256
-5.6696 14.5977 0.445243450261
-5.3083 14.8579 7.63434678411
-0.8124 21.028 0.678043803895
-0.315 21.4888 4.51761581479
3.8666 19.7791 1.85448471819
3.176 18.058 2.26378861425
4.6777 19.752 0.752700504849
4.9279 20.4619 0.51572787398
4.8097 19.9599 12.0888130005
2.2867 8.1373 0.894857066799
3.0681 7.7012 0.499487387228
2.5935 7.8569 1.25191061981
1.6577 7.0253 13.2794314777
-7.8102 -2.2861 5.15940290053
-2.7679 -3.3791 3.16727805694
0.3986 -3.3089 8.5722392343
6.2556 -9.5682 0.382058974505
6.5965 -9.3957 0.121868166475
6.4817 -9.4366 1.08183794073
6.2899 -10.5013 15.7262675651
10.7882 -25.5705 7.73998298835
15.6611 -31.584 4.35461263145
19.892 -32.6146 1.5709832749
21.4626 -32.5799 1.55549811957
23.0082 -32.7551 2.60489851818
25.6109 -32.8621 3.18817536531
28.7755 -33.2491 4.64926624964
33.421 -33.062 5.01245415341
37.939 -30.8912 14.5667377817
38.0382 -16.3248 0.401869356881
37.9965 -16.7245 0.215070081601
38.109 -16.9078 0.0993954727339
38.1995 -16.9489 2.85340375692
35.4461 -17.6977 0.739520980095
35.6319 -18.4135 1.09575191079
35.6751 -17.3186 12.9012953621
42.6431 -5.9579 5.25260901267
42.8431 -11.2067 5.74234363044
39.3252 -6.6681 0.754731422428
39.9728 -6.2805 0.688183587424
39.4295 -5.8581 1.11485985666
39.357 -6.9706 0.864125916751
37.9339 -5.4437 0.319709759
38.2231 -5.58 0.677807826747
38.6668 -5.0676 0.840609302827
38.014 -5.5972 1.29489331221
37.0402 -6.4507 0.340889263545
36.7384 -6.2922 0.564181291785
37.1742 -6.6505 0.504878123907
26.7819 -5.7677 4.11416520086
22.72 -6.4214 1.11786577459
22.5383 -5.3184 0.891307141226
22.0242 -6.0465 26.954695766
10.6214 -30.4705 0.303582888187
10.4205 -30.6981 1.9316710486
8.8403 -31.8091 5.0555486636
3.943 -30.5541 4.74142866761
-0.7811 -30.9591 3.37021011956
-4.1368 -31.2715 0.782059345574
-3.8639 -32.0044 3.31232083289
-7.1496 -32.4235 3.12784148096
-10.0319 -31.2087 3.10947005935
-12.8697 -32.4798 1.29475351322
-14.1582 -32.3527 4.19457788103
-18.2996 -31.6869 2.19127144142
-20.4494 -32.1112 1.81893417693
-22.2221 -32.5187 4.07274169203
-26.2861 -32.7854 3.98543896202
-30.2415 -32.297 2.68990641473
-32.9311 -32.2564 1.9097820949
-34.7269 -32.9063 3.69830269448
-38.42 -32.7102 3.19192249593
-41.5131 -31.9221 2.72803332274
-44.134 -32.6791 6.05618240974
-48.5017 -28.4838 3.0987376817
-49.4598 -25.5369 1.33696768099
-48.7165 -24.4256 2.42058862263
-49.9077 -22.3184 0.89366103753
-50.3863 -23.0731 1.11125771088
-49.3062 -22.8118 1.39408758692
-49.1521 -34.0 16.4385812186
-41.2509 -19.5848 4.42518893269
-36.9431 -18.5723 1.16672036495
-35.981 -17.9123 2.4434835645
-33.8178 -19.0486 1.44070078087
-33.1385 -17.7781 22.2594229377
-19.8819 0.1033 20.2463337009
-14.1591 19.524 5.45490183963
-8.8899 18.1128 14.9094535467
0.666 6.6683 0.718688499978
0.5264 5.9633 1.3169190256
0.034 7.1847 13.6891789593
-4.0643 20.246 0.614784685886
-3.4732 20.415 0.456797745178
-3.0249 20.5027 4.09985819389
1.0451 20.9966 12.3253575989
7.5906 10.5529 0.602634358463
8.0702 10.188 3.01143486232
10.307 8.1717 1.03162470889
10.2043 9.1982 0.247279315754
10.3748 9.0191 22.9331074155
22.6626 28.3824 10.8429633035
32.3264 33.2998 8.6919884083
39.5624 28.4841 1.26056227534
40.7763 28.1443 18.0888207648
40.5268 10.0572 2.30728379269
42.4351 8.7603 5.65242654618
40.037 3.6418 0.455959515747
39.7232 3.311 1.08306979461
39.6949 4.3937 0.1662293897
39.6204 4.5423 2.34165285642
39.8317 2.2102 0.897419077132
0.0 0.0 1.92707537995
1.3884 1.3364 2.21979604919
0.4753 3.3597 1.88673244791
-0.5685 4.9314 1.02889983963
-1.0757 5.8266 0.841286110666
-1.8043 6.2472 2.54582001328
-3.8408 7.7749 1.10770657216
-3.9616 6.6738 0.80342104777
-4.5553 7.2151 0.596732276653
-4.3399 6.6586 1.2941227917
-4.1313 7.9358 19.9330283219
-9.8161 27.041 6.17676511614
-15.9164 28.0099 3.58234072779
-19.4817 28.3589 1.01268921689
-19.0421 27.4466 4.85578630502
-23.8929 27.6666 3.7401797283
-26.8031 30.016 2.86685796125
-29.355 31.3224 3.45235647059
-32.7228 30.563 1.53822924494
-34.2528 30.4041 4.32776979517
-38.5782 30.2609 11.4072407168
-49.8028 28.2278 1.01826987582
-49.4101 27.2883 3.05617844538
-51.0863 24.7328 1.7099280365
-48.8253 15.4471 9.44092226427
-41.6587 9.3013 1.84778788826
-39.9789 10.0711 1.42011443201
-40.0729 8.6541 0.885079934243
-39.5236 9.3481 21.8497919775
-22.4711 23.0092 7.84837440302
-14.6337 22.5943 0.892470201183
-13.9722 21.9952 0.553116841183
-13.5582 21.6284 2.16550369198
-11.4114 21.3444 4.18002822
-7.364 20.2998 3.87253636006
-3.9935 18.3929 3.90477924216
-0.0898 18.4847 1.60802808433
-1.2164 17.3373 10.9435333682
-8.0047 8.7536 0.503733898006
-7.8519 8.2736 13.4375311858
1.349 -1.5198 1.09465167519
2.4425 -1.4696 1.11599222668
1.3413 -1.6507 13.0985928698
-11.6941 -2.9358 11.6406003423
-0.0998 -3.973 0.70360299175
0.5288 -4.2891 1.89055390825
2.268 -5.0303 4.17569378667
5.7672 -7.3089 1.07100590101
6.3412 -8.2131 1.1605284012
5.7116 -7.2382 7.40114666048
2.7341 -0.4624 0.596627061069
3.3237 -0.5537 9.49585800915
7.064 -9.2819 16.4719460423
-8.2491 -15.351 1.06805884201
-7.7086 -16.2722 0.71378568212
-7.7716 -15.5612 13.1873109439
0.7251 -5.476 0.968714457413
1.687 -5.3613 11.9222258094
7.7026 4.932 35.7938493557
37.5723 24.6551 5.37610726083
40.9571 20.4783 4.40951226895
47.0 9.16 15.9963554205
40.4845 23.7693 27.828150457
12.9164 27.5648 0.887509098545
12.0318 27.6366 2.84796774034
9.2318 28.1571 4.21617237314
5.032 27.7859 6.51552246332
-1.3159 29.2543 3.80966089042
-5.0662 29.9242 2.84465929419
-7.8857 30.3017 2.74403821038
-9.941 32.1198 0.934760429201
-10.8635 31.9689 1.02948886832
-11.7462 32.4987 2.97975062715
-14.7248 32.5815 1.97627443691
-16.6472 32.1232 1.9803418215
-18.6274 32.0995 2.03398385933
-31.2837 32.7719 0.927458311732
-31.7293 33.5853 0.296506745286
-32.0145 33.6664 1.26014364261
-31.1135 32.7854 1.75903349883
-26.9037 27.2282 1.32784505873
-28.0426 26.5455 2.53817340818
-29.9781 24.9035 2.64991522883
-32.1845 23.4359 2.82908664413
-36.1036 18.6972 17.1667455232
