0.0 0.0 7.232474291
-3.2391 6.4666 1.36961689899
-2.2558 7.42 1.06654434976
-2.2829 6.3538 14.4504273293
-2.5127 -8.0948 12.4578113656
-8.1446 -19.2069 1.36268447558
-7.6709 -20.4846 0.750954918753
-7.3809 -19.7919 5.65361582087
-8.992 -14.3727 0.900716853401
-9.5829 -13.6929 0.278183195035
-9.3296 -13.8079 0.527087326731
-8.8149 -13.9215 2.58224090665
-6.773 -15.5022 0.546220193695
-6.2437 -15.3673 0.360825733561
-5.9073 -15.2368 0.325482426561
-5.6093 -15.1059 0.148631692448
-5.4936 -15.0126 10.1242590652
-2.0205 -5.5027 12.9477133429
5.3711 5.1278 0.930613587909
5.195 4.214 0.922985167811
5.9449 4.7521 0.262435553994
5.692 4.8222 0.722984992929
5.5077 4.1231 1.2129102069
5.5931 5.333 16.7889061258
8.985 21.7757 0.466225535551
8.6849 22.1325 0.961179046796
9.6053 22.4095 0.502970376861
9.4037 21.9487 1.66993203455
10.5567 23.1567 1.54258821466
12.0231 23.6355 1.34711224477
11.8719 24.9741 9.75346684262
3.0911 29.22 9.88687520807
6.9344 20.1107 6.42657008754
5.8922 26.4522 0.79290277462
6.4413 27.0242 0.433413024724
8.276 27.7319 0.156841321086
8.4328 27.7283 1.41486113806
9.5118 26.8131 0.64404572819
8.9501 26.498 0.271299465536
8.8687 26.7568 1.03235580107
9.6374 27.4459 0.956109292916
9.4967 26.5002 6.41791297697
15.914 26.4115 1.03861381177
14.8856 26.5568 1.05294879743
15.9382 26.5839 0.497883128857
15.4738 26.4044 23.3561523959
36.5181 16.2729 0.522022719812
36.9137 16.6135 1.16636617321
35.9028 17.1953 18.9511413812
18.9641 25.6939 4.69589749143
14.2806 25.3529 2.97530177461
11.3342 24.9392 0.712538448085
11.709 25.5452 2.28432887737
9.5739 24.7331 5.09918977878
5.7041 28.0537 5.57293847983
0.1444 27.6698 6.18810984793
-4.7641 23.9016 4.14777213092
-8.8727 23.3329 1.53275397895
-10.3903 23.5479 1.57937600336
-11.9673 23.6345 0.997464485583
-11.0191 23.3249 1.78809552877
-12.7042 22.7268 7.06582350473
-15.321 16.1634 1.23219571497
-14.0912 16.2402 0.658384765923
-14.5855 16.6751 1.02876227089
-14.1564 15.7401 1.19222370803
-15.3463 15.6657 8.69939383693
-22.1291 10.2184 0.910479269396
-22.9656 10.5779 0.49182635147
-22.8816 10.0933 1.02680915948
-21.9392 10.501 0.0927437868539
-21.9021 10.586 1.48253674828
-22.7185 9.3485 1.07087179438
-22.5749 10.4097 4.95455832643
-26.331 7.1787 0.723906209395
-27.0548 7.1663 0.108650080534
-27.1426 7.2303 0.552507610807
-27.4931 7.6574 1.23771454706
-28.3278 8.5713 1.60080087769
-28.0297 6.9985 7.55320700233
-22.0698 11.6386 1.08827300343
-22.7185 12.5124 20.3991959609
-37.5777 26.4885 11.7532133176
-49.3054 27.2625 4.24100016623
-51.8775 23.8905 0.316054299132
-51.6201 24.0739 0.592069066917
-51.2844 23.5862 1.07218688669
-50.9818 24.6148 0.858839106003
-51.7428 24.2167 1.15465445047
-50.6125 24.4526 12.050642521
-43.2596 34.0 5.30398582672
-42.8494 28.7119 1.32944260877
-43.7933 27.7757 4.76058608682
-48.5475 28.0222 0.84072921919
-48.8664 28.8001 1.24827080395
-48.9788 27.5569 13.3584612684
-49.2077 14.2004 1.15186693676
-50.3565 14.2844 1.25216538844
-49.5911 13.2934 4.37480257497
0.0 0.0 7.48253963638
-2.147 -7.1679 13.101668082
1.7768 -19.6682 9.80532271626
-1.5453 -10.4428 0.0745342874119
-1.4753 -10.4684 12.1775583912
-6.8747 -21.3835 0.667121345784
-6.7722 -22.0427 0.939546752429
-7.1761 -21.1944 15.2682312587
-9.9312 -6.1768 1.25380903251
-9.9947 -4.9246 0.80322745222
-10.4794 -5.5651 9.27770966187
-11.7975 -14.7487 2.01418323397
-9.7958 -14.5248 2.82362486177
-7.2128 -13.3842 0.604405112487
-6.6605 -13.6297 1.54952267489
-5.1491 -13.2881 9.9679007464
4.4369 -10.5554 18.9033273592
-13.577 -4.8252 0.19142604316
-13.3858 -4.8159 0.654406265251
-13.1292 -5.4179 7.76641340131
-15.8356 -12.6975 0.507324560809
-15.9017 -13.2005 1.2938328215
-14.7773 -12.5604 0.411616629888
-14.4354 -12.7896 0.633007748768
-13.8669 -12.5112 14.9272238628
-25.9269 -21.3077 0.546671473556
-25.6442 -20.8398 0.361652609558
-25.6836 -21.1993 0.905000022099
-24.9226 -21.6891 3.11522777658
-25.2017 -24.7918 1.94255937618
-24.1964 -23.1296 0.472552303983
-23.7826 -22.9014 2.03923824258
-22.7332 -24.6499 2.0115694594
-21.272 -26.0324 0.0699618467452
-21.2991 -25.9679 8.11563562329
-20.053 -17.9485 7.03597615971
-15.5864 -12.5121 0.907729767056
-14.7697 -12.1159 1.6317264875
-13.6404 -10.9381 0.569993754352
-13.0766 -11.0219 0.578390179723
-12.5558 -11.2735 0.345187268015
-12.437 -11.5976 0.393947064972
-12.044 -11.6249 3.15816901543
-9.0433 -10.6401 1.19164096942
-9.6261 -11.6795 13.9026567893
-16.1113 -23.9769 0.450174588354
-15.7967 -23.6549 0.282690236832
-15.5371 -23.543 0.212466962138
-15.3661 -23.6691 0.178272263687
-15.5265 -23.5913 0.647694773794
-16.1619 -23.4657 0.334999373134
-15.9806 -23.184 0.527700009475
-15.4529 -23.1839 0.507495546778
-15.0256 -23.4577 0.358147581313
-14.8171 -23.1665 0.175714228223
-14.7286 -23.3183 0.402216658034
-14.5786 -23.6915 0.565310189188
-14.5166 -23.1296 0.285357057036
-14.5454 -22.8457 0.783440425304
-13.8195 -23.1404 2.64945432306
-11.273 -22.409 0.6709728534
-10.6034 -22.4519 0.411025753451
-10.1935 -22.4215 0.20762324051
-10.0281 -22.547 0.287642295221
-9.9216 -22.2798 0.462413537864
-10.3018 -22.543 4.14144743417
-11.2856 -18.5201 0.330192383316
-10.9701 -18.6175 0.266865602879
-10.7859 -18.8106 1.29607861258
-9.5323 -18.4815 1.6535145146
-11.1356 -18.0771 13.0754119606
-13.3221 -5.1858 1.03684071101
-12.5442 -4.5003 1.42254296596
-12.4482 -5.9196 5.61190643721
-12.4397 -11.5315 0.535004485963
-12.4605 -10.9969 8.27324807376
-14.9793 -3.1164 0.685868828567
-15.5259 -2.7021 0.842712014866
-14.6832 -2.6976 0.903814992131
-15.4657 -2.2453 1.57319234679
-15.4411 -3.8183 5.59516530229
-16.0935 -9.3753 0.653953056419
-15.5163 -9.6827 1.54960669204
-14.0516 -10.1886 0.652795986507
-13.404 -10.1064 1.18490917795
-12.4916 -9.3504 15.619409121
-1.6268 1.8711 2.95215112249
1.3247 1.8091 11.5756265632
5.9699 -8.7936 1.10820345154
7.0244 -8.4528 1.80090617746
8.8209 -8.5787 1.21904881362
10.0133 -8.3252 0.769687761368
10.6391 -8.7733 0.530076070013
10.9799 -9.1793 1.47060589214
12.2884 -8.5081 1.58566477226
10.9945 -9.4247 0.0652736547161
10.9293 -9.4278 1.04852065311
11.9693 -9.5612 0.701892477521
12.2312 -8.91 1.24845628277
11.0737 -9.3778 15.9239521709
-2.2756 -18.0593 1.10674485768
-1.5239 -18.8716 1.00706628382
-2.0054 -17.9871 16.56739465
-8.4544 -2.7264 15.4125678201
-5.6669 12.432 0.742182706616
-4.9608 12.2034 0.318018379972
-5.0263 12.5146 1.23112338943
-6.1315 13.057 0.425840016908
-5.9569 13.4454 1.3285767761
-6.0609 14.7699 0.0656878223113
-6.1229 14.7916 0.35050706127
-5.7733 14.8168 0.948752538864
-4.825 14.8461 0.247163043354
-4.5781 14.8575 0.471111717112
-4.8673 15.2294 0.450592720758
-5.1085 15.61 0.480511904119
-4.7597 15.9405 0.53150925674
-4.2332 15.8677 1.22970740016
-3.0127 15.7175 0.215727096119
-2.9664 15.9282 5.70699199228
-8.2928 17.9774 5.97201425484
-3.0477 20.8329 0.06930007215
-2.979 20.842 0.165185622861
-2.8263 20.905 0.711682190307
-2.184 21.2115 4.52160438451
-6.575 20.1326 0.470625891765
-6.1222 20.2609 0.262394207253
-5.8606 20.2813 0.30542589936
-5.7553 20.568 0.329121937889
-5.4358 20.647 0.205614979999
-5.2304 20.6564 0.085392505526
-5.1952 20.5786 0.162176601272
-5.3357 20.6596 0.102494146174
-5.4261 20.7079 0.0649598337436
-5.4828 20.7396 0.0565552826887
-5.5295 20.7715 6.22264358693
-4.7731 26.948 1.43023710622
-5.1914 28.3157 0.300151445107
-5.0347 28.5717 0.32506419366
-4.722 28.4829 0.999776264971
-5.6737 28.1766 0.904520933976
-5.2063 27.4022 0.137047181657
-5.3326 27.349 0.311791741392
-5.0261 27.2918 0.536870943524
-4.5521 27.5439 0.198008004889
-4.362 27.5993 1.33163184852
-5.2793 28.5646 0.0750053998056
-5.3459 28.5991 0.386278992439
-5.3998 28.2166 0.222187713432
-5.4685 28.0053 0.196619937951
-5.3903 27.8249 0.139045100597
-5.378 27.6864 0.0954974868779
-22.2879 34.0 8.99206999194
-27.9722 27.0325 1.1717848352
-28.6865 27.9614 0.31881864751
-28.8183 27.6711 0.875862466372
-28.0024 27.9896 1.7035151012
-28.9025 26.5433 3.48940183126
-32.138 27.85 5.25469190058
-37.2224 29.1769 11.3816752229
-48.5596 30.1821 2.96695965594
-50.8144 28.2537 2.02296008117
-50.8829 26.2319 11.2916725054
-50.0298 14.9725 1.07127874991
-50.9848 14.4871 0.483075004528
-50.6859 14.1076 1.23918722153
-51.3955 15.1235 0.812260924826
-51.127 14.3569 7.76285081462
0.0 0.0 7.7670315282
-1.5926 -7.602 13.4946289764
-2.7026 5.8469 0.164026156451
-2.6193 5.9882 6.7236622439
-6.0879 0.2283 0.185369603765
-6.0996 0.0433 8.83314908512
-8.4576 8.5559 0.826983591131
-8.9795 7.9144 10.3243546287
-10.986 -2.2131 0.901879481971
-10.4332 -2.9257 2.78247868815
-9.2094 -5.4246 13.7718098193
-12.3287 -18.8385 0.521999664751
-11.8516 -18.6267 2.64506150023
-10.0981 -16.6464 0.688106096471
-9.7171 -16.0734 0.549788550263
-9.8099 -16.6153 0.380615343884
-9.4801 -16.8053 0.412057083424
-9.0853 -16.6873 0.0787402057401
-9.0382 -16.6242 0.0905632375746
-9.0979 -16.6923 1.04914964614
-8.7796 -15.6926 8.74083754568
-3.6324 -8.628 11.6967187557
2.139 1.5457 1.66739201449
2.8148 3.07 3.92349319485
6.4375 4.5766 4.70031387888
9.5659 1.0686 0.79474768323
10.3597 1.0298 2.33181611625
9.6158 11.083 21.8867124352
-0.6551 30.4101 0.812600203052
-1.4673 30.4356 0.611700989046
-2.079 30.4367 2.25950606328
-4.3339 30.2925 1.8047241479
-6.1137 30.5914 2.09557844043
-8.2031 30.4306 3.56275918355
-11.7529 30.127 10.8347907931
-13.1777 19.3863 2.37179902184
-14.0051 21.6091 11.8065561215
-22.0139 30.284 19.2625513941
-41.2325 28.9835 6.84970107158
-47.9119 27.4656 3.30361864779
-49.3543 24.4935 1.96022877491
-50.632 23.0069 3.24697729281
-42.8521 11.2527 0.809679504495
-42.4362 11.9474 1.30836545736
-47.6973 15.467 0.0747511203929
-47.623 15.4752 1.79207105049
-45.8867 15.9188 1.12103738564
-46.1876 14.8389 1.84639776863
-46.027 16.6783 0.670030723176
-46.6941 16.6157 0.382055100738
-46.37 16.818 24.1469752971
-23.17 23.514 9.41734622917
-13.9334 21.6778 0.687875628293
-14.5172 22.0416 1.13544293119
-13.838 21.1317 13.3719646163
-3.0311 13.2564 0.83905595761
-2.2008 13.1355 3.94698722699
1.5816 12.0076 1.09456976023
2.623 12.3446 2.82219976614
5.3566 11.643 1.07454596924
5.9068 12.566 0.480019687096
6.1705 12.1649 2.20307483305
8.1721 11.2445 0.676677545069
8.7906 10.97 0.495498345103
9.28 10.8925 1.1037503205
8.3886 10.2416 12.779925747
0.4957 20.2929 0.724650984958
0.4038 21.0117 1.26010382509
0.1072 19.787 17.703384608
-2.9711 2.3533 0.326661675132
-3.1318 2.6377 1.18866029209
-2.6141 3.7077 16.6659946154
-2.3985 20.3723 0.190075616532
-2.352 20.5566 0.519688031419
-2.0734 20.1179 6.72844113298
-7.2216 15.7857 3.77961512591
-3.4421 15.7562 0.979743119394
-2.6808 15.1395 0.739716607898
-1.9413 15.1216 2.71197312855
0.4031 13.7583 7.88895708253
-3.9288 20.3515 3.64417526609
-2.4387 17.0259 3.41847506646
-3.481 20.2816 2.14915017623
-2.9728 22.3698 7.16356435582
4.174 21.88 0.479504421252
4.6035 22.0932 0.483758297086
4.9155 21.7235 0.176486741712
5.0829 21.6676 0.989344914577
5.7373 20.9256 1.26316922857
5.1778 19.7931 11.7650173332
13.9932 27.5844 0.182592716175
14.1205 27.4535 8.21967124038
6.8344 23.6488 0.469257882193
6.5058 23.9838 0.380642732756
10.7157 25.8837 0.0776507565964
10.7715 25.8297 7.25712134941
6.5123 31.7055 3.73070991234
2.7816 31.6969 3.0593004184
-0.2393 31.2137 3.06625635751
-3.2952 30.9619 1.80253183051
-5.0824 30.7273 2.7968056064
-7.86 30.4001 3.6103348155
-10.3272 33.0359 0.601903464021
-9.7589 32.8376 1.53287437515
-11.1633 32.2233 6.65215042073
-17.8154 32.1974 0.218961663311
-17.6865 32.0204 1.85245782948
-19.3314 31.1684 0.988587649124
-20.1799 30.6611 1.40526487895
-21.4126 29.9864 1.51096936435
-22.3857 31.1423 0.637357144778
-21.7735 31.3196 3.11437642234
-24.643 32.5301 3.3563517709
-27.9905 32.7737 2.09400930275
-29.5819 31.4127 3.83563235465
-33.3339 32.2093 4.06073666839
-37.0212 30.5083 13.3854647286
-50.3354 29.1289 1.01737077804
-50.5263 30.1282 1.09687928689
-50.3061 23.6748 0.60880555188
-50.3035 23.066 0.285666326332
-50.0872 22.8794 8.34762859979
-42.9252 18.5912 0.522645673473
-43.4411 18.5075 0.743290824644
-42.9217 19.0392 2.0537382136
-41.1328 18.0304 28.4709142819
-20.2609 -1.3334 17.493197419
-14.4946 -17.8489 3.01730290988
-12.5537 -20.1591 3.17341723699
-9.4101 -19.7251 5.43122680524
-7.8707 -14.5166 5.61324536431
-6.5123 -9.0702 0.968001673552
-6.5105 -10.0382 10.2260569375
-8.1112 -20.1382 1.12135369086
-7.0459 -20.4883 6.97399377832
-0.8708 -17.2472 7.54688734777
3.1592 -10.8664 0.686245182132
3.7763 -10.5662 3.32839836107
6.976 -9.6496 2.20856558427
8.9273 -8.6151 0.620434275327
9.4803 -8.8964 0.371486231239
9.6302 -9.2363 1.34687053572
8.7412 -8.2245 10.894675891
0.1566 -1.5164 12.7182151362
-3.7789 10.5776 1.15185053284
-2.9192 11.3442 1.17638057192
-3.3102 10.2347 4.14206292202
-4.7636 6.356 1.2540138197
-5.6565 5.4755 5.47562424295
-9.4228 1.5009 1.00620835318
-8.7581 2.2563 5.37353749871
-7.6011 7.5038 1.58935550775
-7.6714 9.0916 5.59358658644
-5.5461 14.2657 0.303996447348
-5.2439 14.2987 0.479703324983
-4.9037 14.6369 1.82942370161
-4.4109 16.3987 2.5824009952
-3.887 18.9274 2.72316596079
-2.3181 21.1532 0.92899277177
-2.9452 20.4678 0.761158761363
-2.2607 20.8007 0.461385446238
-1.9029 20.5094 0.752034813024
-1.3385 21.0064 0.640243648934
-1.7318 20.5012 4.74415204647
-5.1248 17.1854 0.109601642323
-5.0474 17.263 4.95235233096
-3.553 21.9845 0.724501166321
-2.8285 21.9832 14.9918366653
10.7799 28.2734 0.737314817429
11.4014 28.6701 1.83680245263
12.6349 30.0311 7.69186189164
19.7193 33.0271 2.77014368761
22.4826 33.2217 3.58175199867
26.0643 33.2024 0.478146588402
26.5339 33.1124 0.604786375508
27.0939 33.3408 0.666503713418
27.1923 34.0 7.56876447777
19.8829 32.0356 1.0505086863
19.9122 30.9855 13.8715293533
17.524 17.3211 0.450187183292
17.2205 17.6536 10.7771937558
6.8968 20.747 7.77432331718
10.592 27.587 1.90859594991
9.1305 26.3595 3.4433968534
7.7435 23.2078 0.87462509111
7.0064 23.6786 2.36758941753
6.1131 25.8712 0.237124439904
6.0587 25.6404 0.479027222608
6.0169 26.1176 1.45679033495
5.6881 27.5368 0.691250027125
-4.1535 34.0 5.77700850354
-9.6798 32.3166 0.613274245342
-9.3867 32.8553 2.84232966772
-12.1254 32.0948 7.69600771894
-19.8145 32.4208 0.410689578636
-19.5953 32.0735 1.39576096807
-18.2771 32.5323 0.459985325853
-18.4298 32.0984 1.06435409521
-19.4848 31.9576 1.32435471079
-18.3516 32.643 0.396541170624
-18.3703 32.2469 0.840292931066
-19.0678 31.7783 1.1210556632
-19.975 32.4369 2.19347538167
-22.0866 31.8432 0.106071909571
-21.9811 31.8542 1.1278181458
-20.8907 32.1423 0.573404377381
-21.334 32.506 0.525051473667
-21.7203 32.8616 1.62878683995
-20.5554 34.0 7.31302468203
-26.0452 29.1686 7.05666913636
-32.7189 31.4617 3.03976293813
-35.6453 30.6393 1.39677813915
-36.6747 29.6952 6.25049536677
-31.666 25.956 5.62733117739
-36.9077 28.0033 12.8177710332
-49.6082 29.7332 0.913883761755
-49.511 28.8245 0.947053335351
-50.2099 29.4636 1.01239284865
-49.4841 30.1694 1.1936000377
-47.684 22.4433 0.894030564354
-48.4312 21.9524 0.493771971663
-48.5588 22.4294 1.11356510362
-48.2078 21.3726 13.6408301162
-38.7763 11.5177 20.8034121252
-19.2365 4.3778 0.47251423259
-18.7674 4.4345 1.93852999977
-16.9158 3.8605 0.588836046791
-16.3453 3.7147 0.534067345941
-15.8841 3.4454 0.531083769287
-15.4487 3.1413 2.11648324586
-13.5854 2.1375 2.04236018616
-12.4577 0.4347 0.457202318454
-12.0241 0.5797 0.533689835017
-11.5991 0.2569 0.352861729294
-11.3129 0.0505 0.327659854117
-11.0056 -0.0632 0.258035850222
-10.8485 0.1415 0.115924846345
-10.7326 0.1391 0.491923540807
-11.17 -0.086 0.729992362974
-10.4562 -0.2389 2.54745458841
-7.9104 -0.1471 0.911140691661
-8.2198 -1.0041 1.07081767356
-7.1566 -1.1316 0.999941128267
-7.7361 -0.3167 14.8761522945
-15.0211 12.6536 2.58077755919
-12.4426 12.5452 1.39071337809
-11.0525 12.5865 0.443526831206
-10.6219 12.6928 0.692964255932
-9.9474 12.8517 0.486883035235
-9.5764 13.167 1.99681682936
-7.7416 13.9549 7.32984051395
-4.6202 7.3229 0.639664795029
-5.2574 7.379 0.10298912564
-5.2684 7.2766 6.07679921422
-6.2994 13.2653 14.6025207091
-10.3603 27.2918 0.826821002394
-10.9634 27.8574 0.777653245348
-10.273 28.2153 0.767904499271
-11.0064 27.9877 0.826641427706
-10.239 28.295 24.0119104613
13.3066 33.0042 0.900288453775
14.1979 33.1311 3.04113929309
17.1767 33.7437 5.29839595727
22.4591 33.3323 4.91689756656
27.3513 32.8401 5.78944560472
32.8892 31.1521 7.06107479425
39.2407 28.0671 1.56892841456
37.6721 28.0992 4.25920056818
36.7393 23.9434 1.67639247195
38.1659 24.8238 0.373389367819
38.3568 24.5029 0.314254435132
38.5385 24.2465 0.0
38.5385 24.2465 0.824592220434
39.0097 24.9232 0.299296191088
39.2758 24.7862 1.31854201677
37.9705 24.9726 0.876236777361
37.3685 24.3359 13.782238078
27.8423 14.3759 2.97006378719
30.8096 14.2478 0.448177130162
31.1289 14.5623 0.690701961775
31.8127 14.4649 1.26200381933
31.1867 15.5607 23.4808347009
16.6491 34.0 18.1021214218
14.3765 16.0411 0.394380894568
14.576 16.3813 14.5706431104
12.0183 30.7257 1.09069315575
10.9303 30.6491 17.9154045796
-3.5307 20.0736 0.651117347335
-3.5879 20.7222 1.38288099633
-3.9131 19.3781 13.7994903692
-5.4369 5.663 3.14219198172
-2.3295 6.1293 0.712568452852
-1.7987 5.6539 2.25497852761
0.1709 4.5559 0.734592308699
0.3664 5.264 0.642180114921
0.5581 4.6511 1.38381189473
-0.2463 5.7771 0.498620707552
0.3733 5.9892 0.758953806236
1.0701 5.6884 0.375257698122
0.8254 5.9729 3.17847622612
5.0279 4.7813 0.467934877948
5.2943 5.166 0.841406085074
4.7281 4.5436 1.3990863626
6.1065 4.3039 0.562501999996
5.7678 3.8548 2.48519411918
7.6669 2.2518 6.56511413838
12.6576 -2.0136 11.8735778959
10.6313 -13.713 17.7011640095
-1.1439 -26.9295 4.8827373163
-5.394 -29.3332 3.98694530311
-9.1381 -30.7034 3.88715321669
-12.6984 -32.2636 2.90807169444
-15.5807 -32.6499 0.794999232704
-16.3634 -32.7892 2.2666218123
-18.5072 -32.0532 12.7779450899
-18.3218 -19.2766 1.02876878355
-18.7698 -18.3505 1.96812170609
-20.733 -18.4896 1.83585104516
-22.4135 -19.2287 3.11364327597
-25.5141 -19.5134 0.971588822496
-25.2601 -18.5756 1.08188742483
-26.2335 -19.0478 1.4692785985
-25.1301 -20.018 0.391256872144
-25.4964 -20.1555 1.39802218151
-24.6663 -19.0306 10.5565296239
-28.964 -28.6727 3.65653637887
-32.5975 -28.2629 5.70342854957
-37.9506 -30.231 4.88620232491
-41.0602 -34.0 5.91854138281
-40.3661 -28.1223 14.6701615659
-34.0715 -14.8712 1.7840824
-35.7414 -14.2432 0.346520490015
-35.93 -14.5339 0.646746666014
-36.5625 -14.3989 4.65131630617
-40.5518 -12.0072 0.768369761248
-39.7858 -12.0675 0.437151975862
-39.8214 -12.5032 0.631937251632
-39.6119 -11.907 0.937790221745
-30.7621 -2.0464 0.422242501414
-30.6504 -2.4536 7.89364495338
-32.7387 -10.066 19.2499532342
-14.1003 -14.8796 0.967078885097
-13.3077 -14.3255 0.862055647856
-14.0214 -14.809 22.6984775613
-31.1568 -29.6952 14.1289792784
-45.2772 -29.2029 4.12921872756
-48.6321 -26.7956 3.20921957491
-50.1673 -23.9774 0.807194480903
-50.3391 -24.7661 0.704718170619
-50.9338 -25.1442 0.507125940965
-51.3124 -24.8068 0.822738871089
-51.1654 -23.9973 11.5020007673
-40.4074 -14.6928 1.25178480978
-40.8149 -13.5092 2.84399151194
-42.1663 -11.0068 6.98726898938
-45.4871 -4.8591 0.704504343493
-46.1765 -4.714 38.0878648424
-51.2546 23.6495 32.0136334341
-20.1083 16.2481 10.147845798
-10.2536 13.8266 6.68512398165
-3.9045 11.7338 1.47582572481
-3.4706 10.3232 13.0587179574
-0.7221 -2.443 0.321559014801
-0.4889 -2.6644 6.23871507043
0.3073 3.5233 6.1931376991
2.5613 -2.2451 1.14139066055
3.1005 -3.2511 1.04118828749
3.2192 -2.2167 3.21153722849
5.8048 -0.3118 1.3299968797
7.0901 0.0301 0.849139523282
6.5404 -0.6171 19.8344131191
-9.7543 -11.9258 0.813747116738
-9.4717 -11.1627 9.38072187254
-11.2319 -1.9486 0.894601866754
-12.1194 -1.8361 1.17221397791
-11.5738 -0.7986 0.205611915997
-11.5883 -1.0037 0.538840208225
-12.1024 -1.1651 21.4005855625
-33.4843 -0.271 7.8884094753
-26.837 -4.5184 0.106279113658
-26.7339 -4.4926 0.102504731598
-26.836 -4.5017 2.47792099349
-24.4078 -4.9956 1.73335282329
-22.9903 -5.9932 15.9583563295
-7.191 -8.2407 0.97766563814
-7.4697 -9.1778 20.5749161245
-5.6389 -29.6711 0.664256712424
-5.8882 -30.2868 1.25130296891
-5.7668 -29.0414 12.7572868628
-8.4989 -16.5801 8.80737048613
-5.1621 -8.4293 0.595326775813
-5.6667 -8.7452 7.93896602147
-10.5212 -15.027 0.626634446867
-9.8965 -14.9778 2.66854289079
-7.3561 -15.7948 2.88391597832
-5.2405 -13.8349 0.891355939005
-5.3275 -14.722 12.7643704667
-6.187 -27.4574 0.442062891453
-5.9028 -27.796 0.623515597239
-5.7695 -28.4051 0.286379835184
-5.9765 -28.603 0.531393686451
-5.602 -28.98 0.374777600718
-5.2755 -29.164 1.21580395212
-6.25 -28.437 0.608415589873
-6.0983 -29.0262 1.1909113527
-5.0044 -28.5554 4.78419456649
-1.3203 -25.5032 0.175448681956
-1.3771 -25.6692 0.23004723428
-1.1774 -25.555 1.29220812952
-1.2546 -24.2651 12.3388481444
-1.9143 -11.9439 1.10684514725
-0.8296 -12.1642 0.92875338492
-1.5387 -11.5644 12.3536907542
-11.5786 -4.3662 0.723356689331
-10.8557 -4.3405 6.86657003532
-4.211 -6.0719 5.34046422795
-8.2706 -2.602 0.639943388121
-7.8983 -2.0815 0.624903528555
-7.2734 -2.0836 3.72213374961
-4.1043 -4.0358 1.90279126548
-2.2837 -4.589 1.70832690665
-0.8366 -5.4969 1.03627348707
-0.2521 -4.6412 0.874291084251
-0.5958 -5.4451 0.46111608083
-0.4298 -5.0149 2.08175720246
1.3731 -6.0557 1.12341804329
0.5234 -6.7906 15.8101981041
-7.6066 -20.3503 5.49810806187
-11.8051 -16.8004 0.671567375622
-11.1558 -16.9719 2.18857277923
-9.0353 -17.5135 0.897648622792
-9.7966 -17.0379 0.811492877356
-9.4703 -17.7809 1.53259518791
-7.9483 -17.601 2.64295167001
-5.4591 -18.4893 1.35131093757
-5.9761 -19.7378 0.969632822258
-5.0102 -19.8228 2.78004224608
-4.181 -17.1693 0.451401107664
-3.7296 -17.1683 0.226880431064
-3.5064 -17.1276 0.500526942332
-3.0375 -16.9525 10.0372123346
-8.0799 -25.6312 0.909296277349
-7.7715 -24.7758 7.18395848332
-6.164 -17.774 7.83032082676
-9.902 -24.6545 2.06497453979
-9.1948 -22.7144 11.6208546695
-2.3966 -13.2895 9.63588569152
6.7769 -10.3404 11.8189894344
4.7426 1.3022 0.538114941253
5.1121 0.911 7.17462811022
9.1557 -5.0156 19.9571294289
-10.6091 -2.2516 7.10772427152
-3.5727 -1.2472 1.57074983686
-2.6499 0.0239 2.87088366187
0.2071 0.3059 0.943915271621
-0.7177 0.4949 13.2556073361
-13.3588 4.4841 0.418846284453
-12.9723 4.3227 10.1781952428
-3.2459 1.3239 0.443083344304
-2.8721 1.086 1.460811966
0.0 0.0 5.94225480521
1.4796 5.7551 0.0955190033449
1.4718 5.6599 6.82148211242
-3.6871 1.1969 0.651276753769
-4.1241 1.6798 18.7199353979
-13.5832 17.8341 7.58467797075
-6.7906 14.4595 0.194128333841
-6.7697 14.6525 1.51730019772
-7.1887 13.1942 11.1332537364
-13.1027 3.7616 1.19879283448
-12.5822 2.6817 0.768845010389
-12.4274 3.4348 9.31247318385
-13.0682 12.7252 0.649022680651
-12.6042 13.179 0.49588890893
-12.2208 13.4935 1.9866762922
-10.6198 12.3172 1.78640121193
-9.0138 13.0995 1.58830425927
-8.0199 11.8606 10.8629030448
-14.8215 3.3906 2.53457463098
-12.3449 2.8516 1.53199974543
-11.042 2.0457 1.18596271442
-9.8886 1.7697 3.36121685406
-7.8593 -0.9098 1.85284305056
-6.8277 -2.4489 1.93094031239
-4.9034 -2.6089 2.18519945314
-3.7147 -4.4425 14.375628941
-9.2318 -17.7173 0.901010022142
-8.5473 -17.1314 5.04269962619
-6.2317 -12.6518 0.47407764132
-5.9861 -13.0573 1.28811723457
-5.9496 -14.3449 5.11240971167
-8.6821 -18.6658 0.464929457015
-8.3157 -18.3796 0.782410282397
-8.0426 -19.1128 1.00187586556
-8.4432 -18.1945 0.933278200753
-8.1604 -19.0839 1.82346332565
-7.4479 -17.4054 0.897299420483
-6.5974 -17.6914 2.21148142429
-4.9814 -16.1817 0.540212041702
-4.505 -15.927 1.36040119083
-3.5334 -16.8792 0.591812275979
-4.0778 -17.1113 0.271058111851
-4.2613 -16.9118 9.6289698852
-6.1541 -7.4707 16.798640306
-5.2784 9.3051 0.526052164714
-4.8832 9.6523 1.02307380477
-4.2956 10.4898 1.50747435467
-2.9493 11.168 0.719322180945
-2.6511 10.5134 0.683926319131
-1.9672 10.5074 7.65538084291
5.1071 13.433 0.133445794239
5.2068 13.5217 1.20977985601
6.1687 14.2554 1.69252803226
4.4802 14.3721 4.84119352226
2.0386 10.1917 0.473832681439
1.704 9.8562 1.18713585575
1.5515 11.0335 10.7604896696
-2.0897 21.1592 1.04810374009
-2.7208 20.3224 0.877633323205
-2.0803 20.9224 0.635878581177
-2.1729 21.5515 1.44127922694
-2.592 20.1725 14.9032406023
-6.3182 5.7426 7.68169019552
-7.2087 13.3725 0.860171157387
-7.4228 12.5394 7.933376926
-9.8629 4.9906 7.99192357946
-10.5244 12.9551 2.74828121742
-9.2442 15.387 0.569389093678
-9.0837 15.9333 0.626054470474
-8.6011 15.5345 0.891654355678
-9.0193 16.322 1.60034169164
-7.7566 17.3052 2.84328772023
-5.0007 16.6057 0.565930331401
-5.0552 17.169 0.498989869637
-4.5744 17.0355 10.8810924902
-6.5257 27.7402 0.554445759295
-6.3776 27.2059 7.60034356131
-3.6551 20.1099 0.693938678847
-3.2168 20.6479 0.323063167198
-2.9638 20.8488 0.665288456235
-2.335 21.0661 0.599132305922
-1.8534 21.4225 0.105999716981
-1.7529 21.4562 0.0371187284265
-1.7695 21.4894 1.16554332824
-2.0016 22.6316 7.30160506464
-2.0102 29.9332 1.07010213531
-1.1305 30.5425 18.1827349134
17.0492 30.8747 12.6791830277
29.7232 30.5122 6.84300158191
36.5123 29.655 0.901673582845
37.294 29.2056 0.709545128938
37.875 28.7983 3.56265214272
41.4077 28.3373 0.434678789453
41.8316 28.2411 3.08133023222
44.9016 28.5051 1.94832741602
46.74 34.0 16.0134540097
43.0084 18.4274 8.81795267055
37.3837 11.6363 1.12619169327
38.5095 11.6066 0.372661039015
38.3631 11.2639 7.16039289495
31.6435 13.7374 0.429265535537
31.2198 13.8063 13.9488404751
19.8154 21.8381 0.883036816899
19.0043 21.489 4.48984184688
14.5333 21.8999 4.79091180674
9.7438 22.0162 4.97973353705
4.7817 22.4349 2.95181551083
1.8662 21.9733 3.79070189807
-1.6396 20.5315 2.02288096041
-3.5333 19.8202 3.3542464027
-6.7411 20.8005 2.90044565196
-9.3874 21.9878 1.95878648658
-11.2353 22.6375 1.72148970952
-12.7532 21.8254 1.22368160892
-13.867 21.3186 1.64811604567
-15.2225 22.2561 1.3162132426
-22.8907 20.8722 0.601764945805
-22.4831 21.3149 0.316434906418
-22.1667 21.3102 0.76361794112
-21.5861 21.8062 2.05392475276
-19.9126 20.6154 2.03617066574
-18.0233 19.8561 0.708340101928
-17.4564 19.4314 0.485147657935
-17.0745 19.1322 0.386325057432
-16.7978 18.8626 0.522089436783
-16.2765 18.8339 0.717881452609
-15.6518 18.4802 0.371662857977
-15.291 18.5694 0.638568477142
-15.0289 19.1517 1.75746743071
-13.3993 19.8098 0.3897101487
-13.0139 19.8676 0.133158702307
-12.9779 19.9958 0.562134859264
-12.4177 20.0424 0.600746468987
-11.8173 20.022 2.43237169857
-10.4531 18.0082 0.635168363507
-9.9129 17.6741 1.73749372661
-8.195 17.4139 1.23249387828
-8.8404 16.3639 10.8555038805
-10.3721 5.617 12.0294794887
-0.0527 -0.5651 0.596828048939
0.4629 -0.2645 8.28352462723
8.241 2.5847 0.53772391615
8.396 2.0698 11.2647723253
9.5285 13.2775 0.866109692822
8.8935 13.8665 17.9102936151
-6.1612 23.5688 0.599096461348
-5.6471 23.8764 0.628922324298
-6.2548 24.0384 1.23006869727
-6.2678 22.8084 7.84137838712
-8.8113 15.391 0.862704700347
-8.4191 14.6226 0.289241663666
-8.3016 14.8869 1.61398583637
-7.5348 16.3071 0.925697407364
-6.8636 15.6696 1.929345446
-4.9424 15.4925 1.75412392379
-5.2569 13.7668 0.214524031288
-5.0935 13.6278 8.84409154634
-13.8997 12.81 0.325896686083
-14.2076 12.9168 0.232563453707
-13.9852 12.9848 1.17714374653
-13.8504 14.1542 0.69330571179
-13.4889 13.5626 1.31138004408
-14.044 12.3745 0.414213966447
-13.6405 12.4681 0.215703245224
-13.4447 12.5586 0.914029605647
-13.3781 13.4702 4.53248689353
-10.8341 17.2214 0.632518932523
-10.2033 17.268 1.99336091062
-8.2807 16.7416 0.466429040691
-7.9888 16.3778 0.348315862401
-7.6675 16.2433 3.62797496822
-5.2774 13.5139 1.12481316226
-4.3358 12.8986 2.25804013472
-2.5289 11.5444 1.1550222552
-3.3093 10.6929 0.579547582171
-2.7577 10.8707 0.3410968191
-2.4777 11.0655 0.435737684852
-2.079 11.2413 0.262098683705
-2.2254 11.4587 16.1270614471
-7.3458 26.7513 1.20515179542
-6.29 27.3324 13.8721942118
7.2975 30.1284 0.829612258829
8.123 30.2109 0.167567538622
8.2698 30.1301 2.09299590301
9.0881 32.0565 0.248240065259
9.2868 31.9077 0.146578033825
9.4072 31.8241 0.578851941346
9.9803 31.7427 0.335230025505
10.2672 31.9161 0.673992477703
9.6903 31.5676 14.0381447335
6.7887 17.8326 11.1029988224
10.8241 28.1763 0.959175109143
11.2886 29.0155 0.466895288046
10.8226 28.9866 1.1450407198
10.4402 27.9073 0.429739839903
10.3779 28.3325 2.45989299361
-2.6819 34.0 5.88618614045
-8.0761 31.6442 0.703444987188
-7.5214 31.2116 3.01320492665
-10.3182 30.0903 1.91366900482
-11.4841 28.5728 2.70077254133
-13.9637 29.6432 1.37966457155
-14.8745 30.6795 1.27453177677
-15.632 31.7045 3.41719176518
-18.886 32.7479 0.98683385633
-18.0215 32.272 0.360220835044
-18.1287 32.6159 1.53153367576
-19.5355 32.0105 6.24218716317
-25.7128 31.1128 1.89278811545
-27.3851 30.2262 1.87419113486
-29.188 29.7142 2.29843652294
-31.2258 30.7773 3.47946291976
-34.6869 31.1343 1.40935322045
-36.0746 30.8882 3.41067538326
-39.4795 31.0866 8.61924073222
-48.0797 31.6592 3.67488139264
-51.1762 29.6802 0.833614995067
-50.9876 30.4922 1.06559217809
-50.7112 23.86 0.763219660386
-50.5296 23.1187 0.944624634445
-49.6583 23.4836 0.89024592108
-50.5477 23.4448 0.900417131112
-50.9307 24.2597 0.429533293238
-50.959 23.8311 10.5666414366
-41.7456 18.6574 1.13162815889
-40.6279 18.4804 24.0640054442
-16.8208 21.9873 0.416615410181
-16.4694 21.7635 12.5713496571
-8.2596 12.2431 0.17372083928
-8.1558 12.3824 8.80918265107
-11.4285 20.5611 0.482123604483
-10.9474 20.5297 11.7864402981
-1.5981 13.3526 3.01648584449
0.9497 14.9675 1.20913427708
2.149 15.1214 3.44601170631
5.3222 13.7776 0.542122541498
5.8639 13.799 0.524041649108
6.2921 14.1011 0.457998788208
6.6938 13.8811 0.542575275883
7.2101 14.0479 0.398787324272
7.5939 14.1562 0.482655011369
7.8954 14.5331 1.23615346944
7.81 15.7663 11.3603516552
7.8687 27.1265 1.06058038828
8.9057 27.3489 1.02514961347
7.9879 26.8922 18.9770413619
-9.1758 18.7968 0.475685032348
-8.7098 18.7013 10.9236524972
-3.3526 28.2211 19.3048910044
15.4184 32.7298 1.2879809393
16.6731 33.0207 2.70037611084
19.3496 33.379 1.31521543863
20.6397 33.1232 1.83685967346
22.4386 33.4947 0.341848226557
22.78 33.5122 0.524934014901
23.3036 33.5496 10.897063392
21.8947 22.744 5.76931515606
27.3443 20.8501 10.4474020048
32.518 29.9265 5.98884780237
38.4986 29.6123 4.09486146896
41.094 26.445 6.00563900347
42.279 10.8236 0.267892235796
42.4629 10.6288 1.72554937629
40.9998 11.5436 7.40326964118
34.1815 14.4279 0.06989277502
34.1155 14.4509 3.59188035435
31.0643 16.3461 3.86797203971
27.197 16.274 1.96428923787
25.2356 16.3805 16.8306057719
12.8255 27.7497 4.1027798308
9.0402 29.3322 3.96583332983
5.0808 29.558 5.3087598646
-0.2273 29.4743 3.03758868842
-3.2643 29.5341 3.67703873382
-6.9411 29.4922 3.05076058877
-9.9847 29.7011 2.9090679332
-11.7937 31.9793 3.28108082802
-15.0579 32.3117 1.96558618483
-17.011 32.5329 2.64938111452
-19.6385 32.8727 1.5549014181
-21.1886 32.9948 2.20969972847
-23.2553 32.2128 1.15394067438
-24.3851 32.4476 2.743913499
-27.1203 32.6661 1.87211838301
-28.9771 32.9051 10.4228433304
-28.1541 22.5148 0.630335180678
-27.7479 22.9968 0.4213169116
-27.5366 23.3613 1.14555535004
-28.6157 22.9768 0.209298447199
-28.4979 23.1498 2.93357815815
-30.2095 20.7673 2.74775926893
-32.9563 20.6947 1.80148713012
-34.5715 21.4925 4.99078956679
-31.601 17.482 6.01180714677
-36.5169 20.9426 14.1430586374
-49.5598 26.4115 0.240653381443
-49.7275 26.5841 1.21394962828
-49.2264 25.4784 2.30624112573
-50.9562 23.9531 0.119719213161
-51.0632 24.0068 0.716731260655
-51.4341 24.6201 0.340808567967
-51.2159 24.8819 1.3740451994
-50.1144 24.0605 1.37785821114
-51.2709 23.3115 7.98037473118
-48.0452 16.0121 17.3356392859
-51.5 33.0 10.1478416922
-46.8555 23.9774 2.74626810417
-49.508 23.2659 2.67998717348
-51.4857 21.4573 0.966164095793
-51.7052 22.3982 0.906383108845
-52.1757 21.6235 0.4982230926
-51.9433 22.0642 1.09610642275
-51.7985 20.9777 10.6899700397
-50.2837 10.3956 5.70519098716
-47.1541 5.6254 0.705723919107
-46.4876 5.3934 1.0721340308
-50.5178 5.9218 50.8636985686
0.0 0.0 9.07494039209
-9.0746 0.0786 0.32982402884
-9.0979 -0.2504 0.983144119649
-8.1585 -0.5404 10.4469105452
-2.186 -9.1117 7.19358048888
-4.874 -2.4392 0.198425250409
-4.9423 -2.6255 0.187995558458
-4.8671 -2.4532 8.45431931855
-7.8688 5.4503 1.00553299797
-8.4373 4.6209 11.8079388434
-10.5615 -6.9944 1.27212853517
-9.5466 -7.7614 9.75986853446
-11.4916 -17.3255 2.87451447205
-8.6213 -17.4811 2.02128246418
-6.6015 -17.4037 1.11814729352
-6.2799 -18.4746 0.472607151871
-6.2825 -18.002 0.311076533991
-6.2756 -17.691 0.509593534103
-6.4042 -17.1979 0.998416130679
-5.9921 -18.1073 1.07541294394
-6.8073 -17.4059 12.9782789402
-9.415 -4.6923 13.1212607664
1.1401 3.1024 0.486960090767
1.4768 2.7506 9.2438475074
9.3983 -2.0137 0.205488418165
9.2328 -1.8919 1.1652483555
9.975 -0.9936 0.497695820758
10.4493 -1.1444 2.09174262757
12.5114 -0.7935 0.761144171626
13.2485 -0.9833 0.770171214731
13.9276 -1.3466 0.583163416205
14.3795 -0.978 1.21986927578
13.1691 -0.8263 12.1713282287
1.0334 -1.7569 8.1028636728
-2.9663 5.29 1.03413150518
-3.1004 4.2646 5.94229024956
-3.505 -1.6639 0.364560475093
-3.6495 -1.3292 5.25038142995
-5.8225 3.4504 17.1833199356
-10.1 20.0928 0.643282472946
-9.4753 20.2463 2.48631342352
-7.1823 19.2851 3.1457104285
-5.2884 16.7734 0.336774360663
-4.9595 16.701 0.158765235489
-4.8019 16.7202 0.222939722795
-4.6125 16.6026 0.586962460469
-4.1472 16.2448 1.56860833225
-4.7791 14.8091 8.58155781312
-8.0506 6.8756 18.297057329
-8.5969 -11.4133 0.543338752529
-8.0679 -11.2893 2.60663337852
-5.5093 -10.7912 4.9652907931
-9.8272 -8.3397 2.60812818895
-7.3703 -9.2149 0.995576380797
-6.3775 -9.2892 1.16834037849
-5.2095 -9.3174 0.73196372861
-4.5312 -9.0423 2.09924719126
-2.5058 -9.5942 3.04781126056
0.3164 -10.745 1.86087629089
2.0175 -11.4994 0.445899562682
3.4539 1.9921 1.007593023
2.4682 1.7832 7.61267006575
-4.0626 -2.1285 0.973707317421
-5.0241 -1.9748 3.47528839954
-8.4616 -1.4637 3.0268684494
-11.481 -1.2512 3.44242869062
-14.825 -2.0685 4.60667429932
-19.2427 -3.3744 3.36734402163
-22.4903 -4.2644 1.95401356188
-24.4439 -4.3046 39.4393018241
-51.5 -33.0 7.46828624853
-49.6605 -25.7618 1.07078648665
-50.6792 -25.4319 0.253386996509
-50.8393 -25.6283 7.40124890677
-51.5 -33.0 9.28588268771
-50.0127 -23.834 1.47599277099
-49.7482 -22.3819 13.5044897293
-47.0 -9.16 13.0659365259
-34.1671 -6.7033 3.34920983218
-30.8358 -7.0492 0.496756238008
-30.3398 -7.0766 0.620526816504
-30.2766 -7.6939 0.362533819112
-30.0205 -7.4373 0.622005024095
-29.73 -7.9873 0.355655802708
-30.0548 -8.1322 1.5917969123
-30.8518 -6.7543 0.360075242137
-30.5455 -6.565 1.34907302249
-29.4866 -7.4009 0.634443259874
-22.7894 -13.8725 1.05533794114
-21.7398 -13.7626 1.23415614085
-22.0335 -12.5639 0.905527586548
-21.4721 -13.2744 1.08091778133
-22.5306 -13.0554 9.17075459545
-30.0022 -7.7377 1.60676435111
-37.6921 -0.9078 0.646103838404
-37.322 -0.3782 9.40561904608
-36.1962 8.9598 0.269653740935
-36.3497 9.1815 0.380798332454
-36.0776 9.4479 0.540790828325
-35.854 9.9403 1.65738493417
-35.0211 8.5074 0.500035048772
-35.2298 8.9618 0.752195732506
-35.8469 8.5317 19.644177265
-42.6268 -9.9054 9.97159280857
-32.6993 -8.9687 0.511896483676
-32.2828 -9.2663 1.2055313932
-32.2915 -8.0608 5.21948978445
-29.7234 -12.6048 0.774763254162
-30.4981 -12.6147 0.997693670422
-30.0956 -13.5276 1.05303223123
-29.0694 -13.2914 7.70817920199
-25.2775 -6.5804 2.7785271944
-22.9986 -4.9908 1.98367538927
-21.1603 -5.7362 1.06503769886
-20.838 -4.7211 2.50229857731
-18.4969 -3.8375 0.810082674793
-17.7206 -4.069 0.474191533033
-17.3725 -4.391 1.51554601382
-16.2829 -3.3376 2.20661777615
-14.148 -2.7796 0.676323864728
-13.4719 -2.7622 0.593572986245
-12.8786 -2.7442 0.434093630453
-12.6154 -3.0894 2.5214689548
-11.6266 -5.4089 2.53543771566
-9.237 -4.5614 8.07839323442
-14.162 -10.9649 1.83193692304
-12.9612 -9.5814 2.59826647209
-11.2637 -11.5485 6.26853150666
-8.298 -6.0259 11.3030334092
-2.5943 3.7325 0.531215634183
-2.1557 4.0322 1.34682073789
-1.0406 4.7875 1.22579026754
0.0941 5.2512 7.37505524115
6.745 2.0642 0.750361279651
7.3332 2.5301 1.9025484593
8.9474 3.5371 3.05599966623
11.7564 4.7407 1.54285047882
12.9738 3.7929 0.445453521706
19.8266 7.8311 7.34334133348
13.4411 11.4574 0.701559641085
13.9258 11.9646 1.16054332534
13.9963 10.8062 0.943039394723
13.5742 11.6495 14.3067043434
5.3348 23.3454 2.23249320044
3.119 23.6179 2.87264521478
0.2872 24.1006 2.71190200782
-2.4247 24.1039 2.98544811042
-5.3936 24.4178 1.1319607237
-6.5048 24.6336 1.80341489957
-8.2969 24.8353 2.0143610029
-9.5821 23.2842 7.78935667947
-12.2539 15.9674 0.580508277288
-12.652 16.3899 0.968011885258
-13.5715 16.6925 1.12877761317
-14.6876 16.5238 8.42490685527
-16.158 24.8194 2.61543456427
-18.6044 25.7444 3.35694150232
-20.5544 23.0119 1.35817410151
-21.6936 22.2724 3.11207118331
-24.6887 21.4272 2.55772754022
-27.1466 20.7196 0.772640666804
-26.7314 21.3712 1.52077412524
-51.5 33.0 9.23122222569
-49.8267 23.9217 14.2929039352
-38.5316 15.1634 20.3931608967
-18.7176 10.3378 0.653474483052
-18.1859 10.7177 3.01319543342
-15.2695 11.4753 8.34350109367
-7.37 8.7898 8.94114434566
-6.4386 -0.1027 20.7645106518
-0.2955 -19.9377 0.610033195818
-0.7678 -19.5516 0.726725347019
-1.0276 -20.2303 1.0698618322
-0.3841 -19.3756 11.4706531745
2.4898 -8.2708 0.543669108926
2.9387 -8.5775 0.606502514422
2.6948 -9.1328 12.0551307127
2.9651 -21.1849 0.18177266021
2.7838 -21.1718 7.73902473055
4.8801 -13.7221 0.0976000512295
4.7825 -13.7222 6.27512579396
6.2559 -34.0 6.85934168926
-0.2806 -31.9204 0.34142356392
0.0413 -32.0342 1.32203114184
-0.934 -31.1417 8.12845568912
-9.0373 -30.5027 1.48883448711
-10.473 -30.1085 1.07781380581
-9.4728 -30.5101 0.594213034189
-34.3383 -13.3681 0.310868364425
-34.255 -13.0686 0.0815785511026
-34.3359 -13.0581 0.749739001253
-34.4658 -13.7965 1.17407884318
-34.2561 -12.6413 1.06741643701
-34.5509 -13.6672 0.407202283884
-34.669 -14.0569 12.8076821478
-36.3612 -1.3615 1.0262298037
-35.4612 -0.8684 1.17442916347
-35.8537 0.2385 11.6362231884
-37.629 11.7385 0.606996293234
-37.1967 11.3124 1.55415668772
-38.4641 12.2119 2.58190248654
-36.5875 13.9852 1.75365210347
-35.3304 12.7625 2.17766671922
-33.2451 12.135 0.909202051252
-34.138 11.9636 1.32241114635
-33.269 12.9604 10.7276457888
-24.3251 18.884 9.96189924111
-16.0444 24.422 0.541469897594
-15.5845 24.1362 0.663092942203
-14.941 24.2962 1.41321174988
-13.5862 23.8941 2.95354851831
-10.7636 24.7638 0.581728871554
-10.1964 24.6346 1.47641641822
-8.7252 24.5106 3.24583788258
-1.6783 33.3561 0.19375327094
-1.712 33.1653 0.720722207234
-2.4265 33.0708 2.13461462564
-4.5399 32.7706 2.75585435936
-7.0164 31.5616 3.71110761903
-10.5038 30.2926 1.12171377811
-9.5444 29.7114 0.923966736414
-9.5222 30.6351 5.08977263245
-5.7034 34.0 6.82518058149
-11.826 30.9839 1.02777915916
-12.3606 31.8617 2.42756985069
-14.4869 30.6904 4.19092537395
-18.5304 31.7922 0.272272528912
-18.4607 31.529 1.20930428346
-19.6214 31.8684 0.557101615507
-19.2779 32.307 0.973345344675
-18.5079 31.7116 0.801636482453
-19.2235 31.3503 1.14492578799
-18.33 32.0662 0.717495714273
-18.4649 31.3615 0.690372609538
-19.1544 31.3268 0.573846434162
-19.5802 30.9421 0.836095144107
-20.2024 30.3836 0.545042035076
-8.1583 33.7899 0.688696776528
-7.4717 33.7362 2.44096898792
-5.2645 32.6938 4.02134673959
-1.3157 33.4542 0.756472901035
-0.5599 33.4861 0.953824643213
0.389 33.5829 1.17971108751
1.3859 32.9521 0.500163693205
1.8735 32.8407 1.10391152272
2.9598 32.6443 0.826194704655
3.3843 33.3531 0.559893650616
2.92 33.666 0.750509140517
3.6629 33.5594 1.15596195872
2.5942 34.0 9.09944736838
-2.8562 26.7135 1.11457626478
-2.5117 25.6535 13.6881492339
2.0567 12.7502 11.7561959579
-4.8871 3.2638 0.858454017406
-5.2038 2.4659 1.41543752953
-4.79 3.8195 0.897251993589
-4.5285 2.9612 13.2787742028
-3.2317 -10.2541 0.972895163931
-2.2795 -10.4537 0.336755772037
-2.0893 -10.1758 11.8508411706
6.3078 -7.1797 0.687425181383
5.6601 -7.41 15.3605081729
-9.4522 -10.1602 0.85550019287
-9.4975 -9.3059 10.3151302125
-11.7098 0.7692 2.84063314245
-8.917 1.2883 1.49577812526
-7.6332 2.0559 2.09916442901
-6.1689 3.56 0.484676324984
-6.6324 3.4183 0.706866161306
-6.832 4.0964 0.041417387653
-6.8332 4.055 0.137129464376
-6.8427 4.1918 1.31687515733
-6.3214 2.9825 0.167935761528
-6.3695 3.1434 0.0832427774645
-6.3025 3.094 0.0830379431344
-6.3838 3.0771 0.0555144125431
-6.3286 3.083 0.134801335305
-6.4634 3.0824 0.0212132034356
-6.4424 3.0794 0.0853427208378
-6.3571 3.0821 12.2134594563
-11.1781 -8.1396 1.40158690419
-9.7849 -8.2927 3.39138905023
-6.4137 -8.6622 0.4386000114
-6.0088 -8.8308 0.336241773134
-5.7005 -8.965 1.12066853262
-5.0925 -9.9064 1.03203170494
-4.9113 -8.8904 0.799182538598
-5.1796 -9.6432 18.1340972516
-6.5689 -27.724 0.70215286085
-6.9239 -28.3298 1.25826294947
-5.7896 -27.7852 0.817605406049
-6.374 -28.357 0.573693890503
-6.9472 -28.3332 1.13555952728
-7.1102 -27.2094 0.861455744656
-7.6776 -27.8576 0.926811679901
-6.8334 -28.2401 1.2442925259
-5.7767 -27.5831 10.1182838352
-10.6871 -18.7362 8.54789898689
-5.8276 -25.7684 0.315467145674
-6.136 -25.8348 1.02457297446
-5.3213 -25.2135 7.27081302882
-3.4682 -18.1828 0.712160382217
-3.9461 -17.6548 1.30804316825
-3.0623 -18.6191 0.684210413543
-3.2481 -17.9606 13.5031483092
-11.338 -7.1491 0.27763011364
-11.0678 -7.0853 0.87800308086
-10.4068 -6.5074 1.19936313934
-9.3093 -6.0237 2.3641941312
-7.4603 -7.497 8.49605559775
-14.7717 -11.8244 2.65904880737
-13.2251 -13.9874 0.974641539234
-14.1994 -13.9616 1.12822179557
-14.0153 -15.0747 0.559081255275
-13.6714 -15.5155 0.498629682229
-13.3974 -15.9321 1.56132099518
-11.8376 -15.8632 0.198623085265
-11.6493 -15.9264 0.733102175689
-11.3531 -16.597 0.58750450211
-10.8358 -16.3185 0.602115777903
-11.3408 -16.6464 0.218792161651
-11.1563 -16.764 0.129755616449
-11.0507 -16.8394 0.900522120772
-10.1504 -16.8194 1.33181315506
-8.9426 -16.2582 0.66669751012
-8.9752 -16.9241 0.860842900883
-9.3265 -17.71 0.155763699237
-9.1717 -17.7273 11.3443690323
-8.8832 -29.068 0.833345864572
-8.3135 -29.6762 1.30952567367
-8.4792 -28.3772 10.5070864111
-5.8841 3.1061 18.6291477306
-8.8527 21.4972 3.26625757711
-11.0807 23.8856 3.0322667973
-13.1699 26.0833 6.6634792211
-18.4566 30.1395 3.26157490333
-22.5194 31.0642 1.15596999961
-21.4564 30.61 19.0595020347
-3.3549 24.6434 1.13289872893
-2.4862 25.3706 8.32804070415
5.7497 26.606 6.11051986741
-0.338 26.0784 11.2197523939
-10.2667 31.3037 0.943936406756
-10.5222 30.395 0.826585585405
-11.262 30.7637 2.55960198859
-12.9323 32.7032 2.60664827892
-15.4817 32.1599 1.81900013469
-17.3007 32.1592 3.27642769491
-20.5177 32.7804 1.86509281538
