0.0 0.0 7.45354019108
-2.4957 7.0233 1.40661099811
-2.0596 8.3606 0.84504064991
-1.8487 7.5423 15.3179249512
-2.5707 -7.7586 10.3684108334
-7.3868 -16.9406 1.24278373018
-7.0462 -18.1358 0.80912568245
-6.9016 -17.3397 6.81605444887
-9.1239 -10.8961 0.289144686965
-9.2911 -10.6602 1.34145023016
-9.2037 -11.9988 6.75844584575
-9.1593 -18.7571 0.429659085788
-8.7515 -18.8924 1.46891297223
-34.0899 31.1844 18.1645633377
-52.1646 29.3798 4.5891213549
-42.9207 16.6723 1.85994556103
-44.5382 17.5905 1.42994003371
-45.6301 18.5138 3.30176447979
-48.9309 18.434 2.67199928144
-50.9669 16.7036 0.987200916734
-49.9998 16.5054 1.71362586348
-51.6994 16.7242 0.594773654427
-51.8307 17.3043 0.733533755188
-51.6763 16.5872 10.8268495533
-45.509 7.6886 0.334548128077
-45.2516 7.9023 0.348587808163
-45.1077 7.5848 1.03673290678
-46.1303 7.7554 41.1076186035
-51.5 -33.0 18.1865564179
-51.5453 -14.8135 1.0839793725
-50.5512 -23.0125 1.16532248755
-50.3815 -24.1654 0.296968971443
-46.7625 -27.2395 1.07494117513
-46.5332 -28.2897 0.894581309887
-46.2266 -27.4493 12.6627463451
-45.9186 -14.7903 1.2164672211
-45.1505 -13.847 0.763100255537
-44.5367 -13.3936 0.964747723501
-44.5626 -14.358 1.08503598558
-44.7204 -13.2845 10.073439767
0.0 0.0 7.35372420818
-2.4887 -6.9198 0.30915255134
-2.2688 -6.7025 10.028469122
-2.1446 3.3252 16.1295648314
-6.7808 18.7741 1.33284785703
-7.7287 17.8371 15.6270131135
-12.2525 2.8792 0.496623177067
-12.0612 3.3375 7.67110599653
-13.8852 10.7886 0.395137608941
-13.5634 11.0179 0.309066271211
-13.3348 11.2259 1.03688179172
-12.7427 12.0771 0.578872740764
-12.4181 11.5978 1.0738544082
-12.9466 12.5326 1.95147661528
-12.0149 14.2473 0.822652447878
-12.2538 15.0345 0.561557699618
-12.5201 15.5289 1.52689746873
-12.7519 14.0197 6.98636484089
-9.2007 20.0362 10.9224117428
-1.8035 28.0724 1.21631069222
-0.6546 28.4717 1.07357423591
-1.6088 27.9797 15.6848752115
-15.0732 19.9345 2.44410193118
-13.2187 21.5265 0.328964754951
-12.8917 21.4906 0.500578005909
-12.5114 21.1651 0.39852854352
-12.1162 21.2165 1.23486134039
-11.388 20.2192 1.2627330676
-10.1714 19.881 0.493628686363
-9.8282 20.2358 0.812101453022
-9.0741 20.5372 1.2995150634
-7.7817 20.673 0.618669233112
-7.3176 20.2639 0.689573150579
-7.1139 19.6051 0.858624999636
-6.5424 18.9643 1.37579652565
-5.4062 18.1885 10.7568516323
-8.9112 8.0187 0.842284067284
-8.6881 7.2065 3.14325167462
-7.7351 4.2112 3.03140558982
-5.4635 2.2039 2.19252440123
-3.4634 1.3057 1.12086998354
-2.3428 1.3303 0.28609832226
-2.1652 1.106 1.52961136567
-2.701 2.5387 0.193868512142
-0.7962 7.1859 1.06983103339
-1.6374 6.5249 4.98413584486
-6.334 4.8565 3.55965338762
-9.131 7.0583 0.980189869362
-9.4367 6.127 1.10712662781
-9.4143 7.2339 16.5482622897
-13.0158 23.3855 1.01999702451
-13.6445 24.1887 5.72955530299
-14.5211 29.8508 0.291711261353
-14.5322 30.1423 3.79634807677
-17.9198 31.8559 2.14450158778
-17.8783 34.0 5.81696405438
-22.6492 30.672 0.398449018069
-22.2523 30.7071 3.58780889681
-25.6711 31.7953 1.51847569951
-34.7313 30.066 2.98126084904
-32.2869 31.7727 12.0271787087
-24.1382 22.9267 20.4570660673
-7.1184 11.5769 12.4113341112
-9.5193 -0.6 9.95649185607
-1.0441 4.6252 1.00606298014
-0.0745 4.3568 1.65033062445
1.4441 5.0029 1.1736875649
0.4412 5.6126 18.3307313384
-6.2092 -11.4692 0.538311034626
-6.4051 -10.9678 15.2206598862
-7.8055 4.1883 0.215953374597
-7.652 4.3402 0.124827080395
-7.5458 4.2746 0.0597215204093
-7.4887 4.2571 1.71350007295
-6.3254 2.999 8.09635303702
-8.4991 -4.8001 12.2402141276
-7.6641 -17.0118 0.43066295406
-7.4288 -16.6511 1.71563607446
-5.7155 -16.5616 1.70779194576
-5.8322 -18.2654 0.272644402106
-5.6791 -18.491 0.201026888749
-5.5666 -18.6576 0.181369732866
-5.3889 -18.6939 0.681335746897
-6.0701 -18.7075 1.00361457243
-5.2962 -19.3465 24.391663639
15.3996 -32.2553 10.3499736642
25.7294 -32.9012 12.5950608041
38.2923 -32.0017 5.34396961818
39.7125 -26.8499 2.22112827635
40.6536 -24.838 0.489161578622
40.7824 -24.3661 2.33237239737
41.7118 -22.2269 6.13629721086
37.6663 -17.613 0.356409034678
37.9769 -17.4382 0.874549781316
37.8653 -18.3056 1.00972384839
38.0428 -17.3116 6.70775696712
0.0 0.0 3.85684837659
3.8462 0.2864 0.181247289635
3.6719 0.3361 2.85638384325
0.8374 0.689 1.6376195651
-0.7916 0.5212 2.48009453046
-2.3494 2.451 2.97165683752
-4.8104 4.1166 2.03850883
-6.3116 5.4957 0.904409110967
-6.2844 4.5917 1.23355351728
-6.1696 5.8199 16.7556516486
-9.33 22.2748 1.09568537911
-9.8246 23.2525 8.59597810898
-15.6059 29.6139 1.42857888827
-15.8951 28.2149 9.33963662784
-24.1448 32.5934 0.114440901779
-24.0342 32.6228 1.61922128506
-25.6041 32.2262 0.556721986273
-25.905 31.7578 1.30150487129
-25.7673 33.052 1.68160727877
-27.2213 32.2072 3.35741519923
-30.4654 31.3423 2.36867543154
-32.7533 30.729 4.79398143509
-37.4227 29.6432 9.96567247405
-47.3158 28.4427 3.80816621486
-49.6062 25.4003 12.8175342254
-48.6511 12.6184 3.18374052021
-47.0 9.16 13.3962709382
-46.1044 22.5263 0.783690780857
-45.3594 22.7695 29.1177872279
-17.1078 29.8188 1.83495735373
-15.291 29.5613 0.855851161126
-14.439 29.6424 0.491013197379
-13.9554 29.5574 1.47791705451
-12.5195 29.2075 2.27843890416
-10.2723 28.8315 0.951927964712
-9.3449 28.6168 2.49833377474
-6.8475 28.6851 2.35498444156
-4.5979 27.9885 3.06745019845
-1.5983 28.6301 5.23763510375
2.2529 32.1799 0.678259316191
2.9246 32.0858 0.481302337414
3.3683 31.8993 2.25593878685
5.5093 32.6102 0.436227692839
5.8705 32.8548 0.318061283403
6.1432 33.0185 2.02293142741
6.8266 31.1145 2.32448285001
8.684 32.5121 0.290410089356
8.9201 32.343 1.40805726091
9.9467 31.3793 8.47220963858
15.7463 25.2033 0.676190298659
16.1919 25.7119 2.39392007385
18.2595 24.5053 3.34726312829
21.0634 22.6771 4.56060847037
25.6235 22.609 14.2093656023
37.4116 30.5429 2.34404273425
39.1463 28.9664 1.4122932061
38.074 28.0473 5.80551338384
37.2318 22.3032 0.358900125383
37.5857 22.2435 0.535426306787
38.1195 22.2018 1.14633540031
39.1098 22.7792 13.0501820754
32.4464 34.0 12.0933817442
43.8563 29.992 0.754776390728
44.5625 29.7256 1.6144478344
46.0591 29.1201 0.196288079108
46.2181 29.005 5.00575103356
45.8902 34.0 8.68407754572
45.6553 25.3191 0.0197570240674
45.6538 25.2994 4.36283369039
43.5388 29.1153 1.42398924855
42.2961 28.42 6.23867437923
39.506 34.0 5.56601336146
42.3417 29.2105 0.152002368403
42.1911 29.2311 0.140035709731
42.0541 29.2601 0.0167764716195
42.0708 29.2617 0.495512865625
41.8496 28.8183 1.7161293337
41.5201 27.1341 0.338918943112
41.5667 26.7984 9.36566035312
35.579 34.0 6.66634372351
39.924 28.9442 0.375096854159
39.9433 28.5696 0.231791156
39.9368 28.3379 6.61553885712
36.5154 34.0 6.36741382352
40.4168 28.9678 0.466353342435
40.6368 28.5566 0.38577046284
40.4187 28.2384 0.12994956714
40.3242 28.1492 19.7753781195
26.3798 14.1271 3.44965043157
29.8157 14.4348 0.435158913502
30.1019 14.107 0.273106719068
30.3441 13.9808 0.831291218527
31.1091 13.6555 1.44387368215
32.4946 14.0619 4.49700452301
33.8104 18.3621 0.754001651192
34.1372 17.6826 5.21074893082
34.5303 12.4867 1.24190220629
0.0 0.0 10.1661440424
6.6713 7.671 0.216394662596
-7.6692 4.4448 0.356506058855
-7.8743 4.1532 7.03575445279
-9.9409 -2.5722 0.746124151868
-10.2174 -1.8792 8.50859951931
-10.6151 6.6201 14.0091785598
-11.9165 20.5687 0.941984569937
-11.4203 21.3694 1.23724502424
-10.9833 22.5269 5.05002465043
-15.2082 25.2933 0.934511177033
-14.6397 26.035 1.23596345011
-14.6196 24.7992 15.5366334223
-16.1975 9.3429 12.7211675895
-15.3395 -3.3493 0.888261588723
-14.4863 -3.1022 0.634018170087
-13.8523 -3.107 0.280786075153
-13.6384 -3.2889 0.214978045391
-13.775 -3.1229 0.199918033204
-13.6189 -2.998 0.52976067238
-13.1923 -2.6839 0.557613217203
-13.1604 -2.1272 0.22789809126
-13.1439 -1.8999 6.35392022062
-15.0883 -7.949 2.25826939491
-13.4208 -9.4719 1.24554251634
-12.4712 -10.2779 2.85273226224
-9.6202 -10.3773 2.68318908204
-9.1804 -7.7304 1.5763502149
-9.7444 -9.2024 9.79884141111
-11.3464 -18.8694 1.12495227454
-11.9993 -17.9533 0.548836305286
-11.4553 -17.8806 3.59927700518
-8.1867 -16.3736 3.41043050948
-4.8542 -15.6487 0.672106092816
-5.2324 -16.2043 10.8738003757
-10.9659 -25.4437 0.40907389308
-10.5795 -25.3094 0.37131664385
-10.2124 -25.2536 0.488189409963
-9.7403 -25.1293 0.961126989528
-10.6881 -24.9698 1.29107226754
-9.5499 -25.5792 14.6472223858
4.3122 -30.3103 3.03200963059
6.3786 -32.5291 0.686569945453
7.0651 -32.5193 0.584868292866
7.6495 -32.4959 2.23786087593
9.8868 -32.546 0.959761730848
10.7725 -32.9157 1.265324409
11.989 -33.2638 0.731376954791
12.6925 -33.4638 0.681263950316
13.3661 -33.5657 0.380315079901
13.7451 -33.5973 0.570747755142
14.3145 -33.6365 1.21181784935
15.5194 -33.5072 0.0890079209958
15.5054 -33.5951 0.22206595867
15.7229 -33.6399 0.0176309387158
15.736 -33.6517 0.298585682845
16.0314 -33.6952 0.373463920613
16.3925 -33.5999 0.165396553773
16.5576 -33.59 0.203831793398
16.7614 -33.5864 0.871995516044
17.6331 -33.5637 0.210724298551
17.8438 -33.5669 0.046617700501
17.8849 -33.5889 1.40154743766
16.545 -34.0 17.0111238233
13.8068 -17.2107 1.04581155568
13.9602 -16.1762 0.92604356269
13.064 -15.943 0.0883646988339
13.1404 -15.9874 0.85570649758
13.9204 -16.3393 0.45172262507
14.3282 -16.5336 0.548161737081
14.8634 -16.6521 0.73920688579
15.4265 -16.1732 2.0248788828
17.2425 -15.2775 2.6168599141
19.5716 -14.0845 2.97313276024
22.3036 -12.9116 0.686021719773
22.8344 -12.477 0.742602673036
23.5297 -12.2162 0.53617874818
23.9843 -11.9319 0.395987790216
24.3256 -11.7311 0.831977463637
25.1483 -11.6072 1.23350648559
26.1375 -10.8703 0.507834008314
26.4818 -10.497 0.239152670903
26.7172 -10.4548 1.83820319334
28.5465 -10.6355 0.333556127211
28.7845 -10.4018 0.96590277461
29.4454 -9.6974 0.353565906162
29.6192 -10.0053 0.832766023562
29.8906 -9.218 1.11473783914
28.7773 -9.1614 0.639478076247
29.0012 -8.5624 1.19228038649
30.1796 -8.7438 1.16740855316
29.6669 -9.7926 8.75061355106
29.6823 -18.5432 0.78584899949
30.3231 -18.0883 7.86647266886
33.4707 -10.879 0.362705569298
33.7825 -11.0643 1.08562706764
34.6647 -10.4316 0.888112971417
34.128 -11.1392 1.5691416539
33.7828 -9.6085 5.76412180041
34.3535 -15.3443 8.52642650118
38.5073 -7.8981 0.928557294947
37.6492 -8.2529 0.89427951447
38.174 -8.977 0.408782937511
38.5295 -9.1788 0.175271275456
41.8453 -11.1238 0.736653297013
42.2505 -11.739 0.778221061139
42.9706 -11.4439 0.50720962136
43.149 -10.9691 3.13274251894
42.1003 -8.0171 1.42290113852
43.399 -7.4357 0.868025114844
43.3176 -8.2999 1.05567822749
42.9932 -7.2953 1.36241550564
41.9532 -8.1754 8.25294447152
36.9574 -1.6063 0.503472442146
36.8897 -2.1052 0.0512773829285
27.625 26.3759 0.83512780459
26.7961 26.4777 1.91387291637
24.8934 26.6842 2.16450698775
22.7289 26.6787 3.59467646527
19.1389 26.4954 2.84037613178
16.3113 26.2263 4.12765042367
12.2144 25.7234 3.16710383789
9.1768 24.827 5.60081452737
4.1687 22.3194 5.08691254102
-0.8509 21.4946 2.34264560273
-3.1928 21.4355 2.8054873819
-5.9741 21.0679 2.76045667599
-8.725 20.8384 2.62650508661
-11.3426 20.6223 1.54231878676
-12.8844 20.5823 1.13603620541
-14.0199 20.5474 2.18694154014
-16.2038 20.4321 0.420302676651
-16.2023 20.0118 2.0201275826
-18.0524 20.823 1.77970043828
-19.0405 19.3428 0.933557609363
-18.1646 19.0198 2.53158629322
-18.8642 21.4528 0.119519872825
-18.879 21.3342 2.64454548458
-19.4421 18.7503 5.97955324418
-22.8413 13.8309 0.675583044488
-23.4914 13.6471 0.961469042663
-24.0798 12.8867 1.30995572826
-25.2174 12.2372 0.85918478804
-25.1317 11.3823 2.38172395546
-27.5037 11.5973 1.51345665614
-27.6796 10.0941 2.38522747133
-28.0643 7.7401 0.94907400133
-28.3688 8.639 2.65598249429
-30.2398 6.7539 1.29256515503
-31.0706 5.7637 1.95246647346
-32.5244 4.4604 1.04834059828
-33.552 4.2529 0.934606227242
-40.668 -3.5237 1.15690892036
-39.6428 -2.9876 0.764674898241
-40.3811 -3.1867 7.56429375025
-33.2424 -0.6852 0.451327652598
-32.7952 -0.6243 0.549806738773
-32.2459 -0.6479 0.582143908325
-32.6251 -1.0896 0.995928109855
-31.8695 -0.4408 10.8275207809
-34.6194 10.0317 1.04780372208
-34.8074 9.0009 10.4013839089
-37.4885 -1.049 1.14175721587
-37.6412 -2.1805 0.384903793174
-37.7669 -2.5443 1.05519136179
-38.5869 -1.8802 0.179097291995
-38.5609 -1.703 5.31526892076
-37.6678 -6.9427 11.3409556996
-29.0761 -14.3454 11.4487699121
-19.1676 -20.0809 0.978847981047
-19.3397 -21.0445 1.08466162927
-18.6304 -20.2239 15.2670075136
-7.5673 -9.703 0.784279675881
-6.9263 -9.2511 1.44273021733
-7.6505 -10.4989 12.0915388806
-11.6128 -21.9228 1.01672405794
-11.5398 -22.9369 1.26894435654
-10.5925 -22.0926 14.4024788936
0.1393 -12.4874 1.05877416383
1.136 -12.8446 1.12246743383
2.2577 -12.8861 0.497692314588
2.7287 -13.0469 0.276147858945
2.9567 -13.2027 1.86999062297
4.0949 -14.6864 0.381939641828
4.4691 -14.7629 0.303606488732
4.569 -15.0496 0.475209616906
4.9727 -15.3003 1.71151307328
6.5329 -16.0039 0.636781108388
6.7986 -16.5826 0.810412222267
6.9767 -17.3732 1.69084594212
8.1087 -16.1172 0.624117424849
8.7303 -16.1732 1.18304774206
9.3989 -17.1492 14.6692146347
16.8827 -29.7658 3.90220618881
19.8132 -32.3425 1.15343057875
20.8939 -31.9394 0.565066588996
21.3918 -32.2066 0.278058698839
21.591 -32.4006 1.76097955979
23.012 -33.4407 0.790113333643
23.7232 -33.7849 0.295580665809
23.9725 -33.6261 0.806950568498
23.2574 -34.0 11.4211909051
13.9019 -27.4488 9.80756626947
14.0656 -17.6426 9.96730530986
13.9389 -27.6091 0.308158546855
14.0464 -27.8979 1.49047280083
13.5218 -26.5028 7.07139413765
11.3802 -19.7635 2.24145564533
13.4932 -20.5114 1.69236835825
15.0587 -19.8685 1.46947612774
16.1359 -20.868 0.526677909163
15.953 -20.3741 8.33142642769
24.7054 -18.3872 10.3605467737
19.2845 -27.2164 1.80811197109
17.4854 -27.3967 14.7991297994
2.9985 -30.4206 1.28214460963
2.1439 -31.3764 3.25044416965
-0.6802 -32.9857 5.14391820503
-5.8215 -32.8216 2.07307194762
-7.8944 -32.7949 2.18542654189
-10.079 -32.855 3.54159001156
-13.6049 -32.522 3.25951386713
-16.8577 -32.3129 1.12718705191
-17.9753 -32.4596 2.84828616013
-20.8164 -32.6618 2.80648459465
-23.6191 -32.5161 2.95516774482
-26.5725 -32.6183 2.31706921994
-28.8884 -32.6919 3.69297598286
-32.5799 -32.5875 14.5781630009
-47.1287 -31.6627 1.24901690141
-47.8096 -32.7098 3.77609167526
-48.9446 -24.7329 1.01630487552
-48.1404 -24.1115 12.4475232918
-35.6957 -23.8464 4.08193808135
-31.6172 -24.0139 1.32859262756
-30.9543 -22.8625 0.775016128864
-30.4933 -23.4855 2.89738389759
-31.4465 -20.7494 0.479198716609
-19.5624 -11.8136 1.53304854457
-27.1824 -6.8074 9.89511330304
-25.2162 2.8904 9.59556282299
-24.2247 12.4346 0.333424924083
-23.895 12.3849 1.16526358392
-22.8609 12.922 0.823885095144
-22.0676 13.1444 2.65731678578
-19.8731 11.6459 1.2667157258
-18.6599 12.0102 0.542767906199
-18.1181 12.0426 0.364850448814
-17.7548 12.009 3.16014640484
-16.1581 9.2819 2.87124777231
-13.4085 8.455 1.22400395424
-12.9143 7.3352 4.81239471573
-10.4312 3.2129 2.15473450801
-9.6304 1.2125 0.318886954892
-9.4469 0.9517 0.265303335825
-9.6764 1.0848 1.67910755165
-9.7028 2.7637 8.70050407333
-13.8671 10.4029 5.38183962043
-8.488 10.2312 0.310606712741
-8.1777 10.2174 1.11115277977
-8.0172 9.1179 1.0675149554
-8.3279 10.1392 0.88186711017
-8.2335 9.2624 9.47808411125
-11.1004 0.2283 0.579043763458
-10.5216 0.2115 0.407680880101
-10.1349 0.0824 0.470376232393
-9.6803 -0.0384 1.29218867043
-8.7719 -0.9574 5.74151907425
-3.0751 -0.2422 0.246107171777
-2.9566 -0.4579 1.67607105458
-1.3809 0.1134 9.23074585177
-9.1692 -4.8413 9.7459576533
-5.9925 -14.055 6.26985129329
-0.3885 -16.8668 1.14661896461
0.5698 -17.4964 1.27126249453
-0.5959 -16.9892 0.808175748213
-0.1011 -17.6282 0.879081025845
0.7121 -17.2943 1.27617083496
-0.4283 -16.7215 9.56251540809
-9.7321 -14.5122 5.91797970003
-5.5074 -18.6564 1.05609090991
-4.8673 -17.8164 0.279639947075
-4.7858 -17.5489 0.0132230858728
-4.7952 -17.5582 0.532585589366
-4.4737 -17.1336 0.464111042747
-4.3028 -16.7021 0.326695041285
-4.2686 -16.3772 1.69169512915
-5.919 -16.7487 0.281914171336
-5.9828 -16.4741 1.16282629829
-4.8234 -16.5633 0.266210818713
-4.7188 -16.3185 0.205369642353
-4.5426 -16.213 0.609249513746
-4.6337 -15.6106 1.24364928336
-5.8292 -15.9533 2.15080450065
-7.6224 -17.1409 1.8876397882
-6.8613 -18.8683 0.33710486499
-6.5825 -19.0578 0.469734584633
-6.1882 -19.3131 2.1823195206
-4.695 -17.7216 2.29571298947
-2.4948 -17.0663 0.407830565309
-2.3509 -16.6847 5.06545600711
-7.2443 -17.9937 4.37574936325
-2.9343 -17.238 3.06803153178
-5.9725 -17.6648 0.47886352962
-5.9647 -17.186 1.19843781649
-4.8801 -16.6762 0.368651732669
-4.5118 -16.6601 0.809736259531
-3.7034 -16.6136 0.263432894681
-3.6154 -16.8619 5.19035757246
-4.9411 -21.8801 3.46225339916
-5.8125 -18.5293 4.56682748525
-7.7633 -22.6585 2.64482395633
-5.5433 -21.2209 3.63421318169
-8.6569 -19.3466 2.44746449208
-6.2909 -18.7204 0.797097265081
-5.8687 -19.3965 2.03904417804
-4.1457 -20.4869 5.57599894638
-5.7709 -25.8208 0.918674697594
-4.9553 -26.2436 0.154573380632
-5.1086 -26.2634 8.25343310871
-4.6594 -18.0222 0.772384884627
-3.9694 -17.6751 13.9506196798
9.1193 -12.8475 0.204691865984
9.2069 -12.6625 0.625025439482
9.6865 -13.0633 2.30854003431
11.9635 -12.683 0.70608459125
12.6496 -12.5162 1.6341650957
14.283 -12.5662 1.25482484037
15.5377 -12.5839 1.6705587239
15.5671 -10.9136 1.66195187054
15.4402 -9.2565 11.8157185825
3.8731 -11.6676 9.86497197411
-1.3843 -20.0149 11.1151052919
6.0175 -11.7228 0.624450734646
6.4291 -11.2532 1.10209042279
6.893 -12.2529 10.8977712253
-1.8572 -18.7487 2.43217897573
-0.5261 -16.7131 13.4967337608
-4.2896 -3.7517 17.1507946769
-1.9307 13.2361 0.382266621614
-1.5718 13.3677 1.29127449057
-0.3143 13.6611 1.01795996974
0.7022 13.7156 0.522468333969
0.2262 13.5002 1.72893448401
0.1664 11.7723 0.198964117368
0.2868 11.6139 0.321248813227
-0.0344 11.6083 0.27932436342
0.2175 11.4876 1.53478236242
0.4524 13.0043 8.80727948063
-3.262 20.99 1.21350007005
-3.9789 20.0109 0.522904197727
-3.4905 20.1977 3.91304454613
-5.8494 17.0756 10.6750811182
-10.5676 7.4998 2.1670709933
-9.0339 5.9688 1.18313282433
-10.0641 6.5506 0.459570418978
-10.1842 6.9942 0.534450334456
-9.7938 7.3592 0.243681616048
-10.027 7.2885 0.376724249286
-9.754 7.5481 0.615728357314
-9.141 7.4902 0.0894497065395
-9.0524 7.5025 1.19790724599
-9.5868 6.4304 8.67026852237
-13.9512 13.9221 0.570515494969
-13.478 14.2408 0.357558666515
-13.1304 14.3246 1.56240046083
-11.8032 15.149 0.575416179821
-11.2285 15.1777 0.505249324591
-10.7367 15.0619 0.324661254233
-10.4125 15.0792 0.785160091956
-9.8799 15.6561 1.15633093014
-8.7928 16.0502 0.644255135796
-9.3256 15.688 1.35501801095
-8.5391 16.7914 1.05842268022
-7.775 16.059 1.17271531925
-8.0289 17.2039 12.163278193
-11.6767 28.8073 0.61248493859
-11.5763 28.2031 0.312507439911
-11.3612 28.4298 0.526103601964
-11.7522 28.7818 0.753496556064
-11.6897 29.5327 1.7068256853
-11.1821 31.1623 0.738680370661
-11.7726 30.7185 0.944045491489
-10.8609 30.9635 16.3071522667
5.3807 32.4242 0.609234971091
5.9709 32.5753 2.3960718061
8.3232 32.1194 1.595041128
9.9118 31.9762 1.63785025567
11.4729 32.4717 0.361401549526
11.8117 32.3459 0.428384091675
12.2394 32.3701 2.36529626897
14.5104 31.7089 1.94799619353
16.131 32.7898 0.407745631491
16.5241 32.8981 0.45257265715
16.9765 32.9106 1.14637545333
18.0877 33.1924 0.418332702523
18.5006 33.2596 0.988510354018
19.4692 33.457 0.929809969833
20.3989 33.4713 0.373788095049
20.7716 33.4428 0.264419760986
21.0325 33.4858 0.0807764817258
21.1053 33.5208 0.155997083306
21.2588 33.5486 0.0407829621288
21.2986 33.5575 0.0603604174936
21.3553 33.5782 0.173859742321
21.5289 33.5687 1.47870459863
20.4444 32.5635 15.7879729443
12.3281 19.0215 0.778646164827
11.6094 19.3211 11.6313862789
2.8823 27.0105 9.67718344664
6.7028 18.1194 1.46912378308
7.9563 17.3532 0.642920228333
7.8102 17.9793 10.7030837285
3.5353 27.7916 2.69918124253
5.2786 29.8523 1.47038444633
4.1357 28.9272 0.272122913405
4.1089 29.198 8.20156969366
-2.5399 34.0 10.4781900441
-10.0501 15.8989 36.2271387229
-29.235 -14.8313 4.07216373075
-33.2734 -15.3546 9.22650063459
-42.4984 -15.521 5.60087066892
-48.0384 -16.3445 0.939452872687
-48.2843 -17.2512 0.034931504405
-48.3153 -17.2673 0.546472698312
-48.6157 -16.8108 1.08150566342
-47.5342 -16.8143 0.325650364655
-47.8122 -16.6447 1.31271371212
-49.1249 -16.6507 0.48684622829
-48.8448 -16.2525 0.250707498891
-48.7793 -16.4945 0.301070656159
-49.072 -16.565 1.69964186816
-50.0938 -17.9232 2.52337989213
-49.383 -20.3444 53.4095057116
0.0 0.0 9.44419293587
6.4714 -6.8785 0.0672002976184
6.4066 -6.8963 8.23889441916
-1.2849 -3.9433 0.0371694767249
-1.2543 -3.9222 1.23136607473
-1.7447 -5.0517 1.20080834441
-2.2659 -3.9699 6.52068512505
-4.2024 -10.1964 1.40092889898
-4.3871 -8.8077 0.23425168089
-4.5178 -8.6133 1.76970752386
-6.2832 -8.4899 0.931683819759
-7.1889 -8.2714 13.3079705339
3.0456 -9.2568 0.943214100828
2.2528 -8.7458 5.78559074425
-3.2673 -7.0133 1.21297698659
-3.1914 -8.2239 0.636796333218
-2.9728 -7.6258 20.0758565
-8.9478 11.5403 0.920468978293
-9.5461 10.8408 5.41698310594
-13.9015 7.6199 0.680094846327
-13.2673 7.8655 0.479194762075
-12.8044 7.9894 0.728612503324
-12.1097 8.2091 3.60831974747
-11.3821 11.7433 5.72076183213
-10.9784 17.4498 2.57630555059
-9.4449 19.52 0.841186364607
-8.7808 19.0037 0.0555301719788
-8.7986 19.0563 0.0372973189385
-8.7939 19.0933 1.60222807677
-9.6384 20.4549 1.58973829922
-8.0715 20.1864 1.07332960921
-8.7846 19.3842 1.14068703859
-7.901 20.1056 0.168925812119
-8.0298 19.9963 1.25016742879
-7.1692 19.0895 0.581293815553
-7.6751 19.3758 1.05189323127
-6.756 18.8642 1.5650073035
-5.2979 18.2957 0.873485031354
-4.4896 18.6268 0.224413279464
-4.2842 18.5364 0.566618831314
-4.0119 19.0333 0.150410272256
-3.8641 19.0054 2.4464828019
-4.696 16.7047 0.425936908474
-4.2735 16.6507 2.2760032623
-2.0261 17.0104 0.837173416921
-2.5224 16.3362 30.105875153
-15.3311 -10.909 1.12036597592
-14.4125 -10.2676 0.714454491203
-15.0436 -10.6025 5.89440312585
-9.9125 -7.7015 1.43359581473
-11.2089 -8.3135 0.733483994372
-10.8975 -7.6494 2.83079352832
-8.3135 -8.8054 0.273234789147
-8.5625 -8.9179 0.202540094796
-8.4785 -8.7336 9.97586965081
-15.4037 -15.9141 0.594343469721
-15.2933 -16.4981 3.42381258395
-14.2488 -19.7587 0.745751513575
-13.5672 -19.4561 0.291660984707
-13.5199 -19.7439 0.685670999824
-12.9753 -19.3273 1.32649200902
-11.6525 -19.2284 0.363177367136
-11.2969 -19.1546 1.23109917147
-10.097 -18.8792 1.60795109378
-8.4894 -18.9128 2.06131104882
-6.7512 -17.8048 0.716221620729
-6.0466 -17.6763 0.120615463354
-5.9566 -17.596 0.806647779393
-6.4058 -18.266 0.28012754238
-6.6196 -18.447 0.670888850705
-5.9525 -18.3758 0.987409226208
-6.1488 -19.3435 1.21250623504
-7.3537 -19.2079 2.33420318739
-6.8703 -21.4915 0.60942958576
-6.6144 -20.9384 1.18041630792
-5.4709 -20.6455 0.340288186689
-5.79 -20.7637 2.39133032641
-7.5428 -19.137 3.51739586768
-5.3416 -21.8805 16.6992602953
9.9424 -28.6084 0.821650789569
10.6253 -29.0653 4.67216745098
13.8015 -32.4918 0.860060701346
14.6335 -32.7097 1.39905414477
15.9978 -33.0196 0.299876591284
16.2849 -33.1062 0.376759339632
16.6583 -33.1564 0.159377350963
16.8166 -33.1749 0.362630748834
17.0807 -33.4234 1.11736284169
15.9761 -33.5918 0.323040864288
15.733 -26.2703 18.8526494059
0.8009 -14.7614 2.27428802046
-0.7841 -16.3924 5.80834290396
-5.0164 -20.3704 4.1664856102
-8.3017 -22.9329 0.513154801205
-8.4154 -22.4325 3.41937597962
-11.4551 -20.8665 1.01206268581
-11.3739 -21.8753 0.561569746336
-11.0416 -21.4226 11.8886008332
0.196 -25.3027 0.786494151281
-0.5892 -25.3478 10.6654439954
-10.5901 -29.0537 9.58949438709
-13.1037 -19.7995 0.573746930275
-12.7572 -19.3422 1.32298446325
-13.8077 -20.1464 0.843262296086
-12.9704 -20.0463 15.3449114383
-6.586 -34.0 5.28721622974
-11.4225 -31.8639 0.188339932038
-11.3117 -31.7116 0.785970597414
-12.0724 -31.5139 2.93001889755
-14.9931 -31.7474 4.87713139458
-19.8701 -31.7116 1.24195722954
-20.8477 -32.4776 0.892732815572
-19.9575 -32.4104 3.97160455861
-23.9184 -32.7018 2.64122658816
-26.4851 -32.0788 2.92613555735
-29.3554 -32.6477 1.53254252796
-30.8812 -32.5041 1.96520009159
-32.8464 -32.5035 6.43817422955
-39.281 -32.289 11.4886665449
-50.5743 -30.1793 2.7685151616
-50.4661 -27.4129 1.12401596074
-49.7493 -26.5471 6.5120960965
-47.5892 -20.4037 2.86834670324
-50.4408 -20.0942 0.936438385587
-50.3561 -19.1616 1.48860420865
-42.6256 9.9104 9.93471493753
-32.8341 8.2296 3.47820017394
-29.3603 8.0547 0.406067543643
-29.1069 8.372 1.34104461149
-29.887 7.2812 0.562734440034
-29.3329 7.3794 0.927811467918
-29.0973 8.2768 10.8523778339
-31.3009 18.9031 0.583006638041
-30.7184 18.9274 0.643771271493
-31.0136 19.4995 3.28169427583
-31.378 22.7609 2.04354155573
-30.8883 24.7449 1.66357654768
-29.8961 23.4096 11.4999365777
-23.0688 14.1556 0.369235345004
-22.7581 14.3551 1.16705205539
-21.5992 14.4928 0.609484085108
-21.141 14.0909 0.576166442966
-20.6834 13.7408 1.55602805245
-19.1405 13.9425 0.776913804743
-18.578 13.4066 0.59243188638
-18.0495 13.1389 1.90816333158
-16.1416 13.1072 0.582142422436
-15.5972 12.901 0.580283603077
-15.1667 12.5119 1.67226093957
-13.4946 12.4887 12.9518715698
-0.5542 11.9437 0.991483660985
0.0974 11.1964 1.25035019894
-0.8195 12.0465 21.1538152363
-17.8754 24.5597 0.114914402927
-17.9028 24.4481 3.08196650533
-16.2923 21.8204 0.86362849073
-15.8439 22.5585 1.0008252295
-15.3994 21.6618 2.80893218323
-12.7745 20.6618 0.191901667528
-12.601 20.7438 0.753872197392
-12.251 20.0761 0.383761709919
-11.8686 20.0438 1.89352631088
-10.5571 21.4096 0.415983941998
-10.1929 21.2086 1.00898460345
-9.1841 21.1893 0.370904259884
-8.9187 20.9302 0.240601330005
-8.8587 20.6972 0.17499514279
-8.6866 20.7289 0.153220396815
-8.7059 20.5769 1.3422825336
-7.5723 19.8581 0.19394362583
-7.3881 19.9188 0.953597048024
-7.3643 20.8721 0.365963126558
-7.3148 20.5095 0.465126778416
-6.9702 20.1971 0.149363717147
-6.8236 20.1685 0.132551159935
-6.9286 20.0876 1.16641265854
-5.8729 19.5916 0.586829464155
-5.3 19.7187 0.495472148561
-5.0183 19.3111 12.7398383133
-10.0439 7.6044 16.5321421011
-8.8016 -8.881 0.474559090104
-8.5413 -9.2778 2.36878222933
-8.0506 -11.5952 1.13110043763
-6.9202 -11.5554 1.15471967594
-8.0634 -11.3927 9.84194056068
-13.2432 -3.0241 0.364481179212
-13.1875 -3.3843 7.21833282137
-11.8461 -10.4769 1.50838760271
-10.4081 -10.0215 1.45207124481
-9.2332 -10.8748 1.36826320567
-10.1658 -9.8736 14.5088159865
-14.7601 3.8886 2.72548920379
-12.3757 5.2088 2.01804456095
-11.0869 6.7617 0.279590593547
-11.127 7.0384 0.376022299871
-11.3056 7.3693 0.537100083783
-10.7851 7.2368 0.528775075056
-10.3943 6.8806 0.734273858993
-10.5886 7.5887 0.681130824438
-10.0414 7.1831 1.91222562738
-8.3452 6.3002 0.16464340254
-8.4575 6.1798 1.28894699658
-8.9775 7.3592 8.12085162098
-13.6174 14.024 0.713538289092
-13.0082 14.3955 0.589617452252
-12.5039 14.701 1.79278358984
-11.1021 15.8186 1.48953995583
-10.1233 16.9414 0.431229150221
-9.701 17.0287 0.230528653317
-9.5035 17.1476 0.606245799985
-8.9604 16.8782 0.666887516752
-8.4114 17.2568 1.94875074086
-6.485 16.9625 0.293870396604
-6.332 17.2134 0.207641855126
-6.1465 17.3067 1.70672588602
-5.13 18.6777 0.52812886685
-5.6489 18.776 11.5068233844
-7.4575 7.4122 2.8257683433
-5.3222 5.5614 0.828754161377
-4.5483 5.8579 0.771411336448
-4.4232 6.6191 0.018100276241
-4.4051 6.619 0.5433748706
-4.1591 6.1345 1.17021111343
4.2462 6.2841 0.948299957819
3.6426 7.3469 1.64712028098
3.1287 5.782 0.186168660091
2.9433 5.7651 1.17228471371
2.7365 6.919 6.77943182944
-3.9638 5.8862 1.32011187783
-3.9582 4.5661 0.901264367431
-4.4487 5.3222 1.28226166596
-3.1854 5.5419 0.0492686512907
-3.2258 5.5137 0.472899185874
-2.8738 5.1979 1.33887170409
-3.8818 4.3167 7.0027488667
-6.8555 10.6567 0.205227142454
-7.0602 10.6714 1.2576181694
-7.1841 9.4199 1.98602272142
-8.3833 7.8368 11.7662497288
-10.7155 -3.696 0.0356140421744
-10.7261 -3.73 0.0308350449975
-10.7567 -3.7262 1.88232604243
-12.6324 -3.5684 0.709470372884
-12.3413 -2.9214 1.22920075659
-12.5702 -4.1291 0.995176712951
-11.634 -3.7916 8.86032477114
-19.4901 0.3056 0.43333406282
-19.0766 0.176 1.11887395626
-19.7653 -0.7058 1.43212740355
-20.507 0.5193 5.59519055261
-21.3146 -5.0173 3.24572176411
-23.1195 -2.3197 0.81434197362
-23.5122 -1.6063 28.9372147298
-41.7846 20.8321 4.88047441342
-46.4351 22.3126 2.33375440439
-48.76 22.5157 2.7153317661
-50.7022 20.6181 0.460187146713
-51.0908 20.3716 0.829931256189
-51.4066 21.1391 1.1012872332
-51.3677 20.0385 0.717624449138
-50.292 17.5221 14.5334022311
-36.0 20.16 8.37864137196
-31.066 13.3882 12.4438611452
-30.4146 25.815 0.762789105848
-29.8225 26.2959 2.33701617667
-30.826 28.4065 0.458215604274
-31.0783 28.024 5.07332607369
-28.8287 23.4767 12.5574642385
-21.5888 13.2164 0.119710692923
-21.5872 13.3361 9.22688402116
-26.0215 21.4276 7.32791894401
-28.2382 28.4122 0.288812361231
-27.9565 28.3485 1.49433420961
-28.5433 29.7228 2.48523353027
-28.3966 27.2419 0.415740808678
-28.0797 26.9728 2.37273365551
-25.8191 27.6936 0.802662401013
-26.2608 27.0234 13.945824151
-21.3418 13.9739 2.39165469289
-19.0257 13.3775 0.494520747795
-18.7283 12.9824 0.481902531639
-18.2601 12.8683 1.60162374171
-16.6707 13.0658 1.3574575684
-15.3228 12.905 0.504736168706
-14.8234 12.8318 0.955575512453
-13.8724 12.7384 0.528792142529
-13.3771 12.5532 2.55666017492
-10.8541 12.1397 0.613978778135
-10.2404 12.1212 0.547185526124
-9.782 11.8224 1.0742439062
-8.7126 11.9243 1.37795286567
-9.3549 10.7052 10.4819616509
-14.8492 1.7786 0.594785179708
-14.4522 1.3357 2.67112382341
-11.788 1.5279 2.72692866427
-9.4825 0.0716 1.24381236527
-10.5199 0.7578 13.1560635769
-17.8539 -10.1644 0.919198068971
-17.4317 -10.9809 1.46200076949
-16.5533 -9.8122 8.93176001693
-10.2275 -3.5066 0.280537216782
-10.1018 -3.2558 0.665754384139
-10.2489 -3.9051 7.66662710845
-13.9358 -10.627 0.816111910218
-14.651 -10.2339 0.340640338187
-14.447 -10.5067 1.02167341651
-14.9194 -11.4126 0.913480317248
-15.0769 -10.5128 1.81681218072
-13.5096 -9.5939 7.24987769897
-7.6957 -5.2627 9.62684467102
-3.7091 3.4999 1.05796276872
-2.6572 3.3868 9.91091324652
5.9641 -1.5019 10.1713609719
42.6268 9.9056 12.0870469884
30.5449 9.5529 8.80367323621
21.9975 11.6616 0.802279253128
21.9559 10.8604 1.26320037999
21.0571 11.748 16.2608421814
10.3222 23.9618 3.17198070139
7.2316 24.6757 3.16608629857
4.0699 24.8423 2.83290060009
1.2394 24.9589 1.98178101717
-0.7406 25.0429 1.84010009782
-2.5807 25.0435 2.63052050553
-4.1425 22.9268 1.28611822551
-3.8297 21.6793 9.16160972755
-1.2853 12.8781 2.70392573308
-3.9834 12.7007 0.819191461137
-3.8022 11.9018 0.854395177889
-8.4159 28.5208 3.41427726173
-11.353 30.2617 3.36134148964
-13.8224 32.5422 2.15300780305
-15.8816 31.9136 2.99221397965
-18.6873 32.9535 1.25870220863
-19.8791 32.5486 1.0076436771
-20.5568 31.8029 0.366025818761
-20.2535 32.0078 12.9848546122
-22.5246 19.2231 2.08504792511
-24.4055 18.3233 2.29877783398
-26.6142 18.9605 2.89863423357
-29.4383 18.3074 2.9376269079
-32.3491 17.9113 3.46105545896
-35.7783 17.4428 5.36266073698
-40.5936 19.8031 6.82809186376
-47.3801 19.0506 3.05104289711
-49.7225 17.0956 0.685082221343
-50.1208 16.5382 2.50835216028
-51.6628 14.5598 0.393253226306
-52.0047 14.7541 1.14792281971
-51.2645 15.6315 17.3700965023
-47.0 9.16 13.3734616779
-46.0702 22.5011 0.536689752091
-46.4269 22.9021 1.20782205643
-45.6043 22.0177 0.56948301116
-45.415 22.5548 0.985254632062
-45.6388 23.5143 4.29077913671
-45.5224 27.8035 3.11457464993
-42.7594 26.366 9.65127346002
-37.3088 18.4012 0.648611393671
-36.6981 18.1827 0.0237002109695
-36.6838 18.1638 0.37244705664
-36.4722 17.8573 1.3276886382
-37.4386 18.7677 4.59792847378
-40.8466 21.8542 4.08242041196
-36.7745 22.1443 14.2423602145
-26.2113 12.5911 0.183139427759
-26.3242 12.4469 0.748139358676
-26.8117 13.0144 0.694985927915
-27.4405 13.3104 0.842153252087
-32.6592 12.5837 0.438562846124
-40.365 34.0 4.9149707639
-39.557 29.1519 2.79695012469
-42.034 27.8529 3.37508990843
-45.335 27.1496 2.2009128697
-47.4645 26.5935 3.19173248409
-48.9975 22.3507 0.437485748339
-48.5632 22.4034 1.06098551357
-49.0827 21.4783 1.00516801083
-48.1394 21.1311 0.228527547574
-47.9264 21.0483 1.72635543559
-49.0274 22.378 10.8577833465
-39.621 27.8012 0.770478877063
-38.9737 27.3833 18.0168754297
-21.1357 29.9158 0.929510892889
-20.2062 29.9203 0.851169389722
-19.362 30.029 8.05759004293
-11.3087 29.7661 0.597472693937
-10.7116 29.745 2.54995040932
-8.1806 30.0553 4.23281481877
-4.1954 31.4818 5.57005270801
1.3067 30.6144 1.32462580754
2.3384 31.4452 2.1258627825
4.1868 32.4953 0.656963355142
4.8405 32.4299 0.332037226829
5.1631 32.3513 0.243433954082
5.3991 32.2916 0.161218919485
5.5568 32.2581 0.0155647036592
5.5523 32.2432 0.551313087093
5.7837 31.7428 1.24746875312
6.9047 31.1955 2.78943676752
9.6869 30.9947 1.49774615339
11.0737 34.0 8.24358094338
2.9098 32.8566 0.696269294167
2.5296 32.2733 1.96931728525
0.6895 32.9749 2.78122879318
-2.0669 32.6041 2.84427328153
-4.9048 32.4138 2.59410267337
-7.4976 32.3316 0.774624812409
-8.2722 32.3378 3.47287374519
-11.7401 32.152 0.383496714458
-11.8964 31.8018 3.04458949614
-14.9386 31.9224 3.1112005207
-18.0328 32.2472 3.62609548275
-21.6421 32.5958 0.367554744222
-21.9541 32.4015 0.965471832836
-21.1846 31.8184 0.749348009939
-21.7658 32.2914 1.19401467746
-20.6514 32.7201 0.640743084239
-21.1285 33.1478 0.609645019663
-21.6654 33.4366 9.48829594079
-30.8179 30.9347 3.07408968314
-31.0502 34.0 16.0705056703
-26.3197 18.6415 11.4569587592
-34.8548 22.9546 4.39207817781
-33.0444 18.953 2.46543434916
-31.0546 17.4973 7.50183583198
-27.4273 10.9307 15.1937078835
-17.5571 -0.6204 0.229996108663
-17.3701 -0.4865 9.41494229935
-9.5066 4.691 0.853789816055
-8.9174 5.3089 5.3404452923
-4.534 2.2583 1.41618068056
-3.1836 1.8317 4.48791114997
1.3007 1.6517 4.01495370459
5.2825 2.1666 2.86932874554
8.0524 2.9154 0.741697350676
8.461 3.5344 1.2060325576
8.6612 4.7237 0.296432724239
8.7556 4.4427 0.775463583929
8.574 3.6888 1.37037525518
9.1093 4.9503 17.5724312638
13.8759 21.8639 0.524243235531
14.3468 21.6335 0.231045558278
14.5735 21.5889 0.54511938142
15.073 21.3706 0.495787232591
15.5653 21.3119 1.50958451569
17.0688 21.1765 0.498866164417
17.5517 21.0513 1.34080666019
18.8242 20.6288 1.75489498261
20.5556 20.3426 0.49534256833
21.0507 20.3271 0.73748037262
21.7778 20.2038 0.150412366513
21.8876 20.101 1.30184417654
20.8931 19.2609 16.157477166
5.3657 23.729 0.782276300293
6.1242 23.9204 3.6709886257
9.6932 24.7797 4.06832141429
13.622 23.7234 4.10915707171
12.5692 27.6954 8.7143024695
20.5915 31.0986 6.33782503466
26.7816 32.459 8.81041998148
35.5716 31.8595 6.11354165439
38.88 26.7185 0.721988324005
39.0815 26.0252 2.68620745662
40.1814 23.5745 0.583884620452
40.246 22.9942 1.68248861215
40.4263 21.3214 0.913799015101
41.2555 20.9374 1.71992446927
42.4248 19.6761 1.01020517718
42.2313 18.6846 9.65954412434
41.8323 9.0333 1.18546696285
42.7297 8.2587 42.1805463191
51.5 -33.0 10.1124164669
51.7778 -22.8914 0.564645065506
52.3025 -23.1 0.918308717153
51.8148 -23.8781 0.890895353002
51.0186 -23.4784 1.13665178925
51.8681 -22.7232 13.8431175802
40.0116 -15.5779 1.16767957934
42.7115 -9.6481 0.423724863561
43.0555 -9.4007 1.49107839163
41.6706 -8.8481 18.4901744162
23.4191 -5.8868 0.419264940104
23.7488 -5.6278 0.0877563103144
23.8222 -5.6759 4.65583224784
19.2738 -4.6815 4.89321288828
14.3849 -4.4761 3.36257910688
11.0242 -4.5885 1.01209762869
11.1387 -3.5829 1.1287059183
10.9303 -4.6922 22.1805930042
4.0974 -25.7941 1.32921223663
3.3965 -26.9235 0.985421437762
4.3036 -27.3085 0.889072741681
4.0839 -26.447 15.8343068279
-0.2467 -11.2164 2.6245793301
-1.8882 -9.1685 1.61361037738
-3.5003 -9.2383 0.860396850296
-3.076 -8.4898 1.33006581792
-3.5602 -9.7286 19.0296451338
-8.8266 -28.015 3.96768480225
-11.1104 -31.2595 3.26135727727
-14.1227 -32.5095 3.60384045152
-17.7185 -32.7501 1.61727658735
-19.3125 -33.0235 2.45115907277
-21.6617 -32.3239 2.94123936462
-24.5767 -32.7159 3.89079876761
-28.4286 -32.1671 3.11991528891
-31.4256 -31.3 2.11574731951
-33.056 -29.9516 2.83969622495
-35.3836 -28.3249 5.02479490726
-40.0705 -30.1364 7.58748839406
-47.6508 -30.4666 1.08983980933
-48.0023 -31.4982 1.07029658039
-47.6809 -30.4773 15.0889692441
-44.0311 -15.8364 3.12112085796
-46.1701 -13.5635 1.01796882565
-46.8363 -14.3332 2.0874113562
-48.2607 -12.8073 2.96860264097
-50.7357 -11.1681 7.43591613791
-46.3217 -5.184 0.728906592095
-45.5928 -5.1809 1.33425251733
0.0 0.0 7.84235641246
-2.7347 -7.3501 14.4690689034
0.7171 6.7012 0.0957848109044
0.7308 6.6064 8.62148350691
-5.4511 0.5969 1.3016547046
-4.684 -0.4547 0.976186770039
-4.5334 0.5098 17.8075852069
-9.3625 17.6501 0.368569192961
-8.9987 17.7092 2.81981599754
-6.2992 18.5241 0.465759165235
-5.8538 18.6603 1.82915354468
-4.04 18.4238 0.454463518888
-3.799 18.0385 3.6899411391
-7.469 17.6554 0.873140378175
-6.6876 18.045 0.375727667334
-6.4514 17.7528 0.558922794311
-6.5269 18.3066 1.01507115514
-7.474 17.9414 0.0622942212408
-7.4391 17.993 1.42738609003
-6.3579 18.9249 0.990384753518
-5.6609 19.6285 0.437459689572
-5.3662 19.9518 0.577496735922
-4.9924 20.392 0.847396778375
-5.8295 20.5237 0.41372718064
-5.4738 20.735 1.41169161647
-4.0639 20.6639 0.835334430034
-3.2483 20.4834 0.904513709128
-2.3491 20.5813 1.69535211977
-0.6675 20.7968 0.655452553584
-0.0773 21.0819 0.908777695589
0.8128 21.2652 0.366314646172
0.8627 20.9023 0.119293629335
0.7791 20.8172 0.107087721051
0.8604 20.7475 1.15415212602
1.6196 21.6168 1.1727484854
2.2522 22.6043 0.510875297896
2.7573 22.5277 1.06585883212
3.4324 21.7029 0.187104917092
3.5684 21.8314 1.19199356122
4.4773 21.0602 14.6878367706
-3.8725 8.9766 0.492455480221
-3.5207 9.3212 8.46301376638
-0.7307 17.3111 8.72793841064
-5.3446 24.7198 2.07115098677
-3.2767 24.6038 1.78049361976
-2.1279 23.2435 1.70848673685
-2.0966 21.5353 1.17811113652
-1.7475 20.4101 0.658304374891
-1.2223 20.0132 2.79123371289
0.6435 17.9372 1.06628706266
0.0992 17.0203 15.1019936383
-5.3884 2.9506 0.782760991619
-4.9278 2.3177 1.030849441
-5.0317 3.3433 7.92033465265
-8.8487 10.2832 1.12485175023
-9.0398 11.3917 1.07483797849
-8.785 10.3475 8.10551821477
-7.5658 2.3342 13.7381490143
4.7037 -3.8461 0.498555072184
4.7597 -4.3415 1.2739870015
5.3465 -5.4723 1.1261141372
4.2261 -5.359 15.4899239136
-11.2382 -6.2496 1.08911094935
-11.4757 -5.1867 0.859835019059
-11.3172 -6.0318 0.995855817877
-10.5363 -6.6498 7.69275529118
-11.6384 -14.2632 1.14463356582
-10.5606 -13.8778 0.434523980926
-10.2984 -14.2243 0.270127562459
-10.2113 -14.48 0.584074798292
-9.8317 -14.9239 1.23932969786
-8.5944 -14.9948 0.438152667457
-8.1568 -15.0168 0.363921997137
-7.8177 -14.8847 0.695431722026
-7.1485 -15.0739 0.277992841634
-6.9774 -15.293 0.669078508099
-6.4577 -14.8716 0.404225246614
-6.054 -14.8922 0.262355121924
-5.811 -14.7933 3.07801046944
-2.8888 -13.8264 0.650839457931
-2.2948 -14.0924 1.71681992358
-0.6897 -13.4832 0.477523538687
-0.4649 -13.9045 6.40233083884
-6.096 -16.9509 0.357508727166
-5.938 -17.2716 2.92527371882
-3.0408 -17.6759 1.16931293502
-3.0463 -18.8452 3.90050926162
-6.1616 -16.4981 12.9735846365
-11.5242 -4.6847 0.368571973975
-11.1763 -4.563 1.46236594941
-11.0864 -6.0226 7.6807615931
-10.6235 -13.6894 8.98214575978
-12.6921 -4.9487 1.01225550628
-13.3201 -4.1548 1.09180877447
-12.6733 -5.0344 0.544427552572
-13.2163 -4.995 7.39207601963
-13.1025 -12.3862 2.0455779159
-11.2655 -13.2861 2.84333157581
-9.0046 -11.5619 0.815800373866
-8.327 -12.0162 0.370332350734
-8.6291 -11.802 0.945727280985
-8.9419 -10.9095 0.766331847178
-8.3054 -11.8073 10.0083395571
1.6459 -10.7403 8.01866453283
8.7526 -7.0263 1.33008730916
9.7897 -7.8591 0.644792532525
9.4292 -7.3245 14.0290564205
7.5358 6.5762 16.7149728423
13.3682 22.2406 1.51998617099
14.7632 22.8442 0.330417992851
15.0658 22.7115 0.277587463694
15.2816 22.5369 0.469453820945
15.7224 22.3754 0.820649267349
16.4855 22.0735 0.378328177645
16.5265 22.4496 3.26794208333
18.679 19.9907 0.764564843555
19.3718 20.3141 0.299936209885
19.6665 20.3699 0.39120031953
19.8452 20.7179 1.44258166147
21.2724 20.5078 0.922989041105
21.8793 19.8124 1.44460087221
20.4401 19.9372 0.454065744138
20.82 19.6885 0.752334872248
21.5226 19.4195 0.830949204224
20.7843 19.8008 17.6139458512
3.423 22.7734 10.6085002239
-5.146 16.5194 0.13736207628
-5.0145 16.5591 8.94511333075
-0.215 24.1076 2.31090005842
1.8592 23.0888 0.571177380505
2.3466 23.3866 0.424552340707
2.7304 23.2051 1.39162880467
3.7791 22.2903 1.12134635595
4.8158 21.8629 0.26105181478
5.0629 21.7787 0.958229748025
4.6009 22.6182 0.451055340285
4.8745 22.2596 1.21373254467
4.6707 21.0631 0.83313875195
5.3054 21.6028 0.569359815934
5.6836 22.0284 1.21710893925
4.4772 21.8673 0.510327198962
4.5111 22.3765 23.5552118097
-16.5421 32.9411 7.47007745141
-9.4909 30.4748 4.27104162003
-13.7455 30.1004 0.424671319964
-13.6962 30.5222 1.05262484295
-13.4503 31.5457 3.82175071924
-9.6319 31.7057 1.20017250843
-8.5098 31.2799 2.67311908639
-5.8385 31.3785 3.0327232152
-2.8624 31.9618 2.53565925353
-0.3607 32.3754 1.4465454642
1.081 32.4937 0.48710114966
1.2267 32.9585 1.27510819149
0.412 31.9776 14.7001859995
-11.3061 23.1017 0.740557654744
-10.7251 23.5609 9.64564154891
-2.7536 28.9917 0.830535116657
-2.3983 29.7424 1.79834230613
-3.7334 28.5376 6.58803928115
-7.9395 23.467 1.41517892155
-7.1548 22.2893 2.46489043976
-5.7306 20.2775 0.954894297815
-6.684 20.3309 0.208136998153
-6.7015 20.5383 9.40777009179
-4.0206 29.556 1.31852720867
-5.2876 29.921 0.771500622164
-4.684 29.4405 8.84494327003
-4.6184 20.5958 0.231888011764
-5.4487 19.4627 0.723139716791
-5.0191 18.881 0.48560886524
-4.5652 18.7084 0.960876188694
-5.132 19.4843 0.691934476667
-4.7556 18.9037 0.949955814762
-3.8517 19.1959 0.599224598961
-4.4301 19.0393 0.575085150217
-4.9963 19.14 1.12648016849
-3.8769 19.2661 0.745833547114
-4.6197 19.1989 0.858211028827
-12.8252 22.7558 3.38111340833
-10.107 20.745 0.224622794925
-9.8824 20.7418 0.148868028804
-9.7336 20.7373 0.198563843637
-9.5534 20.6539 0.825077547871
-9.237 21.4159 0.199046728182
-9.1092 21.5685 1.19573045876
-8.5479 22.6243 0.351229056315
-8.2267 22.7664 0.12645082048
-8.1177 22.8305 1.50384576337
-8.9855 21.6023 0.298555606211
-9.1146 21.8715 3.34401218449
-10.7411 18.9497 0.517607109688
-10.3767 18.5821 1.3013052678
-9.1449 19.0017 0.376620830544
-8.7783 18.9154 0.462516215932
-8.3413 19.0669 0.477748019357
-7.8827 18.933 0.658604653795
-7.4355 18.4495 0.365885296234
-7.0697 18.4574 0.659892839785
-6.7081 17.9054 0.693715359496
-6.0665 17.6416 0.407620534321
-5.6852 17.7857 1.194605596
-5.277 18.9084 1.18937738754
-4.4529 19.766 2.77759615495
-2.5403 17.7518 9.61910243266
-6.6847 26.4323 1.1590453011
-5.8707 25.6072 0.408462886931
-6.1739 25.3335 0.562962778521
-5.6669 25.0888 0.0369438763532
-5.63 25.0906 0.812225344347
-5.3599 25.8566 1.19583010917
-5.2286 24.668 0.715375621614
-5.9064 24.4392 1.25721201474
-4.6658 24.2355 0.423224254976
-4.3512 23.9524 0.16196632366
-4.1934 23.9159 1.12110158773
-4.6288 24.949 0.813164442164
-4.2917 24.209 0.205266899426
-4.3298 24.0073 0.959762559178
-5.2374 23.6952 0.453630565549
-4.8861 23.4082 0.344438441525
-4.5539 23.3172 0.929931895356
-3.6721 23.0219 0.903691152994
