0.0 0.0 8.6283403097
-3.3627 -7.9461 1.10394963653
-2.8891 -8.9433 0.859179614516
-2.7986 -8.0889 15.5710907775
-1.1578 7.3955 6.5845436668
-4.0341 1.4724 0.397823277348
-3.8985 1.0984 8.27626124829
-7.7988 -6.2012 0.904901878659
-8.0963 -5.3466 0.61202498315
-7.6486 -5.7639 2.74329580614
-6.1764 -8.0787 1.30697501506
-5.0627 -8.7627 1.71505316536
-5.2571 -10.4667 0.311416007938
-5.5103 -10.2854 2.02260790071
-4.3079 -11.9118 0.827643359183
-4.9207 -11.3555 2.55075957511
-3.9928 -13.7315 0.577321331669
-4.2682 -13.2241 1.46145557921
-2.9686 -13.8926 10.0079487768
3.701 -21.3542 0.900492115457
4.4324 -21.8795 10.7745223398
11.3938 -30.1032 0.94886132285
12.2329 -30.5462 0.814754153104
12.8802 -31.041 1.76398372441
13.9485 -32.4447 0.368024455709
14.1975 -32.7157 0.0767891919478
14.1938 -32.7924 0.285888544716
14.2539 -33.0719 0.415848830707
14.5402 -33.3735 0.25962636615
14.6535 -33.6071 1.29805600033
13.4452 -33.1328 15.0999934864
-1.2721 -29.7548 1.86005389707
-1.863 -27.9911 9.80023986696
-2.6719 -18.2243 1.41714708129
-2.9908 -19.6051 0.201498635231
-3.1651 -19.504 7.89561487473
-6.3106 -26.746 1.00051348816
-5.7546 -25.9142 6.28983024016
-4.6597 -19.7204 0.352374417346
-4.9524 -19.5242 0.130894232111
-5.0067 -19.6433 0.818965719673
-4.1949 -19.7514 0.749375446622
-4.6349 -20.358 2.75732631547
-5.7754 -22.8684 0.331025693867
-6.103 -22.8209 0.936715629207
-5.4374 -23.48 1.17262161843
-5.5609 -22.3139 17.3214860716
-12.3787 -6.3906 3.00230607534
-10.9668 -3.741 0.564923401887
-10.6635 -3.2644 0.350974714189
-10.5825 -2.9229 0.521582687596
-10.19 -2.5794 1.08289013755
-10.2896 -3.6577 2.33147113428
-12.5778 -4.1048 1.26230933214
-11.3192 -4.2015 0.495082720361
-10.8413 -4.3308 0.325342665508
-10.518 -4.3672 0.685401050481
-9.8966 -4.6564 1.31088494156
-8.9884 -5.6017 4.34619627721
-11.7636 -8.9465 0.745698504759
-11.4435 -9.62 22.0609587543
1.1325 -27.7454 5.00008824422
5.2118 -30.6368 1.50153868415
6.6927 -30.3887 1.34359631586
5.4868 -29.7962 14.1300846685
-4.0577 -19.3769 1.08421570732
-4.6528 -18.4706 1.2724270431
-4.1875 -19.6549 7.63778476589
-1.0248 -26.6071 0.861073963141
-0.2222 -26.919 0.928058128567
0.1745 -27.758 0.974250737747
0.436 -26.8195 4.17847676073
4.1462 -24.8975 10.7434597128
7.5476 -14.7067 1.24823615154
8.7958 -14.7162 2.22402385104
10.9778 -14.2859 1.45536985334
12.1648 -13.4438 0.247922568557
12.4 -13.3654 0.0820060973343
12.465 -13.3154 0.628272504571
13.0025 -13.6407 2.87970609785
15.7761 -12.8662 0.67048893354
16.3691 -12.5533 0.834985035794
17.1867 -12.3838 0.894406618938
17.1159 -13.2754 11.6512640709
18.9681 -24.7785 6.43336341349
21.6197 -30.64 0.491049895632
22.1107 -30.633 0.778425185872
22.8751 -30.4859 0.44444982844
23.1773 -30.16 1.84060459904
24.8796 -30.86 3.39963839989
28.2606 -30.5045 4.10021245425
32.359 -30.3826 2.92191644302
35.2761 -30.2149 3.78412683191
39.0589 -30.1147 0.596874333507
39.6418 -30.2431 1.46453193888
41.1044 -30.1679 0.692888461442
41.7265 -29.8628 0.50149996012
42.187 -29.6642 1.31690838709
43.4379 -29.2525 1.54666783118
41.9442 -29.6538 4.03892879982
41.2726 -25.6711 0.432409065585
41.5298 -25.3235 0.430434582718
41.4321 -24.9043 0.941644460505
41.6431 -23.9866 0.544817198701
41.0984 -23.9753 0.174825227013
40.9253 -23.9508 0.221556764735
40.7157 -23.879 0.253414147198
40.567 -24.0842 0.14315816428
40.4569 -23.9927 0.542329466284
40.2579 -23.4882 0.675378545706
40.8586 -23.7969 0.0
40.8586 -23.7969 1.26826576474
41.2508 -22.5908 0.758014544715
40.9279 -21.905 0.68243332275
40.8079 -21.2332 11.9764768651
40.2012 -9.2721 0.327155207814
39.5643 -7.6475 1.573650981
38.3993 -6.5896 0.721512882768
38.2593 -7.2974 0.905841133974
38.7789 -6.5554 15.1850772593
24.8533 -0.5003 18.5620558756
15.0525 15.2634 7.47404860166
7.6404 16.2237 3.58420698063
4.0616 16.0269 4.36806024226
0.0708 14.2511 3.6847865352
-3.4177 15.4377 3.11052392371
-5.9579 17.2329 1.20290505028
-6.9089 16.4963 8.6512989649
-3.2906 8.638 5.94081318087
-1.5687 14.3238 0.829399228357
-12.7068 13.5048 1.35685463481
-12.4299 14.8331 0.326306129271
-12.1036 14.8351 0.583388249796
-11.5864 15.105 1.6429392959
-10.2301 16.0322 0.395442966811
-9.9396 15.7639 0.12608647826
-9.8968 15.6453 0.074494630679
-9.8615 15.5797 0.052588972228
-9.8107 15.5661 0.534181738737
-9.3649 15.8604 9.92405038782
-1.7376 9.5113 1.36870377365
-1.3007 8.2142 5.15405649659
0.5934 13.0076 0.300193271077
0.4862 12.7272 0.13024519185
0.3912 12.6381 0.509799656728
0.01 12.9766 12.4484142078
-8.593 21.9739 0.930355313845
-7.8635 21.3965 3.03778046113
-7.4273 18.3902 0.713601695626
-6.8936 17.9165 0.847544748081
-6.0633 18.0866 0.971148788806
-5.1754 17.6932 0.463792550609
-4.8467 18.0204 1.95445848511
-3.4918 19.429 4.02341117088
-7.3805 18.3966 0.489808309444
-6.9838 18.6839 1.46073688938
-5.5243 18.744 7.78441248779
2.1364 20.1263 1.21315371244
2.9356 21.039 0.0656738913115
2.8847 21.0805 1.12525194068
2.6959 22.1898 6.95173946146
-3.2368 25.8133 0.385680204314
-2.8597 25.7324 0.269161680036
-2.5998 25.8024 7.82609004804
4.7822 23.2036 0.282777032306
4.9571 22.9814 2.47661823663
7.4336 23.0056 0.580775731242
7.9862 22.8269 1.90150042072
9.7759 22.1845 1.88583981557
11.6429 21.9186 2.29120410483
13.7249 20.9621 1.3825443935
14.6549 19.9391 0.95613447276
14.7141 20.8934 7.56680769215
14.5969 28.4593 0.401837093858
14.9452 28.6597 0.866761587751
15.3855 29.4063 0.468900181275
15.0388 29.722 1.29038814703
14.6087 28.5054 5.7703311768
20.2962 29.4796 0.499329570524
19.8451 29.2655 0.240690361253
19.713 29.4667 13.7620756836
5.9576 29.0381 9.03313438901
9.4116 20.6914 25.6945738536
17.9946 4.8362 9.40895176414
19.9975 14.0295 18.7200509724
9.8204 29.7415 0.165669339348
9.9496 29.6378 0.132400339879
9.8253 29.5922 1.95743335263
7.8755 29.4195 3.66183701576
4.2143 29.4878 2.87481010851
1.3447 29.6608 2.70374503421
-1.3588 29.6244 1.06908851364
-1.148 28.5763 7.1009560124
-0.3005 21.5261 0.678222271825
-0.6364 22.1153 7.39897050677
-5.343 27.8243 0.675485158978
-4.9356 27.2855 6.05233032889
-4.0027 21.3055 0.396991246755
-4.0673 21.6972 7.63949456771
-7.9908 28.2522 0.474896578215
-8.3182 28.5962 2.67859166354
-9.5111 30.9945 1.96263612522
-11.3977 31.5355 1.87051768503
-13.1022 32.3059 2.64990331899
-15.752 32.3293 1.42567185916
-16.6171 31.1961 9.41951136737
-9.9543 24.5377 5.82135004015
-13.8813 28.835 0.74029121297
-14.2615 29.4702 3.04382947288
-16.74 31.2371 0.656806288033
-16.5311 31.8598 1.2533668976
-15.7544 30.8761 7.57330311621
-12.2244 24.1758 0.283989612486
-11.9485 24.1085 1.42238273682
-12.9701 25.0982 7.90379112388
-18.2879 30.9455 1.38674551739
-19.1871 32.0012 1.26308405104
-20.3867 32.3966 3.1688183681
-17.4931 31.1049 8.70008889207
-12.1284 24.2557 0.374065903284
-12.4933 24.1734 1.30923515458
-13.3846 25.1324 10.3143515206
-21.4931 31.5072 1.18635504382
-22.6629 31.7047 16.9245634345
-39.5781 31.1418 12.4135530389
-51.3557 27.2195 2.67940994251
-49.5387 25.2503 2.37900084069
-51.3997 23.7683 1.22041154534
-50.1794 23.7848 19.9118719808
-32.0401 15.5721 0.117973725888
-32.1543 15.6017 5.74113491916
-33.6789 21.1367 3.43356593646
-35.4439 -27.9904 7.15038184295
-42.5236 -28.9933 3.26753142296
-45.754 -28.5021 3.5931629771
-48.6597 -26.3884 1.43852884921
-49.9192 -25.6934 0.939717750178
-49.9708 -26.6317 1.45359225713
-49.1422 -25.4374 5.68057783152
-43.8745 -23.3113 2.6968502387
-47.238 -22.6274 10.889143425
-44.1693 -12.1796 1.04986803456
-44.6076 -13.1336 4.19221580551
-45.3306 -17.263 2.93402765154
-42.4207 -16.8875 1.8837931999
-40.6628 -16.2104 2.23235267151
-39.217 -14.5095 6.39676402957
-34.1039 -10.6657 1.23183196906
-34.2893 -9.4479 0.185643879511
-34.1442 -9.3321 1.13795093479
-33.5505 -10.3029 10.202921978
-26.1025 -17.2762 1.20163673795
-25.1494 -18.008 8.76718986335
-18.5685 -23.8007 0.65336704845
-17.951 -24.0142 2.53112379192
-15.5001 -24.6464 0.596843228997
-14.9171 -24.7742 0.565627669054
-14.3692 -24.6337 2.56306599213
-12.667 -26.5499 0.202681671594
-12.8565 -26.6218 1.50220654372
-13.0676 -25.1345 3.98874973018
-12.7736 -21.1566 2.6193160424
-10.3503 -20.1624 1.57276718239
-9.9993 -18.6293 8.0367739952
-9.5553 -10.6048 1.63478763147
-10.1631 -9.0872 0.275187572394
-9.8893 -9.1148 0.624424791308
-9.3059 -9.3374 0.480857442492
-8.8687 -9.5376 0.968307187828
-7.9871 -9.9381 2.58294878966
-5.4418 -9.4987 1.67820433798
-6.1384 -7.9719 10.0949417997
-11.6559 0.4818 0.869307057374
-10.8039 0.6544 0.285883000544
-10.7364 0.9322 0.877838601339
-9.8895 1.1632 4.35501423304
-5.6104 0.3536 0.285291167056
-5.3308 0.2969 0.305749194602
-5.1272 0.525 1.06671019963
-5.5675 1.4966 10.052100201
-9.7658 10.63 2.35030951579
-7.4327 10.3461 1.01307295887
-6.5266 10.7992 0.441661159714
-6.0923 10.8795 0.800300006248
-5.3166 11.0764 1.3380271223
-5.0959 9.7567 1.21106024623
-4.1623 10.5281 0.361461394896
-4.4598 10.3228 0.144234011246
-4.3227 10.278 0.107388872794
-4.2228 10.2386 0.0721925896474
-4.1519 10.225 0.846362215603
-3.4471 9.7564 0.363484648919
-3.1041 9.6361 1.65161724985
-1.9114 8.4936 0.400250371643
-2.2204 8.2392 10.5883421365
-8.8582 -0.0102 4.14183860743
-4.8111 -0.891 0.453834253886
-4.3979 -1.0787 0.719220480798
-3.731 -1.348 1.61061521165
-2.1204 -1.341 1.56342478233
-0.5577 -1.3886 0.638331340293
0.0612 -1.5449 1.27344006926
-0.7032 -0.5264 0.970323786166
0.1533 -0.0704 0.489205038813
-0.7715 -0.3652 2.29142812455
-2.7966 0.707 9.2101707286
-9.8493 6.6304 0.932459741758
-10.0619 5.7225 0.942123664919
-9.5917 6.5389 14.5692306983
-2.0784 19.0214 0.536857895537
-2.4706 18.6548 1.44445755216
-1.3377 19.5509 7.27097697012
4.6596 23.6618 0.534272589602
5.0012 24.0726 0.715912934651
5.3295 24.7088 2.25558032444
7.5833 24.7984 3.24456198893
13.9238 26.48 0.878330125864
13.7968 27.3491 4.36259483335
11.0906 30.7709 2.7658322093
8.4351 31.5443 1.47807935173
6.9735 31.7644 2.54317664546
4.4743 31.2935 2.0554411327
2.48 30.7959 1.90164590815
0.5846 30.6419 0.733670075715
-0.1487 30.6186 7.31657562115
-7.4546 31.0137 7.9818098261
-2.0899 25.1036 1.55334241235
-2.5812 23.63 14.7595902721
-4.6164 9.0114 0.850650086698
-5.4658 8.9653 3.01043638033
-8.4762 8.9505 1.40752685942
-7.7137 7.7674 0.15200960496
-7.5761 7.832 0.898950838478
-8.3255 7.3355 1.17430547985
-8.7649 8.4245 14.6179827695
-12.5924 22.5325 13.2499321553
-9.791 9.5821 6.1635558706
-6.9254 15.039 19.3936309971
-2.8519 34.0 5.09969845775
-5.3259 29.5406 2.55307662439
-6.1406 31.9602 2.09881902031
-8.2358 31.837 2.29857854554
-10.3995 31.0612 2.79320709042
-13.0552 31.9268 1.85564579864
-14.8399 32.435 1.17220863757
-16.0121 32.4395 1.44565072199
-17.4241 32.7496 1.14345288053
-16.3961 32.2489 0.665182388522
-16.9817 31.9334 2.61628265293
-15.3773 34.0 6.26046613281
-10.1269 30.5902 17.8243535773
-9.4715 12.7779 0.474313862332
-9.9405 12.8487 2.77890191982
-12.6463 12.2155 0.947648626865
-13.5247 11.8599 1.09618102976
-13.5536 12.9557 17.2001571159
-0.9636 24.6748 0.119313578439
-0.8749 24.595 12.8230142829
4.7402 13.0764 36.9246392345
35.1644 34.0 5.58315834004
30.0881 31.6756 1.12724617542
30.4886 30.6219 0.664430109191
30.971 31.0788 0.777378498545
31.2992 31.7835 0.354941586744
31.0964 31.4922 3.80599572517
28.9809 28.3283 4.89907628538
24.0828 28.2305 3.34657849153
20.9174 29.3167 1.23786913686
19.8414 29.9287 2.72483682447
18.01 31.9463 2.77871856078
15.3572 32.7733 2.78237409598
12.5828 32.5628 2.06154098916
10.5213 32.5498 2.33421111727
8.1968 32.3371 11.2323194444
-2.9913 31.3414 1.14678825421
-3.7024 32.2411 4.13827196061
-4.9745 28.3032 3.26563742323
-7.8882 26.8285 3.499845038
-11.0663 34.0 18.9682858372
-13.3009 15.1638 0.411974088991
-12.8985 15.0755 0.5459004488
-12.5704 14.6392 0.315016078955
-12.2576 14.6019 0.806238984421
-11.4547 14.5286 0.933449800471
-11.9345 13.7279 9.31633892256
-12.2671 4.4175 2.44288642593
-10.4974 6.1015 2.29133991367
-8.3722 5.2449 8.75247083057
-12.513 12.9559 11.3485544881
-2.3406 17.987 1.08817029917
-1.6508 18.8286 9.61491843803
2.9716 27.2595 0.710408291055
3.4029 27.824 4.21445561135
6.1066 31.0569 0.685463266704
6.7483 31.2979 1.96066793211
8.1368 32.6822 1.27881204639
9.3232 33.1595 0.706429133035
9.9138 32.7719 11.6755767588
13.269 21.5888 3.49186884347
16.1771 23.5217 0.261750740209
16.4148 23.4121 0.316157002137
16.5814 23.1434 0.573816529912
17.1384 23.0055 2.40982875948
18.4676 20.9954 0.814652428954
19.2763 20.8971 0.581205376782
19.8575 20.8946 1.10921760714
19.2464 19.9689 0.58612851833
19.7722 20.2279 0.561934693714
19.4288 19.7831 0.609909772016
20.0156 19.9494 24.7010799157
42.5558 30.053 1.06289740803
42.1305 29.0789 0.423844995252
41.9912 28.6786 6.56258381432
38.1506 34.0 7.46717281506
41.5138 27.3331 6.79856219064
40.1823 34.0 6.29098761166
41.0175 27.7647 0.770036531601
41.69 28.1398 0.464703625981
41.3075 27.8759 0.525939283568
41.0153 27.4386 0.27656118672
40.7648 27.3214 0.839401512984
40.3729 26.5791 1.24530610695
40.369 27.8244 0.745473815771
39.639 27.9755 6.25023946821
37.9744 34.0 5.7071300397
40.6217 28.944 0.75226251402
40.5009 28.2015 0.0188403821617
40.5195 28.2045 0.642077199408
40.0182 27.8033 0.86509405269
39.8138 26.9627 0.462753951901
39.6739 27.4038 14.6432009045
42.2807 12.9945 7.12441042754
44.9794 6.401 0.386234255343
45.0371 6.0191 2.48586819643
38.4702 11.9299 0.461199360364
38.1656 12.2762 3.60298300024
34.6195 11.6385 0.600785652292
34.3013 12.1481 14.486534968
27.317 24.8398 3.1861448586
24.1311 24.8793 2.98204704356
21.1602 25.1369 2.84564442086
18.3146 25.1528 2.58566429569
15.731 25.0495 4.55151075249
11.1797 25.0933 4.13044930486
7.0642 24.7422 3.75155497494
3.3199 24.9754 2.91007667597
0.415 25.1489 2.69777320211
-2.2549 24.7621 2.60259812687
-4.8574 24.7395 2.95312186846
-7.1028 22.8214 6.82674389442
-1.0056 19.7508 8.17626903973
-8.4327 23.1698 0.507904006678
-8.0485 22.8376 7.25649819955
-1.4419 19.836 0.872155313003
-1.9252 19.11 13.9976644088
-5.9515 5.7039 0.353848922564
-6.187 5.968 8.50879705834
-14.4353 8.0573 0.417535112296
-14.8104 8.2407 27.8548189141
-25.4099 34.0 3.76290861569
-28.0829 31.3515 0.169442615655
-28.2207 31.4501 0.92235301268
-28.2039 32.3723 0.202897856075
-28.0312 32.4788 0.211473308008
-27.8676 32.3448 3.92749045193
-31.6023 31.1294 1.02338661805
-31.9347 32.0973 1.15272002672
-31.8486 30.9478 18.324894218
-26.6455 13.3771 1.17696397566
-27.0357 12.2667 1.18443624142
-27.8842 13.0931 20.8755648168
-36.5763 32.073 9.53673162462
-46.0431 30.9202 0.780350978727
-46.1049 31.6981 2.74917853367
-48.3568 30.1211 2.85939015876
-50.8546 28.7293 0.885024790613
-50.3628 27.9935 1.0556486963
-51.1644 28.6804 1.25915857619
-50.1468 27.9388 18.0992367485
-37.3 15.1896 0.954480057413
-36.4207 15.5609 1.15056257978
-43.9214 8.5937 0.518754836122
-44.2727 8.9754 1.29953305845
-43.8826 7.7358 18.8994914093
-25.0714 5.9111 1.13599049292
-24.4522 6.8635 19.1349508345
-14.9084 23.4485 8.29739487912
-6.6127 23.6162 4.70584484657
-1.9143 23.3516 1.20758606319
-2.1942 22.1769 12.0521554719
-2.8978 10.1453 0.715004699285
-2.9272 10.8597 11.8981777504
0.9151 22.1204 10.0493687588
-0.5655 12.1807 0.682813012471
-0.723 12.8451 1.6661100954
-0.7172 11.179 10.4969178381
-9.2033 5.0007 0.962680029916
-9.4405 4.0677 0.100805803404
-9.3871 3.9822 1.25805871485
-9.1169 5.2109 18.0578013958
-9.6408 23.2611 0.267403552706
-9.3833 23.3332 1.34281717296
-10.1483 22.2296 0.850933722448
-9.3057 22.1108 0.654981595161
-8.7065 21.8463 1.20112056014
-7.5531 21.5111 1.24979376299
-7.2657 22.7274 0.661539756931
-7.3788 22.0756 10.5185377615
-6.0108 11.6464 0.758080800443
-5.5075 12.2133 1.09773229888
-6.4749 11.6945 9.7109277667
-11.0844 3.1473 0.385920846807
-10.7011 3.1024 0.331283760544
-10.3718 3.1386 1.57110962062
-8.8038 3.0398 0.768402407596
-8.2537 2.5033 0.474301591817
-8.2091 2.0311 0.712416310874
-8.5301 1.3951 19.495253174
-16.4985 -16.3973 2.97510008235
-13.5234 -16.3966 0.2696
-13.2538 -16.3966 0.762488983527
-12.7579 -15.8174 1.17617771191
-11.5955 -15.6379 1.92412639917
-10.1427 -14.3763 1.45492723186
-8.7158 -14.6605 0.383589950338
-8.4516 -14.3824 0.869153432945
-8.0556 -13.6087 0.702931973949
-8.685 -13.2957 0.388213575239
-8.5593 -13.663 0.187720776687
-8.4168 -13.5408 0.201360894913
-8.2163 -13.5222 1.10801635367
-7.6281 -14.4612 0.883224144824
-7.9841 -13.6529 1.33733707419
-7.5295 -14.9106 15.5732538389
2.8132 -26.5534 0.488649086769
3.228 -26.8117 0.429139429556
3.4332 -27.1886 0.810140642111
3.9201 -27.8361 2.84754081972
5.6815 -30.0735 2.78605033156
8.1284 -31.4057 0.748323579743
8.7717 -31.788 1.28454418764
8.0036 -32.8176 0.364714258016
6.4146 -34.0 4.40752935895
4.5705 -29.9968 2.71915139152
3.7503 -32.5893 2.92906538336
0.8984 -31.9214 2.77116559772
-1.8617 -31.674 10.1540552613
-11.9929 -32.3549 0.56076865105
-11.4697 -32.1531 7.63526623635
-3.9302 -30.9476 1.30599970138
-5.2013 -30.6477 2.58290001742
-7.619 -31.5566 3.0164408514
-9.1669 -28.9676 1.11130202915
-10.1313 -28.4154 6.18914772566
-15.7332 -31.0468 1.57609861684
-15.5106 -32.6071 6.19991413247
-11.9305 -27.5453 0.196954867927
-12.0506 -27.7014 6.4200035405
-16.8941 -31.9153 1.29950098115
-18.1935 -31.8991 1.29476053771
-17.0096 -31.3749 1.2092866699
-15.8012 -31.4212 6.15931346824
-13.4556 -25.726 5.0456382401
-16.1438 -29.9959 1.3428370266
-17.3716 -30.5397 0.887162533023
-16.6606 -30.0091 6.82161251685
-11.8133 -25.2093 7.01776737289
-16.7652 -30.182 7.13762962404
-4.5842 -11.4495 0.588595761113
-5.0193 -11.0531 0.974051728606
-5.5999 -11.8352 10.977556929
-15.5476 -16.4774 2.55658823435
-13.757 -14.6526 0.787577247005
-14.4514 -14.281 1.32631022766
-13.7443 -15.4031 8.07269829735
-8.0789 -21.1539 12.1880994257
2.2567 -27.6134 0.467477186609
2.5933 -27.9378 2.42306345356
3.1738 -30.2903 3.53317487255
5.456 -32.9875 0.466878678031
5.9163 -33.0656 1.23587941564
7.1235 -33.3303 0.472745259098
7.5913 -33.2621 10.3574650861
12.5878 -24.1895 3.27275138683
15.8586 -24.0765 1.42385239755
17.1917 -24.5767 1.72288936673
18.9093 -24.4418 22.0962727907
38.8313 -34.0 3.95781926318
41.3747 -30.9676 0.397251268091
40.9951 -30.8505 1.48380591723
39.8671 -29.8865 0.960413764999
39.7529 -28.9329 1.75122424035
38.7354 -27.5076 18.9187824558
27.6185 -12.1996 0.600610173074
27.8672 -11.6529 0.220608794022
28.009 -11.4839 0.823144051792
28.7993 -11.2537 1.43578790913
29.6167 -12.4341 13.9455665629
37.1937 -24.1417 2.62352792247
39.6947 -23.3493 0.455420860304
40.1351 -23.2333 0.559019373546
39.7922 -23.6748 0.833855443107
39.7761 -24.5085 0.103584265214
39.8254 -24.5996 0.598018544863
40.4037 -24.7519 1.06835410796
38.1583 -34.0 6.56670019492
33.402 -29.4724 1.14546258341
34.0563 -28.5322 2.27310800887
33.5332 -26.3201 1.35268281574
32.4494 -25.5107 0.948657435537
33.3877 -25.3709 1.08585141709
32.343 -25.667 16.1234449842
16.5776 -29.046 3.43125887248
13.1495 -28.8988 2.99284162628
10.1579 -28.985 5.44108814944
4.7643 -29.7023 3.85346209531
0.9817 -30.4379 3.45484557253
-2.4446 -30.8811 1.4122793633
-3.8516 -30.7591 3.40203792013
-6.9076 -29.2642 0.704686213857
-7.1505 -29.9257 1.23797622756
-7.026 -28.694 17.6852818049
-5.8096 -11.0506 1.25270386764
-5.6039 -9.8149 0.451392091202
-5.1748 -9.6748 1.51306690202
-5.4447 -11.1636 15.0779990145
-9.7179 -25.6234 0.787948354907
-9.0573 -25.1939 14.3098322289
-5.9794 -11.219 0.935514029825
-5.8239 -10.2965 0.955815547059
-5.8759 -11.2509 14.3158357957
-10.6402 -24.7507 0.439374612375
-10.2036 -24.8 1.08078431706
-10.2171 -25.8807 0.912271237078
-9.9376 -25.0123 17.8662119793
-8.2816 -7.223 0.521767496113
-8.16 -6.7156 1.08368679054
-8.8041 -7.5871 17.6951691961
-14.8623 -24.2129 0.800427916805
-15.491 -24.7083 2.38993687155
-15.0167 -27.0507 2.38455284907
-17.3482 -26.5505 2.32844309357
-18.515 -28.5655 1.74944144229
-19.536 -29.9861 4.3251333124
-23.3811 -31.9665 3.36403059439
-26.7341 -32.2387 1.84955944214
-28.5783 -32.098 2.76760786601
-31.3342 -32.3523 2.85925228862
-34.1884 -32.5222 2.79790731977
-36.9863 -32.5286 15.3253386736
-52.1452 -30.2761 0.762925802421
-51.5289 -29.8264 1.16686554924
-52.345 -30.6604 0.901086594063
-52.1389 -29.7832 19.7261658162
-37.5494 -16.5066 0.467376646828
-37.9616 -16.2863 0.958630152874
-37.0875 -16.6799 2.05865320052
-39.1461 -16.6947 1.21019292677
-40.3515 -16.5871 3.02307398024
-40.6065 -19.5994 2.94330197058
-43.2685 -20.8551 4.26554346479
-47.4901 -21.4658 0.574563112286
-47.2855 -22.0027 1.14979487301
-46.6159 -21.068 5.79432534899
-41.4734 -18.398 45.37101841
0.0 0.0 10.3784381739
10.3663 -0.5018 2.70580221746
7.7923 0.3324 2.75554166907
5.0465 0.1009 2.2124394681
-9.8341 5.0123 0.90421672181
-9.9079 5.9135 0.434449778455
-9.9549 6.3454 1.42942884048
-10.5944 5.067 7.04839269692
-13.2475 -1.463 0.438986070394
-13.0521 -1.8561 1.98749068425
-12.301 -3.6962 0.586892920387
-11.7811 -3.9685 1.55481003341
-10.4971 -4.8453 0.928411595145
-9.7174 -5.3493 2.57788351172
-7.424 -4.1721 7.82096580033
-11.2131 2.6697 0.872737818592
-10.6218 3.3116 1.80550847409
-8.9416 3.9725 0.54301797392
-8.444 4.1899 1.59709702273
-6.9807 4.8298 0.976722299326
-6.855 3.8612 0.668868634337
-6.5704 4.4665 0.871153316013
-6.0255 5.1462 0.239703233186
-5.8063 5.2432 0.615354540082
-5.2423 5.4893 2.58813986678
-3.6452 7.5259 1.50945968148
-2.6579 8.6677 9.73367977386
3.1666 16.4664 0.964742421582
3.8679 17.1289 17.1603650043
14.2311 30.8067 2.82485907082
16.869 31.8173 2.1473655604
18.7373 32.8759 1.02788797541
19.7208 33.1747 0.428826421761
20.1191 33.3336 0.206327603582
20.3129 33.4044 0.334619201481
20.6454 33.442 0.209912076832
20.8446 33.5082 0.197453842708
21.0317 33.5713 0.633767307456
20.4041 33.6595 0.251753252213
20.6554 33.6746 0.290106532157
20.9278 33.7744 0.465157962417
21.3545 33.5892 0.980417895594
20.3832 33.7226 0.130360270021
20.4588 33.6164 0.13201552939
20.5871 33.6475 1.5187830161
19.5732 32.5167 14.8418498712
12.457 19.4921 17.6895884715
22.158 4.6998 0.347634822767
22.3981 4.9512 1.26093508953
23.3292 4.1009 17.6010739701
30.5005 20.1748 0.602275833817
31.0882 20.3065 0.721647732623
31.721 20.6534 0.879866881977
31.5183 19.7972 0.518790130978
31.2171 20.2196 0.475135959489
30.8638 19.9019 0.828429321065
31.6905 19.9554 0.548850844948
32.2219 20.0927 0.954247583177
32.9965 20.65 0.242218269336
33.2253 20.5705 2.13789243181
32.8127 22.6682 2.49780252422
34.3311 24.6515 0.312982076164
34.5198 24.9012 1.28394956287
35.2556 25.9534 0.076795898328
35.3312 25.9669 2.29947312226
37.5052 26.7161 3.52498447372
41.0229 26.9426 0.88011421986
41.8727 26.7136 2.56107450106
44.3985 27.1372 0.573567955869
44.4587 26.5668 1.29616898975
45.7174 26.8762 1.13675302507
46.2064 25.85 1.5441414702
47.807 13.5459 13.5333502064
36.0 20.16 16.3949332722
20.9794 26.7308 1.12025942085
20.276 27.6027 1.40793341462
18.9055 27.2802 4.25420318861
14.6561 27.0781 1.0970045989
14.4783 25.9956 17.1124800611
10.1353 9.4434 0.892227695154
9.9352 8.5739 1.49447926048
3.763 34.0 16.2091792871
-1.7274 18.749 7.23987466259
-4.0571 11.8942 0.652498659002
-4.4136 11.3477 19.5914510706
-9.4207 -7.5931 1.07658074477
-9.6106 -6.5334 0.884749326081
-9.2725 -7.351 30.8232448652
11.7624 -29.8811 0.918530707162
12.6745 -29.9896 2.67190982632
15.1329 -31.0362 5.25380952167
19.9414 -33.153 0.566852520502
20.5051 -33.2127 1.37110373422
21.8543 -33.4568 0.512541471493
22.3619 -33.5278 0.413514606755
22.7147 -33.3121 0.25774803588
22.9713 -33.2878 0.266112758056
22.9977 -33.5526 0.220290467338
23.2087 -33.6159 1.66111837026
21.5555 -33.7779 0.109835695473
21.6047 -33.6797 0.528581819589
22.1332 -33.689 0.528174895276
22.6606 -33.6604 0.550762317157
23.1758 -33.4657 0.692207259425
23.7783 -33.8065 0.226243806545
23.9834 -33.711 0.0439037583813
23.9609 -33.7487 1.20805988262
19.8669 -26.5117 0.79439983006
20.6139 -26.782 0.981873606937
21.5826 -26.9423 0.279363723486
21.8006 -27.117 0.636270382778
22.2178 -27.5974 1.80874817761
23.8147 -28.4468 1.39679635237
24.7141 -29.5155 3.07713559825
26.8823 -31.699 0.555795807829
27.407 -31.8823 0.722188368779
28.101 -32.0821 1.3861900483
29.4836 -32.1818 2.6562079832
32.0619 -32.8204 1.70220187111
33.758 -32.9644 0.807501046439
34.4443 -32.5389 0.599041701386
33.9957 -32.9359 2.86192355244
36.8298 -32.5378 0.895891427574
37.6146 -32.1057 1.88681970787
39.474 -32.4262 1.15756658556
39.7642 -31.3056 0.238478279933
39.8657 -31.0898 4.70908983669
36.3554 -27.9508 1.76682714491
40.0853 -34.0 6.96329043269
38.4126 -27.2406 1.11480862035
38.3081 -26.1307 6.93756771498
31.8113 -23.6973 1.2365945253
31.9042 -24.9304 3.33830108289
29.2036 -22.968 0.452193553691
29.6206 -23.1429 9.12016791567
30.8706 -14.1088 23.1684650646
21.889 7.2479 1.03315309611
21.5856 8.2355 26.3444087322
4.3589 28.1671 0.851159450397
3.5194 28.3075 4.07007192688
-0.2776 29.7732 1.09557495408
-0.3188 30.868 2.14810849354
-2.3757 30.2487 13.6296103338
-6.892 17.3891 0.696377921821
-6.9931 18.0781 11.0616794575
-8.726 29.0032 4.93897631195
-12.9159 31.6182 2.95664765909
-15.8706 31.7255 1.24772101048
-15.2482 30.6441 11.480053303
-8.221 21.5661 1.24041511197
-8.2441 20.3259 1.01960388877
-9.0876 20.8987 0.72797588559
-9.7809 20.6767 0.501201316838
-9.6435 20.1947 0.96985792774
-9.6541 21.1645 2.39271701628
-12.0417 21.3209 0.978753298845
-11.7948 20.3738 0.781352116526
-11.3001 20.9786 1.19599532608
-12.3002 21.6345 1.08320093242
-12.3847 20.5546 14.6117139532
-8.62 6.4362 0.805135547594
-8.3815 7.2052 1.10609482867
-8.4479 6.1011 1.1692254402
-9.4877 6.6358 20.2846725872
-13.6806 26.4824 4.69942473075
-11.551 22.2932 0.489167660419
-11.505 22.7802 8.899260008
-17.7665 29.104 0.920474399427
-18.6561 29.3404 4.53192592724
-23.0956 30.251 2.54191048229
-25.5739 30.8161 3.04674267046
-28.1848 32.3864 1.04409218942
-27.8411 31.4005 5.53109414221
-32.7407 28.834 2.23281056295
-30.8508 30.023 0.338813016279
-30.5407 30.1595 3.63003422573
-34.1675 30.3127 4.22274319608
-38.3818 30.5796 4.97658594822
-43.3575 30.4857 3.46207701387
-46.734 29.7207 2.70306205996
-49.2801 28.813 1.05705105364
-49.4619 29.8543 1.03409208487
-48.849 23.2333 8.81870586027
-40.2094 21.465 0.666642940411
-39.6749 21.0666 0.080902719361
-39.6599 20.9871 0.218018714793
-39.8303 20.8511 2.36103631908
-37.4998 20.4726 11.2964186829
-29.7133 12.2885 0.189699604638
-29.5248 12.3098 0.809960357055
-30.3341 12.3425 8.60738357691
-34.6281 19.8023 0.434215718278
-34.2441 19.5996 3.76108914279
-31.3796 17.1623 0.519670135759
-31.8988 17.1844 1.3190725416
-30.8557 17.9918 16.149194388
-16.936 26.1795 0.551851864181
-17.1348 26.6943 2.31700909364
-14.9193 26.016 0.460775107835
-14.4654 26.0953 0.700697281285
-13.7712 26.1905 3.63531957467
-10.1941 26.8385 0.974448048897
-9.2241 26.7455 1.28813322292
-8.7437 27.9407 0.268787443903
-8.4824 27.8777 1.11048645647
-3.4562 24.7423 9.00048212598
5.5425 24.5632 5.19433007904
1.0024 22.0396 3.34689189846
-2.1733 20.9829 12.3957616874
-11.0467 12.3274 0.518054823354
-10.5923 12.0786 7.34620675247
-5.3652 17.2404 0.837734832748
-4.8926 16.5487 11.287480252
-6.2464 5.3427 2.90186086848
-7.4037 2.6816 0.865115263997
-6.5396 2.7235 2.43886558875
-7.7286 0.5941 1.17598289103
-8.3516 1.5915 1.01419588838
-7.8497 0.7102 26.0323360944
-12.4719 -24.9085 0.903921998847
-11.6936 -24.4488 0.765798746408
-12.4402 -24.6192 0.802927892155
-12.7984 -25.3378 4.59642304406
-14.4936 -29.6102 2.2161973062
-16.6107 -30.2655 1.20888259562
-15.9124 -29.2787 7.56001407737
-11.5186 -23.1266 2.98509011757
-12.6287 -25.8976 6.75905736919
-18.0141 -29.982 1.4338727454
-17.8749 -31.4091 6.91371307258
-12.1298 -27.5629 0.6513094042
-12.7811 -27.5594 9.99192054862
-21.8374 -31.781 0.898848251931
-22.7297 -31.8893 2.47311224573
-25.1924 -32.116 1.19789599716
-26.3815 -31.9711 1.88406140558
-28.2632 -31.8768 2.64025703673
-30.9001 -32.0099 3.59516550106
-34.4844 -32.2892 5.93679730916
-40.4154 -32.5515 8.2601075453
-48.5225 -30.969 3.16141023279
-51.07 -29.0969 2.15057410939
-50.9532 -26.9495 1.0052082819
-51.802 -27.488 0.810633184616
-51.6774 -26.687 1.95527888804
-51.3986 -24.7517 2.83689661602
-48.9907 -23.2517 2.18191008064
-47.7985 -21.4243 1.13699657431
-47.7649 -22.5608 2.26026949278
-50.0116 -22.8081 1.77024409616
-51.3112 -21.6061 0.755746683751
-50.6644 -21.2152 15.660755802
-35.0521 -19.9842 0.981261275094
-34.7076 -20.903 0.70279227372
-35.2343 -20.4377 10.384704341
-45.6111 -20.8428 1.31581999149
-46.8011 -21.4043 0.0771985751164
-46.7252 -21.3902 3.42462933761
-49.3041 -19.1369 1.49724005423
-50.5288 -18.2756 0.835351375171
-50.9794 -18.979 0.8283558897
-45.7495 -34.0 5.55269846111
-41.2921 -30.6888 0.241019335324
-41.4655 -30.8562 0.939200005324
-40.6887 -31.3841 1.14670748232
-41.3641 -30.4574 1.59118999494
-39.9393 -31.1658 14.9281276689
-32.4286 -18.2647 4.3588143537
-28.0702 -18.3248 0.649932157998
-27.5252 -18.6789 0.550113015661
-26.9899 -18.5521 0.620240808074
-27.5444 -18.83 4.3457529152
-23.3038 -17.8798 0.444900011238
-22.8589 -17.8797 0.853231674283
-23.0912 -17.0587 0.392087605007
-22.9049 -17.4037 0.806137190558
-23.6835 -17.1948 8.41006280892
-31.3966 -20.547 0.821710034014
-30.6093 -20.7823 0.589207552565
-30.832 -21.3278 7.80111830573
-23.0309 -21.3447 15.4662566311
-8.9336 -27.7064 5.26207237217
-3.6719 -27.6438 1.18233393337
-4.6876 -28.249 0.720049901049
-3.9741 -28.1521 4.20816925753
0.0676 -29.324 1.20288016444
-0.5914 -28.3177 12.6835919833
-6.3902 -17.0373 9.99489334861
-11.9066 -25.372 0.799938928919
-11.4816 -26.0497 0.360754819788
-11.8064 -25.8927 0.259405570488
-11.5999 -25.7357 0.749221809613
-11.9153 -25.0561 1.11700730973
-13.2594 -17.1596 0.210715376753
-13.83 -5.5036 12.7962335416
-5.0531 3.8082 0.62716499424
-5.5359 3.4079 0.730515468693
-4.8192 3.2665 1.77670163224
-4.1479 4.9115 10.8269875205
-11.7673 12.6036 9.89235470957
-3.167 7.7155 1.08835495129
-3.3071 6.6362 0.312200256246
-3.5227 6.862 8.45161845388
-9.8984 12.41 4.22640007571
-6.2576 10.2636 8.48358158857
-7.3032 1.8447 5.87557792306
-3.2204 6.07 10.5444492554
1.6349 15.4301 1.21729241351
2.1388 16.5382 7.92037680985
6.1072 23.3927 2.80324065324
8.7602 24.2981 0.626447571629
9.1336 23.7951 0.512687789985
9.3642 23.3372 0.941998832271
10.0528 22.6944 3.03412738691
13.072 22.3938 1.60503276291
14.6064 21.9229 2.30240551163
16.8647 21.4744 1.0809085299
17.9257 21.2679 0.90867195951
18.8329 21.2162 0.806459081417
19.4489 20.6957 1.17753998234
20.5668 20.3257 0.378772557084
13.4067 22.3395 11.3394703377
9.0944 11.852 15.1559157196
-1.3769 22.8089 0.655602295603
-0.7335 22.9348 2.31712059462
0.9584 21.3516 0.317915476188
1.2684 21.2811 0.0653394980085
1.3257 21.2497 0.244231959416
1.5687 21.2742 0.95444143351
2.3149 20.6791 1.35683554272
3.6544 20.8953 0.409854339979
3.5711 21.2966 3.30706301119
6.8687 21.0466 6.77124522669
10.4823 15.3202 0.476257251913
10.8159 15.6601 0.792605986604
10.0354 15.5221 12.1532925456
-2.0943 14.7652 0.545543875412
-2.4657 15.1648 0.665526656115
-1.854 14.9026 0.394289043723
-1.7148 15.2715 22.6374294126
14.8092 30.7444 1.00424590614
15.797 30.9254 4.8055087816
20.4903 31.9578 7.62810190414
28.1182 32.0133 1.39125098023
29.463 32.3698 2.73951987399
32.1963 32.1853 0.836870987668
33.0331 32.1744 1.28071685005
34.2989 32.3693 0.572093034392
34.8539 32.2305 1.25730863355
36.1069 32.3345 1.50764914022
37.6081 32.4738 1.20761624699
38.8071 32.3298 0.673077528967
39.1965 31.7808 0.380345159033
39.4703 31.5168 1.29510444753
40.3931 30.6081 3.22371578927
40.8456 27.4163 0.605840317245
40.5749 26.8743 0.389332685502
40.5264 26.488 15.3293990828
46.8826 2.1096 0.748529986039
47.5761 2.3913 1.10338699014
46.5759 2.8572 16.2520533706
32.3333 10.6852 18.9668126394
21.6886 26.3833 4.89159287963
16.8213 25.8964 1.5791020233
15.2625 26.1488 1.02714960936
14.2941 26.4912 3.00165476529
11.3008 26.715 1.86470587493
9.4428 26.557 3.42221195866
6.0241 26.712 4.16089622077
1.9135 26.067 5.18880726661
-2.9592 27.8504 3.0350682447
-5.7455 29.0538 0.998155549
-5.9436 28.0755 13.9523021097
-11.2946 15.1901 1.36888435231
-11.5865 13.8527 0.334009580701
-11.6149 13.5199 1.51421512672
-11.3408 15.0091 14.9554889723
-8.0036 29.5875 0.91796157327
-8.3203 28.7259 7.66937406833
-8.1377 21.0587 0.532799108483
-8.396 21.5247 8.24243954725
-11.1123 29.3067 0.468734306404
-11.0946 28.8383 6.76131549626
-9.8826 22.1865 15.274596249
-41.2225 34.0 4.83098744358
-41.6593 29.1888 3.58007287635
-45.1757 29.861 3.5481794374
-48.3821 28.3416 1.29689084352
-49.374 27.5061 1.0321589025
-49.1168 28.5057 1.33805459156
-48.694 27.2362 1.95840369945
-50.1769 25.957 1.46734153148
-49.6835 27.3389 0.266101202553
-49.6827 27.0728 0.322214354118
-49.9755 27.2073 1.05179555523
-50.2438 26.1903 2.68624742159
0.0 0.0 7.64949256618
-1.9956 7.3846 0.324530691923
-1.83 7.1055 13.2519393124
-3.5373 -6.036 10.8447826815
-8.2348 3.7386 9.9594350884
-9.301 -6.1636 0.728738999917
-8.8467 -6.7334 4.0764767545
-8.9799 -10.8077 0.988842646734
-9.9432 -10.5844 1.15060027812
-9.2522 -11.5044 26.2581394333
7.9283 -31.3619 0.669054407354
8.5917 -31.2751 1.36891507406
9.9509 -31.4379 2.13773956552
11.7227 -32.634 1.16876740629
12.8614 -32.8974 0.607551388773
12.3884 -33.2787 0.79682583417
13.1813 -33.3577 0.486725641404
13.6354 -33.5329 0.530012848901
14.1613 -33.5988 0.100152134276
15.7496 -31.4685 0.661526696362
15.6562 -30.8136 8.11093815597
10.8473 -24.282 1.10618459581
9.7783 -23.9976 4.01614322578
6.2958 -25.998 4.89859282856
1.4657 -26.8143 3.01870695663
-1.5408 -27.0855 1.1706336831
-0.9737 -26.0614 0.531030931303
-1.355 -26.431 1.21472517468
-1.6203 -27.6164 0.708360614377
-1.6429 -26.9084 16.7942040061
-1.6313 -10.1142 1.03264319588
-2.2884 -9.3176 0.819630075095
-1.8645 -8.6161 1.51016796748
-2.304 -10.0609 11.4923162443
-3.6219 -21.4774 11.7621995022
-10.9092 -30.7102 3.22219148096
-14.0679 -31.3467 2.93729105299
-17.0016 -31.4919 4.94490800926
-21.9465 -31.5008 7.436445103
-29.3829 -31.4749 12.6669534936
-42.0229 -32.3008 9.66309461508
-49.2824 -25.9231 0.886132236181
-49.5799 -26.7578 1.26421309122
-49.7656 -25.5073 12.684895197
-48.3406 -12.9027 0.773061349441
-48.7882 -12.2724 1.50790956294
-48.9555 -13.771 7.40184891834
-48.8434 -21.172 2.30549311211
-49.7541 -19.054 0.639608513077
-49.1145 -19.0573 1.25706926221
-50.3502 -19.2881 0.886240294728
-42.2784 -34.0 6.70504794987
-36.7489 -30.2076 0.106948305269
-36.7152 -30.3091 1.34277444495
-37.0416 -29.0066 2.77287272157
-39.8128 -29.1029 0.746951330409
-40.2226 -29.7274 0.754035808168
-40.966 -29.6012 1.43315255643
-40.0984 -28.4605 0.911211281756
-40.3326 -29.3411 4.00079469731
-40.2001 -33.3397 1.30739934985
-39.1866 -32.5138 0.648277571724
-39.6932 -32.9183 0.757843255561
-38.9468 -32.7871 0.838587485001
-39.6477 -33.2475 0.912916305036
-38.857 -32.7912 0.835694543479
-39.5959 -33.1816 9.41105836875
-37.3328 -24.0467 1.00889817623
-36.476 -23.514 0.845662846529
-37.1847 -23.9754 0.531647100998
-36.6539 -24.0054 0.989725466986
-37.2014 -24.8299 1.90860179451
-35.3205 -25.1539 13.5407598033
-25.5332 -15.7965 0.85855246782
-24.8979 -15.219 13.8747155048
-11.4676 -11.7355 2.40909876925
-9.0594 -11.8013 1.17649649383
-8.4594 -10.7893 1.4062170885
-7.5069 -11.8238 22.04980976
5.954 -29.288 1.70560609755
7.24 -30.4084 2.89978517308
9.7442 -31.8705 0.826828978689
10.4532 -32.2959 1.62309053968
11.5573 -33.4856 0.378024456881
11.5616 -33.8636 1.60788477821
10.6671 -32.5275 14.9515919851
-3.3449 -27.3108 0.663192656775
-3.9868 -27.1441 1.14578441253
9.8776 -26.5348 0.0912022477793
9.8003 -26.4864 6.19305863447
5.0065 -22.5655 13.3724603215
-5.2752 -14.0151 0.514647160684
-5.7201 -13.7564 1.22444313874
-4.6463 -14.3448 8.49399790264
0.7778 -20.8814 5.4289309537
-3.4579 -24.2773 13.8713980107
-15.6433 -30.9054 1.58591381859
-17.2291 -30.8864 0.908397765299
-16.3734 -30.5815 11.2841216052
-10.0956 -21.2049 10.5468247947
-8.9191 -10.7239 0.700958572242
-8.3467 -10.3193 9.21636324208
-7.8812 -19.5239 0.960922437036
-8.0649 -20.4671 15.4709469296
-18.2756 -32.09 1.33948176546
-19.615 -32.1048 5.93458766638
-25.5264 -32.6289 7.07064978626
-32.547 -31.7891 18.7481729448
-51.1164 -29.2062 0.84942461702
-51.5807 -29.9175 1.16818286668
-51.2887 -28.7864 2.11413284587
-51.265 -26.6724 1.10265905882
-51.1914 -25.5722 3.02075620334
-48.1716 -25.6482 2.13313343464
-47.8056 -23.5467 0.852002118542
-48.6056 -23.8398 1.13817707322
-33.2018 -12.5603 0.444393620566
-34.1525 -19.2021 0.0222029277349
-34.1356 -19.1877 1.20577962331
-35.0869 -18.4468 1.04996595183
-34.038 -18.3995 16.9513129158
-18.1566 -24.3264 7.04484918575
-11.1272 -24.7927 0.902307890911
-10.226 -24.748 1.32224264793
-8.9041 -24.7179 9.92013181364
-7.0833 -14.9663 0.356611623479
-6.8189 -15.2056 7.34118131706
-4.7746 -22.2564 0.239534820016
-4.6749 -22.4742 8.13973269954
-2.275 -14.6963 0.361645240533
-2.3248 -15.0545 6.59833678437
-0.8684 -21.4901 0.727391957613
-1.0959 -22.181 1.15246928376
-0.6215 -21.1307 8.49270733335
4.6132 -14.4431 8.13260339436
0.0458 -21.172 1.18558227467
0.3596 -22.3153 0.626016549302
0.959 -22.1347 0.386481681325
1.1555 -21.8019 1.48376603614
2.6253 -22.005 2.72030263758
5.0165 -20.708 1.53276764058
6.5445 -20.5872 0.295342580743
6.8213 -20.4842 0.214925126498
7.0229 -20.4097 0.494526298593
7.3978 -20.7322 2.17386715785
8.8317 -22.3661 0.553659046707
9.3772 -22.2714 0.488302406302
9.824 -22.0744 0.311432111382
10.135 -22.058 0.557045150773
10.6087 -21.7649 1.80678194589
12.1683 -22.6771 1.9282716095
13.7675 -23.7545 0.369719150167
14.0735 -23.962 0.708752178127
14.7486 -24.1778 0.14084956514
14.8648 -24.0982 0.192675686063
14.8702 -24.2908 1.81437217792
15.9698 -22.8476 0.716347429674
16.6856 -22.8196 1.36273485315
18.0258 -23.0664 1.04354553806
18.8463 -22.4216 0.333966719899
18.9112 -22.094 1.06320011757
17.8837 -22.3672 0.569710917922
17.7344 -21.8174 0.476342670774
17.7659 -21.3421 0.775018122369
18.5409 -21.3368 0.982303237295
19.9898 -18.1366 12.5028490609
19.4456 -5.6456 0.826974788007
19.8089 -4.9027 0.29103142442
20.0569 -4.7504 2.34893375173
22.4018 -4.888 26.3260200927
46.9274 4.6804 3.33229937581
0.0 0.0 3.85651312976
3.8366 -0.3914 0.169296485492
3.7185 -0.5127 1.62631345072
2.1015 -0.3389 2.66996478816
-0.5684 -0.3575 0.879129398894
-0.6219 0.52 21.9151128407
-2.6518 22.3409 0.341979019824
-2.3117 22.3051 7.71186062763
-1.0964 14.6896 0.496804840959
-0.8312 15.1097 8.49863261531
-3.728 23.0994 1.50127151775
-4.6959 24.247 0.678854756189
-4.3596 23.6573 4.79977581143
-2.3156 19.3145 3.59906494106
-4.4114 22.2404 0.774992038669
-4.4735 23.0129 1.77864631673
-5.3879 24.5385 2.96891269659
-6.9871 27.0399 2.56309573173
-8.4454 29.1477 3.01218406642
-9.878 31.7974 1.69258194484
-11.2188 32.8304 0.841613408876
-12.0595 32.8696 1.53499647231
-10.9399 31.8195 8.44429722179
-8.14 23.8529 0.310535827241
-8.0877 24.159 15.1265505747
3.4 34.0 4.70831718239
0.1587 30.585 2.54303403044
-2.0965 31.7602 7.64385877682
-9.7133 31.1176 0.445942563566
-9.7407 31.5627 1.58236932478
-11.3179 31.4349 0.220941915444
-11.3526 31.6531 1.49334907172
-9.9179 32.0675 13.7893138024
3.7116 29.9742 4.16654678121
4.7854 34.0 3.41608198087
3.0413 31.0627 0.49301700782
3.1372 31.5463 1.14913715456
2.4854 32.4927 3.50948153578
-1.0169 32.2683 8.57147849849
-9.2742 29.9689 5.66642493994
-3.7188 28.8527 0.909827555089
-3.7715 27.9444 14.5910587296
-3.8872 13.3538 0.336820486313
-4.2224 13.3208 0.635994088023
-4.8472 13.4396 0.95952054694
-4.8224 14.3988 15.0148658659
-9.794 28.5667 2.73895072062
-12.4744 29.13 5.40697909928
-17.7791 30.1767 5.65515884304
-23.4118 30.6802 3.59409084471
-26.9118 31.4972 12.017928787
-38.8911 30.5344 8.28259963055
-45.1919 25.1584 5.61134748969
-49.3222 21.36 3.77151067478
-48.014 9.346 1.24887008932
-46.8165 9.7005 0.327367347181
-47.1278 9.8018 6.65141924404
-41.1078 12.6304 1.95208572814
-39.5633 13.8242 2.07584464978
-37.5507 13.3157 1.90042358436
-35.7781 12.6305 2.02252515683
-33.7557 12.653 0.541332374794
-33.2264 12.5395 1.2761828905
-32.803 13.7434 0.371337178316
-32.4833 13.9323 1.4128274063
-32.4745 12.5195 1.11157388418
-32.3194 13.6202 0.0509438907034
-32.2876 13.66 0.217223387323
-32.4782 13.5558 0.415829063438
-32.1348 13.3213 0.148798420691
-32.2587 13.2389 1.00667017439
-33.0967 12.6811 1.11198642078
-32.2515 13.4037 20.6966645682
-14.7384 24.4329 0.577554716023
-15.1673 24.8197 0.953209662142
-14.5144 24.1252 13.8600845921
-5.0273 14.0209 0.498803097424
-4.8611 14.4912 10.3310991719
-8.133 24.2905 0.894423082216
-7.6699 23.5253 10.2672167665
-0.3477 16.328 3.85625270178
2.7646 18.6049 0.459451161714
3.0502 18.9648 0.705401197901
3.5043 19.5046 3.73766234162
6.903 21.0599 0.609893433314
7.2948 21.5273 0.469821721507
7.6111 21.8747 1.79270032353
8.0638 23.6093 0.988892966908
8.5407 22.743 1.15425980611
9.504 23.3789 1.15290961051
10.4416 22.708 3.25046015973
13.6815 22.4462 1.31012845553
14.9271 22.0401 0.57834012484
15.441 22.3054 6.183587031
15.7834 28.4795 6.36211131072
20.3177 32.9423 0.388608697793
20.6923 33.0457 0.252070664695
20.9434 33.0236 0.156475237658
21.0985 33.0443 0.241597288892
21.2771 33.207 0.13807088759
21.4037 33.1519 0.684289419763
22.0877 33.1718 0.141965136565
22.1694 33.2879 1.30743376505
21.9717 31.9955 5.28602899727
24.1901 27.1975 0.186596087848
24.2518 27.3736 0.386866811707
24.6325 27.4424 0.369930398859
24.9468 27.6375 0.672527545904
25.4499 28.0838 1.75297424111
26.6136 29.3948 1.5240444088
27.4476 30.6704 0.87239594795
28.1514 31.1859 0.761552079637
28.652 31.7598 0.840765425074
29.3601 32.2131 0.423841526989
29.6371 32.5339 1.10730288991
29.2276 33.5627 0.245640082234
29.4659 33.6223 0.167187469626
29.6185 33.554 0.0710746790355
29.6785 33.5159 0.137316604968
29.8153 33.504 0.0759218677326
29.891 33.4982 0.622583408067
30.2629 32.9989 0.896050221807
31.1219 33.2539 2.87678565938
33.9977 33.3292 0.912419300541
34.828 32.9509 4.45590915976
39.268 32.5747 0.33018458474
39.4675 32.3116 0.202945559202
39.6522 32.2275 0.207046709706
39.7997 32.0822 0.140577736502
39.8646 31.9575 0.80114400703
39.607 32.7161 1.08074874508
40.6867 32.6685 0.71689455989
41.3452 32.3851 0.972133673936
41.739 31.4963 19.5541336484
0.0 0.0 10.4037173328
10.3097 1.3955 1.16691470982
9.5902 0.4768 11.9679538644
6.1475 -10.9853 0.234527631634
5.913 -10.9889 1.07109889366
5.5508 -9.9809 0.252697942216
5.3632 -10.1502 0.148678209567
5.2468 -10.2427 0.12103970423
5.1587 -10.3257 0.0911622728984
5.0887 -10.3841 0.103242094128
5.0405 -10.4754 0.0983044251293
4.9955 -10.5628 0.753580002389
5.5984 -10.1107 1.26978080786
