0.0 0.0 7.50599230748
-2.7436 6.9866 1.16220026243
-1.7693 7.6202 0.18038295374
-1.8658 7.7726 1.40082140546
-2.7823 6.7132 6.21070824061
-6.076 1.4478 13.3270378798
-8.3291 -11.6874 0.832892508071
-8.0738 -10.8946 11.6686327481
-10.0568 0.6043 0.258484989893
-9.8368 0.74 0.202092082972
-9.6579 0.834 1.65546871308
-9.31 2.4525 1.03421634584
-8.3812 2.9074 6.25210422578
-3.1454 -0.5095 1.912674162
-1.2855 -0.0633 12.6881890863
-9.0053 -10.1328 0.225907281866
-8.958 -9.9119 1.09350852763
-8.5667 -10.933 1.07662138656
-8.9898 -9.943 9.32388501002
-12.9206 -1.4882 0.476828732356
-12.4464 -1.4382 2.54560311911
-9.9082 -1.6322 7.87906887011
-13.0131 -8.8737 1.35833499918
-11.7685 -8.3296 0.397661426342
-11.4155 -8.1465 0.357985083488
-11.0579 -8.1299 0.670700089459
-10.4473 -8.4074 1.25482182002
-9.6111 -9.343 0.441061957099
-9.2042 -9.1728 1.0208757466
-8.189 -9.2803 1.47955414906
-7.3302 -8.0755 0.371546995682
-6.9731 -8.1781 0.305023163055
-7.0864 -8.4613 1.10992461456
-7.9497 -9.1589 13.7132011507
-11.5299 4.0787 0.743958130542
-11.9688 3.478 0.525419080354
-11.5283 3.7644 1.44797749292
-10.1922 4.3225 1.04776159502
-9.4352 5.0469 1.00918066767
-8.8061 4.2578 6.72378147548
-3.2388 0.4876 0.739855641325
-2.8334 1.1065 1.04150131061
-3.8617 0.9412 0.471905604968
-3.8594 1.4131 8.77729492555
-8.8055 8.6641 6.70166444176
-2.7528 11.5411 0.291214285364
-3.0304 11.6291 4.74240953103
-7.6924 10.7595 0.394178893397
-7.3908 11.0133 0.507924019908
-7.1524 10.5648 2.59175132488
-4.5682 10.7625 1.79012283936
-3.3069 12.0328 0.632074884804
-3.9104 11.8449 7.07457186903
-9.8821 15.6381 0.708413720929
-10.4699 16.0335 0.480173406177
-10.0406 15.8184 0.524705793755
-9.5365 15.6728 2.21243012319
-7.4541 14.9255 1.64760127762
-6.1215 15.8944 2.88265236544
-4.1494 17.9969 17.8389156229
8.9248 30.1333 0.864204773187
9.6906 30.5338 0.717377236884
10.3315 30.8561 2.18454342369
12.2204 31.9535 1.45510416466
13.6367 32.2873 1.64251051747
15.1755 32.8617 2.16232079257
17.3266 33.0817 0.215769437131
17.5344 33.1398 1.53984947316
17.145 31.65 15.5387337354
8.3923 18.8109 0.680765723285
8.2082 19.4663 8.92786062839
3.8866 27.2785 0.793349015251
4.1687 26.537 9.26765293373
6.475 17.5609 1.31331928334
5.3985 18.3132 8.50755174948
0.4476 25.2318 0.116233600994
0.5003 25.1282 0.552657696952
0.0936 24.754 7.72978590713
-1.586 17.2089 1.03371812406
-2.6907 16.7562 8.97461463518
-6.8266 8.7914 0.438370277277
-6.3941 8.7199 0.182010988679
-6.2497 8.6091 1.37440806895
-6.1812 7.2364 0.555264342453
-6.7032 7.0471 0.4505
-7.1176 7.2238 0.293177523013
-7.3267 7.4293 0.275641977935
-7.1964 7.1864 0.477600167504
-7.196 7.664 1.29418191148
-6.4379 6.6151 0.0558605406347
-6.3821 6.6125 0.246809440662
-6.136 6.6312 0.0240154117183
-6.1253 6.6097 0.251243407874
-6.3638 6.5307 0.124847747276
-6.4124 6.6457 0.265545419844
-6.1598 6.5638 0.268273461229
-25.1325 -17.9676 10.0544968984
-35.1573 -17.1954 0.913088046138
-35.086 -16.2851 28.2737276389
-42.2868 11.0563 0.782090691672
-42.3145 11.8379 1.35968038891
-43.1219 10.7439 44.5389868185
-51.5 -33.0 5.69328288863
-49.5936 -28.8397 3.69247643865
-47.5497 -31.9149 6.97291946031
-42.1545 -27.4975 12.5787794646
-40.8514 -14.9864 20.1462093132
-8.0683 15.1667 9.61832444556
-6.7 5.6462 9.51785131477
-14.8882 10.4983 0.651858458563
-14.6498 11.105 13.5127125674
-4.9815 20.5452 0.515847613157
-4.5115 20.7578 0.984798299146
-3.8828 21.5158 1.93354495422
-2.0625 22.1678 3.398587333
0.447 24.4597 4.08426981601
3.2323 27.4469 3.49381237189
5.3406 30.2329 1.07528006584
6.2315 30.835 2.25039772485
7.7579 32.4886 0.419573938657
8.0956 32.7376 0.297278488963
8.2541 32.9891 0.404240349297
8.5942 33.2076 0.257548927391
8.8425 33.276 1.36820548164
7.4845 33.1092 0.622777584696
7.5259 33.7306 1.38962228321
8.8906 33.4686 0.304539028697
8.9575 33.7657 1.4139792113
7.5839 33.4302 1.32457382203
8.413 32.3972 10.4585754613
0.9218 25.099 12.2022419981
5.7655 13.8993 0.0733682492636
5.6974 13.872 1.20878991558
6.8183 14.3245 0.376746187771
7.0898 14.0633 1.51025489902
5.8079 14.8618 12.9253592232
-2.9817 24.3385 0.0348173807171
-3.0157 24.346 1.08733480584
-3.007 23.2587 6.2660713641
-2.1015 17.0584 6.79188015501
-4.1525 23.5332 5.23119573329
-4.0233 18.3036 0.551475883426
-3.6347 18.6949 1.44649824058
-2.5147 19.6103 7.50037050951
4.849 21.0356 0.370228713095
5.2119 20.9623 1.23448752525
6.4047 21.2804 1.51171616714
6.7971 19.8205 0.896823338233
7.5694 20.2764 1.0364772067
7.141 21.2202 0.0845378613404
7.1774 21.2965 15.2003174921
-1.1695 34.0 20.7390054005
-8.7575 14.699 0.746342253929
-8.3865 14.0514 1.19542884774
-8.1287 15.2187 13.7424858777
-6.6686 28.8834 9.64552808767
-4.5258 19.4789 0.340401468857
-4.2398 19.2943 0.532957681247
-4.7148 19.536 0.889061134006
-4.0027 19.0037 0.849135195361
-4.6254 18.4264 1.03094746714
-4.1276 19.3292 14.9416404618
6.2061 30.1212 9.91608439103
-3.6788 30.907 11.6936052439
-9.9782 21.0552 14.863593516
-14.5268 6.9047 0.288608558432
-14.4717 7.188 0.854822677519
-15.2627 6.8639 0.856344912988
-14.4746 7.1989 0.356981708215
-14.1583 7.0334 0.196108872823
-14.022 6.8924 0.868443648143
-14.8089 7.2598 6.56857505171
-13.3364 13.6612 0.39204756089
-12.9459 13.696 0.217579456751
-12.744 13.7771 1.10623047327
-11.8475 13.129 0.962248408676
-9.6028 18.6609 10.9563602898
-3.031 9.8943 24.9544584195
7.0116 -12.9502 0.786162782126
7.7842 -12.8048 1.19994701966
6.9204 -13.6377 32.4352004416
-19.8276 -31.984 12.6311278815
-31.9942 -28.59 14.4440822997
-46.374 -29.9512 5.0295872952
-49.0446 -25.6892 12.7249965029
-49.5638 -12.9748 0.485291386695
-50.0461 -13.0286 0.960077538535
-49.5639 -13.8588 2.24523777805
-50.2216 -6.943 6.54557951751
-51.4245 -0.5089 0.443276990154
-51.2952 -0.9329 0.0724033838988
-51.2252 -0.9514 0.592515527223
-45.6188 -34.0 4.76076162499
-42.0466 -30.8529 2.553291885
-43.8519 -29.0473 0.949148776536
-43.9061 -29.9949 1.29093544765
-40.2525 -10.5874 0.302040676069
-40.0001 -10.4215 8.86285184012
-35.2926 -2.9122 0.659485814859
-35.6449 -2.3547 0.75075696467
-36.0838 -2.9638 1.14425043587
-35.4697 -1.9983 24.4144956356
-19.058 16.0772 8.53720436501
-11.7534 20.4961 0.510720833724
-11.2753 20.6757 0.502935234399
-10.8024 20.5045 2.47012649271
-8.3604 20.8762 0.565603483016
-7.9547 21.2703 3.31032354461
-4.9961 22.7552 0.201231831478
-5.0977 22.9289 0.806202679231
-5.3287 23.7013 1.26446909413
-5.6712 22.4841 16.3318584809
-10.46 6.8701 0.460888272795
-10.037 6.6871 0.431354726414
-9.6209 6.8008 2.13484983313
-7.4943 6.6133 1.36118854315
-7.9723 7.8878 8.57500287638
-12.9656 14.859 10.256595851
-4.6967 8.7908 0.862599704382
-12.2536 7.199 0.816600300024
-12.743 7.8527 1.20368007793
-11.8017 7.1025 15.4706553038
2.1991 0.5208 3.00472792279
-0.3654 -1.045 3.06166655435
-3.1679 -2.2778 0.666031718464
-3.0358 -1.625 1.45193821494
-3.3325 -3.0463 23.5968558181
-9.3492 -25.8632 6.42538548727
-13.5621 -30.7147 3.38318554768
-16.8808 -30.0573 2.63066566671
-18.7475 -31.9109 10.7843239158
-29.3769 -30.0895 3.92455111955
-29.7087 -34.0 3.86329467294
-31.8549 -30.7877 2.59161461641
-34.4243 -30.4491 6.09239437742
-40.5161 -30.364 0.738705523196
-40.8869 -31.0029 7.63766880272
-48.4574 -29.9922 1.35566834071
-48.9495 -31.2554 1.02750778586
-44.4415 -13.93 1.15906724999
-43.3148 -14.202 22.4028052926
-22.1725 -21.6107 0.886102121654
-21.3321 -21.3298 15.7027004598
-10.4999 -9.9615 0.451672646947
-10.1226 -10.2098 1.80407083287
-8.3265 -10.3792 1.00648297055
-7.3359 -10.2011 0.674743988487
-6.6947 -9.991 3.5727316272
-3.1949 -9.2728 6.1876825266
2.9579 -9.9289 0.840511231335
2.7982 -9.1037 1.22732426441
2.6448 -10.3214 17.6588001249
2.6427 -27.9802 3.56813207295
6.2107 -27.9495 4.26421612257
8.2622 -31.6878 2.27603466582
10.0334 -33.1172 0.248262320943
10.2441 -33.2485 0.376146620349
10.5533 -33.4627 1.07318144319
11.1958 -32.6031 9.41468847334
16.9034 -25.1158 0.85370737961
17.5032 -25.7233 0.589897838613
17.3693 -25.1488 1.48809040384
18.809 -25.5252 15.4504466764
33.2845 -30.9267 0.804198066399
34.0362 -31.2125 2.82045896442
36.6936 -32.1576 3.94268754151
40.586 -31.5299 0.304995475376
40.822 -31.3367 0.269209305188
40.8742 -31.0726 0.200621633928
40.8612 -30.8724 0.173176470688
40.7797 -30.7196 1.27187208476
39.7215 -31.4252 0.26156133124
39.9263 -31.5879 0.229712537751
39.7411 -31.452 1.00545681658
40.6601 -31.8599 0.200727925312
40.836 -31.9566 0.982689335446
39.9112 -31.6243 0.359601459953
39.5677 -31.5179 0.691848451614
40.1775 -31.8447 1.35468027962
40.1554 -30.4902 8.40917947781
38.3047 -22.2872 2.9124716651
40.9163 -20.998 1.51710222793
40.9137 -19.4809 11.4788028335
37.5772 -8.4977 4.38174738204
35.4876 -12.3491 0.882400617634
36.1102 -11.7238 0.930876366657
35.5561 -12.4718 1.41832438109
36.4512 -11.3716 3.68618716427
33.6477 -8.9782 23.97370685
13.1915 3.5231 2.86761358624
10.3347 3.7719 3.3809640356
7.0372 4.5185 2.82367200645
4.2146 4.5963 0.956865089759
3.5408 5.2757 38.3607615487
-26.9528 28.5499 18.0073024224
-44.915 29.8236 9.0640040214
-50.0381 22.3463 2.35560006156
-49.7872 20.0041 1.78295797483
-47.0 9.16 14.0764536148
-35.3534 17.0659 0.917184496162
-34.61 16.5287 19.515203042
-18.1916 5.9798 0.930538258214
-17.9677 6.883 1.06916511821
-18.0851 5.8203 1.05614338515
-17.8934 6.8589 0.401403188826
-17.531 7.0315 1.04677886872
-16.9528 6.1589 0.690735180804
-17.2906 6.7614 1.88294462213
-15.476 6.2587 0.953870835071
-15.7701 5.3513 0.202774579275
-15.9674 5.3045 0.246804315197
-25.1596 22.5266 2.92213252608
-24.9815 19.6099 1.47902090925
-24.8193 18.1398 0.351417387162
-24.553 18.3691 7.59077052808
-22.093 11.188 1.92267069463
-20.6768 12.4884 1.40090172746
-20.0649 11.2282 0.626162918097
-19.6489 11.6962 0.445201639709
-19.251 11.8959 1.79468713708
-17.8506 13.0183 0.493091005799
-17.3599 12.9698 0.23351772952
-17.3081 13.1975 0.378796647292
-16.9374 13.2754 2.01710831638
-15.686 11.6934 3.05256670034
-12.8085 12.7123 1.18997048703
-13.3209 11.6383 0.940288944953
-12.4828 12.0646 18.5005979952
-2.4011 27.5769 0.321654115472
-2.459 27.2605 12.8396894686
-15.1103 29.4519 0.205086932787
-15.015 29.2703 1.73278950251
-13.2839 29.3468 3.33387889702
-11.4988 32.1625 0.592129521304
-10.9112 32.2356 0.488741608624
-10.4268 32.3006 2.87096719765
-7.586 31.8855 1.99769102966
-5.6757 32.4699 2.10111736226
-3.5866 32.2455 0.517573927087
-3.0737 32.1761 0.377156227577
-2.6968 32.1622 1.19364890148
-2.9267 30.9909 10.7571197195
-6.1972 20.743 10.9504947856
-7.3958 9.8583 0.553326034088
-6.9111 10.1252 0.325918793567
-6.5852 10.1217 1.9534895367
-4.6336 10.2076 0.767927835151
-3.994 10.6326 1.08632903395
-3.5571 9.638 2.06284506932
-1.7694 10.6673 0.554098853996
-1.2367 10.8198 0.302328893756
-1.0377 11.0474 0.500340863812
-0.549 10.9401 0.357824999127
-0.2177 10.8049 0.246954651708
0.0215 10.8663 1.00143635344
0.9809 11.1534 0.367330505131
1.2176 11.4343 0.338878636093
1.2103 11.7731 7.20261577484
5.7697 17.3489 18.1770114023
17.1101 31.5545 5.34781617111
22.3553 32.5971 4.88777703665
27.2323 32.9215 4.34846056093
31.5693 33.237 3.08729922748
34.6479 33.0054 2.96827450213
37.6133 33.136 0.640472075894
38.2321 32.9708 2.21307458754
40.4414 33.1 0.4977907693
40.6796 32.6629 1.21269299083
41.1223 33.7919 0.473303813633
40.9916 33.337 1.00030243427
41.7376 32.6706 0.961026664562
42.0851 33.5666 0.505672957553
42.4918 33.2661 11.0232214357
35.4537 24.7822 3.42807588306
35.5602 23.2905 3.08733021396
32.573 22.5106 2.75185808682
29.8243 22.6424 14.915652748
23.8226 8.9875 0.760733994245
23.0756 9.1314 3.09156069971
19.9966 8.853 3.80952298457
16.205 8.4839 4.79435289481
12.3802 11.3747 4.14767642181
8.7849 13.4428 2.89384983888
6.1257 12.3013 3.49662268625
2.6596 12.7623 0.726891938324
2.7221 13.4865 1.30562035064
2.5306 12.195 21.1030802882
-2.8493 -8.2108 25.8510328846
-14.1219 -31.4746 14.2059632162
-28.0858 -28.8633 12.8656015534
-40.914 -27.883 2.47603620329
-43.3898 -27.8488 0.518443294874
-43.9082 -27.8555 1.48271426782
-45.3826 -27.6987 1.09086167776
-46.2782 -27.0759 1.22531891767
-42.386 -13.5694 23.1234563563
-30.4225 6.2187 1.00731885716
-30.7523 7.1705 13.4764847479
-38.0369 18.5085 0.908007031911
-38.3354 7.6027 10.2905163393
-31.1832 0.204 2.8700514856
-28.326 0.4753 13.2534528426
-18.1096 8.918 1.30199287248
-17.1984 9.848 16.3099722541
-7.9121 23.2562 1.00927334256
-6.9873 23.6604 1.24721678148
-7.6246 22.5883 10.8146473655
-12.6938 13.0353 11.5021825464
-5.316 21.8596 0.601106712656
-5.8632 22.1084 0.961084689296
-5.1559 22.7591 1.31354581572
-5.5453 21.5046 8.22507470665
-9.534 14.3114 8.34112525383
-5.9341 21.8357 0.333079239821
-5.7314 22.1 1.62892587001
-6.1444 20.5243 14.7621176889
-11.5089 6.7714 0.882161079395
-10.804 6.241 10.7194841788
-4.1731 -2.1815 0.241154307446
-4.2567 -2.4077 1.12848603004
-3.9521 -1.3211 15.6678646615
-1.377 14.1337 1.18489377161
-0.626 15.0502 13.3981496025
6.4614 26.4203 0.496835767634
5.9731 26.512 9.97685528511
-3.9752 27.2663 0.138431571543
-4.0005 27.4024 0.273622458874
-3.7448 27.305 1.13019440806
-3.614 26.1824 8.27467348298
-4.9002 18.0083 0.12422278374
-5.0015 18.0802 8.42551411191
-3.7437 26.4113 0.265354781378
-3.5757 26.6167 0.672377044522
-3.714 27.2747 1.4048990889
-4.5352 26.1348 9.73347199975
-6.3218 16.5667 8.13333068921
-6.7749 8.446 16.7228998568
-6.366 -8.2719 29.1092645261
15.149 -27.8794 1.01009441143
16.1586 -27.911 5.42230926451
21.531 -28.645 5.92281813075
27.3591 -27.59 0.525692020103
27.866 -27.7293 8.01983033798
22.8664 -34.0 6.24943803954
25.3299 -28.2566 4.72653648457
29.5182 -30.4471 1.30197470022
30.6876 -31.0195 0.552023785719
31.1975 -31.231 0.767180448135
31.8453 -31.642 1.6024242291
33.1523 -32.5691 0.526386977423
33.6533 -32.7306 0.387726114674
33.991 -32.9211 0.737059794047
34.6735 -33.1994 1.02751366901
35.6832 -33.3899 0.425475757241
36.1063 -33.345 0.862064173945
36.6805 -33.988 0.367764272327
36.5365 -33.6496 0.0267327514484
36.5623 -33.6566 0.154969706717
36.7154 -33.6326 0.0491652316175
36.7643 -33.6275 0.0778208198363
36.8421 -33.6257 0.0877498717948
36.9201 -33.6659 1.6779021217
35.3074 -33.2027 6.04878889117
36.9777 -27.3891 0.168245772607
37.0519 -27.5401 0.124387981735
37.1733 -27.513 0.0408383398291
37.1872 -27.5514 0.13647754394
37.1918 -27.6878 0.46163678363
37.6492 -27.6254 0.333798082679
37.9812 -27.5908 0.417206339837
38.354 -27.7781 1.22939936961
38.744 -26.6122 4.60990062908
37.2381 -22.2552 0.878040511594
38.1148 -22.2067 1.43383561471
39.3804 -21.5328 0.561370554981
39.8951 -21.3087 1.45092242384
39.4403 -19.9309 5.13744825765
42.0877 -15.5281 1.20646240721
41.99 -14.3256 6.68780321556
40.5764 -7.7889 0.780604695092
42.6264 9.9068 15.9542420741
27.166 -0.0819 0.92974457245
22.2536 -5.597 3.79294353504
18.4871 -6.0441 3.33036198783
1.5118 13.9089 8.80963019088
-6.6405 10.5698 2.28292644209
-4.4438 11.1913 6.65867645257
-0.0601 16.2034 2.21956252672
1.2869 17.9675 0.837726190351
0.9095 18.7154 0.845406434799
0.1815 18.2856 0.383135537375
0.3955 18.6034 1.30859528121
1.7036 18.6394 15.4596260686
12.8029 29.4007 0.994855768441
13.6223 29.9649 5.67480393758
18.2565 33.2402 0.288218285332
18.5258 33.3429 0.26061452377
18.771 33.4312 0.705169440631
19.4735 33.4925 0.163862289744
19.6369 33.4802 0.150976322647
19.7878 33.485 0.261502466528
20.0473 33.5173 1.30765731367
18.7412 33.5811 4.56525938036
14.1952 34.0 14.8834126201
11.5691 19.3501 0.613148962325
11.6368 19.9595 0.372989356417
11.7977 19.623 1.50650665116
10.2952 19.7328 13.2724972609
-2.9763 19.8955 0.81939507565
-3.1653 19.0982 1.33930188531
1.0135 26.4614 0.32295844934
1.2785 26.2768 7.7980600921
6.5371 20.5186 1.06588429016
6.6615 19.46 1.04650955084
7.4455 20.1532 1.07301687778
6.8676 19.2491 14.4350654172
2.366 5.5339 0.835889490304
2.299 4.7007 23.2698269381
-2.2608 -18.118 0.728842548154
-2.9519 -18.3495 1.42290934708
-2.6593 -16.957 13.7744764637
-3.7541 -3.2261 7.06697123385
-10.7982 -2.658 0.442907405673
-10.5546 -3.0279 12.8392666913
-2.872 -13.315 1.17161922995
-3.1961 -14.4409 10.2416737914
-8.7483 -23.047 5.91922486817
-10.9483 -28.5422 3.65812133888
-14.373 -29.828 3.05843579956
-16.2785 -32.2203 1.06448861901
-17.2876 -31.8814 9.39181380831
-10.8101 -25.0808 6.00773861033
-14.3065 -29.9663 2.52437923062
-16.096 -31.7468 0.289400155494
-15.8643 -31.9202 0.891003131308
-15.558 -32.7569 1.10682031062
-16.6536 -32.5997 1.52075383938
-15.6606 -31.4479 7.75256015069
-11.4651 -24.9287 14.0980151968
-11.4444 -10.8307 1.50383302597
-12.3348 -9.6188 2.04809174843
-11.5714 -7.7183 1.11488237945
-11.6798 -6.6087 0.679518535435
-11.0086 -6.7147 7.8316203598
-6.9775 -13.4292 0.636110949442
-6.365 -13.2575 0.558325639748
-5.8226 -13.1251 0.17071054449
-5.9906 -13.0948 0.0682334961731
-5.9311 -13.0614 0.165073135307
-5.8586 -13.2097 1.60289993761
-6.8372 -14.4792 0.414534160233
-7.1808 -14.2473 0.733146322367
-7.8336 -13.9136 0.322241555359
-7.8607 -13.5925 1.46270976273
-6.72 -14.5081 15.4804296597
6.6063 -22.3855 0.826245562772
5.7941 -22.2338 16.3225666
-8.783 -29.5778 1.25021809297
-10.0182 -29.771 1.30807129011
-9.8687 -31.0705 2.72945203658
-11.5978 -33.1824 1.58005057198
-12.6744 -32.0259 0.90523129641
-13.3803 -31.4592 8.66482411708
-7.0426 -25.5505 1.45807715845
-7.1542 -24.0967 13.5363057154
-8.2223 -10.6026 3.98339890169
-10.5788 -7.391 5.60650739855
-16.0624 -6.2235 5.90419762965
-10.3193 -7.5933 14.9743574343
4.6276 -8.4997 0.982381845313
3.6904 -8.2052 2.82281988976
2.0842 -10.5265 9.67062711617
9.0923 -17.1904 1.23305374173
8.4126 -18.2192 28.4858574707
-16.4102 -32.1932 1.26249439603
-27.4926 -17.7272 0.33241206356
-27.2173 -17.5409 0.974265389922
-27.9416 -16.8893 0.982764844711
-27.1441 -17.4636 17.6184115394
-11.9747 -26.4245 0.461974566399
-12.4366 -26.4328 1.91198333936
-10.7456 -27.3251 2.85030931129
-8.1027 -26.2577 0.873140034588
-8.4493 -27.0591 0.600048964669
-8.0993 -26.5717 21.165640876
-12.4981 -5.8682 12.3625735064
-2.7442 1.7275 0.242469235162
-2.572 1.8982 0.299600400534
-2.3294 2.074 13.2679666404
-11.0935 12.0354 0.56939028794
-10.5436 12.1831 0.448450576987
-10.183 12.4497 2.86460919673
-7.4489 13.3045 1.65194582236
-5.7973 13.2707 0.230447933382
-5.9172 13.4675 1.2463266506
-4.7656 12.9909 0.485942589202
-4.6168 12.5283 0.448478550212
-4.1967 12.6853 1.06582974719
-3.1314 12.7189 1.30514833257
-4.0225 13.6725 6.81432529969
-9.9885 16.9652 0.677637838377
-9.7687 17.6062 6.93923568846
-4.0424 13.6867 1.14490845486
-3.2103 14.4731 1.31016489039
-4.2901 15.2151 0.190344950025
-4.1057 15.2623 3.94069850661
-7.9583 16.0909 0.487157274399
-7.5972 16.4179 0.274420498505
-7.3507 16.5385 0.81399789926
-6.587 16.8202 0.176920603662
-6.4101 16.8229 1.13796406358
-5.2896 16.6243 1.71898189054
-5.3303 14.9058 2.19328368662
-5.0416 17.08 21.2793250422
10.6153 31.4908 0.861096469625
11.462 31.6476 0.524076406643
11.9722 31.7674 2.50910516719
14.4507 32.1581 2.13808329351
16.1386 33.4705 0.535219132692
16.097 32.9369 0.539693144296
16.326 33.4256 1.44670178337
15.6246 32.1603 11.6595949282
33.8049 34.0 7.37912771335
32.0064 26.8434 1.97776678605
30.0729 27.2595 0.615362047904
30.673 27.3957 1.25875166733
29.4304 27.1947 16.3819806159
13.1767 29.2408 0.381525883788
12.8657 29.4618 0.343139811156
12.5795 29.6511 0.261700305693
12.3699 29.8078 0.232271414513
12.1864 29.9502 0.503292847158
11.7609 30.219 0.913130812096
10.9461 30.6312 0.437520330956
10.5109 30.6762 0.14158760539
10.3705 30.6579 0.230173173936
10.1418 30.6319 0.277298106737
9.8658 30.6587 0.287446029717
9.5787 30.6728 0.315601916978
9.2631 30.6739 21.4697049165
-1.7735 12.2581 1.25919117294
-2.184 13.4485 13.6246837853
0.0 0.0 10.5250009197
10.525 0.0044 5.17975391114
5.5223 -1.3383 3.544269448
3.6167 1.6501 0.884675946322
3.003 1.0129 1.66452996368
1.365 1.3089 5.82408163147
0.2264 -4.4028 1.04489014255
-0.7761 -4.6974 1.42853106372
-2.1965 -4.8496 0.771518664713
-2.1272 -4.0812 1.12832449677
-2.3236 -5.1923 18.0345112609
-8.3605 -22.1864 0.745920243726
-9.2859 -12.7675 9.79128293126
-7.8271 -3.0855 1.33162344527
-6.5013 -2.9611 9.37870373612
-5.8434 6.3945 1.46702278783
-6.7259 7.5664 17.9542041038
-13.1879 24.3174 1.70042598486
-14.5392 25.3496 6.00499194004
-17.3914 30.634 0.196727730633
-17.4976 30.7996 1.26674626504
-17.0099 29.6305 10.2070067669
-11.6774 20.9272 12.6673114464
-12.7216 8.303 1.52844988469
-13.7308 7.1551 3.06347150142
-13.585 4.0951 0.481572943592
-13.1655 3.8586 12.4491600399
-8.0312 15.1997 18.8057519905
-7.5784 34.0 2.75986389519
-7.629 31.2406 3.6198600042
-10.7552 33.0655 3.92465114373
-14.6668 33.3853 5.99207628873
-20.2176 31.1284 1.10252135127
-19.1394 30.8981 1.07306809663
-20.0279 31.4998 4.8267211583
-15.2846 30.6063 2.60632210212
-17.7979 29.9162 0.470336071336
-18.268 29.9013 4.15314255113
-22.4211 29.9201 1.15761493166
-21.2699 29.7984 3.84795390955
-17.4274 30.0032 1.48001105739
-16.9102 28.6165 17.8692945482
-12.4368 11.3162 14.7001990697
-11.8631 26.0052 1.00939495243
-12.8535 26.2001 2.95100349881
-13.0478 29.1447 0.66608027294
-13.7056 29.04 5.99084418509
-19.4869 30.6106 1.6110438976
-21.0957 30.5256 2.01597208562
-22.8585 31.5037 2.54870172833
-25.2438 32.4016 2.81033138615
-28.0199 31.9643 16.7752723307
-44.7118 30.2939 6.63762583233
-49.4631 25.6589 0.792401880361
-49.6924 26.4174 1.34816017223
-49.3517 25.113 11.9863326422
-48.8306 13.138 20.040577346
-51.5 33.0 6.45104237314
-45.5307 30.5539 23.2246921103
-31.6268 11.951 0.0945486647182
-31.6825 12.0274 0.998928035446
-31.5824 13.0213 1.1424068102
-32.65 12.6147 9.90853334253
-39.8614 5.8195 0.807828211936
-40.5383 6.2604 1.02190185439
-45.3574 1.3493 0.726833357793
-45.6557 0.6865 0.405821882111
-46.0015 0.4741 0.736939468342
-45.2712 0.3754 0.118659849991
-45.3592 0.2958 0.347511625705
-45.176 0.0005 6.63819959703
-45.431 -6.6328 0.198005580729
-45.6265 -6.6642 0.647261956243
-45.1925 -7.1444 8.55458111774
-37.0522 -4.5145 0.967164293179
-36.2313 -5.0259 8.7127589161
-30.4685 -11.5606 15.5754914895
-19.004 -22.1039 0.906129775474
-18.4859 -22.8473 0.84223864789
-18.1364 -23.6136 5.61624295237
-14.6767 -28.0377 0.543085260341
-14.1339 -28.0553 0.505887042728
-13.6338 -28.1316 1.66695051216
-12.3038 -27.1267 3.21089696191
-9.1441 -26.5556 1.44326555076
-9.9774 -25.3772 6.98140212994
-11.9737 -18.6873 0.315586137211
-12.2392 -18.5167 1.42294085963
-11.9527 -19.9105 0.226247696121
-11.9038 -19.6896 6.20001729675
-8.664 -24.9758 1.09758310847
-8.0462 -25.883 1.14267189079
-8.5791 -24.8722 5.68641135076
-10.1052 -19.3944 2.07345092539
-11.0527 -17.5501 0.249041723412
-11.0064 -17.3054 1.87394323553
-10.0745 -15.6796 1.84112114756
-8.2857 -15.2438 0.808469232562
-8.6602 -14.5273 3.28764745677
-9.1124 -17.7837 0.224126482148
-8.9932 -17.5939 1.16250384946
-9.3984 -16.5043 0.804713141436
-9.5352 -17.2973 1.26572152545
-8.5899 -16.4556 0.559021573823
-8.4595 -16.9992 0.14483345608
-8.3923 -17.1275 0.828740019548
-7.9714 -17.8414 1.09608635609
-8.0005 -16.7457 0.765162891155
-7.5989 -17.397 19.9812449985
7.2999 -30.7115 0.302956845112
7.5508 -30.8813 0.561633973331
8.0182 -31.1927 2.72099934032
10.2811 -32.7037 0.837643038531
11.0892 -32.9242 0.452823243661
11.52 -33.0637 0.797531253306
12.2121 -33.46 0.40886618838
12.6201 -33.4334 0.339107785225
12.8954 -33.2354 0.193818110609
13.0889 -33.2465 0.191825024436
13.1609 -33.0687 9.41711382803
16.0512 -24.1061 2.75034968686
18.799 -24.2245 4.9655394722
23.6221 -23.0437 9.90447959107
33.3607 -21.2386 0.929807856495
34.1524 -20.751 5.77080327164
39.0168 -17.6462 0.859043491332
39.2322 -18.4778 0.235829027051
39.4004 -18.6431 0.23517757121
39.2864 -18.8488 0.419115795455
38.9218 -18.6421 0.925546292737
38.1223 -19.1084 1.11749480536
37.6753 -20.1326 13.747411684
49.1402 -27.7186 0.987398627708
49.466 -28.6507 0.445126734762
49.539 -28.2116 1.42808573972
50.4328 -27.0978 1.4957428422
51.9276 -27.1509 0.416617150391
52.0193 -26.7445 0.235220428535
52.0224 -26.5093 0.409717524644
51.6246 -26.4112 2.32916222063
49.985 -28.0655 0.316646443214
49.7329 -27.8739 0.373820772564
49.508 -27.5753 1.10111874927
48.7425 -28.3668 1.29243008708
49.8802 -28.98 0.498730839231
49.8068 -28.4867 0.381956672936
50.0909 -28.2314 1.5297944241
46.6664 -18.7818 1.46191057524
47.0731 -17.3776 0.27291683715
47.3409 -17.4302 1.32116122029
46.4753 -18.4283 16.8789770899
34.3439 -30.1641 0.936360464778
33.4085 -30.1217 3.10123978112
30.3242 -30.4454 2.04736817646
28.2949 -30.174 2.60725906845
25.6878 -30.1452 2.783717703
22.9137 -29.914 1.99366617567
20.9218 -29.8301 0.65237207175
21.3552 -30.3177 1.32345466488
20.7456 -29.143 23.4854473172
14.8031 -6.4218 12.9428097664
8.7264 5.0058 22.0095868532
0.6201 25.4682 4.08546683991
-3.2798 26.6855 8.30750076738
-10.4678 30.8505 3.36938725884
-13.8367 30.7932 5.12725671875
-18.9606 30.9787 9.0286081347
-27.9637 30.3005 15.3247604852
-43.225 28.9073 5.38098444896
-47.706 25.9281 0.937571255959
-47.8841 26.8486 1.20994760217
-48.4635 25.7864 12.7906173893
-48.6081 12.9966 0.563272101209
-49.0442 12.6401 1.95886132485
-51.003 12.6246 1.05022809427
-51.5901 13.4954 0.808271099322
-51.7392 12.701 0.62859434455
-51.5461 12.1028 1.3486026027
-50.9858 13.3295 0.392782127903
-51.3732 13.3943 0.7735271747
-48.4881 34.0 5.47683740219
-44.9449 29.8237 1.64745753511
-43.8616 28.5825 0.584972221563
-43.5297 28.1008 2.64899463193
-41.1231 29.2078 15.0557506953
-31.4331 17.6848 0.905085106496
-31.4067 16.7801 1.20403756171
-30.4545 17.517 17.0656006012
-16.8993 27.8848 0.46390589563
-16.4731 27.7016 1.71922068682
-14.7672 27.488 0.539225490866
-14.2285 27.4642 0.454026783351
-13.7881 27.3538 1.86810780471
-11.92 27.3592 0.581344622406
-11.3534 27.2291 2.05208335601
-9.7405 25.9604 8.83842572408
-12.4737 17.5552 0.490039682067
-11.9945 17.6577 1.05466554414
-10.9416 17.7187 0.742846525199
-10.548 17.0887 1.61853389523
-9.6789 15.7233 10.3306699904
-11.9076 5.6359 1.59008342548
-10.3197 5.7192 1.29131009444
-9.1773 6.3212 3.79817245527
-5.6335 7.6878 1.06831010479
-5.0453 8.5796 0.182805087457
-5.223 8.6225 1.46238365691
-5.2866 7.1615 21.6853942332
-8.0802 -14.3432 0.66494402772
-7.7586 -14.9252 16.9881902038
6.3226 -24.4288 2.95068221434
8.0733 -26.804 4.77336339807
11.8526 -29.7198 4.66609831551
15.2133 -32.9568 0.112871608476
15.3113 -32.9008 0.425691202634
15.5943 -33.2188 0.226890678522
15.702 -33.0191 1.07118219272
16.3297 -33.8871 1.42856829728
14.936 -33.5734 0.424549879284
14.8402 -33.1598 1.0396544474
15.8791 -33.1202 0.921291251451
15.0092 -33.4236 0.666172665305
15.5703 -33.0645 0.77640209299
14.9973 -33.5884 0.0248887524798
15.0176 -33.6028 14.5771288929
1.6702 -27.7428 13.2854604636
14.3864 -23.8955 0.404173885846
13.9866 -23.8362 16.1707132619
-1.3636 -28.9218 3.42034241853
2.0465 -28.6573 0.819473105111
2.6621 -28.1164 1.99230624654
4.1974 -26.8467 0.466896219732
4.5372 -27.1669 0.437643245121
4.8492 -27.4738 0.872379424333
5.5197 -28.0319 0.59339340239
5.9559 -27.6296 0.340029778108
5.9604 -27.2896 2.20530337142
4.7734 -29.1482 0.139060310657
4.911 -29.1683 11.0662094707
15.7461 -31.4181 6.51141526628
22.2575 -31.404 4.20905269271
26.4426 -30.9556 3.44620436132
29.8737 -30.6333 3.04097979112
32.8122 -29.8505 0.725456166836
33.5085 -30.0541 1.05204156762
34.5596 -30.0096 2.54774190216
37.0004 -29.2792 1.17144937577
33.3697 -15.9645 1.14208691876
34.3759 -15.4242 1.12445882539
33.3837 -15.9533 15.9106916522
21.4414 -26.4667 0.911029659232
20.5454 -26.6315 2.68881960905
17.8879 -27.0407 5.51405645419
12.3752 -27.163 3.84053006368
8.5371 -27.0264 3.62724893687
4.9209 -26.7435 4.38783451146
0.5452 -26.4174 3.69867012993
-3.1476 -26.2091 1.98153159198
-5.1223 -26.0447 2.86965512214
-7.9427 -26.5741 2.78936641551
-10.2537 -25.0121 0.820572391688
-10.6533 -25.7288 0.641840556525
-10.5514 -25.0951 20.35166598
-5.6814 -5.3347 0.504939224066
-6.1125 -5.0718 13.5100724572
-8.2129 8.274 23.7729969507
-17.718 30.0641 4.96822303143
-22.6583 30.5901 11.0399392775
-33.6712 29.8179 11.4638787699
-45.105 28.988 5.262065736
-48.99 25.4389 8.85249343236
-51.2426 34.0 6.76318350261
-45.3891 30.6122 0.608866167561
-45.2391 31.2023 2.71654402872
-47.6056 29.8684 0.0
-47.6056 29.8684 0.228931889434
-47.4926 30.0675 1.11528138602
-47.4926 29.9211 5.32560316396
-42.5885 27.8446 3.80214987869
-40.5272 31.0395 0.979839680764
-41.5064 31.0749 1.09025467208
-40.4815 30.7031 19.5106300344
-20.9718 30.5126 2.87953200712
-18.0941 30.6153 0.701803597882
-17.4696 30.2951 0.553810554251
-16.9439 30.1209 2.98645825854
-13.9762 29.7867 1.01348527863
-13.0622 29.3488 0.860495700164
-12.5215 28.6794 3.86347777656
-8.7017 28.1001 0.281707383645
-8.7834 28.3697 1.25391510079
-10.0352 28.2969 8.74323253036
-15.1484 21.2047 0.966916299377
-16.1121 21.2835 1.26171947754
-15.5569 20.1505 13.0858162455
-15.1164 7.0721 0.596075372751
-14.5336 6.947 2.15652565253
-12.5041 6.2178 0.718288312588
-11.837 6.4841 0.424816195548
-11.4862 6.7237 2.46011570866
-9.3081 7.8674 0.666814516939
-8.7773 7.4638 2.56157278444
-6.313 6.7646 0.451812405762
-6.5684 7.1373 7.8573879712
-11.0682 13.5786 3.51268182021
-8.8688 10.8397 1.12695221727
-7.7711 10.5846 0.972368782921
-8.5707 10.0313 16.418611977
-12.6237 -5.8792 0.669702754959
-11.9614 -5.9785 0.484991061773
-11.4767 -5.9953 1.35166282778
-10.1305 -6.1167 0.492178676905
-9.6384 -6.1255 1.0599394794
-8.6341 -6.4644 0.12394845703
-8.7032 -6.3615 7.24216546897
-14.5904 -10.5793 0.579547935895
-15.0779 -10.8927 0.479636289286
-14.6575 -10.6618 0.305125089103
-14.3541 -10.6294 3.67670148503
-10.6806 -10.476 0.655069492497
-10.0386 -10.3458 1.58672217165
-8.6171 -9.6408 10.1689605408
-13.7953 -0.889 2.50747698693
-11.2973 -1.1068 0.722020858424
-10.6907 -0.7152 0.863670220628
-9.8387 -0.8567 4.85870185543
-4.9851 -1.0793 0.497601446943
-4.9839 -0.5817 0.964030289981
-5.3811 -1.4601 0.582240534487
-4.9063 -1.1231 9.1703898205
-10.6974 -8.2336 0.793069492541
-10.0683 -8.7165 1.32798522959
-9.5389 -9.9344 2.34498993814
-7.3355 -10.7369 1.33965079405
-7.0711 -9.4236 0.327280002444
-6.7835 -9.2674 1.61373664518
-7.0221 -10.8634 14.5517893037
-9.7506 -25.1571 1.27682199621
-8.5626 -25.625 0.752695589199
-8.9474 -24.9781 15.5940829846
-5.5157 -9.7663 0.974016514234
-5.1001 -10.6472 1.327171805
-5.9761 -9.6502 0.0488983639808
-5.9273 -9.6471 1.17097525593
-5.1957 -10.5614 7.58562752183
-9.6456 -16.7047 0.726853561593
-9.9973 -16.0686 1.01191511502
-9.0075 -16.279 22.7253739001
8.2328 -31.0849 0.687210542701
8.902 -30.9286 0.573666845826
9.4014 -31.2109 0.512833783989
9.8094 -31.5216 1.74711182527
11.4991 -31.9658 1.46850957436
12.9465 -32.2139 0.388989061543
13.076 -32.5807 1.04898848897
12.0273 -32.5561 0.645617363459
12.589 -32.8744 0.116634000189
43.3045 9.1615 19.7727256171
30.5218 24.2467 1.21513693879
29.3441 24.546 17.8582376314
11.738 27.5363 0.786455192621
10.9676 27.6944 2.57111135893
8.6927 28.8925 4.26437115763
4.6498 30.2489 2.69112930384
2.1885 29.1607 3.8625655632
-1.6727 29.058 0.979710574609
-0.8936 28.464 6.01779591296
2.0678 23.2253 1.05590716448
2.2641 22.1878 1.19035324589
1.5347 23.1285 11.6749797041
-7.5963 30.4038 1.26855420854
-8.0446 29.2171 7.50954665609
-1.2889 25.9378 0.695424431552
-1.4322 25.2573 16.8655740454
-5.1584 8.8085 53.3133205352
-49.5277 -20.7495 1.2014603822
-50.435 -19.9619 0.670754619813
-50.59 -20.6145 0.642829028592
-40.4005 -9.7197 11.7948218643
-33.7896 0.0483 1.00369790774
-32.9278 0.5628 12.772388126
-20.169 -0.0262 0.51273433667
-19.8739 0.3931 2.03679046541
-17.8703 0.7593 0.479365924947
-17.3918 0.7881 1.32601544486
-16.0658 0.7945 5.39281412344
-10.7814 -0.2814 3.14784231498
-7.6732 -0.7794 4.175942951
-3.6165 -1.7702 6.20693428755
2.1897 -3.9643 5.17407346682
7.1579 -5.4093 0.547041433531
6.9771 -4.893 1.34305349112
7.4333 -6.1562 15.5858532272
12.2222 -20.9881 0.529537581291
12.5643 -21.3923 0.622381691569
12.4619 -22.0062 0.39596873614
12.2829 -22.3594 0.509517703323
11.8856 -22.6784 0.404851194885
12.2831 -22.7552 0.38172509742
12.6605 -22.8125 0.282921773641
12.9432 -22.8237 0.852532533104
13.5786 -23.3921 0.621652032893
13.4729 -24.0047 0.450590024301
13.3688 -24.4431 0.867277579556
13.2396 -25.3007 0.7759469054
13.2164 -26.0763 2.41207129455
14.3936 -28.1816 0.262964579364
14.4667 -28.4342 0.122193289505
14.5875 -28.4158 0.458680280806
14.6793 -28.8652 6.78905860411
10.238 -34.0 13.3030280662
-0.0298 -25.5417 0.329243936922
0.2848 -25.4446 12.2587743388
7.7933 -15.7544 0.491361709945
8.047 -16.1752 11.3518909553
-0.7005 -23.4103 4.32796299545
3.5807 -22.7758 1.34015680053
4.917 -22.6742 1.05122820073
4.9093 -23.7254 7.57285667235
2.012 -30.7221 2.86586205704
4.8142 -31.3228 1.70082152209
6.5001 -31.098 1.02467021524
7.5142 -30.9512 1.51091187367
9.0092 -30.7325 0.664851577422
9.5483 -30.3434 1.33321980558
9.9047 -29.0587 0.833232380552
10.5119 -29.6293 1.05474470845
9.4895 -29.3701 1.28685820509
8.2995 -29.8599 15.9103012976
-5.5768 -22.0762 0.187088561917
-5.6726 -21.9155 0.0927097082295
-5.5823 -21.8945 1.4696536905
-4.7152 -23.0811 7.57018654724
-0.2996 -29.2301 13.2495568171
1.9661 -16.1757 1.4639391859
2.7498 -14.9392 0.661018343165
2.8828 -15.5867 13.8620224892
-1.4402 -28.7574 1.16967838315
-0.5718 -29.541 9.67037962026
-9.1528 -34.0 7.91446145799
-11.1497 -26.3416 0.911777099954
-10.2389 -26.3838 1.8849638856
-8.3726 -26.6484 4.94086905008
-8.5827 -31.5848 0.680976130272
-7.9595 -31.8593 1.42996745767
-6.5717 -32.204 1.87441382837
-4.6973 -32.1968 3.47211463664
-1.7039 -30.4375 10.2819454696
7.1451 -25.2017 1.16993631023
8.268 -25.5301 0.391703267793
8.6597 -25.5285 0.335410077368
8.9683 -25.3971 1.16727728497
10.0108 -24.872 1.74988825358
10.6067 -26.5173 4.87641421743
12.6056 -30.9652 0.368695334931
12.8717 -31.2204 1.55159968097
14.4026 -31.473 0.369748806624
14.7709 -31.5057 0.494453081697
14.922 -31.9765 4.19429296306
11.2481 -34.0 15.3975992262
-0.9547 -24.6097 1.1143941179
-0.3676 -23.6625 10.2737966561
6.0966 -15.6772 13.876601259
11.8941 -3.0697 0.57875037797
12.4681 -2.9957 1.29733259421
13.7562 -2.8412 6.06162581821
19.8152 -2.6628 1.36251973931
20.2532 -3.953 1.49624929741
21.7468 -3.864 0.366602850507
48.063 -1.2725 1.05527828083
49.1019 -1.0873 0.276907006051
49.3709 -1.0216 1.44106211178
48.1774 -0.214 5.48954298007
43.3797 2.4538 8.90411596342
40.3847 10.8391 1.42833430961
40.3946 12.2674 0.680762932305
40.919 11.8333 1.07553992487
40.7572 10.77 1.14684126626
39.7655 11.346 6.72636712201
33.6134 8.6265 1.33698025789
32.5909 9.4879 18.9387820171
17.8682 21.4009 2.86736287554
15.0037 21.2728 4.30075405481
10.7249 21.7068 0.742089280343
10.5698 22.4325 1.28561811204
10.311 21.1732 17.4282529388
6.8965 4.0827 4.32723224359
4.4157 0.5372 0.944773411988
4.5065 -0.4032 19.8318471807
-1.4487 -19.3198 0.841083616533
-2.1365 -19.8039 1.10639884309
-1.4941 -18.9031 2.41520614855
-1.6084 -16.4906 0.927318046843
-2.3604 -17.0332 0.995291540203
-2.2929 -16.0402 11.9426979318
-10.9371 -7.7997 10.3693881927
-4.8864 -16.2207 0.795746473445
-5.0342 -17.0026 1.18563978509
-4.8021 -15.8399 13.1196052917
-5.8536 -2.7625 1.05225323948
-6.0498 -3.7963 1.8895720415
-7.9113 -3.4718 1.45422131053
-6.5884 -2.8679 0.130325937557
-6.7187 -2.8705 1.43366008872
-8.0822 -3.3135 1.45811607906
-9.5315 -3.1534 0.969110277523
-9.6228 -4.1182 1.24415649337
-9.1081 -2.9855 24.4476490651
8.6984 13.7661 1.0153459509
9.6406 13.3877 0.936916751905
8.7132 13.2545 14.1734796045
-2.2255 4.2416 1.89635178435
-3.3152 5.7936 3.68686438725
-5.7026 8.6031 0.953202454886
-5.997 7.6965 1.06550422336
-6.1249 8.7543 20.7668948928
-11.6779 28.765 3.36555015711
-14.3134 30.8581 3.93448070271
-18.2478 30.8833 2.81173922333
-21.0103 31.4072 3.6677966574
-24.5879 32.2156 0.548240540274
-25.0814 32.4544 2.17920999447
-27.206 32.9392 7.56219376768
-34.7667 32.7889 14.8922446814
-49.4501 30.3036 3.13051779263
-49.9403 27.2117 0.781205235518
-50.5132 27.7428 1.21935884792
-49.3072 27.9228 0.651074504185
-49.3952 28.5679 9.66100775282
-39.7386 28.2761 0.91261363676
-40.1839 27.4795 14.3658286339
-43.6092 13.528 2.32930932467
-41.7664 12.1033 0.749358772552
-41.4183 12.7669 1.17985255435
-33.2617 -34.0 3.15754074716
-34.8978 -31.2994 3.50485773178
-41.0277 -31.6024 1.02756012476
-40.1218 -31.1174 14.3646239356
-37.2177 -17.0494 8.74377873519
-39.0581 -25.5973 9.5992220065
-29.9064 -22.7005 1.21521890209
-28.7557 -23.0912 17.3669031724
-12.3709 -28.8486 0.533100684674
-11.8454 -28.9383 3.58031059128
-8.3657 -28.0955 0.451780001771
-8.7271 -28.3666 10.0473490315
-16.5955 -22.1186 11.7236447063
-5.8713 -26.8552 0.79571584124
-6.248 -27.5561 0.0402950369152
-6.2168 -27.5816 1.4352699119
-5.9672 -28.995 0.516449929809
-6.083 -28.4917 6.48125793731
-12.3828 -30.0146 0.202606070985
-12.2039 -30.1097 8.08187733451
-4.1252 -30.3363 2.4008104819
-3.1328 -32.5224 2.4089598357
-0.7246 -32.5829 2.04293350357
1.2023 -33.2616 1.27419757495
2.4428 -33.5527 1.41627582412
3.2192 -32.3682 6.97034843605
7.1498 -26.6118 0.39073942724
7.3919 -26.9185 0.805335340091
6.7989 -26.3736 0.695086023453
7.2902 -25.8819 1.16558104394
31.4147 -24.6665 0.165927243092
31.5724 -24.7181 1.15165387595
30.4428 -24.9424 18.502761088
12.225 -28.1772 1.00245994434
11.4155 -28.7685 4.16813978892
7.4452 -30.0374 0.823877084279
6.6251 -30.1162 3.31079556149
3.3826 -29.4472 5.94976240618
-2.5536 -29.8487 0.73942197019
-2.5593 -30.5881 1.30467642349
-2.6997 -29.291 19.5744388103
-2.2512 -9.7217 15.6643643998
-0.2671 5.8165 25.9392030766
-14.4076 27.5625 6.78342251448
-21.1666 28.1376 8.14826887382
-29.1758 29.6366 1.78683032211
-30.8996 30.107 5.96285822152
-36.836 30.6681 4.00094192035
-40.8348 30.799 5.8377790383
-45.8385 27.7919 2.51336433093
-48.0384 26.5764 2.4291358834
-50.1051 25.2999 0.87865170574
-49.7892 26.1198 2.67021176127
-51.1521 23.8236 1.21940781119
-50.6826 24.949 0.405506658392
-51.088 24.9583 1.40074035067
-50.6227 23.6371 11.3921671512
-45.3181 13.5553 0.202217556112
-45.3444 13.3548 1.45823205286
