0.0 0.0 8.8524816594
-3.0327 8.3168 0.47134569055
-3.4903 8.4298 1.48529897664
-2.9687 7.0391 17.2721426734
2.384 -9.3827 15.1511769606
10.8392 -21.9552 24.0550824405
32.1771 -33.0611 4.80323363683
36.9687 -33.3952 3.60556016175
39.6685 -31.0054 0.335199552506
39.806 -30.6997 0.152113773209
39.8526 -30.5549 0.617050994651
39.9954 -29.9546 0.659324260133
40.0082 -29.2954 0.551263457886
40.0308 -28.7446 0.645141232599
40.0708 -28.1007 0.89972289623
39.8931 -27.2187 1.09661490962
40.0516 -26.1336 0.472741462112
40.1461 -25.6704 0.737454066366
40.2958 -24.9483 1.5768905352
39.6784 -23.4973 1.10399261773
39.0477 -24.4034 0.591793722508
39.4243 -23.9469 8.15427544114
39.6589 -15.796 1.14627442177
40.1605 -14.7653 4.73459315464
0.0 0.0 1.93057571206
1.8957 -0.3653 0.0595667692594
1.9535 -0.3509 1.46218018725
0.7842 -1.2288 1.99429895452
-0.8822 -0.1332 2.48833681402
-3.3355 0.2829 0.869381113206
-2.5119 0.5613 3.14569459738
-4.6866 2.8342 19.3692170854
-6.3657 22.1305 3.91766646487
-7.2159 25.9548 0.559501286862
-7.2147 26.5143 2.76257539445
-9.9631 26.2348 11.9963825902
-11.2281 14.3053 0.243969772718
-11.3054 14.5367 1.0795481879
-12.3849 14.5469 1.40741638473
-11.5847 13.3891 15.6436881342
-12.6259 -2.2199 0.93542128477
-12.5546 -1.2872 1.4789850912
-13.8263 -0.5321 1.01599862697
-13.5623 -1.5132 0.99218442842
-14.381 -0.9527 1.29337235165
-13.1612 -0.5227 1.08166512378
-14.0174 0.1383 1.95956562789
-14.7318 -1.6864 0.93038015886
-15.2098 -2.4846 2.96532633111
-16.9325 -4.8982 1.90266085522
-17.9453 -6.5089 0.864164151073
-18.4901 -7.1797 4.51161122106
-21.8735 -4.1952 1.1987335734
-20.7332 -4.5649 0.553094368078
-21.1155 -4.9646 1.34384681047
-21.8886 -3.8654 0.458370734232
-21.9688 -4.3167 1.12021188174
-20.8513 -4.3946 0.868394956227
-21.3575 -5.1002 1.34407771353
-21.9316 -3.8849 1.02755322976
-21.9916 -4.9107 2.93691482342
-23.5808 -2.4409 1.97936438788
-25.3105 -1.4786 1.37237809659
-24.6255 -2.6678 8.02881515543
-21.5519 -10.085 0.150936079186
-21.401 -10.0817 6.24490958461
-26.0884 -5.9553 0.894421399565
-26.7976 -6.5003 1.83927005358
-28.5724 -6.983 2.41453694525
-30.7445 -8.0375 0.927572110404
-29.9164 -8.4554 2.5160087937
-37.7933 -7.8936 0.630275376324
-38.1361 -7.3647 0.156319736438
-38.2392 -7.4822 0.876915759922
-38.0571 -6.6244 7.48930885062
-37.0846 0.8015 0.215251782803
-37.2853 0.8793 5.68202654869
-32.046 -1.3196 21.339193194
-17.2524 -16.6985 1.1009911353
-16.5852 -15.8227 11.0927521653
-10.6608 -6.4445 0.544199264976
-10.1236 -6.5315 1.04072037551
-9.0935 -6.3832 8.97769030263
-9.8636 -15.3278 12.8654047196
-15.8822 -3.957 0.900648327595
0.8834 10.9156 5.9883860931
-5.1046 10.8476 5.00752583318
-21.124 34.0 12.4777945363
-20.6297 21.532 0.735396818051
-20.5729 22.2652 0.7781001735
-19.8391 22.0064 0.915803718053
-18.9412 21.8262 1.64308278854
-17.3295 21.5066 1.3252404197
-16.0119 21.3645 2.25155081
-13.8043 20.9218 0.559403298167
-13.2754 20.7396 1.3060487778
-11.9708 20.6781 0.595090194844
-11.4893 20.3284 0.618019352448
-11.0299 19.915 0.298319040626
-10.9267 20.1949 1.32422075577
-10.2712 19.0443 0.374258092765
-9.9696 19.2659 0.13004960592
-9.8615 19.3382 0.563009094065
-9.2985 19.3414 0.242006156946
-9.0718 19.2567 0.172898698665
-8.9104 19.1947 0.624289243861
-8.5895 18.6592 1.57746084896
-8.2583 20.2015 8.09671252114
-8.3494 28.2977 1.62518124835
-7.1199 29.3605 0.737326962751
-7.1503 28.6238 9.97392875701
-7.0476 18.6504 0.924153196175
-6.4433 17.9512 17.6906995749
-0.8037 1.1835 5.65654877465
2.8761 -3.1125 9.43182922343
11.932 -0.4762 1.07809660513
12.971 -0.7639 7.90356484442
7.716 -6.6674 0.8658011319
7.7146 -5.8016 0.533842017829
7.9517 -6.2799 2.96170545632
10.3582 -8.0063 0.397736445401
10.319 -8.4021 1.1335949056
9.4219 -9.0951 0.971903415983
9.123 -8.1703 0.944144570498
8.8754 -9.0814 12.820356286
-0.9109 -17.3633 0.0875005142842
-0.9304 -17.4486 7.24671442379
-7.6491 -14.7331 1.45280016864
-7.8023 -13.2884 7.0479591351
-8.4994 -6.275 0.445663123895
-8.1935 -6.5991 6.64949297466
-8.3296 -13.2472 11.353562754
-3.0857 -23.3172 19.8655237296
14.926 -31.6968 4.75145169606
19.6171 -30.9419 4.3520315957
23.6997 -32.4494 8.1658515153
31.7381 -33.8865 4.93483000011
36.3578 -32.1513 2.87229947081
38.2373 -29.9793 1.95988842795
39.6221 -28.5924 1.39006481863
40.4807 -27.4992 1.19729316377
41.3411 -26.6666 0.402591368512
41.5152 -26.3036 0.917714421811
41.9122 -25.4762 1.57677618577
41.8967 -23.8995 1.43456608422
41.2151 -22.6372 0.930555366434
41.6624 -21.8212 7.92586541647
40.3156 -14.0106 1.15017926429
40.9903 -13.0791 6.31291698821
42.6275 -9.9027 11.4748675095
31.2181 -8.6787 14.3151822573
18.4472 -2.2112 0.235068096517
18.3671 -1.9902 1.28448666789
18.4813 -3.2696 0.958348083944
18.07 -2.404 13.1317547879
14.1966 10.1435 12.9300214482
8.5059 21.7539 5.00268100622
5.7656 25.9393 5.43486319423
1.0543 28.6488 3.96862367201
-2.9001 28.9845 3.82352411526
-6.6006 29.9466 1.91917726383
-8.4817 30.327 3.31905683742
-11.7282 31.0172 3.70173159481
-15.345 31.8056 2.78655555301
-18.0723 32.3772 2.55957429664
-20.58 32.8899 3.02889216051
-23.5686 32.3975 0.136142021433
-23.4817 32.2927 12.6516391167
-23.2602 19.643 0.263525046248
-23.4123 19.8582 3.50838722207
-25.7056 22.5133 3.89782242412
-29.4622 21.4736 3.99022060167
-33.3651 20.6434 1.16686065149
-33.1318 21.7867 4.86805634006
-29.7255 18.3089 9.8170048961
-37.9768 23.6277 10.1092144462
-48.0742 24.1163 3.88455987983
-49.8997 20.6874 1.03738280302
-50.8649 21.0676 0.981125440502
-50.3876 21.9248 0.8003
-51.0671 21.502 11.5061464622
-51.2491 21.6067 2.58246098131
-50.9897 24.1761 0.606428627293
-51.3369 23.6789 1.775840646
-49.6839 23.0299 0.997976232182
-50.5605 22.5529 1.98594267792
-51.3281 20.7213 0.973682176072
-50.5804 21.345 1.53983817656
-50.3629 19.8206 3.24972682698
-48.0151 17.5737 0.515381839028
-47.5939 17.2767 1.0007522021
-47.2003 18.1968 0.952033134928
-48.13 17.9918 0.877208869084
-47.3228 17.6484 0.878847114122
-48.1503 17.9444 1.04916292824
-47.1825 17.5393 1.5309542939
-45.7044 17.1405 0.507158752266
-45.9638 17.5763 0.536440583849
-45.4413 17.6978 0.973576997469
-45.5884 16.7354 13.6416347866
-35.047 8.0767 1.2741213286
-34.284 7.0563 2.27166212276
-34.5792 9.3087 0.413063191292
-34.1898 9.1709 0.72361572675
-33.9904 8.4753 1.62250153775
-32.6874 9.4421 1.20866154899
-32.8259 8.2414 1.18908900003
-31.7203 8.6791 22.2016301298
-16.0484 24.405 0.758535068405
-15.4471 23.9426 1.40764843977
-14.1413 23.4169 1.01629665945
-13.136 23.566 0.878231176855
-12.285 23.783 0.935383236968
-11.3512 23.8374 1.00963689513
-10.3427 23.8853 0.905428832101
-9.4376 23.8609 1.5386776563
-7.9034 23.9782 5.34750107807
-2.5897 23.3779 3.94192697294
1.1052 22.0044 2.52530456183
3.6305 21.9996 0.565678928368
4.1826 21.8764 2.70780213642
6.8366 22.4135 0.218145387299
7.0496 22.4606 0.318610137943
7.2137 22.7337 0.521967748046
7.627 23.0525 2.32000309052
9.9415 23.2122 2.54293571488
12.0073 21.7293 0.835295714104
12.576 22.3411 0.484646530989
12.7759 21.8996 0.583821488128
12.3047 21.5549 1.18982123867
11.512 22.4422 10.7681302295
20.0528 29.0002 9.02219208674
13.843 22.4551 1.7169292647
14.0109 24.1638 0.737380363178
14.4577 24.7504 1.06892162949
15.0936 25.6096 2.20458663019
16.4026 27.3835 0.866092662479
15.5563 27.5676 1.34352771836
16.7491 28.1859 6.20315742264
22.3446 30.8635 4.54259974244
26.7345 32.0314 3.54034134654
30.1498 32.964 0.715807935133
30.8648 32.998 1.78471918239
32.5832 32.516 2.72449003118
35.094 31.4583 4.62280655555
39.4849 30.0125 0.515006873741
39.5551 29.5023 0.399318544523
39.5952 29.105 1.02753853942
39.9141 28.1282 1.90783338895
40.1871 26.24 0.192777825488
40.1423 26.0525 1.97266289568
39.5932 24.1578 0.755406976404
39.7445 23.4177 0.413162062634
39.8237 23.0122 0.271248963132
39.9737 22.7862 0.219523780033
39.9547 22.5675 0.817721645794
39.7309 23.354 0.973232880661
40.0541 22.436 7.68339628094
40.2956 14.7564 0.859624016649
39.594 15.2531 0.0
39.594 15.2531 1.01905407119
40.1432 14.3947 0.883462336492
40.0341 15.2714 0.516454877022
40.0081 14.7556 6.33580390874
39.5767 8.4345 0.879582503237
0.0 0.0 1.96100478837
1.9323 -0.3343 0.33762396242
2.0798 -0.0306 1.65872713247
0.5839 0.6861 0.538466563493
0.0519 0.6029 2.27853941155
-2.2237 0.7186 2.15693323494
-4.376 0.5773 3.14988097712
-5.1691 3.6257 2.75136976977
-7.0351 5.6476 1.7250193883
-6.0593 4.2251 5.47537837688
-9.0539 8.809 15.3320838391
-13.7766 23.3956 1.36807070358
-15.0375 22.8648 2.65301394267
-16.9908 21.0695 1.32335661105
-17.9094 20.1169 1.73917645453
-19.5551 19.5544 1.74255819415
-21.2356 19.0935 1.00677644986
-22.1785 18.7406 1.67322917139
-23.8016 18.3341 2.94134544044
-26.7246 18.6621 1.69463879632
-28.1134 17.691 5.26398213713
-29.8721 12.7295 1.47868049625
-28.7697 11.744 0.422538447955
-29.1922 11.7497 1.91566720753
-31.096 11.9626 0.769630794602
-31.5294 11.3266 29.4713612159
-50.5807 21.2287 8.6048404715
-46.1584 13.8472 1.049628782
-45.3677 13.1569 1.18696883278
-46.4978 12.7939 1.11911725927
-46.8416 13.8589 0.267685823308
-47.0659 13.7128 0.980453063639
-46.3514 13.0414 0.157144137657
-46.2766 12.9032 9.49186382382
-42.8305 4.059 0.860940195368
-41.9796 3.9279 4.40625464539
-38.724 6.8971 1.43519905588
-37.3712 6.4178 2.1990895798
-35.4535 7.4941 2.14573552191
-33.4218 6.8039 2.98065817061
-30.4466 6.9842 1.40361040891
-29.0469 6.8795 2.92140952282
-26.1277 6.7659 0.584600282244
-25.5595 6.9034 1.41513750569
-25.5985 8.318 0.679921738143
-25.0719 7.8879 0.509666528232
-24.7745 7.474 13.4879959705
-31.2148 -4.3771 0.825460047489
-30.395 -4.2806 8.53213333522
-32.3476 -12.5863 0.723857451436
-32.762 -11.9928 1.94315254162
-33.5294 -10.2076 7.11891162047
-27.9965 -5.7281 0.585701767114
-27.4365 -5.5565 0.261477685472
-27.1828 -5.4932 2.79759817343
-24.4401 -4.9417 0.630434025097
-23.8596 -4.6958 3.10305476909
-20.8143 -4.0999 0.590312434224
-20.2277 -4.0338 1.09127423684
-19.1366 -4.0143 2.0831443589
-17.1807 -3.2974 1.5164113558
-15.7215 -2.8848 2.15504526635
-14.6488 -4.7539 2.96414737825
-11.9186 -3.5997 1.8660679516
-10.1942 -4.3129 0.531540450013
-9.6703 -4.2231 2.04357665381
-7.6268 -4.2408 7.43625863254
-12.1835 -10.1174 1.39628027631
-11.6516 -11.4084 3.13735130644
-10.9767 -14.4723 0.440970770006
-10.9846 -14.0314 0.819598548071
-11.7539 -13.7487 1.07924822909
-10.8146 -14.2802 20.9560195154
2.9066 -30.1195 5.51697423775
8.1709 -31.77 4.47237942599
12.3827 -33.2743 4.33574731736
16.7123 -33.5051 1.8423886045
18.5539 -33.559 1.53106800959
20.0542 -33.2536 1.85808961302
21.8991 -33.4746 0.605368416751
22.4995 -33.3972 1.22657132283
23.7259 -33.4177 0.929356433238
24.6542 -33.3734 0.877234575242
25.5137 -33.5489 0.679806751952
26.1926 -33.584 0.835582407665
27.0266 -33.5326 0.877780314202
26.9474 -32.6584 3.09041062644
30.0352 -32.5314 3.11046261511
33.145 -32.4672 2.97154949816
36.0329 -31.7671 0.657389937556
36.6237 -31.4788 3.59586804124
39.8418 -29.8744 2.65450139198
39.8018 -27.2202 1.97145818368
39.9022 -25.2513 0.406833061587
40.0055 -24.8578 0.300647983529
40.0791 -24.5663 0.638572822785
40.1161 -23.9288 0.868899729543
40.1906 -24.7945 0.758653227766
39.739 -24.1849 6.25492655193
39.9634 -17.934 21.987856247
39.4781 4.0485 0.893695345182
38.611 4.2649 0.586226338542
39.1786 4.4115 0.620803197479
38.5581 4.4309 1.24139560979
43.3925 -9.2867 13.2362394452
30.1757 -10.0038 1.20011718178
29.1407 -10.6113 19.8771057674
13.1595 -22.4308 4.68724638994
8.5311 -21.6904 3.22807003796
5.5542 -20.442 3.6907529855
1.8678 -20.6212 1.08036757171
0.815 -20.3787 3.66250793446
-2.8419 -20.1761 2.77393432691
-5.6046 -19.9267 2.78444407737
-8.3817 -19.7246 2.95184139987
-11.3166 -19.4088 1.95086954971
-13.2638 -19.2892 2.73059276532
-15.9932 -19.2085 0.88659001799
-16.8727 -19.0966 1.07094566155
-17.9396 -19.0036 1.56004120779
-19.4992 -18.9665 1.25486312003
-20.75 -18.8656 0.972452122215
-21.7223 -18.8484 1.85509534256
-23.5711 -18.6957 0.983467955757
-24.5432 -18.5466 1.79290653688
-26.326 -18.3565 0.759668611962
-26.3058 -19.1159 1.20989464831
-26.2749 -17.9064 5.78830353817
-26.0416 -12.1228 2.65287893617
-42.6273 9.9033 10.4147861908
-32.2779 8.7381 0.305784646443
-32.2499 9.0426 0.528244498315
-31.7547 9.2265 1.56688791239
-31.9374 7.6703 1.92655889347
-31.1608 9.4334 1.11311433824
-30.5496 10.3637 18.1594400247
-17.0896 22.5536 0.599469874139
-16.5258 22.3499 2.85843961804
-13.6765 22.5783 16.8717550424
-0.0576 12.6193 0.762851918789
0.6041 12.2397 1.48304112553
1.8114 11.3784 2.91324940916
4.6928 10.9488 0.700340952679
5.3681 11.1344 1.50300230539
4.7789 12.5171 6.97340261422
3.2868 19.329 5.32773189735
3.9879 24.6104 4.48956635991
8.3938 25.4731 1.26178505697
9.6541 25.4119 0.600360000333
10.1344 25.0517 0.612926431148
10.606 24.6602 1.11350066008
11.1184 23.6716 5.19571452064
15.2937 20.5793 0.445064152679
12.2579 20.1028 1.34938445597
13.4514 20.7324 5.41268425091
17.9868 23.6866 2.0165976148
16.0843 24.3553 1.92000874217
16.7344 26.1619 0.261300382702
16.6029 26.3877 0.42886923415
16.9988 26.5526 1.41259781254
18.1365 27.3899 1.49798753333
18.8616 28.7007 3.78869383429
22.1287 30.6191 2.74233174507
24.0969 32.5287 3.69805398149
27.793 32.6489 3.12567138708
30.9171 32.748 5.49277701168
36.2794 31.5579 3.19844954001
39.4739 31.399 0.947274052215
39.6726 30.4728 0.426408559952
39.7901 30.0629 0.232408196929
39.832 29.8343 0.655693891995
39.8818 29.1805 0.801247159121
39.9592 28.383 0.434861104262
40.0025 27.9503 0.679352471108
40.0852 27.276 0.327867671477
40.1588 26.9565 1.10116017454
39.7975 25.9163 0.31853929114
39.8853 25.6101 0.231879731758
39.9539 25.3886 0.120038202252
40.041 25.306 0.164225607017
40.1741 25.2098 9.49316459775
40.6187 10.9092 10.3397142286
36.0 20.16 8.23190258689
33.3456 12.3678 17.9365139158
22.6539 -2.0338 24.5060697528
9.3591 -22.6201 2.40284972897
6.9732 -22.905 4.19836786502
3.7929 -25.6458 3.34291716918
1.0837 -27.6042 3.94232779966
-2.1831 -29.811 3.53255716019
-5.7066 -30.0638 2.03454471566
-7.737 -30.1936 2.79199748209
-10.5007 -30.5901 11.3728244271
-8.714 -19.3585 2.47323005804
-11.1236 -18.8011 2.24059395027
-12.3994 -20.643 2.72318041452
-14.8625 -19.4816 0.979729197279
-16.7792 -6.4832 0.493006531397
-16.3142 -6.3194 7.69312400784
-9.6882 -10.2284 0.294562132665
-9.3983 -10.1762 7.36667589894
-14.2307 -4.616 0.295534786447
-13.9812 -4.7744 5.87239945848
7.5441 -9.2346 0.813253521357
7.5741 -8.4219 14.6733948495
1.0026 4.6977 2.76041708443
-1.6152 5.5735 0.886896504672
-1.3706 4.721 1.09833839048
-1.5287 5.8079 17.6513742618
-31.2795 19.1494 0.812017863104
-30.7569 18.5279 0.418821059642
-36.8992 25.0461 0.500533245649
-37.0515 25.5229 0.807582627352
-37.1872 26.319 7.20588062627
-32.593 20.7676 0.954353566557
-32.9278 21.6613 1.20910963109
-32.4399 22.7676 2.55172716606
-30.2566 21.4468 11.0250225056
-24.0704 12.3209 15.1322176276
-13.5536 1.4406 0.457023773999
-13.0968 1.4263 11.346072045
-3.1842 6.9466 1.07586402951
-2.1513 7.2476 33.7569252369
27.371 23.6172 11.1286198111
38.2223 26.0861 0.819693387798
37.6565 25.493 14.6772140027
33.6833 11.3638 1.06742507465
34.3956 12.1588 11.3187723795
39.8583 22.0721 0.796769728341
40.6293 21.8711 0.817683636867
41.2395 21.3268 0.533422956011
41.5691 9.7179 0.692149962075
41.5505 10.4098 0.144638756908
41.4591 10.5219 1.32669238334
40.1359 10.6181 5.57714227271
35.9231 6.9634 0.686554717412
35.9044 6.2771 0.847523568994
35.1098 5.9823 1.37076028904
35.7509 7.1939 0.85660037357
35.0571 6.6915 14.814008982
21.2477 1.3291 0.959881919821
21.0336 2.2648 1.16106010611
5.7462 -2.1208 0.240068406918
5.5492 -2.258 14.4765657841
-7.6985 -8.0949 1.05118769494
-6.6751 -8.335 14.624166898
3.3724 -18.9611 0.827358259764
3.1569 -18.1623 10.7022310314
6.9126 -8.1407 0.349551727216
6.8797 -8.4887 0.120429439922
6.8982 -8.6077 0.0748294728032
6.8961 -8.5329 11.4873260248
2.7145 -19.2321 3.74902275933
6.1964 -20.6219 3.56161202969
7.4135 -23.9691 12.1273913122
17.1465 -31.2039 0.290405389068
17.427 -31.1287 1.15472155085
18.5805 -31.0756 2.95869075268
20.5709 -33.2647 3.63890719447
24.1968 -32.9573 8.80206908914
25.2989 -24.2245 0.757549905947
24.7964 -23.6576 0.782986194003
25.4711 -23.2603 3.62437317339
26.9478 -19.9504 1.29010148826
26.925 -18.6605 7.58991478872
21.7767 -13.0836 0.765299470796
22.4445 -12.7098 1.9045172958
24.0747 -11.7251 1.5606602481
25.6247 -11.543 0.485492461321
26.083 -11.3828 0.725383236641
26.6008 -10.8748 4.77481442781
31.3637 -11.2119 2.13792310432
31.3081 -13.3491 1.05816177402
31.8476 -14.2594 1.90422222443
34.0841 -16.5335 14.8724233083
47.0 -9.16 17.0353142595
41.1534 -25.1606 0.629419049601
41.7387 -25.3921 1.20858742754
40.5473 -25.5952 23.6884195254
16.9433 -27.5933 4.5942427733
12.9588 -25.3062 4.94248324023
8.5331 -27.5065 4.10831783702
4.4635 -26.9438 5.34625887888
-0.8817 -26.8374 3.90363334856
-4.7641 -26.4308 2.74562325347
-7.4737 -25.9875 1.88806102656
-9.3425 -25.7185 1.47960455866
-9.9523 -27.0666 1.81738749308
-10.4292 -28.8203 1.80984550169
-11.7387 -30.0696 2.91926928186
-14.4104 -31.2461 2.64168034781
-16.9299 -32.0402 1.20207185309
-18.0874 -32.3645 1.10212032011
-19.164 -32.1287 1.28110908981
-20.1647 -31.3288 6.79568257131
-26.6728 -29.3728 1.67700726892
-28.3491 -29.4215 1.7511990064
-30.1001 -29.4479 2.77385050246
-32.5271 -30.791 3.88684127409
-36.4118 -30.92 8.65738624066
-45.0322 -30.1206 3.08547107749
-48.1023 -29.813 3.55301730505
-50.5202 -27.2096 0.643886651516
-50.8581 -26.6615 2.25292809472
-51.0777 -24.4193 0.982470325252
-50.979 -23.4418 1.77382185408
-50.9284 -21.6687 0.622776235899
-51.5044 -21.9055 1.42217933117
-50.1105 -22.1877 8.16335139511
-51.0813 -8.9904 8.50660101333
-42.6249 -9.9132 10.4335536084
-32.194 -10.1485 12.6609460124
-19.5748 -11.1758 1.63958459373
-18.3318 -12.245 22.8854849241
-11.2279 -34.0 7.45193563646
-15.3812 -27.8128 0.508706437938
-14.8732 -27.8396 1.42537810072
-13.4579 -28.0088 0.833033996905
0.0 0.0 1.96800124492
1.7107 0.9729 0.092165069305
1.7495 1.0565 2.32520788318
-0.5492 1.4066 2.46653850163
-2.9789 1.8313 0.318549352534
-2.9976 1.5133 1.17881408627
-1.8189 1.4969 0.540685490835
-2.1113 1.9517 0.391672426908
-2.3438 2.2669 4.31246641494
1.9679 2.3482 1.47483075978
2.796 1.1278 2.61953074615
0.2543 0.494 1.16457039289
1.3709 0.8248 0.230950730676
1.1429 0.8616 6.09787353099
-3.9895 4.1544 22.8939047393
-10.5409 26.0909 2.91457049494
-12.804 27.9275 2.43568058661
-14.5574 29.6181 2.70888013024
-16.724 31.2441 2.0489696069
-18.6978 31.794 3.55900439028
-22.0263 33.054 3.54105043878
-25.5673 33.0729 1.85348957915
-27.4062 32.8408 11.6270317743
-27.1784 21.216 0.510391545776
-26.8072 21.5663 1.97472738625
-28.3379 22.8139 2.21020119672
-30.5196 22.4601 4.53232040461
-34.216 25.0828 12.9197818944
-44.9832 32.2234 0.162677871882
-45.0885 32.3474 4.4544413185
-48.336 29.2985 3.88343222678
-50.6305 26.1654 0.140156805043
-50.6933 26.2907 0.747718269136
-50.9627 26.9882 0.573811293022
-51.2359 26.4836 1.28395221095
-49.7234 25.6182 9.2973309143
-42.5132 19.7485 0.320138626223
-42.2077 19.6528 1.30601354128
-42.8788 18.5324 0.192961602398
-42.6991 18.6027 2.97925074641
-39.7321 18.3328 0.739245730458
-40.4597 18.2021 0.902800088613
-39.6817 18.6601 21.7911160818
-18.7617 24.7598 0.596875615183
-18.6306 25.3421 6.12808117603
-12.7283 26.9902 5.55829002842
-8.7581 30.8802 3.83565060062
-5.3878 32.7114 1.2404742722
-4.1509 32.8055 2.95704878891
-1.2214 33.2082 3.4901784324
2.2668 33.3257 3.25558127836
5.5213 33.2418 0.528763661762
6.0439 33.3223 1.23625816883
7.2684 33.4924 0.862286941801
8.105 33.2835 0.303736810413
8.3931 33.1873 0.224006830253
8.604 33.1118 0.825506402156
9.4291 33.0859 0.829271517659
10.1901 32.7564 0.33616396297
10.4362 32.5274 0.232514107099
10.6662 32.4933 1.37487463065
11.8387 31.7753 0.999080762501
12.8293 31.6454 0.763480484361
13.5695 31.8325 2.53324212226
15.9234 32.7687 2.80386002682
18.6667 32.1891 0.795869870016
19.4273 32.4234 0.598504820365
20.0212 32.4975 1.53032152504
21.4726 32.9826 2.1028061846
23.5603 32.731 1.57459658326
25.1199 32.9478 0.451302836242
25.2478 32.515 0.688520014233
25.1337 33.194 0.65101140543
25.3746 32.5892 0.484559521628
25.5523 32.1384 0.616030007386
26.1002 32.42 0.524909754148
26.613 32.5321 0.39854852904
27.0013 32.6219 0.577795716495
27.5623 32.7602 0.949649756489
28.5058 32.8681 1.54094721843
30.0466 32.8468 4.37256911781
34.4161 33.0106 4.76651776457
39.1315 32.3144 3.68087812621
40.6692 28.9701 0.756824186981
40.4578 28.2434 0.553370553969
40.2847 27.7178 0.257427290706
40.2567 27.4619 0.343774591848
40.4438 27.1735 0.934105202855
40.1485 26.2873 8.77904730879
39.1091 17.57 9.3192528311
40.7714 8.4002 0.187904151098
40.5848 8.3781 0.260864754231
40.3547 8.2552 0.423908291969
0.0 0.0 1.97937617698
1.7907 0.8434 0.386157921063
1.5372 1.1347 1.27752832063
1.3091 -0.1223 1.96119827147
-0.628 0.1842 3.59216795264
-4.1398 0.9398 0.878493329514
-3.2616 0.9171 0.882773611975
-3.7694 1.6392 4.3574689408
0.4955 2.5326 0.418946416622
0.8562 2.3195 5.22401553692
-4.3611 2.5843 0.673791191691
-4.8607 3.0364 0.252360139483
-5.0949 2.9424 0.446821776551
-5.532 2.8497 14.9844768654
-13.9658 15.2354 0.495162054281
-14.0443 14.7465 1.12153509976
-13.293 13.9138 0.752404977389
-12.7367 13.4072 2.18634249147
-10.551 13.4602 3.61804294612
-12.8986 16.2132 0.602211632236
-12.3132 16.0719 1.74300899883
-10.6246 15.6398 0.488111667552
-10.1576 15.7818 1.82124808305
-8.3429 15.6275 1.02643900939
-8.2299 14.6073 30.037696547
-0.7291 -14.4788 13.0618659712
7.3845 -24.7151 0.396154641523
7.748 -24.5576 1.85522097067
9.5734 -24.2263 1.41553679217
10.6474 -23.3042 8.27827141618
11.8116 -15.1082 9.0051868748
13.4072 -23.9709 4.99799545818
18.0906 -22.2257 1.24429133646
19.2908 -21.8974 2.45743545185
21.6536 -21.222 2.53878889434
24.1677 -20.8688 3.40100706409
27.4866 -20.126 1.12678340865
28.6123 -20.0766 0.274448264706
28.8807 -20.1339 0.790900025288
29.6716 -20.1337 1.0166855266
28.9651 -19.4026 0.898467100121
29.5819 -20.0559 1.33015880255
28.7757 -18.9979 11.7751454216
21.824 -9.4938 0.436731175897
21.9026 -9.9234 0.230806325737
21.8446 -10.1468 0.525399828702
21.3433 -10.3041 2.2289346177
20.1766 -8.4049 1.27022121302
20.7143 -7.2541 1.23994614802
21.952 -7.3287 0.230467221097
20.0416 -13.4806 0.594491009183
19.7506 -13.999 15.8541716712
10.7169 -27.0277 0.9883002479
10.2512 -26.156 16.4408357163
2.2793 -11.7772 3.40799308098
-0.9187 -12.955 3.44054450632
-4.082 -14.3081 2.79263837437
-6.649 -15.4078 2.03939923017
-8.4619 -16.3419 2.22644371139
-10.6841 -16.4793 15.573521709
-13.015 -31.8774 3.90790320504
-16.9111 -31.5739 1.8581056294
-18.7689 -31.5402 1.90033633339
-20.6516 -31.2819 10.4030278439
-31.046 -30.8583 15.7243267945
-46.7415 -29.9066 6.09475619283
-49.1143 -24.2927 3.15017952028
-50.4828 -21.4553 2.7600901815
-51.6163 -18.9387 0.287702102877
-51.5008 -18.6752 0.0893515528684
-51.4131 -18.6923 0.021392522058
-51.4081 -18.6715 0.587433008947
-50.8566 -18.8738 0.2172202799
-50.9078 -19.0849 8.95232540573
-44.5774 -12.7548 24.5959818411
-32.1837 -34.0 12.9913585679
-45.0137 -31.9588 4.2405296273
-49.1233 -30.9132 2.40963230598
-50.2026 -28.7588 2.21376715352
-51.3091 -26.8414 1.44003253435
-49.9338 -26.4145 8.88745577204
-35.2054 -6.072 0.384281797643
-34.9133 -6.3217 1.26857032127
-47.0 -9.16 9.83948568575
-45.1816 0.51 34.5888777073
-24.1912 28.0017 10.6249077196
-13.8738 30.5394 1.14029849601
-12.8273 30.9923 0.495810649341
-12.3321 30.9677 0.921926558897
-11.4158 30.866 0.938634247191
-10.7847 31.5608 2.89986885221
-7.9691 32.2548 5.6216301915
-2.3711 32.7697 0.971379071218
-2.493 33.7334 1.29700314572
-2.3584 32.4434 8.85743746238
-5.0928 24.0186 1.06485834739
-4.7457 23.0119 5.50613841544
-2.5757 17.9514 15.3627961133
0.3692 2.8735 31.1824019019
25.4453 -15.6611 5.99904293867
31.4246 -16.1474 6.17703595991
37.5944 -16.4463 0.776573557366
38.2437 -16.0203 2.68098192832
39.5854 -13.6992 1.13130102979
38.4825 -13.9511 0.984935023238
42.6256 9.9103 11.7823079344
31.0007 7.9908 10.9130878421
20.2231 9.7051 22.0802739734
6.0376 26.6258 4.04788212402
2.8939 29.1758 3.63427851574
-0.6284 30.071 2.80823752913
-3.4213 29.7779 2.76324323396
-5.3999 31.7068 4.10313765307
-9.5023 31.629 1.45838653998
-8.0802 31.9523 0.220450198458
-8.2875 31.8773 8.72767086054
-10.3372 27.295 0.697509490975
-9.7577 27.6832 1.12433624864
-8.6813 28.008 1.19071560416
-7.5274 28.3018 0.846748238853
-6.7147 28.5395 2.09689233152
-4.618 28.5111 3.90608297147
-0.7573 27.9174 1.49704477221
0.57 28.6098 2.43123315418
2.7512 29.6837 0.283526101091
2.9553 29.4869 0.27065529738
3.2155 29.4124 0.603527397887
3.8189 29.4 0.778899544229
4.5708 29.1967 0.559763467904
5.1203 29.09 0.372116782744
5.4922 29.0773 7.52902610502
12.6182 31.5076 0.4317043896
12.191 31.4454 0.602910051334
12.6437 31.8436 0.551509492212
12.8881 32.338 2.56999941634
15.2265 33.4042 3.44749596374
18.6734 33.4683 1.09826447179
19.7701 33.5269 2.89892195307
22.1141 31.8212 15.1745672152
11.448 21.0276 0.208291574482
11.2847 21.1569 0.0756746324735
11.2154 21.1265 1.56036806555
12.3719 20.079 0.541030276417
12.0143 20.485 0.910492926936
11.4067 21.1631 4.88253848116
12.4016 25.9432 0.88349934352
13.2846 25.9135 0.900296140167
14.0879 25.507 6.62231728702
19.4192 29.4354 1.56247071013
19.5568 30.9918 0.692106422453
20.1487 31.3505 0.505734317602
20.5919 31.5941 1.00725629807
21.4498 32.1219 0.549460872128
20.9008 32.0994 0.671034164555
21.5462 32.2831 0.932239647301
22.4422 32.5405 1.15781036876
23.5916 32.6798 2.10132097739
25.6904 32.7827 1.29740428934
26.9862 32.8472 2.48651387489
29.4717 32.9182 2.97993170392
32.1453 31.6022 2.85690327803
34.4148 29.8669 3.26708068159
37.3541 28.4406 0.714617352154
37.9161 27.9992 2.17972704025
39.7912 26.8878 0.436227291673
39.9017 26.4658 0.310276989156
39.9287 26.1567 0.583883353077
40.0378 25.5831 2.07990444492
40.3863 23.5326 0.91972117514
40.0003 24.3674 1.04170433905
40.7451 23.6391 0.243560013138
40.6673 23.4083 0.172954358141
40.6109 23.2448 0.908749844567
41.1997 23.937 0.746038289902
40.9329 24.6337 1.19083812502
40.2139 10.6752 44.6773041264
40.6475 -34.0 5.77183547669
40.5766 -28.2286 0.34731347512
40.2858 -28.4185 0.0842027315471
40.2515 -28.3416 0.850189919959
40.1662 -27.4957 0.447294723868
40.1273 -27.0501 0.253697871493
40.2579 -26.8326 0.675743449839
40.804 -26.4346 0.758107835337
41.011 -25.7053 1.06934403257
40.2935 -24.9124 0.490995936847
40.115 -24.455 0.502936188795
40.177 -23.9559 0.571546367323
40.2821 -23.3941 0.257842529463
40.2972 -23.1367 0.430315756161
40.1694 -23.5476 0.475866283739
40.24 -23.077 0.653621916707
40.456 -23.6939 0.0172418096498
40.4548 -23.7111 0.134450139457
40.4338 -23.8439 0.10965313493
40.4228 -23.7348 0.705437346616
40.2985 -23.0404 0.566971507221
40.177 -23.5942 0.568398601335
40.4686 -23.1063 1.0280602317
40.0058 -22.1883 11.6161274184
39.7942 -10.5741 5.75087727656
0.0 0.0 2.01644221588
1.6036 1.2225 0.134119722636
1.7203 1.2886 1.06486446555
0.7491 0.8519 0.659593852306
0.2757 0.3926 3.50316321344
-2.8008 2.0681 1.348632956
-4.0182 2.6484 1.15477092534
-5.0367 3.1926 1.56368124949
-6.2959 4.1197 1.33758427772
-6.1546 2.7896 8.32236432872
-9.8557 -4.6645 1.49603209859
-11.3517 -4.6743 0.985693040454
-12.3276 -4.8129 0.65052628694
-12.975 -4.8766 0.809316977457
-12.6756 -4.1247 0.869055234148
-16.3829 -0.6009 1.64098820532
-17.8279 0.1768 2.0574140298
-19.7811 0.8233 2.02109644748
-21.8 0.7291 3.10039868565
-24.8449 1.3131 0.164204872035
-24.8009 1.1549 0.642575699821
-25.4402 1.2197 2.28692853408
-27.7128 1.4753 2.97346654429
-30.2101 -0.1387 1.2418943997
-29.996 1.0846 8.19160908491
-25.0908 7.6452 0.489186365305
-25.3477 7.2289 4.52171161398
-28.7071 4.2023 0.944226932469
-29.5686 3.8158 2.3163719412
-30.7747 5.7934 0.58088564279
-31.291 6.0596 17.1189672446
-38.7254 21.48 10.9629678436
-49.5579 23.1663 0.834766290647
-49.4159 23.9889 1.72943505805
-50.15 22.423 1.98565879496
-51.3794 20.8637 1.33138460634
-51.2643 19.5373 0.789734037509
-50.6091 19.9782 7.65443434945
-46.9727 13.2427 1.59576314659
-48.5208 12.8556 0.982451734183
-47.5454 12.9731 2.90316965574
-9.6804 -3.5383 9.46720625739
-4.3961 -16.8148 7.42218456319
1.7551 -20.9683 4.14784895096
5.6335 -22.4389 2.84259668085
8.371 -23.2047 3.51248038286
11.775 -24.0709 4.70327182395
16.3202 -25.28 7.89610638353
23.9601 -27.2751 6.42193856791
30.319 -28.1727 5.77199232934
36.0746 -27.738 3.4797862578
38.5052 -25.2478 1.73566388739
39.3589 -23.7366 1.98946076111
40.0423 -21.8682 1.10488721596
39.9497 -20.7672 1.2831180655
40.7796 -21.7458 0.996653846629
40.9516 -20.7641 11.8496383911
40.8286 -8.9151 0.429888008672
41.0473 -8.545 0.518513606379
45.3958 3.9107 1.385068825
44.4952 4.963 25.6451524575
23.4531 19.6226 0.897055739628
22.5561 19.6326 16.8767690225
12.6366 0.1679 0.63692097626
13.1213 -0.2453 13.4954667604
7.3755 -12.4565 0.53530762184
7.6092 -11.9749 7.16609018364
11.8608 -6.2063 0.760515114906
11.1028 -6.1445 0.915085526058
10.5322 -6.8599 9.27569710857
3.3451 -12.7237 7.22891137378
-3.8535 -13.385 4.74615077721
0.5837 -15.0694 5.37047451907
3.5103 -19.5724 1.71118177293
5.2108 -19.7633 21.9913097245
26.7196 -24.3447 6.92895161623
32.8651 -27.5452 4.51401879593
37.3763 -27.3857 3.03363866833
39.8482 -25.6271 1.3649247928
40.1394 -24.2936 0.292692398261
40.1916 -24.0056 0.406411921577
40.294 -24.3989 7.01209074242
37.4837 -17.9746 0.986788938933
37.5808 -16.9926 0.340445120394
37.6596 -16.6614 10.6496145174
31.666 -7.8585 0.957731428951
30.7117 -7.9395 1.09956779236
37.9044 -5.5071 0.686863610916
38.5233 -5.805 1.19298278697
37.5596 -5.1018 16.3278770711
21.3138 -3.4667 4.66200317138
16.6552 -3.2886 4.87575152156
11.7935 -2.9187 1.00174492761
11.5508 -3.8906 20.8409690586
3.6329 -23.1689 2.90116462994
0.9768 -24.3359 3.66721455604
-2.6654 -23.9083 2.04008000333
-4.7053 -23.8812 3.5801771269
-8.2652 -23.5007 1.78547411071
-8.8786 -21.8239 2.84810264036
-9.4529 -19.0343 2.71294898588
-12.1471 -18.7159 1.24843902534
-11.1971 -19.5259 0.245536962594
-11.2053 -19.2805 1.40227476979
-12.517 -18.7847 7.06331733536
-7.5793 -13.734 4.99312939948
-11.7819 -16.4302 11.5655757254
-16.66 -26.9167 1.50357710145
-18.0531 -27.4824 0.993989984859
-17.3471 -26.7827 8.51607844609
-14.0528 -18.9296 1.62485027002
-15.6752 -19.0188 0.649145900395
-15.4284 -19.6192 3.52322924602
-18.6708 -18.2408 2.51866943047
-21.1767 -17.9875 0.162336348364
-21.2857 -18.1078 6.19518449523
-22.7879 -12.0975 0.496595418827
-23.1589 -12.4276 1.11941274783
-22.0412 -12.4895 0.608824851661
-28.3249 -11.8766 0.480372032908
-27.9624 -11.5614 10.2771449187
-29.9312 -1.4746 0.561110372387
-29.3855 -1.6052 0.380604256413
-29.7077 -1.8078 0.468836698649
-29.2613 -1.6645 11.4508319842
-17.842 -0.8153 0.98146105883
-17.3254 0.0192 0.424942466694
-17.5981 0.3451 1.27839075403
-18.4015 -0.6493 0.824470551324
-18.207 0.1519 22.9491335499
-8.208 20.8082 0.43273291994
-8.6337 20.7305 0.874082375981
-8.6457 21.6045 1.06361465296
-7.6174 21.3327 1.02853025721
-8.0842 20.4162 10.6778440708
-18.1348 16.8104 1.22057155874
-16.9666 16.4567 1.3453861193
-16.5876 17.7476 3.74344443661
-13.3256 15.9111 11.0817488949
-13.4985 4.8307 0.369106597069
-13.1317 4.8719 1.13883326699
-12.0506 5.2299 0.244817176685
-11.9014 5.424 0.388747540185
-11.631 5.7033 1.75589405147
-9.8764 5.7707 1.17736579278
-10.6978 4.9272 8.98367431567
-14.8068 -3.0617 0.461719276184
-14.4606 -3.3672 1.12653714542
-13.4069 -3.7657 0.488094058558
-12.9735 -3.9902 0.420006011862
-12.5562 -4.0378 1.03104677391
-11.6049 -4.4354 2.55153135587
-9.7964 -6.2353 3.23426183232
-9.1832 -9.4109 1.14827230655
-8.278 -8.7044 0.519734980543
-7.8439 -8.9902 0.256391302505
-7.6568 -9.1655 0.279232895627
-7.3842 -9.226 1.18900812865
-7.6874 -10.3757 1.13416089247
-6.5717 -10.5795 2.67510386527
-4.4855 -8.905 0.572397501742
-3.9442 -9.0911 2.20269765742
-2.1898 -10.423 1.05453650956
-2.658 -9.4781 12.1651359898
-7.9739 1.4641 7.56301605248
-4.023 7.9131 1.04655797737
-3.4452 8.7857 17.9952912069
3.5099 25.3826 0.497500492462
3.0504 25.1919 0.844369255717
3.3014 25.9981 4.2659237124
7.085 27.9685 0.648837460386
7.5613 28.4091 2.32953848863
9.6832 29.3705 0.650997895542
10.1483 29.826 1.16733697363
11.1014 30.5 0.616292308892
11.16 31.1135 0.865328290304
11.9736 31.4082 0.795743903527
11.9392 32.2032 0.615500129976
12.5547 32.2036 0.469686842481
13.0205 32.1433 2.02256534629
15.0408 32.239 1.04631986027
16.0582 32.4833 1.8432607656
17.8282 32.9978 0.528090039671
18.356 32.9803 1.68130550466
20.0078 33.2939 4.08268427998
24.0871 33.1277 3.7263652223
27.7887 32.6988 0.654709531014
28.4423 32.7369 2.88620082635
31.3278 32.6733 4.54404375199
35.5597 31.0182 0.776060719274
36.3297 30.9214 3.94518263202
40.2743 30.8536 3.93932075363
40.6347 26.9308 0.616314286708
40.5474 26.3207 2.55144575682
40.6362 23.7708 2.3792228353
40.5105 21.3949 1.01725837917
40.5375 22.4118 1.02037208899
40.7731 21.419 4.98167605631
41.1578 16.4522 1.18064316794
40.9808 15.2849 6.09088406473
41.747 9.2424 1.18344095755
0.0 0.0 2.01537540424
1.4019 1.4479 6.95086555905
5.0798 7.346 7.15889188352
-0.7144 3.1416 1.99726475461
-1.5607 4.9507 19.6382798213
-7.8032 23.5704 0.759305109953
-8.5612 23.6149 0.479619369917
-9.0407 23.6256 3.26667074864
0.7452 31.1755 0.349528096153
0.4994 31.424 0.0992459570965
0.4018 31.406 0.916999367503
0.359 30.49 10.4326494837
-5.2449 21.6902 0.699195094376
-4.5932 21.9435 10.7135892086
2.3751 30.0813 1.25224406567
2.9255 31.2061 1.13920247542
2.6003 30.1143 8.43198372449
0.095 22.0631 0.325721660318
0.3562 21.8685 1.13041573326
0.2169 20.7467 1.20220122276
0.7902 21.8034 8.76282068857
5.9331 28.8983 0.853731767009
6.6799 29.312 0.304478899105
6.5771 29.0254 0.146012670683
6.6154 29.1663 0.374809725061
6.9886 29.201 0.864819484054
7.6121 29.8003 0.798046239262
8.3855 29.9971 1.61538364483
8.9279 31.5187 1.88193107472
10.4148 32.6723 0.125059026064
10.4374 32.7953 0.591379488992
10.9815 33.027 1.8525930287
12.7882 32.6172 0.413648413511
12.8932 32.2171 0.533775205494
13.2823 31.8517 0.963869285744
14.2443 31.7917 2.35541108089
16.2937 32.9527 0.740215103872
16.9869 32.6931 0.371567719265
17.347 32.6015 0.455789041114
17.7961 32.5237 1.07250682982
18.853 32.3414 1.18758400966
19.9973 32.6591 0.617364106504
20.6143 32.6379 0.502491920333
21.116 32.6097 1.85710562435
22.9471 32.9194 2.86939531261
25.4876 31.5855 0.84844165975
26.3334 31.6524 3.24063174242
29.5589 31.9652 3.41061050547
32.954 32.2901 3.78335103975
36.7143 31.8731 0.724068021666
37.3844 31.5988 0.458834490857
37.7166 31.2823 0.371359461977
38.0237 31.0735 1.57544450235
39.5444 30.6618 1.70428620249
40.0783 29.0433 1.86481735299
40.3653 27.2007 0.523707599716
40.2076 26.7013 1.47741435285
40.375 25.2334 1.50923647584
40.1443 23.7419 0.90984238745
40.1029 22.833 1.44252915742
39.509 21.5184 5.21459362942
39.8654 16.316 0.987894857766
40.2883 15.4232 6.10985372165
41.0788 9.3647 1.22401883155
43.9155 6.3494 0.953097838629
44.8637 6.2529 5.15789164097
43.6974 1.2286 0.538116465089
44.0916 0.8623 4.33099721196
42.255 -3.06 5.14051526795
38.8329 0.7759 10.8480430608
32.5402 9.6123 16.4109946905
20.6514 20.925 0.894380729891
19.7694 21.0733 3.70434094678
16.0722 21.3032 2.91153280936
13.1613 21.2425 3.46329606156
9.7098 20.9569 4.1121364581
5.5993 20.8409 4.33696476813
1.2647 20.6977 3.29850182052
-2.0318 20.5828 3.27811012933
-4.8817 18.9629 2.38523887693
-7.2388 19.3282 2.00590880152
-9.2372 19.5016 0.422452612727
-9.1258 19.0941 1.14147144073
-10.2327 19.3729 2.83460797995
-13.0603 19.5721 1.60475288129
-14.6638 19.6355 3.46608052561
-18.1268 19.7816 3.06331148922
-21.026 18.7924 0.589203097412
-20.5183 18.4934 0.545164534797
-20.9752 18.196 5.20896578603
-23.1418 13.459 1.20480558598
-23.8923 12.5165 1.26380869201
-24.5552 11.4405 1.04963394095
-24.8567 12.4459 2.60447263376
-26.7334 10.64 1.68928000047
-28.2678 9.9334 3.13248567275
-31.2353 10.9366 1.36192617274
-32.5024 10.4373 2.46812588212
-34.9133 9.9089 0.756656811243
-34.1866 10.1197 0.914651108347
-34.7517 9.4005 2.37917930388
0.0 0.0 3.86883513864
-3.8487 -0.3942 1.09320662731
-4.4859 -1.2825 0.942627901136
-4.4515 -0.3405 16.8105285229
-9.2096 15.7826 1.19460923318
-8.0825 16.1785 10.0288589441
1.7109 14.0181 11.2311531256
8.3996 23.0403 5.57484666426
12.8543 26.3921 4.28440127089
16.8896 27.8317 0.910195720711
17.7331 28.1737 0.425726026923
17.9835 28.518 1.46074253036
19.0178 29.5495 2.62471457115
21.4321 30.5792 0.686369419482
22.0548 30.8679 3.92284436219
25.7618 32.1512 1.64453919382
27.1928 32.9616 0.76948781017
27.961 32.9171 3.33355889254
31.277 33.2588 0.760771299406
32.0361 33.3092 2.11488738471
34.0354 32.6196 2.51293521803
36.5 33.1101 5.10462751041
40.8599 30.4552 2.72572473482
40.2482 27.799 6.30904875952
39.7847 21.507 0.92141952443
39.5932 22.4083 1.03204977593
39.3777 21.399 9.96221762561
40.0986 11.4629 0.859192202013
0.0 0.0 1.94033709442
1.126 1.5802 2.18675565393
-0.2855 3.2504 1.07992763183
-0.9367 2.3889 1.98871428315
-2.9096 2.1386 1.11703974862
-8.3782 3.0802 6.94449796386
-11.6873 9.1856 2.52765772999
-9.1817 9.5188 7.03277407927
-14.6247 13.9723 0.526260638847
-14.1998 14.2828 1.37164000015
-12.8763 14.643 0.452142477544
-12.4404 14.7631 0.314127951638
-12.1435 14.8657 0.390307737561
-11.8912 15.1635 0.721980969278
-11.6366 15.8391 0.26983524603
-11.7941 16.0582 0.105793619845
-11.7243 16.1377 0.147962495248
-11.8096 16.2586 0.0884011877748
-11.7217 16.268 0.774581338531
-12.1876 15.6492 0.9497022744
-11.2381 15.6688 2.28983552684
-8.9816 16.0581 0.395319478397
-8.6473 16.2691 1.66162308903
-7.3321 17.2846 1.30084829631
-6.8944 16.0596 18.5074272412
-2.9614 -2.0251 11.3166052494
-5.8993 -12.9537 0.706075952005
-5.3011 -13.3288 1.78238290218
-3.7796 -14.2572 5.36311045663
0.9765 -11.7788 2.81403482566
3.7905 -11.7648 1.60690222478
3.9281 -10.1638 15.9249885174
8.5359 5.08 2.24595478361
10.5276 6.118 0.792388572608
10.3778 5.3399 1.06150433348
10.5071 6.3935 18.0932299209
14.5275 24.0344 1.8147538373
15.7968 25.3314 0.394474359116
16.1867 25.3913 2.90235165685
19.0884 25.4528 10.1709128047
28.5042 21.607 0.692206219273
29.1249 21.3006 0.538488672119
