0.0 0.0 7.32076776643
-2.3138 -6.9455 0.34022948138
-2.1325 -6.6576 0.103880123219
-2.1947 -6.5744 1.23313037835
-1.9269 -7.7781 12.3203566495
3.0325 -19.0562 0.889179650015
3.3944 -19.8684 1.10493017426
2.9181 -18.8714 18.0143563443
-4.8402 -2.6133 0.358888464568
-5.13 -2.825 6.9335392939
-9.2367 2.7615 1.02747543036
-9.3387 3.7839 1.32428287386
-9.8364 2.5567 8.12115770318
-13.3974 -4.7421 0.638346504651
-12.7675 -4.8456 2.23252854405
-11.0882 -6.3167 1.4868204061
-11.6836 -7.6791 0.9865016371
-12.3718 -6.9723 0.17208608311
-11.5514 -6.0888 0.591732278991
-12.1411 -6.1378 6.19700612958
-17.2715 -2.6619 4.87091807055
-16.5181 -7.4742 0.640181950698
-16.1499 -7.9979 0.509376579752
-15.6482 -8.086 1.84644522529
-15.5216 -9.9281 2.88822089356
3.9667 -15.7275 0.499766845639
4.1254 -15.2536 8.61089277834
-0.8596 -8.2324 14.1269205682
-7.5461 4.2119 18.8953108323
-10.5834 22.8615 1.55541867354
-12.1328 22.7248 2.89609024203
-14.2333 24.7186 6.30460389239
-18.2201 29.6026 3.04297005572
-21.0861 30.6252 4.01847267503
-25.0751 31.111 5.81719466496
-30.8807 30.7439 5.05161932552
-35.9232 31.0473 3.05831618052
-38.7397 29.8554 7.64170029313
-45.8373 27.0235 2.13185831846
-47.834 26.2765 2.7905921988
-49.1569 23.8194 1.57452075883
-50.586 23.1585 1.86139067635
-51.3227 21.4491 0.435391915405
-50.8893 21.4907 0.115464713224
-50.9912 21.4364 0.690585063551
-51.6545 21.6286 1.4217323412
-50.6263 22.6105 0.340687378692
-50.9253 22.4472 0.793473402201
-51.7155 22.3752 0.214853647863
-51.837 22.198 11.2206907639
0.0 0.0 7.32868380066
-1.1865 -7.232 1.14062230822
-0.937 -8.345 13.0101550218
4.0618 -20.3565 10.2697627553
1.3334 -10.4558 0.663753154418
0.6697 -10.4474 8.96768265496
-4.7677 -3.3162 0.906175755579
-5.6718 -3.2549 0.351540680434
-5.3231 -3.2103 9.54972994435
-9.3407 -11.8738 0.644776465141
-9.4597 -11.2401 10.634144999
-9.6782 -0.6082 0.507472659362
-10.1745 -0.7141 0.36207206465
-10.1252 -1.0728 0.44290072251
-10.5439 -1.2172 7.17641373529
-11.3922 -8.3433 1.68661902337
-9.708 -8.253 1.12171886407
-10.204 -9.2591 33.7542856494
-33.1657 -34.0 7.77202102223
-28.5911 -27.7169 0.413083066707
-28.3552 -28.056 0.120804139002
-28.2362 -28.0768 0.925443185722
-28.4607 -27.179 0.717042348819
-29.1605 -27.3353 1.18537694427
-29.288 -28.5138 11.8000497228
-29.1741 -16.7143 0.578484960911
-28.8687 -17.2056 6.76790448884
-28.9853 -23.9725 0.424826564612
-28.6997 -23.658 8.20166435853
-30.3857 -15.6315 0.427432860225
-30.1335 -15.2864 0.788885289507
-30.4523 -14.5648 14.4105409871
-33.7958 -0.5475 0.381836509517
-33.4552 -0.3749 0.265038902805
-33.3941 -0.6328 9.21644927833
-25.9274 -6.0357 0.542200082995
-25.4672 -6.3224 2.5745624871
-23.1268 -5.2496 13.1009096364
-13.8119 3.9627 18.7364360709
-8.1611 21.8267 0.153990291902
-8.0337 21.9132 1.31990296992
-8.0309 23.2331 0.686003148681
-7.8525 22.5707 11.569391841
-6.6251 11.0666 0.360316305487
-6.5179 11.4106 9.28549676108
-4.6756 20.5115 0.647476524671
-4.0384 20.6264 1.004058325
-4.376 21.572 0.913537065477
-3.8954 20.7951 14.1097451363
5.828 10.5706 0.76822143943
6.5943 10.6249 0.43524485063
7.0151 10.5137 1.51962948445
8.1862 9.5453 12.5944613926
6.2446 -2.8986 0.48715628909
6.7059 -2.742 0.589362180667
6.1536 -2.5363 3.33749926142
8.8732 -4.4709 5.64331518967
13.4999 -1.2397 0.556435081568
13.9579 -1.5557 1.42131811007
12.7058 -2.2283 18.317094224
-4.5687 -8.3199 1.05691063955
-4.5898 -7.2632 10.199253307
-7.9607 2.3629 0.993330060957
-8.4901 3.2034 1.37949412829
-8.8247 1.8651 7.5620637613
-9.8755 -5.6236 0.857556260545
-10.6998 -5.8601 0.361006717389
-10.6482 -6.2174 0.633240444065
-10.0567 -5.9913 0.369767021244
-9.6876 -5.9691 2.22475041297
-9.1068 -8.1167 0.631055536383
-9.4498 -8.6464 1.68275380255
-9.2948 -6.9708 13.7029719287
-12.4056 6.3744 7.20852421027
-5.3679 7.9344 0.547373117718
-5.1456 7.4342 1.28892335304
-4.3746 8.4671 15.6405898949
1.9039 22.7922 1.08781379381
2.8676 23.2968 0.99247082073
2.4433 22.3996 12.5845765229
-8.0866 15.5081 12.0871545039
-5.4766 3.7061 12.3276071482
2.6004 -5.6069 18.495329817
6.2094 -23.7467 4.53265163122
9.4035 -26.9627 4.45452397569
11.5499 -30.866 0.54284275808
11.665 -31.3965 1.63189561553
12.0311 -32.9868 0.258414008908
12.2745 -33.0736 0.199980499049
12.4613 -33.145 0.717904798702
13.1656 -33.2841 1.90708332802
15.0475 -32.9752 1.65098701691
15.7018 -31.4594 0.29546769705
15.9738 -31.344 0.810352713329
16.7314 -31.0564 0.140036066783
16.8637 -31.0105 0.939418719209
17.7545 -31.3088 0.777822293329
18.2441 -31.9132 0.938688872843
19.1817 -31.868 0.3497
19.5045 -31.7335 0.255777266386
19.7585 -31.7636 3.61258398657
22.997 -33.3645 5.71545940761
28.6552 -32.5575 3.70101452172
32.2359 -33.4935 1.17239071985
33.3959 -33.3235 3.25235007033
36.5562 -32.5552 3.77037199491
39.4709 -30.1635 0.615194440807
39.7043 -29.5943 1.91457678091
41.2135 -28.4162 2.15719926293
40.7914 -26.3007 0.495086709577
40.6647 -25.8221 0.281961309403
40.6454 -25.5408 0.211285612383
40.5279 -25.3652 0.283134243778
40.4459 -25.0942 0.456867737972
40.5937 -25.5265 8.04253559333
39.5683 -17.5496 0.515917096053
39.1756 -17.8842 0.091675787425
39.0862 -17.8639 0.248561883643
38.8688 -17.9844 0.653834596821
38.8976 -17.3312 7.28452925315
39.8176 -10.105 2.72740770696
44.0761 -6.3001 1.02857603025
45.072 -6.5573 0.458744166175
44.885 -6.9762 1.36714738415
44.4031 -5.6968 6.57545763122
43.6022 0.8297 0.702507686791
44.3046 0.8174 0.239621055001
44.317 1.0567 1.00510625309
44.2037 2.0554 0.934645884814
44.7099 1.2697 1.01863183732
44.5638 2.2778 19.8270458536
36.0 20.16 8.40980758044
29.3823 25.3495 17.9647099473
11.9716 29.7765 3.7104005525
8.2817 29.387 1.87370184661
6.4298 29.102 3.52901271321
2.9145 28.7912 4.10545725833
-1.1626 28.3095 2.73309282133
-3.8952 28.3614 1.01323801745
-4.1294 27.3756 13.1693105989
-6.7605 14.4718 1.08830706145
-6.985 13.4069 2.96374254786
-9.9285 13.7527 2.43729491035
-11.4943 11.8849 0.794973817179
-11.6824 12.6573 0.555370452941
-11.1421 12.5288 13.7809526946
-15.3715 25.6447 0.646695631654
-16.0033 25.7827 0.600098725211
-16.5631 25.9989 4.81257073299
-19.084 30.0984 1.98291897212
-21.0562 29.8925 3.46836411727
-23.3833 32.4643 3.45916074504
-26.8424 32.4438 3.16316237964
-29.9706 31.9748 3.48689876681
-33.1541 30.5522 3.21705740235
-36.2949 31.2485 3.66866794627
-39.8916 30.5254 5.79705024732
-45.6605 29.9548 1.38460190669
-46.8793 29.2978 2.72842111852
-49.5669 28.8276 2.68311443103
-51.3985 26.8669 0.64377748485
-51.8457 27.33 0.776820603486
-51.9057 26.5555 2.14700966463
-49.4565 21.4483 0.445390817148
-49.7948 21.1586 0.752153840647
-50.4994 21.4218 9.50925884862
-41.6038 18.0611 11.0825194523
-33.4673 10.5365 0.324935993697
-33.7215 10.7389 0.290639639416
-33.5567 10.4995 0.499331402978
-33.1539 10.2044 0.667266018916
-32.5244 10.4257 24.2801281257
-20.3916 31.4571 11.7051455386
-8.7958 33.0533 0.199526564647
-8.9947 33.0691 0.537506279033
-9.0259 33.6057 1.32791247076
-10.0666 32.7809 14.9415414713
-16.5689 19.3284 18.0694210848
-6.3544 4.4231 11.8836763234
5.3146 6.6717 0.381720958293
5.4651 7.0225 0.117102732675
5.5759 6.9846 0.484055461698
5.5234 7.4658 0.535207193524
6.0327 7.3013 1.09922838846
6.9019 7.9742 0.628571793831
7.4482 8.2851 1.63897847759
8.6745 7.1977 0.989385410242
8.5763 8.1822 18.9108922079
14.0622 26.2799 2.38899080367
15.9827 27.7008 2.62328435554
17.9967 29.3817 3.53390937207
20.445 31.9301 0.858970663061
19.9936 31.1993 8.56249546394
18.3517 22.7957 0.825884985939
17.5266 22.7597 1.82551276358
18.2857 24.4199 6.23006180547
22.228 29.244 0.525289415465
22.4096 29.7369 0.312822825254
22.642 29.9463 1.99672422983
21.9479 31.8185 1.48593043242
21.9876 30.3331 6.08125041089
22.7876 24.3047 1.22505667216
23.01 23.1 0.503472303111
23.4694 22.894 0.345388549318
23.5667 22.5626 1.19857900032
24.4936 21.8027 0.470050433464
24.219 21.4212 0.620951044769
24.8382 21.3746 6.28408409635
29.412 25.6839 0.809061857956
28.8698 26.2844 3.11304623962
31.279 28.2559 0.510084483199
31.7843 28.1862 1.84254815405
33.626 28.1303 2.4666815441
36.0582 27.7193 2.61315485381
38.4784 26.7338 2.99400323313
39.734 24.0158 0.502855864041
40.1161 23.6889 0.309903275233
40.1081 23.3791 0.225215008381
40.1055 23.1539 1.36345566851
40.4295 21.8295 0.588828234717
40.2365 22.3858 1.04212803916
39.6288 21.5392 4.95157672868
39.8247 16.5915 0.830652815561
40.116 15.8136 6.78147408902
43.5636 5.7389 3.58328205421
42.9048 2.2167 2.27051940533
41.0734 0.8746 3.07799184209
39.0457 3.1903 1.04879421242
38.4208 2.348 0.414120876074
38.7575 2.1069 1.6083317133
37.8006 3.3996 0.133025899734
37.9176 3.4629 1.4942533654
38.472 2.0753 18.2528671197
36.0 20.16 6.67233313392
31.0169 24.5972 0.40487795692
31.0019 24.1926 3.59386208138
29.5604 20.9005 0.68279239158
30.2413 20.8497 1.37231005972
29.5302 19.676 1.86012668655
27.695 19.3725 0.366793375076
27.7233 19.7382 19.2408631067
11.0811 29.3947 7.6105981736
3.5761 30.6581 5.60545817039
-2.0032 31.199 4.47674050287
-6.4795 31.2618 2.9683375364
-9.2692 32.276 3.50565670453
-12.765 32.0133 0.73085900145
-13.3922 32.3885 1.21111245555
-12.1905 32.2378 0.768137552786
-12.2436 31.4715 9.28005119867
-15.0219 22.6171 9.51628671804
-23.159 27.5514 20.6605580893
-43.7056 25.3844 7.50389891323
-49.4659 20.5753 2.71647678437
-50.1125 17.9369 1.24366532476
-50.9535 17.0207 0.856717934912
-51.1574 16.1886 0.80942093499
-51.5037 16.9202 1.06525321872
-50.4986 17.2731 0.561867181814
-51.0538 17.3594 1.08128103655
-51.937 16.7356 0.422822894366
-51.9822 16.3152 1.46654587722
-47.0 9.16 9.53496479752
-44.8963 -0.14 18.8518916637
-34.1302 -15.6153 20.8289172261
-15.2693 -24.4533 0.462827192373
-14.8148 -24.5407 1.39126114371
-13.4374 -24.7366 2.38797018826
-11.7715 -26.4475 1.37147894625
-10.4296 -26.7308 1.30425722923
-9.126 -26.7722 1.99076845715
-7.7284 -28.1899 4.37236773957
-3.7913 -30.0917 0.791348880078
-3.6017 -30.86 1.04980613925
-4.2644 -30.0458 13.914747656
-12.7327 -19.0046 0.893693868167
-12.5724 -18.1254 0.701867715456
-11.8934 -18.3031 2.80539721608
-9.2809 -19.3254 2.74626630173
-6.5615 -18.9422 1.92307925214
-5.103 -17.6888 0.767145214415
-4.7907 -18.3895 10.1566070417
-7.0931 -28.2817 0.683200117096
-6.8307 -28.9125 1.00823809192
-7.1188 -27.9463 9.3973825276
-8.5129 -18.6529 0.507495812791
-8.7881 -19.0793 8.41649587715
-6.7444 -27.2439 0.548470938154
-6.987 -26.752 8.88508661972
-6.1652 -17.905 0.802266589109
-5.445 -24.888 10.6194579485
-15.6356 -21.9006 7.18369605774
-11.01 -16.4043 18.1283893231
-4.2201 0.4045 0.659355336674
-3.5612 0.38 3.42254364472
-0.259 1.2796 3.42506439647
3.0286 0.319 3.37617629871
6.2062 1.4598 0.195712288832
6.3791 1.5515 5.08683308159
9.6609 5.4381 0.624325716273
9.0853 5.6799 1.00133535841
10.0782 5.5502 1.10300761557
9.0916 6.0434 16.9566899969
-7.5106 9.4925 0.183388249351
-7.5956 9.655 0.295644414796
-7.3707 9.4631 1.44235412087
-7.5912 8.0377 8.38288832444
-10.5891 0.2092 0.422400094697
-10.6021 0.6314 0.68915993064
-10.2192 0.0584 0.826485867998
-10.0052 -0.7399 2.42699184383
-8.9342 -2.9178 1.73690406183
-7.2226 -3.2132 12.49094738
3.278 -9.9779 8.44589841758
8.7398 -3.5357 0.258920875945
8.8857 -3.3218 1.97804027512
10.8204 -2.91 2.33946838406
13.154 -3.0756 2.65268666827
15.7456 -3.6416 2.85876830821
18.5466 -4.2134 0.719336249608
19.2626 -4.2826 0.650471367548
19.9114 -4.236 0.217529814049
20.1275 -4.2609 0.255912055206
20.3668 -4.1702 2.50190649306
22.8589 -4.3915 2.74849900855
25.5851 -4.7409 1.05733866382
26.635 -4.6157 0.280367847657
26.8333 -4.8139 1.14261218268
27.1637 -5.9077 1.78915011388
27.1054 -7.6959 0.474769681003
27.5439 -7.8779 1.40198902278
26.735 -9.023 2.0427000563
28.7206 -8.5434 7.51837575079
24.6634 -2.2137 1.85832604513
26.1529 -1.1025 0.0867761487968
26.2388 -1.0902 1.16775765465
25.9275 -2.2157 0.592085973487
31.1053 -1.3853 0.502877768449
31.0792 -0.8831 1.63225679659
32.7108 -0.8368 8.42493813627
29.6896 7.0278 15.5555979136
36.3214 21.0989 0.319339568485
36.5454 21.3265 3.13911415052
39.6197 21.9611 2.23394815741
40.2043 19.805 4.27435670014
40.2409 15.5308 17.3685243867
37.5013 -1.6203 0.728330096865
36.84 -1.3151 0.638122127809
37.3407 -0.9195 9.07568010069
0.0 0.0 4.00114982099
3.9783 -0.427 0.172181125563
3.8068 -0.4117 1.44330149657
2.3707 -0.5557 2.12139183085
0.253 -0.4306 2.80587223159
-1.9113 -2.2163 1.39369107768
-3.0032 -3.0824 2.94623806913
-5.3106 -4.9144 3.03789273346
-7.4161 -7.1043 3.12845808986
-9.8 -9.1302 0.825581031759
-9.5048 -8.3592 3.58849481817
-10.2489 -11.8697 1.77567629933
-11.4823 -10.5923 1.44643115633
-12.8993 -10.302 1.28587910007
-13.9684 -11.0165 1.05595034921
-14.9267 -10.573 0.746920296953
-14.537 -9.9358 1.42043550012
-14.498 -11.3557 14.3739315944
-18.4492 -25.1759 11.6793201108
-28.4805 -31.1575 17.4232609936
-41.2762 -19.3321 8.12631822783
-49.3887 -18.8584 2.65401828366
-50.9279 -16.6963 0.612143675945
-51.0667 -16.1001 1.33928740008
-51.3242 -17.4144 0.467478609136
-51.4102 -16.9549 0.598071734828
-51.3266 -16.3627 1.29516617081
-51.0145 -17.6197 0.348345015753
-51.2109 -17.332 0.987259195956
-51.5083 -16.3906 1.01105656123
-51.3899 -15.3865 0.479149684337
-51.278 -14.9206 1.24396415543
-50.9931 -13.7097 1.43296906108
-51.7459 -14.929 0.542644358673
-51.7702 -14.3869 2.35227024383
-51.7419 -16.739 0.799467747942
-50.9877 -17.0042 1.10417958684
-51.3187 -15.9508 1.33292249212
-51.3921 -17.2817 0.304594435274
-51.0945 -17.2168 1.1534112623
-51.3422 -16.0903 0.037977098362
-51.3137 -16.0652 1.23595060176
-51.6622 -17.251 0.402590735114
-51.2749 -17.3609 1.20171554454
-50.7512 -16.2793 25.8591082928
-29.3305 -1.7932 0.964236672192
-28.6361 -2.4622 20.2258717698
-17.4803 -19.3333 6.18715542475
-11.3928 -20.4393 5.37141027757
-6.0409 -19.9819 1.00639040635
-5.0607 -19.7538 5.463014557
0.2287 -18.3875 4.04641723257
4.2476 -17.9164 0.464237870062
4.6892 -17.7732 0.442298948676
5.1102 -17.6376 1.01802259307
6.1268 -17.5838 0.565418499874
6.648 -17.803 0.361015248985
6.9956 -17.9005 0.687186292064
7.6766 -17.9925 0.623022728317
7.7672 -18.6089 0.592471248248
8.3135 -18.3796 0.363666179346
8.6057 -18.5961 0.641872837874
8.7692 -17.9754 0.62694925632
9.3296 -17.6943 1.42624746801
10.7474 -17.5393 3.42933034425
12.4099 -20.5387 2.31885128674
14.1251 -22.0992 0.126890582787
14.1962 -21.9941 0.719749317471
14.149 -22.7123 0.632441396495
13.9146 -23.2997 2.28534745717
13.2118 -25.4743 0.816808723019
13.7598 -26.08 0.651385753605
14.0384 -26.6688 4.20264472208
15.1889 -30.7109 0.574069298953
14.9009 -31.2075 0.449984544179
15.3506 -31.2235 0.152461995264
15.5021 -31.2406 0.228262064303
15.7302 -31.232 2.52303468862
17.2942 -33.2118 0.251057005479
17.5443 -33.1899 0.243000452674
17.7864 -33.169 3.18979570662
20.9751 -33.0854 0.497326009776
21.4697 -33.1374 0.457497857918
21.9262 -33.1072 0.376541697558
22.3016 -33.0779 2.05519801479
24.2988 -32.5931 0.722685270363
25.015 -32.6897 2.50893229881
27.5202 -32.8265 1.57498120624
29.089 -32.9659 3.11527457859
32.2023 -32.855 1.44988769565
33.565 -32.3598 3.65738772897
37.047 -31.2408 4.38350379035
40.1028 -28.098 0.644556048765
40.1113 -27.4535 1.0571387137
40.2348 -26.4036 0.837029724681
40.3208 -25.571 0.761706354181
40.4224 -24.8161 1.61563010618
40.2784 -23.2069 0.708432989068
39.9601 -23.8398 1.22386226758
40.4147 -22.7035 7.72370435283
40.4065 -14.9798 0.86275417704
40.6884 -14.1644 7.73000931435
42.6764 -6.6944 0.650967034496
42.1012 -6.9992 1.05900188857
0.0 0.0 4.10185886885
4.0623 0.5683 0.237391364628
3.9352 0.7688 3.42463995188
0.533 0.3774 2.72344886679
-2.0512 1.2371 1.0352267626
-1.2134 0.629 0.861159276789
-0.8681 1.4179 0.972026362811
-0.555 10.7846 9.65806051389
4.6285 18.9338 1.11865707435
5.6892 19.2892 1.32711035336
4.4025 19.6142 12.972238367
-8.4623 21.2803 0.536852167733
-7.987 21.5299 1.88443894037
-6.1054 21.6333 0.899248130384
-5.2902 22.0129 0.209473649894
-5.0863 22.0609 1.15777587641
-4.765 23.1732 2.39229712201
-2.7896 24.5226 1.52713553099
-3.7519 25.7084 0.89689441965
-2.8937 25.969 0.355526721921
-2.584 25.7944 0.643040683005
-1.9654 25.6188 14.0276258818
10.8148 31.4016 2.40077935679
12.5074 33.1042 1.04989154202
13.5346 33.3213 2.46748657544
16.0016 33.3703 0.68024496323
16.6677 33.2323 3.29293985369
19.8659 32.4481 2.15972033838
22.0222 32.3266 0.789020278573
22.7552 32.6186 0.572078639699
23.2558 32.8955 3.89863232557
27.1282 33.347 1.95605038023
29.0807 33.4648 0.537053386546
29.5704 33.2443 0.399621483406
29.8391 32.9485 1.4881770392
31.2154 32.3824 3.03069778434
34.2363 32.1389 0.794302473873
35.0204 32.012 1.77828589659
36.7817 31.7668 3.13853635314
39.9079 31.4888 0.859588814492
40.1962 30.679 5.28427231036
40.5381 25.4058 24.3563978513
29.1858 3.8568 10.9875242949
18.3036 2.3391 1.78242968164
17.2485 3.7757 0.355548660523
17.6024 3.8099 1.14628506489
17.8041 2.6815 21.6722903416
13.9437 -18.6442 0.67410577805
14.5885 -18.4476 1.09609511449
13.5454 -18.1109 2.97663896702
10.6919 -17.2636 4.74046649603
5.9603 -16.9738 3.03102083464
4.8096 -14.1697 4.15116333092
0.6606 -14.0357 3.1111713614
-2.4344 -14.3525 2.78045682578
-5.2144 -14.4029 3.24865027511
-6.3414 -17.4498 2.54730862284
-7.6473 -19.6369 3.50694855965
-10.4247 -21.7781 1.26508068122
-11.684 -21.6573 2.04433960241
-13.3315 -20.4469 7.86083603696
-15.6807 -12.9453 1.31975682609
-16.4839 -11.8981 2.44058672659
-17.7273 -9.798 1.72969389488
-15.9984 -9.8504 5.01256544795
-11.7978 -7.1153 5.50905869637
-17.2244 -8.0649 4.06946071243
-20.1351 -10.9089 1.61054725171
-20.6072 -9.3691 2.36575924599
-22.1167 -7.5475 0.866502510094
-21.6505 -6.8171 0.765268064145
-21.701 -7.5807 1.23239815806
-22.1391 -6.4288 10.6815793598
-24.3232 4.0271 0.492662003812
-23.8548 4.1798 7.6221971091
-24.2209 11.7932 2.49935128583
-21.8451 12.5693 1.57677311304
-20.2687 12.535 1.29932771078
-18.9872 12.3205 13.1320538812
-8.9505 20.789 13.526590926
2.5843 27.8542 7.7712590653
10.0988 29.8353 11.6181462846
21.6003 31.4775 11.2025714874
32.7496 32.5687 4.89872018082
37.0817 30.2817 2.02405132346
38.1687 28.5743 3.14710446284
39.3688 25.665 1.12596494173
39.6744 24.5813 1.13023689995
39.9091 23.4757 3.04163910581
40.9297 20.6104 1.40195767768
41.7114 19.4466 11.8889613138
40.017 7.679 1.95324643862
41.7159 6.7152 0.533676915371
41.1955 6.5969 0.852964395505
40.409 6.927 1.00436304691
41.0937 6.1922 0.428959531891
40.7939 5.8854 0.327253189442
40.5675 5.6491 1.19654837763
40.2444 6.8012 0.981000468909
40.5728 5.8768 7.63516739371
0.0 0.0 2.04928535104
1.9318 -0.6839 0.646881727984
2.5712 -0.782 1.08276969389
1.4998 -0.6255 0.771586728761
0.7606 -0.4043 4.55706094978
-3.4179 1.4142 0.492361137784
-3.1934 0.976 1.18505151365
-2.0104 1.0457 2.05214890785
-2.4399 3.0524 2.87069778974
-4.6497 4.8848 0.872390377068
-4.7381 4.0169 1.11992125616
-16.4815 15.6393 2.59230607182
-14.1046 14.6047 2.54715390191
-12.554 12.5839 1.11717347355
-12.2249 13.6515 0.230259701207
-12.1881 13.8788 0.425842423908
-12.3805 13.4989 0.75917318841
-12.3258 14.2561 3.79595952033
-9.8656 17.1469 2.62866234614
-8.6723 14.8047 16.3047887582
-2.3905 -0.2414 0.696822071981
-1.7247 -0.447 0.437341879998
-1.3961 -0.7356 0.660523807292
-1.0858 -1.3187 1.37226846499
0.2817 -1.433 2.48452021324
2.1879 -3.0265 4.03572990176
4.6651 -6.2125 1.32205615993
5.3116 -5.0593 0.506745152912
4.8407 -4.8721 1.50467840086
5.2885 -6.3086 19.4246921263
8.3129 -25.4964 0.787186712286
8.9253 -25.991 0.425743702243
9.2622 -26.2513 3.6376365184
12.0012 -28.6451 0.789202344142
12.4009 -29.3256 0.896319016868
12.8952 -30.0733 1.38967982643
13.6603 -31.2334 0.746390367033
14.393 -31.3757 0.0710186595199
14.4292 -31.3146 1.39431567444
14.6156 -32.6964 0.156325045978
14.5562 -32.841 0.472195637422
15.0276 -32.8684 0.269200074294
15.2968 -32.8686 0.200178345482
15.4969 -32.8742 0.94807849886
16.4191 -33.0942 0.484960472616
16.887 -32.9667 2.05396052786
18.9378 -32.8528 0.722238035553
19.6115 -32.5925 0.877644301525
20.4791 -32.4601 0.860191403119
21.318 -32.2699 2.33167864424
23.6419 -32.0796 1.78375997545
25.3288 -32.6594 2.67210440851
27.6449 -31.3268 0.706061102172
28.2767 -31.642 2.14790428325
30.4222 -31.7436 4.38281879388
34.7955 -31.4549 5.0757167553
39.3698 -29.2552 0.923394715168
39.7014 -28.3934 1.74833139307
40.0335 -26.6769 0.34452799596
40.123 -26.3442 0.258845320607
40.2177 -26.1033 0.362895756382
40.1704 -25.7435 0.572505668094
40.1099 -25.1742 8.82642267966
39.3045 -16.3846 11.0039766798
43.0564 -6.04 0.793608933921
42.2731 -6.1675 0.269549327582
42.2559 -6.4365 1.30131070079
43.3232 -7.181 0.272352896074
43.5951 -7.1967 0.0960277564041
43.6454 -7.1149 1.67940942596
42.1015 -6.454 11.4202995061
31.667 -1.8124 1.00510754151
42.5135 -2.4571 5.54531804047
37.1439 -3.842 15.6918729653
21.4535 -4.057 0.269859982213
21.5355 -4.3141 1.04830659637
21.2159 -3.3157 0.868895862575
20.8248 -4.0916 20.7346711597
11.7849 -22.7519 4.14455713557
7.6937 -23.4148 0.685537818067
7.0188 -23.5351 3.12221617605
4.1359 -22.3363 1.46203081021
2.7862 -21.7743 2.75259269235
0.1504 -20.981 2.02601728769
-1.7582 -20.3013 1.80952713436
-3.4944 -19.7914 2.98339238452
-6.2198 -18.5778 3.09187618445
-8.9713 -19.9881 1.08710941492
-9.9341 -20.4929 1.8098339841
-11.7433 -20.445 0.637083385437
-12.3801 -20.464 2.17081287079
-14.5507 -20.4944 0.628971072467
-15.1776 -20.4434 1.54849784307
-16.723 -20.3455 2.10713072447
-18.8263 -20.4725 3.29797580494
-22.1234 -20.3965 2.80791607068
-24.9313 -20.406 2.12412912272
-25.333 -18.3202 0.783413160472
-26.0513 -18.6329 5.45213969098
-26.8793 -13.244 1.11675926233
-26.5275 -12.1841 14.1963578681
-26.3041 2.0105 1.03505666028
-25.7418 1.1415 1.02106008638
-43.453 34.0 14.3782343561
-40.9506 19.8412 0.946706501509
-40.004 19.827 0.744371547011
-40.4576 20.4172 0.511531279591
-40.2397 19.9544 16.0790336317
-39.3464 3.9002 18.2499158398
-22.9044 -4.0194 13.0876147941
-10.413 -0.1142 0.448942368239
-9.9685 -0.0512 0.337583471159
-9.6347 -0.0008 0.608107038275
-9.0296 0.0596 4.45247516445
-4.5774 0.1091 0.0127534309109
-4.5827 0.1207 1.17640865774
-5.7124 -0.2075 14.4185175341
-17.4846 -8.5327 0.427978048502
-17.9106 -8.5738 0.0
-17.9106 -8.5738 1.51821058157
-18.6507 -9.8994 0.382950780127
-19.0238 -9.9857 2.18733182896
-16.8365 -9.9739 11.3138739312
-6.5698 -5.2201 9.20387953528
2.4299 -3.2922 3.24944501877
4.8501 -1.1239 2.94587669973
7.5808 -2.2291 0.505933127992
7.8065 -2.6819 0.877714873977
7.7923 -1.8043 0.990838442936
7.6164 -2.7794 20.2143825473
10.4443 -22.795 12.6868538228
11.6377 -10.1644 12.8580304965
11.8662 -23.0204 0.863402965017
12.4814 -23.6262 1.50557178507
12.2682 -22.1358 0.45964796312
12.6742 -22.3513 3.3691469217
14.1385 -25.3856 3.40355869349
0.0 0.0 3.96871637309
3.9561 -0.3162 0.200712580572
3.8986 -0.5085 1.5491607599
2.3695 -0.26 1.4149107463
0.9604 -0.1319 2.90138457465
-0.7134 2.238 1.71197133738
-2.2179 3.0549 2.6109500991
-4.3878 4.507 1.01841819505
-5.1949 5.1281 1.0166443085
-5.0815 4.1178 1.19699191727
-5.7622 5.1024 1.37497661435
-4.3877 5.1386 1.26405986013
-5.6175 5.4309 0.605758078774
-5.8413 4.868 0.387053277986
-5.8553 4.4812 0.599359299586
-5.6112 3.9338 0.68306269844
-5.2029 3.3862 0.942048878774
-0.5676 -7.429 0.580255202476
-0.2557 -7.9183 1.01436593496
-1.1478 -7.4355 11.068363988
-9.3042 0.0466 5.83186815094
-12.5024 -4.8301 0.722372341663
-11.801 -4.6573 2.59274413122
-9.6737 -6.1395 7.52622873756
-2.9047 -9.4296 6.3035461012
-3.6911 -3.1753 5.18863191988
-0.9345 -7.5711 0.726073226335
-1.4733 -7.0844 0.232893129997
-1.6313 -7.2555 2.55383893776
-3.1957 -5.2369 3.22758640783
-1.0146 -7.616 1.11377538579
-1.789 -6.8155 11.6493597957
-9.8792 1.5664 0.787382175313
-9.1254 1.7939 1.48662735748
-7.8533 2.5632 12.4348785286
1.5506 10.6991 0.544630048749
1.1848 10.2956 8.81720293801
1.4149 1.4814 15.4624684323
-10.8462 -7.9395 0.32031500121
-10.5259 -7.9364 0.303087132686
-10.2268 -7.9854 2.52998505924
-8.7334 -10.0276 2.42260083794
-6.5663 -8.9447 1.52289431019
-5.1031 -9.3669 1.80749892669
-3.3392 -8.9723 14.0698161328
0.8984 4.4442 20.6677989813
6.0681 24.455 3.13278039447
9.1961 24.628 0.33671501303
8.9321 24.837 1.08257628369
8.3575 23.9195 1.55585174422
9.4363 25.0406 1.86917616612
10.9708 26.1079 1.65137239895
12.2094 27.2001 3.11524326658
14.0689 29.6995 3.91390462965
16.0416 33.0799 1.8385649431
17.8348 33.4858 0.433126367242
17.805 33.0537 0.19644391057
17.9535 32.9251 1.4096732139
19.3511 33.1092 3.74640103566
23.0965 33.1958 2.11463729751
25.1962 32.9449 1.6392663725
26.8202 33.1681 0.72000340277
27.5399 33.189 1.64185415308
29.1814 33.2231 0.379098470058
29.5572 33.1732 1.12536291924
30.6813 33.1199 2.02368170669
32.6994 32.9697 3.35511843755
35.9776 32.2554 4.04106591137
39.9423 31.4735 2.06846479545
40.3617 29.448 1.6490992693
40.1435 27.8134 1.17213228349
39.957 26.6562 1.15093079722
40.0057 25.5063 0.848006191015
40.1722 24.6748 1.30149585093
40.3514 23.3857 0.587727292203
40.1563 22.8313 7.1106767308
39.7932 15.7299 6.24695644614
39.4442 9.4927 0.842446680805
0.0 0.0 3.87333940677
3.851 0.4154 0.859191771376
3.1453 0.9055 5.83387961652
-0.3144 5.6028 4.36569734636
-2.409 1.7724 0.645342854613
-5.3802 13.0237 0.321363874759
-5.0637 12.968 4.82260442707
-9.8042 13.8541 10.2356396893
-3.7961 5.5673 7.73187853823
2.7316 1.4235 1.12096580679
3.4381 2.2938 0.72628210084
2.8618 2.7358 1.30329780173
2.7064 1.4418 8.19219376358
4.2393 -6.6057 15.2133294229
9.0751 -21.03 4.24481101817
10.8264 -24.8967 3.22480486231
12.6976 -27.5231 6.73958958543
15.4213 -33.6878 1.10542126359
16.5244 -33.6162 0.809154527887
17.3296 -33.5363 0.834399197027
18.1617 -33.5982 0.733845351556
18.8887 -33.4982 1.10492217373
19.9113 -33.0797 2.20223221301
21.7337 -31.8433 3.30535364522
24.8973 -32.8009 4.82095678989
29.7102 -32.5223 0.83272603538
30.5426 -32.499 4.96026182877
35.4621 -33.1336 4.05054654213
38.9226 -31.0284 3.44653973719
41.2522 -28.4884 1.90369855807
41.5746 -26.6122 0.732195417904
41.2624 -25.9499 0.556869077971
41.135 -25.4078 0.276508028817
41.0437 -25.1468 0.198923201261
40.9737 -24.9606 6.04794413334
39.9755 -18.9956 11.0262829721
41.0852 -8.0253 0.0
43.4277 9.3459 10.5606553774
32.8671 9.3801 0.530401140647
33.3975 9.379 1.31004954105
32.0967 9.5344 11.8872402087
20.237 10.3431 12.7435485329
7.5581 9.0611 11.0088671942
1.3568 18.1572 0.945967483585
1.6666 19.051 1.3480335938
1.2675 17.7634 17.0096481107
-6.0043 2.3865 0.753352566864
-5.7271 1.686 0.842913358537
-5.9593 2.4963 7.6228493367
-10.4192 8.6783 0.666269750176
-9.7895 8.896 0.695789120352
-9.3844 9.4617 9.6683503143
-0.3828 5.9335 13.2622534213
3.0637 -6.8731 1.29326982877
3.6066 -8.0469 19.5887428719
12.0465 -25.7242 1.10440979713
12.6575 -26.6442 6.2168347139
15.846 -31.9811 3.47072864108
19.0443 -33.329 0.586113470243
18.4925 -33.5266 0.579476625931
19.0595 -33.407 2.18309483532
20.825 -32.1229 1.50326606095
21.9396 -31.1142 2.76246047574
24.4468 -32.274 0.914028413125
25.3305 -32.5075 3.78300544673
29.0335 -33.2814 0.638472654074
29.6713 -33.2521 1.04982536167
30.6386 -32.8441 1.45319313238
32.0914 -32.8103 2.79155298893
34.8469 -32.3631 2.78485277528
37.6092 -32.0094 1.69488333522
38.6358 -30.6608 3.71115564885
40.4913 -27.4468 0.309242057295
40.4964 -27.1376 0.755418354291
41.1072 -27.5821 6.21473374007
39.0407 -21.721 10.9062071299
42.6243 9.916 10.4658070042
32.16 9.7384 0.829201953688
31.3308 9.7402 2.25835899051
29.0891 10.014 14.9123629117
14.5566 6.6696 0.867397100525
14.7404 5.8219 0.591898006417
13.7324 5.7084 1.44795414983
13.2693 7.0803 12.6571722663
1.338 2.8556 11.7935392572
-7.643 -4.7883 11.0367040429
-7.2388 -15.8176 1.07588907421
-6.8529 -16.8219 24.7915416981
12.5587 -32.243 4.58049925008
17.031 -33.2327 3.91961413662
20.9397 -33.525 2.67162483332
23.6027 -33.3105 2.37352785954
25.9762 -33.299 1.8693026748
27.8419 -33.183 1.96654533637
29.7953 -33.41 2.40514174634
32.2002 -33.4441 3.27687527074
35.4677 -33.1964 1.90285507856
37.2828 -32.6252 3.96841991856
40.4261 -30.2028 3.0328526044
39.7947 -27.2364 0.337208837369
39.8113 -26.8996 1.17253915926
39.7831 -25.7274 1.38114764598
40.03 -24.3685 1.26508689425
40.3581 -23.1467 0.703822882549
39.9928 -22.5451 0.760577445103
39.5786 -23.183 1.13967139562
39.8886 -22.0863 9.6778042179
41.2624 -12.5065 0.617112194013
41.1335 -13.11 0.0
41.1335 -13.11 1.38563529473
40.4814 -11.8874 0.697193143971
40.3872 -12.5782 6.34639102877
40.165 -18.9207 0.89082451695
39.8374 -18.0923 0.578569658727
39.5296 -18.5822 1.08888446127
40.204 -17.7273 5.11257679942
40.2572 -12.615 0.949696635774
41.0733 -12.1293 5.1757350676
0.0 0.0 5.53401288849
1.3248 -5.3731 1.46021391926
-0.1089 -5.6501 1.24189778968
-1.3463 -5.7557 1.01640474714
-2.3568 -5.8651 1.27784363676
-3.6188 -6.0657 0.505671682023
-3.9795 -5.7113 1.05405222831
-4.1826 -6.7456 0.43842675557
-4.2735 -6.3167 0.966313515377
-3.4325 -6.7926 0.828859366841
-4.1881 -6.4519 0.867529279045
-4.0877 -5.5902 0.521398810892
-4.2831 -6.0736 18.6407864598
-9.0431 -24.0964 3.02680875676
-12.0686 -24.0074 0.550027526584
-12.5574 -24.2596 0.375264413447
-12.3917 -23.9229 1.2445626742
-13.5557 -24.3634 3.7585064547
-14.8876 -27.878 3.17363017537
-17.3069 -29.932 1.18665506783
-18.2598 -30.6392 3.48158586997
-21.1214 -32.6223 4.48295657017
-25.5814 -32.1692 0.526097528981
-25.6508 -31.6477 1.24898423129
-24.4088 -31.7796 0.470842701972
-24.8791 -31.8022 0.750674130365
-25.2092 -32.4764 1.17055660265
-24.7368 -31.4054 0.19261238278
-24.894 -31.2941 3.72429534409
-34.0629 -26.5993 1.20873905372
-34.9212 -27.4504 0.775006645133
-34.1575 -27.5823 2.3093568477
-32.4196 -29.1031 1.35776858485
-32.0173 -27.8063 6.07155899008
-27.8697 -32.2404 0.536154203565
-27.349 -32.3682 0.56849011425
-26.846 -32.1033 1.2129667143
-26.742 -30.8948 0.647275992139
-26.7231 -31.5418 3.03188893266
-24.099 -33.0605 1.31581923531
-22.7839 -33.017 1.50218913922
-21.2864 -33.1356 1.29289592775
-19.9952 -33.0694 0.880985550392
-19.1179 -33.1499 1.25386910003
-17.8663 -33.2253 1.41591724688
-16.4545 -33.3332 1.9544014429
-14.5015 -33.2592 1.82328842754
-12.6845 -33.4105 0.952478246471
-11.7385 -33.5214 2.7218208703
-10.1971 -31.2781 3.05008257265
-7.1698 -31.6502 0.94472528282
-6.2617 -31.9107 3.6591319763
-2.7048 -32.7696 5.2919160547
2.5169 -31.9104 4.44643629213
6.9598 -31.7331 1.31312029152
8.2647 -31.8798 2.86531139843
10.9962 -31.0144 0.317636836655
11.3058 -31.0854 1.8262985654
12.6785 -29.8808 1.94814324165
14.3513 -30.8793 0.513108039306
14.8082 -30.6458 0.310277956033
15.1122 -30.5837 0.87775136001
15.985 -30.4906 2.71380216855
18.6036 -29.7781 1.34932173332
18.6561 -28.4298 2.53031425123
19.9347 -26.2463 2.11495983886
21.9861 -25.7317 1.20959410134
22.8744 -24.9107 1.28451535608
23.4715 -23.7734 0.742302263232
24.0559 -23.3157 1.67836650348
25.3883 -22.2951 0.409391792785
25.5275 -21.9101 0.49230796256
25.9262 -21.6213 2.28471566065
27.3744 -19.8542 0.0712731365944
27.4025 -19.9197 0.242834305649
27.606 -20.0522 1.35570386516
27.8124 -18.7123 9.83469633136
20.3496 -12.307 0.306501957579
20.6555 -12.2878 0.105181034412
20.7514 -12.2446 0.183290070653
20.8745 -12.1088 0.337971152615
21.211 -12.0773 0.142500140351
21.3535 -12.0771 0.210002976169
21.5625 -12.0566 1.42195329389
22.7596 -12.824 1.32517857287
24.066 -12.6017 2.38151777025
26.4475 -12.6109 2.77232518475
29.2173 -12.4926 1.31947177689
30.5284 -12.641 1.05768804947
31.2204 -11.8411 0.365665489211
31.5845 -11.8073 1.13441736588
32.4469 -11.0703 0.67810832468
32.9532 -11.5214 1.60679140214
34.1502 -12.5933 1.31460647344
34.9495 -11.5496 1.05775794963
34.4727 -12.4938 6.20006003358
32.8286 -18.4719 8.2342341095
36.3687 -11.0375 1.00437654791
36.0994 -10.0699 0.697269259325
36.3963 -10.7008 1.10751977409
37.2065 -11.4559 1.64002663393
37.4885 -9.8403 5.47567377133
37.6863 -4.3682 5.27701884969
42.6274 9.903 10.387280299
32.3498 8.3975 2.57349707596
29.787 8.1631 3.44141599927
26.4012 8.7793 0.857916015703
26.6667 7.9635 1.30862352111
25.9071 9.0291 26.9216983268
10.2543 30.9327 0.908873951657
9.3462 30.8952 3.35639879186
6.0421 30.305 6.88626983206
-0.7957 31.1206 2.90963101613
-3.7044 31.1942 0.716650968045
-4.4199 31.2348 1.50308651115
-5.9074 31.0189 2.1852430986
-8.001 31.6451 1.94841574619
-9.9284 31.9305 1.03212069062
-10.9328 32.1681 0.810565018984
-11.7291 32.3195 2.62925881761
-14.3503 32.5252 2.53167213122
-16.854 32.9005 1.84203884052
-18.6275 32.4027 0.915578614866
-19.5123 32.1673 1.77599173703
-21.2606 32.4797 2.55701654277
-23.7742 32.9489 2.43050226291
-26.1697 32.5379 3.48334998098
-29.5952 31.9057 2.10264093463
-35.7445 12.5522 15.199750243
-24.2729 2.5805 14.5127671993
-9.9006 4.5948 3.9923085264
-8.3242 0.9269 0.847275097002
-7.5345 0.6199 4.92209919547
-3.468 -2.1533 2.02757636601
-1.5836 -2.9017 2.15581725803
0.5482 -3.2226 4.9408272273
4.4402 -6.2663 0.549090384181
4.3407 -6.8063 16.4407640267
9.83 -22.3036 0.45291307113
9.5075 -22.6216 0.291793420077
9.7987 -22.6402 1.32017208727
10.9532 -21.9999 0.513427716431
10.4411 -21.963 0.782252261103
9.6607 -22.0168 1.00568003361
10.1715 -22.8831 2.34681011162
11.4532 -24.849 2.75103406922
13.0098 -27.1173 0.566351286747
13.3321 -27.583 2.85854816646
14.464 -30.2079 1.3019943241
13.5529 -31.138 0.842503175068
14.3951 -31.1606 0.539293704766
14.93 -31.2293 1.53364515453
16.4635 -31.2504 1.89754552251
18.3609 -31.2739 3.88129221394
22.1068 -32.2901 3.18220120357
25.2621 -32.703 0.666843647342
25.9178 -32.8244 0.533580977922
26.4393 -32.9373 0.769708269411
27.2042 -33.0232 0.648931899355
27.8432 -32.9101 4.00159536685
31.772 -32.1503 2.90199004995
34.6728 -32.0672 0.771912663454
35.4124 -31.8462 0.688857096937
36.1003 -31.8099 2.21992825109
38.3091 -31.5879 2.87936533285
40.4085 -29.6173 0.559159154445
40.3835 -29.0587 1.6583832639
40.3359 -27.401 0.370112118148
40.2622 -27.0383 0.291253789675
40.2003 -26.7537 1.4147321796
40.9536 -25.5562 0.990026085515
40.9694 -24.5663 0.312301024654
40.9702 -24.254 1.03525489132
41.5052 -23.3677 0.396370155284
41.2831 -23.0394 0.63509559123
41.176 -22.4134 1.45686639744
39.8793 -23.0775 2.53055321422
39.7679 -20.5494 1.36123000628
38.5307 -21.1171 1.02739663714
38.5508 -20.0899 9.90244720158
0.0 0.0 1.97714431694
1.9762 0.0611 0.380003710508
1.8043 -0.2778 1.63706357238
0.1676 -0.3123 2.47255355655
-2.1777 0.4707 3.41471230999
-4.0117 3.3511 1.30528866156
-2.9482 4.1079 1.26823575884
-4.0227 3.4342 1.52046895726
-2.5319 3.1353 0.062751095608
-2.4952 3.1862 1.34790847241
-3.8317 3.0112 1.24190267735
-12.8596 9.8102 2.64772272151
-10.2127 9.8762 0.570846012511
-9.6728 10.0616 0.251291424446
-30.3466 24.3324 10.9423395839
-41.2697 24.981 7.56496503958
-48.3864 22.4156 2.84797494547
-50.3737 20.3756 2.07618585392
-51.2244 18.4817 0.546220633078
-51.6971 18.7554 2.88147119541
-51.3111 15.8999 0.701514604267
-51.5046 16.5742 1.28979632501
-50.4786 15.7926 9.32799977058
0.0 0.0 7.5860435327
-2.2432 7.2468 14.9548031458
-2.2529 22.2016 0.450708697498
-2.2501 21.7509 9.32753705166
-9.4954 15.8765 10.4142914737
-0.9345 9.9462 0.756515095685
-1.049 10.694 1.36573893918
-2.0952 9.8161 0.36326729828
-1.992 9.4678 9.25689877497
-9.9642 14.1725 0.580919168215
-10.2364 14.6857 2.73013412125
-7.724 13.6173 0.668010374171
-8.3909 13.5788 1.83684795234
-7.6113 11.9156 19.1680059787
-12.7275 -6.557 0.993867164162
-12.8838 -5.5755 0.536623452711
-12.5041 -5.9547 0.413125707261
-12.1555 -6.1764 1.81356374302
-10.4171 -6.6931 3.26753544128
-7.1752 -7.1016 0.59547460903
-6.7576 -6.6771 0.874463698503
-5.8886 -6.7747 1.98367501875
-5.0709 -4.9674 7.00150980646
-3.4703 1.8487 0.688461509454
-3.0512 2.3949 1.25196240359
-3.0387 1.143 8.10859060565
-5.2827 -6.6489 8.08132459563
-12.3216 -10.619 0.794016423004
-11.5768 -10.8942 6.16690238369
-5.7094 -8.9957 10.6159010098
-10.1674 0.6388 13.1581367545
1.5675 6.591 0.527272263636
2.0345 6.3462 3.54113739073
3.2084 9.6871 2.22192532953
3.9035 11.7975 14.7220755554
-9.3336 18.241 1.73492110772
-7.6662 17.7617 2.72356666891
-5.595 15.9931 1.60413787437
-4.3224 15.0165 1.88182029429
-2.5215 14.4706 0.733820039247
-1.8171 14.2649 3.11341993955
1.0823 13.1305 0.397708649642
1.4719 13.2104 0.24846611439
1.6864 13.3358 1.00767614837
2.5953 13.7709 1.57659715844
4.1111 13.3373 0.50144983797
4.5848 13.1728 1.3849996426
5.8847 12.6948 1.09787380422
6.8507 12.1731 0.586560568058
7.4274 12.066 13.1312156075
-3.7888 18.8943 0.857456150482
-3.09 19.3912 18.3540539925
11.4814 30.5512 0.986684650737
11.6302 31.5266 1.4975857705
12.8877 30.7133 3.30183151751
15.8908 32.0857 1.14611853663
15.6489 30.9654 0.290401876716
15.935 31.0152 0.993261425809
15.3651 30.2017 1.65531880011
16.9983 29.932 0.209245907965
17.2051 29.9001 0.96802459163
17.212 30.8681 0.546247425623
17.7481 30.9729 0.827409741301
18.5353 31.2277 0.537345745307
18.9486 31.5711 0.483970412319
19.363 31.8211 0.962998120455
19.9323 32.5978 2.21760081394
21.8899 31.5559 0.410274956584
22.2494 31.7536 1.77236373806
23.2713 33.2017 0.408052704929
23.6423 33.0318 1.16090848046
24.7938 32.8843 0.852696317572
25.6437 32.8153 1.13670063341
26.7804 32.8165 2.17497885047
28.9542 32.8881 3.60648310685
32.5516 33.1439 3.88303552005
36.4285 33.3621 1.15103168505
37.518 32.9908 1.43226254926
38.6704 32.1403 2.38484052716
40.2857 30.3858 0.478597221053
40.2108 29.9131 1.65909135674
40.1146 28.2568 0.703115410157
40.1828 27.557 0.700806421203
40.1798 26.8562 0.351315499231
40.2731 26.5175 1.2367891049
40.7591 25.3802 2.04647600768
40.2569 23.3963 6.1105343277
39.501 17.3327 0.791508193261
39.6349 16.5526 7.19982055332
39.9617 9.3602 5.84512458208
0.0 0.0 3.76943062677
3.7543 0.3374 0.583320709387
4.1766 0.7398 1.17446973993
3.0785 1.1564 3.860364238
-0.7657 0.8035 3.4838208005
-5.1038 -0.5332 0.559107646165
-5.4348 -0.9838 0.17917438433
-5.6103 -0.9477 0.293296641645
-5.8739 -0.8191 0.0484148737476
-5.8751 -0.8675 0.0289337173554
-5.9021 -0.8779 0.0674392319055
-5.8659 -0.821 13.5495650853
-10.2421 -13.6444 0.384798882535
-9.9144 -13.4427 0.302981204037
-9.75 -13.1882 0.387127175486
-9.4228 -12.9813 0.872134496508
-8.6991 -12.4946 8.58035958454
-0.1439 -13.1512 0.136141250178
-0.0877 -13.0272 7.91093415533
-3.9041 -6.0977 11.7711400442
4.0222 2.6048 0.428150370781
3.6467 2.3991 0.617325886384
3.522 3.0037 1.26150295283
4.7743 3.1558 0.873493629055
3.9329 3.3904 15.7068122944
-11.573 5.8946 1.63084519498
-9.9603 6.1372 10.6079509449
0.6011 7.1299 0.643441248289
0.1003 6.7259 3.93543879256
-1.6354 3.1939 0.547936355793
-1.1026 3.066 10.4081289193
2.6248 -6.6518 24.7013138211
12.4516 -29.3143 0.225559083169
12.2553 -29.4254 3.64656988689
15.524 -31.0419 0.753020823085
16.2296 -31.3049 3.21848191699
18.7672 -33.2846 1.19247957635
19.9387 -33.0619 2.55122487445
22.4717 -33.3663 0.41231280601
22.8738 -33.2751 3.23785705213
26.0036 -32.4456 1.75871481486
27.6404 -31.8022 0.306250044898
27.9374 -31.7275 0.265760192655
28.1662 -31.5923 0.390718479215
28.532 -31.455 0.829877894633
29.2626 -31.8486 1.71284839376
30.9387 -31.4957 2.11403796087
33.0382 -31.7432 3.40382861643
36.3152 -30.8227 3.89310675554
39.7913 -29.0697 2.50773702768
40.0075 -26.5713 2.79434327168
40.2961 -23.7919 0.46413925712
40.647 -24.0957 1.11984760124
41.2026 -23.1234 8.024141293
40.5276 -15.1277 1.10959240264
0.0 0.0 3.90890347412
3.9026 0.2219 0.0840286855782
3.8205 0.2398 1.41738380123
2.4283 0.5058 3.5142275467
-1.0767 0.7603 2.86416349394
-3.9133 0.3639 1.15861514749
-3.6424 -0.7626 0.961316477545
-3.0168 -0.0327 1.58659005417
-4.5996 -0.1423 4.40558023534
-6.4436 3.8588 3.9022355772
-21.958 -14.2 0.795161650232
-21.3481 -13.6898 10.8552354802
-12.3674 -7.592 0.44602592974
-12.0326 -7.2973 1.0607103516
-11.1647 -6.6875 0.546085744183
-10.6277 -6.5883 0.356999621849
-10.352 -6.3615 1.61605966474
-8.8398 -5.7915 1.04018373858
-8.4193 -6.7429 0.395770956489
-8.0761 -6.5458 9.50473244758
-14.1858 -13.8267 1.28961869171
-13.7049 -15.0233 0.594901420405
-13.1212 -15.1382 0.348184606208
-12.7798 -15.2066 1.60023858534
-11.3246 -15.8723 0.499332354249
-10.937 -16.1871 1.62298275099
-9.3196 -16.0526 0.594999243697
-9.5653 -16.5945 1.45765584759
-9.2409 -15.1734 15.7483822083
-3.5436 -0.4917 0.446550691411
-3.9512 -0.3093 0.180899557766
-3.898 -0.4822 0.746996131181
-3.1681 -0.6411 3.05741905044
-0.1951 0.0724 1.5887379677
1.3261 -0.3859 2.10121026078
1.7827 -2.4369 0.934192105511
1.9735 -1.5224 1.35677633381
9.8126 -15.9925 0.983190897029
10.3621 -15.1772 0.956315685326
9.5909 -15.7427 17.9904582979
-1.7127 -29.7386 0.887200202885
-2.4221 -30.2714 3.25309831392
-5.5081 -29.2422 2.91856616338
-8.3934 -29.6816 3.67679037885
-11.7091 -31.2706 3.312564339
-14.9036 -32.1471 2.58240391109
-17.4836 -32.0357 3.18928738435
-20.6707 -31.9176 4.07043999219
-24.7349 -32.1429 7.98775848533
-32.676 -31.2808 15.6292094058
-48.2996 -30.8621 3.76017772186
-49.7879 -27.409 3.98260339477
-51.2355 -23.6988 0.540436388486
-51.775 -23.7306 1.77191916859
-50.4527 -22.5511 7.77951237804
-47.4527 -15.3733 2.78037422122
-49.9552 -16.5849 1.87438047898
-51.0809 -15.0862 0.878262489237
-51.9539 -15.1822 1.46314773007
-50.5771 -15.6774 0.669936190991
-51.1824 -15.9645 0.758827437564
-51.8876 -15.6843 0.142957336293
-41.5576 -7.1427 0.256163326805
-41.3438 -7.2838 6.15682796333
-40.5989 -13.3954 0.446350725327
-40.2225 -13.1555 0.275457746306
-39.9829 -13.2914 2.42279503054
-40.3355 -15.6884 1.40361073307
-39.6033 -14.4909 6.65348806116
-38.1976 -7.9876 2.18912174627
-36.7835 -6.3165 3.70328217801
-33.094 -6.6357 1.53886796055
-31.5908 -6.9651 1.9133177572
-29.7008 -7.2629 0.586800690184
-29.114 -7.2638 1.688624227
-27.4647 -7.6261 0.271141900119
-27.607 -7.8569 0.923397557935
-26.8014 -7.4056 0.141628987146
-26.8828 -7.2897 1.23114090177
-25.7422 -6.8263 26.6574563085
-8.3972 13.4165 0.748896982235
-7.6522 13.4928 3.43685532137
-4.2357 13.8663 4.02396391634
-0.2241 13.5511 7.34921908913
4.8198 8.206 0.721110345232
5.2201 8.8058 0.567098315991
4.7996 8.4253 14.3807081429
0.6833 -5.3537 18.0272114416
8.8043 -21.4481 4.28508639119
11.4036 -24.8548 1.0068455393
10.5611 -25.4061 1.32595847974
10.5816 -24.0803 7.72546284762
7.9105 -16.8313 10.8051175449
5.6905 -6.2567 0.590679346177
6.2802 -6.2907 1.74594104425
7.9969 -6.6089 1.00280097726
8.5293 -5.7591 0.88767675423
-1.5646 -11.3941 0.63552677363
-1.6634 -12.0219 1.31099795957
-2.4756 -10.9928 5.66517898835
-4.4075 -5.6672 0.919516226067
-4.7575 -4.8169 1.2543460328
-5.0609 -6.034 18.1011396318
-8.6443 -23.7769 1.13745161216
-9.5959 -24.4 1.53314962414
-10.43 -25.6864 2.8282898384
-11.939 -28.0785 2.24132024709
-13.5209 -29.6663 2.63294942792
-15.4996 -31.4033 2.90367169287
-18.2403 -32.3624 2.09034200551
-20.268 -31.8545 2.54146210871
-22.8078 -31.9464 19.3573412456
-42.1647 -31.8157 7.95586112561
-47.7326 -26.1329 2.66985568524
-49.2123 -23.9106 3.2181020307
-51.8941 -22.1318 0.320508549028
-51.5743 -22.1105 0.127724116752
-51.464 -22.1749 1.21415446299
-51.8399 -23.3294 0.721480283861
-52.2733 -22.7526 1.39301654333
-50.9511 -22.3141 1.14652361947
-51.3931 -23.372 1.02509475172
-52.1925 -22.7303 19.5982005756
-36.5379 -10.9395 21.237196896
-21.0055 3.5437 19.3331089962
-14.316 21.6826 0.597227201323
-13.7188 21.6769 0.477488638608
-13.2414 21.6861 1.98316590582
-11.2715 21.9151 2.82544480038
-8.4909 21.4137 2.06840058258
-6.919 20.0693 4.79489130012
-2.1247 19.994 3.90485200232
1.7753 20.1886 3.81524549407
5.5806 19.9133 2.38744106734
7.966 20.012 1.59980045006
9.4432 20.6262 0.331098973118
9.4725 20.956 1.58992963681
9.248 22.53 2.32984730186
11.5166 21.9993 2.06336162608
13.576 21.8715 0.544864249148
13.9896 21.5168 1.70364092461
15.5754 20.8942 1.87401600047
17.446 20.7811 1.36581487032
18.8085 20.8762 0.330877439545
19.1137 21.004 0.180824251692
19.2212 21.1494 1.54668324488
20.4921 20.2679 0.280901406191
20.7457 20.3887 0.210097596369
20.9411 20.4659 0.684266760847
20.4885 20.9791 1.3431254893
21.1737 19.8239 0.292741865814
21.4323 19.9611 1.75261343427
23.087 20.5387 1.18167347436
24.2648 20.6343 1.90847052112
26.085 20.0606 1.23062131056
27.315 20.0215 1.35711534145
28.6619 20.1877 0.984573638688
29.5696 19.8063 0.519216380712
29.459 20.3136 0.315101586794
29.7741 20.3126 0.758501819378
30.4067 20.7311 2.00685697796
31.2845 22.5358 0.423251650912
31.7055 22.4922 2.94907490071
33.2441 25.0081 1.25454376169
34.4867 24.8354 2.9702876965
