0.0 0.0 9.19526038402
-4.3888 8.0803 0.504471941737
-4.5813 7.614 6.89524458232
-7.9952 1.6232 0.285218688027
-8.1373 1.3759 8.39743944605
-11.2234 9.1857 8.45099973317
-3.1019 11.5225 0.378033027658
-3.4175 11.7306 1.03473997217
-2.4266 12.0286 1.43203511479
-2.913 10.6817 0.552208121997
-3.0396 11.2192 6.76474773661
-9.2083 13.9957 11.1767030792
-6.7209 24.8921 14.8145751805
7.0294 30.4058 3.77469392931
9.9645 32.7793 4.52118323561
14.4672 33.1877 3.28319676535
17.73 32.8223 4.78900893505
22.4937 33.314 2.87064799653
25.3643 33.2974 4.10607645448
29.47 33.2418 12.098227209
33.1304 21.7106 9.25442993436
38.6939 29.106 5.38068706579
41.2792 24.3871 1.15759841914
41.5605 23.2642 1.42553030834
41.981 21.9021 14.6210377679
51.2403 25.2509 8.75365235316
43.3417 21.4775 0.297726082163
43.0768 21.6134 2.63845224706
40.6269 22.5929 2.65095744402
38.3985 24.0288 3.42118027733
35.4253 25.7213 3.04484353785
32.7277 27.1334 16.6752489882
16.2036 29.3735 0.31511244025
16.2008 29.0584 4.27699034953
11.9415 29.447 3.22792119637
8.7398 29.8576 4.96052749211
3.7984 30.2928 3.00751473646
0.8651 29.6288 4.29211440784
-3.4121 29.2713 3.68592915423
-6.6508 27.5115 1.64994957802
-8.0373 26.6171 1.13425148005
-9.1122 26.9792 1.17512775901
-9.8672 26.0787 1.07657683423
-10.095 25.0265 1.23110745672
-11.2624 25.4174 3.58754361088
-11.3864 21.832 2.20489159824
-13.5678 22.153 2.59661489251
-15.8091 20.8419 1.3732312988
-17.0723 20.3033 1.00719706612
-16.07 20.2041 0.803736057422
-16.5959 19.5963 1.42544664228
-16.5177 21.0196 1.90855325836
-16.235 22.9071 1.19925397227
-16.4855 24.0799 0.149158975593
-16.5353 24.2205 1.49228819268
-17.6176 23.1931 2.45869937162
-19.7128 21.9065 3.32055251427
-22.8004 23.1283 1.40087284576
-21.4201 22.8891 0.904221211872
-21.4001 21.9851 1.38505908899
-22.1363 20.8119 2.21341620578
-22.7682 18.6906 1.79549549986
-23.2629 16.9646 0.869637539438
-24.1273 16.8693 0.541003604424
-24.6666 16.8264 2.18454463218
-26.7852 16.2937 2.89009224074
-29.6282 15.7741 2.55716180951
-32.1218 15.2075 0.971800082321
-32.7052 14.4303 0.461895323639
-32.9912 14.0676 1.06458275864
-33.7254 13.2967 1.6329390007
-33.5947 11.669 10.4919123162
-43.1393 16.0257 3.49310238756
-46.4495 14.9102 0.751746612896
-45.7404 14.6606 6.86428513175
-41.091 9.6107 1.07077251552
-40.5067 10.508 0.897323408811
0.0 0.0 6.96435415886
-1.6079 6.7762 0.520734606109
-1.8837 6.3345 6.68662442567
-6.1376 1.1755 0.652122442491
-6.6548 1.5727 9.40771965834
-10.5154 10.1518 1.52782116755
-9.004 9.9284 9.68341640383
-12.8163 1.027 1.05253004233
-12.0093 0.3513 12.1893868271
-1.0484 -4.9816 19.6548376646
4.1135 -23.9465 1.98059689235
6.0648 -24.2859 1.41864752846
7.3288 -24.93 3.29354716074
10.2307 -26.4877 1.30270487832
11.5267 -26.6197 0.697547546767
12.2104 -26.758 2.30813478376
14.4461 -27.3317 1.98847481754
36.0104 -34.0 17.1119504873
31.4252 -17.5138 0.553806509532
31.3621 -16.9636 1.38621511318
31.6756 -18.3139 7.78978381279
34.7589 -25.4675 2.52401935214
32.2354 -25.5187 3.51894119445
28.7167 -25.4775 1.33817433842
27.3787 -25.4559 18.6669732447
9.3951 -30.4605 2.59206366048
6.8162 -30.7214 2.53162943773
4.3231 -30.2814 2.65317220889
1.6705 -30.2263 1.78151741221
-0.1097 -30.2948 4.44996822685
-3.6138 -27.5519 2.94420293119
-6.2337 -26.2086 2.04457353989
-8.0473 -27.1526 2.69549065292
-9.9868 -29.0245 2.56857316423
-12.0117 -30.6048 2.90260089058
-14.8714 -31.102 1.82035876958
-16.1396 -32.4079 4.31005145677
-20.4006 -31.7595 4.1339451859
-24.4144 -32.7489 2.12123628575
-26.5037 -33.1156 3.93306404728
-30.4101 -32.6584 2.65375419547
-33.0003 -33.2357 14.3466275497
-47.3437 -32.9314 4.86950514529
-47.3117 -28.062 1.84566840467
-45.4692 -27.9539 0.681202495591
-46.147 -27.8859 4.98465840354
-50.9612 -29.1783 3.13616365166
-51.1586 -25.1129 14.4676688976
-41.1013 -14.7127 0.841681947056
-41.7238 -14.1462 1.00556068439
-40.8868 -14.7035 2.15452106279
-42.1778 -12.9786 1.20039867128
-47.0 -9.16 11.3148919204
-36.2139 -5.7414 19.5417702299
-37.6945 -25.227 1.03570892146
-38.7101 -25.4301 1.27459742664
-37.6593 -26.1515 23.0386775196
-14.8846 -29.6291 2.64174370445
-13.1308 -27.6535 2.8803103305
-10.317 -28.2689 0.862248925775
-9.483 -28.4878 4.75690913304
-4.7477 -28.9407 3.92346482716
-1.2288 -30.6759 6.23509868166
4.3458 -33.4688 3.14493721718
7.2429 -32.2451 0.768155876108
7.1405 -33.0064 1.13843361247
6.611 -31.9986 6.66444678649
7.5434 -25.3997 1.0993813624
8.2731 -24.5774 1.11196133026
7.3825 -23.9116 8.27300641121
3.1407 -16.8088 11.6524327439
7.2709 -5.9129 0.280384914002
7.1908 -6.1816 5.43996202376
5.8617 -11.4567 0.463560794287
5.4052 -11.3761 0.316851716107
5.4753 -11.6851 15.1022109275
-9.2664 -14.9652 0.902543528036
-9.4673 -15.8451 1.60686261392
-9.5712 -14.2416 7.724698242
-10.4434 -6.5663 0.766603345936
-11.2072 -6.6318 7.49205243241
-10.8231 -14.114 0.274043573178
-10.5633 -14.0268 0.198461482409
-10.4063 -13.9054 2.16196137801
-10.7979 -16.0316 0.276784175848
-11.0157 -16.2024 1.2776319697
-9.9666 -16.9316 15.5527401862
-1.7919 -30.1627 8.05409533902
6.2618 -30.0829 0.790124452223
6.9622 -30.4486 4.90727734085
11.4163 -32.5083 2.39290090476
13.802 -32.6938 3.222155423
17.0151 -32.4524 5.34205109017
22.3562 -32.3516 11.4640530049
27.3129 -22.0145 0.77860344849
27.9892 -21.6287 3.56889149457
31.5179 -21.0946 2.48431590785
33.9687 -20.6879 4.17814744115
37.9989 -19.5859 0.948278508667
38.3426 -18.7021 0.546052973621
37.8767 -18.4173 0.398983871854
38.273 -18.4635 10.556278186
48.2025 -22.0468 0.087032695006
48.2875 -22.0281 3.51310618257
50.4923 -19.293 2.69157408964
49.7895 -16.6948 20.6920280516
30.9812 -8.0688 0.385562926122
30.9586 -8.4537 0.936948371043
31.865 -8.691 14.5723736028
44.7429 -1.8709 1.10782396616
0.0 0.0 2.04186747856
1.8426 0.8798 1.14960929885
0.7303 1.1703 0.516665278493
0.2652 0.9453 1.30814823701
-0.4482 -0.1512 2.0436798991
-2.2745 0.766 9.69705999827
0.1561 10.1535 8.55897655389
2.1998 1.8421 1.1256305122
2.0935 2.9627 2.30517335574
0.8419 4.8985 7.54390736953
-6.7005 5.0493 1.19776928079
-27.9404 26.5522 0.229742138059
-27.9717 26.7798 0.709654296119
-27.8988 27.4857 0.478523698473
-28.3761 27.5199 1.11767717164
-28.396 26.4024 8.60853225585
-29.7846 17.9066 0.329586437828
-30.0495 17.7105 1.14400281905
-28.9104 17.8163 14.0453977334
-14.8654 17.7106 12.7462906243
-5.2282 9.3684 0.994710339747
-4.5403 10.0869 16.7070465098
-3.5421 26.7641 0.714842094452
-2.958 27.1762 4.00139157044
0.1035 29.7527 7.11043541986
6.822 32.0808 3.14958800004
9.8456 32.9627 6.81513911523
16.6596 33.0873 3.50233144205
20.1503 33.3725 7.89162202402
27.9379 32.0954 6.23314882944
34.1706 32.1702 0.882481274589
34.94 31.738 0.703849195496
35.5905 31.4692 2.69630056559
38.07 30.4099 7.5969125867
39.5218 22.953 9.41777176619
40.962 13.646 0.72012554461
41.4736 13.1392 0.98829924618
40.844 13.901 1.06905154693
0.0 0.0 2.04891733606
1.0497 1.7596 0.228114729906
0.8424 1.8548 1.40052590836
-0.5547 1.7569 0.567293795136
-0.5847 1.1904 0.393623995712
-0.7904 0.8548 0.0
-0.7904 0.8548 5.9367755019
-0.0924 6.7504 0.577142339462
-0.5692 6.4252 1.02526782842
-0.7836 7.4278 1.15223199053
-0.082 6.5138 4.23780146774
2.7228 3.337 4.79503667661
0.4631 7.5662 0.728464446627
1.1634 7.7668 7.39213735938
8.2239 9.9561 1.22781044547
8.6354 8.7993 0.817860257012
7.8848 9.1241 5.46575916228
2.5879 10.4722 5.90842301126
-3.3199 10.3864 0.780187701774
-3.056 9.6522 1.22293846943
-3.2011 10.8665 17.2659214947
-8.1686 27.4024 2.48951311706
-10.1716 28.8808 2.40298481477
-12.4207 29.7269 2.62534241576
-14.9145 30.5475 3.72536189517
-17.6355 33.092 3.13755587998
-20.7698 32.9491 2.52428327452
-23.2861 33.1497 1.66118201592
-24.9041 33.526 0.900513081526
-25.7836 33.7194 1.24641319393
-27.0095 33.4942 3.48092322524
-30.4896 33.4185 1.5671017995
-32.0422 33.6312 1.23410069281
-33.2736 33.7128 3.09700547303
-36.3699 33.7789 1.22654836839
-37.5808 33.5836 4.21369798277
-41.7821 33.2606 2.74915970071
-43.0076 30.7997 3.89919674933
-46.8449 30.1077 2.69586341086
-48.0586 27.7005 2.78983652747
-49.4038 25.2564 1.26645167693
-43.7528 17.5872 1.6424756193
-43.1438 19.1126 1.18594803006
-41.9585 19.1518 24.83853003
-20.1691 31.0755 0.733807965342
-19.4793 31.3258 0.302370848463
-19.2195 31.4805 1.31943289712
-17.9216 31.2431 2.69589986646
-15.2851 30.6803 1.98946193731
-13.3009 30.5357 0.949583076934
-12.376 30.7508 0.61562048374
-12.0773 31.2891 0.961586459971
-11.1249 31.1565 0.906350048271
-10.2249 31.0494 0.974085468529
-9.2544 30.9659 5.04806826618
-4.2105 30.7608 0.847336344081
-3.3633 30.7456 4.21923183174
0.7321 31.7603 2.6978370188
3.3988 32.169 3.62354732824
6.9928 32.6308 1.35416106132
8.3391 32.4851 2.42337146348
10.7309 32.875 1.5698961558
9.1774 32.6487 15.0065942632
7.1817 17.7754 0.43810648249
7.064 18.1974 8.72017175634
9.1601 26.6619 0.660847092753
9.7433 26.9727 1.16611385379
10.8719 27.2661 9.36846549335
19.14 31.6714 3.52981452771
22.6502 31.2998 4.75672681789
27.3163 30.3757 8.29924596334
34.6953 26.5773 5.04371135772
39.5554 25.2288 1.62651257911
37.9823 25.6422 4.02180314411
36.464 21.918 2.33487377389
38.5845 20.9407 0.330160112673
38.9146 20.947 0.702534874579
39.6171 20.94 1.27489039921
38.3883 20.6003 0.767584060543
39.0223 20.1676 0.303265444784
38.7191 20.1739 16.8665498917
21.2497 32.1145 0.86290767177
20.5026 32.5463 3.69831911684
16.8271 32.1361 14.244798358
15.082 17.9986 5.17821857109
11.7749 21.9832 3.70012297769
8.0907 22.3261 3.02583337446
5.1838 21.4861 4.4856316835
0.828 20.4147 3.80076615961
-2.9494 20.8355 3.0661841856
-5.9879 21.2466 12.5295016936
-16.3342 28.3136 12.9627228374
-29.0298 30.9316 14.6390692887
-43.5238 28.8758 7.78390368003
-49.3909 23.7605 0.557274734758
-49.8597 23.4592 0.644891432723
-50.2497 23.9728 1.20022182116
-49.0548 23.8599 15.9391501182
-33.2433 21.8467 0.484153901151
-33.7245 21.7933 9.39992800823
-38.0761 13.4613 1.90656213379
-39.6142 14.5879 1.07609688226
-40.4845 13.955 1.20317091471
-39.664 14.835 0.551351766117
-39.2446 14.4771 4.00492927903
-40.8969 18.1253 1.43292028041
-41.3162 16.7551 5.08125139902
-43.9435 12.4058 4.60842557063
-47.6767 15.1078 0.391942865734
-47.7103 15.4983 1.45904506442
-49.1468 15.2428 0.87124359969
-49.6322 15.9663 1.163540949
-50.2845 15.0028 1.41193627335
-51.5593 14.3958 1.27756481245
-50.2834 14.3306 4.84363564484
-49.5883 9.5371 0.835296839453
-49.5098 10.3687 1.15193356145
-48.6675 9.5829 5.15781932312
-46.1714 5.0693 0.34990891672
0.0 0.0 7.19793673284
-1.8965 6.9436 0.556112218891
-2.4501 6.8908 1.01264782131
-3.1657 7.6073 0.218243464965
-3.0407 7.4284 6.85117856139
-5.4199 1.0036 0.978047217674
-5.8143 1.8986 12.5902450635
-9.4383 13.956 0.199016506853
-9.3257 14.1201 12.7563494127
-8.776 1.3756 12.2100421334
0.1167 -6.9913 0.724380707915
0.8297 -7.1192 2.08822974071
2.8909 -7.4541 1.4753786802
3.9334 -8.4981 3.144372823
6.4435 -10.3919 14.5021732165
9.4211 -24.5851 0.727830364852
10.1113 -24.8161 0.480258940573
10.5349 -25.0424 0.619589832066
11.0269 -25.419 2.58157466094
12.6047 -27.4623 2.55431867432
14.5405 -29.1288 8.34373766846
21.0983 -23.97 0.449238344312
21.4533 -23.6947 1.40729157249
7.5682 -16.9321 0.541049683486
8.0506 -16.6871 1.08682119965
7.1182 -17.2455 16.5351230346
-3.7334 -29.7216 0.995086755012
-4.6072 -30.1977 4.76733549585
-8.7974 -32.4714 3.48024074167
-12.2765 -32.5605 2.22766242057
-14.2546 -31.536 1.85871713286
-15.9233 -32.3547 0.262583796149
-15.7032 -32.4979 1.90575112751
-17.6088 -32.4739 0.0746217126579
-17.5626 -32.4153 4.29190489294
-21.8501 -32.2209 4.84539287365
-26.6688 -31.713 2.65232226737
-29.3142 -31.5215 8.65016670649
-37.9575 -31.1769 10.1032628022
-45.032 -23.9639 3.78367526751
-48.7213 -23.1241 0.76647726646
-48.5661 -22.3735 1.05981138888
-39.4603 -8.5027 0.655443498709
-38.887 -8.185 0.127424526681
-38.8895 -8.3124 2.01834990524
-37.977 -6.5121 0.718183277444
-38.5261 -6.0492 0.772019203129
-37.7892 -5.819 11.4069422625
-31.3779 3.6157 20.4323960722
-16.1752 17.2671 0.503221988788
-15.6823 17.3685 1.15226344644
-14.5582 17.6217 0.38357102341
-14.1759 17.5905 0.36985447138
-13.8072 17.6197 0.917538903807
-12.8964 17.7307 14.717928182
-3.4998 6.4028 24.2061946214
-3.73 -17.8023 0.752588081224
-2.9779 -17.8294 3.07959882128
0.0944 -18.0413 0.972189497989
1.0395 -18.2692 0.342091508226
1.3741 -18.198 2.93678920251
3.367 -20.3551 0.56682043894
3.8385 -20.6697 1.15597742625
4.7015 -21.4388 0.794067314527
5.3464 -21.9021 2.35716242334
7.2301 -23.3191 3.32233828801
9.3668 -25.8632 4.64298231851
13.9284 -26.7287 4.05219492744
17.0907 -29.2625 3.0411374599
19.9214 -30.3741 5.4240390854
24.5114 -33.2641 0.804595556786
25.3159 -33.2765 0.277537060588
25.5828 -33.3526 0.576629256975
26.1547 -33.2789 25.3468344631
51.5 -33.0 7.08009231578
48.7772 -26.4644 1.28023616962
48.2444 -25.3003 1.52189904067
48.5229 -23.8041 12.8413880068
38.2584 -16.0878 0.529419842847
38.24 -16.6169 1.30824166728
38.0925 -15.317 17.1730492837
35.0296 1.5807 1.22132771196
35.9819 2.3454 5.57321570729
26.5834 -3.317 0.453140563181
26.516 -3.7651 4.36434137185
22.1845 -4.2995 3.4028524226
18.8114 -4.7485 5.01650100568
13.8009 -4.9938 0.682843005383
14.137 -4.3994 1.2454435756
13.6357 -5.5395 22.0926140893
5.563 -26.1044 4.04194689846
2.7197 -28.9772 4.47579006657
-1.4949 -30.4838 3.69166808096
-5.062 -29.5329 2.82817491856
-7.8631 -29.9233 2.63582006214
-10.4683 -30.3239 2.70036978949
-12.6791 -31.8745 2.39641474916
-15.0698 -31.7091 2.18166298268
-17.0597 -32.6035 2.45386792228
-19.495 -32.3022 1.69925446299
-20.9843 -31.484 3.75329197639
-24.3872 -33.0675 2.16732985953
-26.4396 -32.3711 1.80386733991
-28.1159 -33.0374 3.33448201225
-31.4486 -32.9284 1.81089353911
-33.2215 -33.2974 1.96369307683
-35.1094 -32.7571 7.47888333175
-42.5804 -32.4138 6.86297756954
-48.0208 -28.2302 3.43197136497
-48.3484 -24.8139 32.0575744922
-28.211 0.1295 23.0127738017
-16.8012 20.1146 13.1047273554
-7.8637 10.5305 17.6637700059
-5.1956 -6.9306 0.96041021444
-5.0339 -5.9839 1.27159259592
-4.4017 -7.0872 16.9833123027
3.2882 -22.2298 13.0570473416
0.5994 -9.4526 0.923694781841
1.0945 -10.2324 21.6632020551
12.5023 -28.6486 4.5749406641
17.0691 -28.3758 0.664590008953
17.6903 -28.612 2.86566020491
19.7499 -30.6045 0.661108054708
20.3564 -30.8676 1.71774080699
21.9816 -31.4238 0.838473165939
22.7166 -31.8273 2.39187585171
24.0069 -33.8413 0.42867406033
24.3433 -33.5756 1.45635387183
25.7541 -33.2142 3.6225395788
29.3765 -33.1824 4.92335388531
34.2957 -32.9802 0.733173192363
35.018 -32.8544 1.04281601925
36.0342 -32.6203 0.52317692992
36.5413 -32.749 1.3658216355
35.1848 -32.5897 5.65805528517
35.8863 -26.9753 0.539759437157
36.3947 -26.794 0.992814912257
37.3218 -26.4388 1.25496634218
38.4872 -26.9044 0.257998081388
38.7398 -26.9569 0.751821055837
39.3405 -27.409 0.195047814651
39.5339 -27.4343 7.07241160638
36.9051 -34.0 5.55749913
40.0958 -29.4497 0.345442209349
40.0904 -29.1043 0.299788859032
39.8698 -29.3073 1.12563841885
40.5229 -28.3905 1.48153172426
41.6309 -27.407 5.14400976671
31.5014 -8.0297 0.102597563324
31.4063 -7.9912 1.80445125731
32.091 -9.6607 0.493758493598
32.2879 -10.1135 0.118317961443
19.6413 -30.9727 0.959709586281
18.6853 -30.8884 3.26534651147
15.6513 -32.0956 1.8603781793
13.7982 -31.9312 2.1806632248
11.7893 -31.0829 3.3520210411
8.5034 -31.7454 2.88937740352
5.7211 -32.5247 4.01831124354
1.7456 -31.9397 2.15696472387
-0.2155 -32.8378 0.933004190773
-1.1336 -32.6717 2.54088445231
-3.628 -33.1555 0.5314405423
-4.1307 -32.9831 1.94835142877
-6.078 -33.0471 2.2905008819
-8.0678 -31.9126 32.9166133677
0.0 0.0 2.05509251617
1.6557 1.2174 0.437722400615
1.891 1.5865 2.78113523763
-0.8901 1.5725 7.0971960414
-0.3498 8.6491 2.50905451714
-0.5074 6.145 5.50381415475
-4.1174 10.2995 0.760349735319
-4.04 9.5431 1.26500309881
-4.0428 10.8081 18.5279088361
-6.9538 29.1059 4.14632126348
-10.8797 30.4398 2.82912048701
-13.4525 31.6165 2.66360670708
-16.1087 31.418 2.37321312149
-18.4103 30.8394 4.99427711085
-23.4038 30.7513 0.798368198264
-24.1351 31.0716 1.79659439218
-25.668 32.0086 1.1183768998
-25.4705 30.9078 2.83336770646
-26.6171 28.3168 0.972719867177
-26.7708 29.2773 0.191820124075
-26.7358 29.4659 2.52297065579
-29.2571 29.3741 3.68434917048
-32.573 30.9801 3.46213428394
-35.7152 29.5265 2.87728835017
-38.2376 30.9108 1.50188414999
-38.3204 32.4104 3.58292694316
-41.7402 31.3416 1.77424519162
-43.4616 31.7714 8.12541887228
-50.3604 27.4785 2.47704240779
-48.0108 20.9556 7.24712171072
-41.0193 19.0478 0.887734701361
-40.3444 19.6245 1.10489795456
-39.3937 19.0615 9.79198905688
-36.0857 9.8452 0.447258426416
-35.6858 10.0455 1.10112964269
-35.1926 9.061 0.558634406388
-35.4348 9.5644 8.18909610702
-35.254 17.7515 0.734760505199
-34.5252 17.6581 8.29301247195
-31.7557 9.8412 16.173217763
-23.4902 -4.0604 19.2031861367
-13.2958 -20.3342 1.19946216697
-12.1108 -20.5199 0.587268975853
-11.5491 -20.6913 1.32192749045
-10.2336 -20.8215 1.5063645807
-8.9025 -21.5267 4.43347570423
-4.6254 -20.3596 12.2765124433
1.9282 -9.9787 0.837064680894
2.245 -9.2039 1.11163584415
1.8926 -10.2582 9.94222033803
-1.4925 -19.6064 2.62873645693
0.9531 -20.5704 3.30342156105
3.6286 -22.508 0.619535802032
4.0617 -22.951 3.16594510376
6.2659 -25.2236 0.558580522396
6.6123 -24.7854 0.732112245492
7.3368 -24.8907 1.9535271306
8.8003 -23.5967 1.07447444362
8.4401 -24.609 0.847310834346
8.7563 -23.8229 0.553631375556
9.1136 -24.2458 0.444862990144
9.0736 -20.7781 9.0423088379
16.424 -15.5117 0.564123000772
16.8764 -15.8487 0.675564415878
17.4902 -15.5665 1.17669930314
17.8132 -14.435 1.76526747265
19.5562 -14.1555 1.51957926085
13.4004 -34.0 10.9757220555
18.4294 -24.2442 5.99160201699
14.5607 -28.8194 0.237626787211
14.3764 -28.6694 0.726944028107
14.9853 -28.2723 4.86376371137
12.3041 -24.2143 1.14529413253
11.4614 -23.4387 2.94640178014
9.2081 -21.5403 2.46237790763
7.5945 -19.6803 1.66958925787
6.4795 -18.4376 1.79429503148
5.261 -17.1205 0.772870855965
6.0016 -16.8995 1.50588973036
5.1874 -18.1663 13.6743276252
-4.7998 -27.5067 7.97711031953
-10.2694 -33.3134 4.02292846817
-14.2519 -32.7445 0.89834544024
-15.1497 -32.7758 0.688282216827
-15.8292 -32.6662 2.152324325
-17.9132 -33.2042 5.31379271331
-23.0612 -31.8872 2.61326098964
-25.5282 -32.7492 0.661264394928
-26.1824 -32.6528 1.49765262995
-27.5932 -32.1502 1.95771879748
-29.5427 -31.971 0.956312177064
-30.3774 -32.4377 2.04606702725
-32.2762 -31.6755 2.58204618278
-34.8157 -32.1423 1.70662709752
-36.4663 -32.576 11.686398132
-48.1282 -31.8197 3.14933557596
-49.2081 -28.8613 1.95485025769
-48.4073 -27.078 2.72495628222
-50.8966 -25.9695 0.864349292821
-51.4303 -26.6494 0.98785331401
-50.5012 -26.985 4.10035603454
-46.4031 -26.849 2.858420291
-44.2447 -24.975 1.40531118974
-46.6001 -14.4349 0.299620776983
-46.8995 -14.4464 0.553249392227
-46.4203 -14.7229 0.0
-46.4203 -14.7229 1.19102554968
-45.6438 -15.626 1.49664801473
-46.458 -14.3702 2.41255778169
-44.4512 -15.7093 8.32026362864
-35.4023 -14.9649 8.81873265328
-27.4608 -11.1305 1.00478033918
-27.356 -10.1312 12.5271485123
-32.4468 1.3149 3.32224698811
-34.1175 4.1865 11.8777736891
-39.8316 14.5995 4.73033595636
-44.5561 14.3646 1.82883946261
-46.3348 13.9393 3.4246626885
-49.7225 14.4411 0.989912975973
-50.1622 13.5542 1.05715968519
-43.0187 -4.4201 4.95451919867
-39.9042 -0.5669 1.13624186246
-38.7716 -0.476 1.17503074428
0.0 0.0 9.02825186235
-3.6015 -8.2788 0.448402051735
-3.8273 -7.8914 7.39725404863
-8.3084 -2.0059 0.384590288489
-8.0921 -2.3239 1.60743127069
-8.8748 -0.9199 0.268162823672
-8.7755 -1.169 5.02800996121
-12.2939 2.4229 3.41438431639
-8.9038 2.8294 9.17947467179
-14.9608 -4.0681 0.681874365261
-14.3232 -3.8264 3.2179681866
-11.1054 -3.7935 11.216534554
-2.9206 -11.4629 1.54551852787
-2.461 -12.9385 16.0821502259
4.5485 -27.4127 2.25049942235
6.2511 -28.8844 2.33675533165
8.4373 -29.7096 3.60633085837
10.7674 -32.4621 4.09971116666
14.8165 -33.1043 5.92721284669
20.7408 -32.9185 4.79014903004
25.4945 -33.5083 2.60136392687
28.0853 -33.2741 2.08984325967
30.1604 -33.5219 2.35492298813
32.4512 -32.9761 3.19510840035
35.6157 -33.4173 3.07006779893
38.0759 -31.5808 3.86184317134
41.0861 -34.0 6.75655641063
42.1023 -27.3203 1.29554966327
43.289 -27.8401 1.64436456116
43.499 -26.2092 1.55779230002
42.2799 -25.2394 11.9438160255
40.1729 -13.4829 5.97377100415
42.4864 -18.9905 1.6728034493
41.7851 -17.4718 4.36522281791
40.2439 -13.3877 3.00796883295
41.0566 -16.2838 0.347067327762
40.9879 -16.624 1.04067658761
42.0249 -16.7114 0.961545136746
41.8926 -15.759 3.00797979548
40.6964 -12.9991 8.56453327683
38.1269 -4.8291 0.997893406131
37.2156 -4.4225 0.805796010166
38.0003 -34.0 15.5872304355
38.5594 -18.4228 0.327205516457
38.6381 -18.7404 7.40070940721
38.6499 -26.1411 1.36956288282
37.3831 -26.6616 4.25422118019
35.0523 -30.2205 3.49980333305
32.4347 -32.5436 4.32072223245
28.1141 -32.5111 3.27548341012
24.843 -32.6805 16.2197032852
8.6951 -31.156 2.30534705847
6.5592 -30.2885 3.44924492172
3.123 -30.5882 4.45962736672
-0.5522 -28.0621 5.19659766867
-5.3039 -25.9583 2.61155638078
-7.5566 -24.6371 3.7319146748
-9.3581 -27.9054 3.63971933259
-11.9612 -30.4493 2.70017233709
-13.8028 -32.424 2.93402496581
-16.6933 -31.9205 0.447255911084
-17.1392 -31.8857 4.7010378301
-21.662 -33.1679 3.25934742548
-24.8628 -32.5529 2.9449705771
-27.6937 -33.3646 2.62937230913
-30.323 -33.3841 1.66042156695
-31.7077 -32.4678 2.75543765671
-34.2039 -33.6346 0.859152698884
-35.0495 -33.4826 12.1923656548
-47.106 -31.6675 2.63979091975
-47.7529 -29.1082 2.59494834245
-45.1582 -29.1441 9.73028205192
-36.7262 -34.0 19.4983811525
-26.5576 -17.3631 1.54290336703
-27.7618 -16.3985 2.40832000573
-29.4472 -14.6782 2.7410030664
-29.4513 -11.9372 2.05044610024
-31.1052 -13.1492 1.44035947249
-32.1781 -12.1882 0.948846383773
-32.4146 -13.1071 1.52372092589
-30.9285 -12.7706 0.416937525296
-31.0562 -12.3737 0.393170967901
-31.0852 -11.9816 0.768176757003
-31.1725 -11.2184 0.0
-38.3234 -7.9957 0.589796117315
-38.8895 -7.8302 0.755235837338
-38.1801 -8.0893 15.5797527734
-22.6713 -6.6041 1.61840725715
-21.0531 -6.5782 6.87559347984
-14.363 -4.9919 2.85675579985
-11.7937 -6.2408 0.869629099099
-10.9303 -6.1369 1.44010272203
-9.5391 -6.509 2.04885891413
-7.5045 -6.7503 15.4088646752
-2.5798 -21.351 0.805507945336
-1.8855 -21.7594 0.671602211134
-1.3788 -22.2002 2.1650110323
0.3358 -23.5221 5.16291259271
5.477 -23.0491 0.868377636746
6.3066 -23.3057 1.82368138116
8.1253 -23.4404 0.767633688682
8.0231 -24.2012 3.96030098982
11.5188 -26.0624 3.20891477138
14.5193 -27.2 6.36057220225
19.585 -31.0465 0.738125199407
20.3034 -31.216 2.02438660833
22.2817 -31.6455 1.14044223878
23.3006 -32.1578 1.78350944208
24.7194 -33.2385 0.368603703183
24.9507 -33.5255 0.246115623234
25.1888 -33.5878 0.534864057495
25.7204 -33.6468 0.132947658874
25.8512 -33.623 0.0868167034619
25.9295 -33.5855 0.133583531919
26.0505 -33.5289 1.13407837913
25.0189 -34.0 6.17239040405
29.538 -29.7957 2.92433503211
32.0373 -31.314 9.45924170587
40.3822 -26.8598 4.45925945421
39.441 -22.501 2.00768163064
40.5742 -20.8437 1.48966394197
42.0021 -21.2682 0.137921028128
42.0635 -21.1447 0.931455168003
41.7038 -20.2855 2.68431250789
39.4738 -18.7913 0.717984686466
38.7562 -18.8148 0.87668160697
38.6404 -19.6838 0.999038102376
39.1176 -18.8061 8.52376846471
39.9704 -10.3251 0.254443549732
39.823 -10.5325 0.307984739882
39.5578 -10.6891 0.218277186165
39.3671 -10.7953 0.10313641452
39.2667 -10.8189 0.443502536633
39.2652 -10.3754 0.797590997943
39.0116 -9.6192 0.515878483754
36.5181 -17.2372 0.528712369819
36.321 -17.7278 1.82552769631
34.5281 -18.0714 1.20748747406
35.3487 -17.1856 1.10399694293
34.2996 -17.5294 2.05714915599
32.6769 -18.7938 1.23517312147
33.8961 -18.9918 0.520430792709
33.9631 -18.4757 1.54940476313
32.5597 -19.1323 17.9016744882
16.4239 -26.8851 4.5990149217
11.8279 -27.0516 4.58708148282
7.3397 -27.9989 1.78487082166
5.5549 -27.983 1.93465935244
3.6265 -27.8275 4.90058462839
-1.2642 -27.5164 6.3229889293
-7.0516 -24.9696 1.54943476468
-8.5919 -24.8016 1.26340447997
-9.8467 -24.6544 2.4089971897
-10.6212 -26.9355 2.73051672949
-12.9643 -28.3375 2.75111359271
-14.5949 -30.5533 3.4558624336
-17.4203 -32.5433 4.44003126566
-21.8353 -32.0725 10.717188371
-22.574 -21.3808 3.0894636978
-24.7865 -23.5371 7.06620349339
-31.831 -24.0905 15.2227682795
-47.051 -23.8002 4.75110936309
-48.5977 -19.3079 3.33483551918
-50.7152 -16.7316 2.32665542142
-50.8081 -14.4068 18.5754756025
-32.435 -11.6723 0.847687896575
-32.0936 -12.4482 1.36754077087
-32.381 -11.1112 13.5115508366
-32.579 2.3989 31.7927605863
-29.0933 34.0 17.5519689522
-40.9871 17.833 10.5943882074
-33.4814 10.356 0.511059575783
-33.3179 9.8718 1.45066484758
-33.7746 11.2487 4.1002823415
-30.2088 9.2245 1.77221962804
-28.4368 9.1966 11.3524699167
-32.7904 -1.2879 1.00956432683
-31.8426 -1.6356 10.6346865276
-22.9903 -7.5291 1.21779220313
-22.177 -8.4355 15.5225197107
-12.9266 -20.9006 1.11242743584
-12.9744 -22.012 1.01346907205
0.5137 -4.6038 0.175752610222
0.6894 -4.6081 3.06240543691
-1.6971 -2.689 2.62542720333
-3.5035 -0.7838 2.45976219989
-5.4443 0.7274 0.792278385418
-5.9733 0.1376 3.24044975428
-5.3764 3.3226 2.61530590945
-5.4164 5.9376 2.47667319604
-7.513 7.256 0.686659420674
-7.1634 6.665 1.26323271807
-7.7633 7.7767 19.6392498851
-15.3712 25.8825 10.0123155404
-23.4254 31.8303 7.09634454138
-30.4682 30.9602 6.93090127761
-37.3856 30.5278 11.6825185217
-48.2107 26.1348 3.33524259088
-50.1832 22.652 1.11614071693
-49.6525 23.6339 11.8959305521
-47.5862 11.9188 0.667148656598
-47.7819 11.281 8.55371510222
-45.0526 3.1744 14.4398279301
-35.6633 -7.796 18.9436346692
-20.9431 -19.7198 2.70740293455
-19.1383 -21.7379 0.222720475035
-19.2723 -21.56 0.85013606558
-19.128 -20.7222 16.310195451
-9.2973 -7.7076 0.222307107399
-9.1154 -7.8354 13.458193829
-12.0169 -20.9771 0.66941159984
-11.5186 -20.5301 13.5892565683
-3.3038 -9.7049 0.360054509762
-2.9527 -9.7847 0.0863863993925
-3.0117 -9.8478 11.7849747093
-7.215 -20.8577 0.627175294475
-6.6999 -21.2155 3.19868825771
-3.6288 -20.3211 0.733357170825
-2.9231 -20.5206 2.53613942243
-0.5812 -21.494 3.28745262171
2.7033 -21.3547 2.97367720676
5.651 -20.9625 0.942431031959
6.5633 -21.1989 1.6018382565
7.9849 -21.9371 0.334081247603
8.3097 -21.8589 1.68453021641
9.9879 -22.0048 0.938673628052
10.9096 -22.1825 0.390050048071
11.2844 -22.0745 0.306801727505
11.5345 -22.2522 0.726605649579
12.2421 -22.0871 1.01626753367
13.2572 -22.0384 3.21274686989
16.4538 -21.7167 0.691728053501
17.1381 -21.6156 0.549911356493
17.684 -21.5493 1.53748703084
19.0234 -20.7944 0.546186973481
19.5649 -20.723 0.452083056528
20.0154 -20.7608 0.485766795901
20.4927 -20.8511 0.849167339221
21.3038 -20.5997 0.395068918038
21.6926 -20.6698 0.0
21.6926 -20.6698 0.995408102237
22.6674 -20.8713 0.955077761232
23.5911 -20.6285 0.323537710321
23.8334 -20.8429 1.57441337647
25.2506 -20.1571 0.251237915132
25.4913 -20.2291 0.245528511583
25.5372 -19.9879 0.503422059509
25.8381 -20.3915 0.413202045009
26.0314 -20.7567 9.43429541619
26.5684 -11.3377 0.740974122355
26.9873 -10.7265 0.808462305862
26.3622 -11.2392 13.0375430968
15.6896 -18.7274 1.74541444076
14.6295 -20.114 8.96153582875
7.6475 -25.7319 2.3412218434
5.7371 -27.0853 1.83881257337
4.0143 -27.7281 0.990756221277
3.0476 -27.9451 2.70680450162
0.3411 -27.9045 0.517746366477
0.5398 -27.4264 1.17582373254
0.9677 -28.5216 0.69441576163
0.3728 -28.1634 13.1130574452
-3.9312 -15.7768 0.548975236236
-4.2322 -16.2359 10.9811247001
-3.269 -27.1747 10.5696370595
-6.4236 -17.0868 0.644780001241
-6.871 -17.5511 9.33471341285
-8.7873 -26.687 1.25208153888
-9.162 -27.8817 1.13358081318
-9.0659 -26.7522 8.23281147908
-10.6153 -18.6665 0.503976556994
-10.5912 -19.1699 8.6289079958
-12.307 -27.6265 0.767512508041
-12.1723 -26.8709 0.912496142458
-12.7062 -27.6109 1.0669092042
-5.0592 -24.0732 1.28755460078
-4.6854 -22.8411 0.997352821222
-3.713 -23.0628 0.237767323238
-3.7279 -23.3001 11.2495187853
-0.2546 -34.0 11.337049973
6.4007 -24.822 0.420451245687
6.0118 -24.9818 5.56586787482
2.79 -29.5204 2.91122524378
0.9759 -31.7973 3.51800185617
-2.5276 -31.4782 3.96355132299
0.3277 -28.7292 6.2267767368
-5.0921 -31.7949 6.33562629738
-11.4274 -31.7306 0.228832362222
-11.3386 -31.5197 3.17656651119
-14.512 -31.3779 1.19316000603
-15.6574 -31.0437 2.12838587902
-32.4925 -16.5545 0.634288617271
-31.9987 -16.1564 0.581791337165
-29.2865 -34.0 16.0742489482
-45.1064 -31.1518 3.5112134384
-45.9555 -27.7448 3.21781635585
-49.0106 -26.7345 3.7143296165
-51.0391 -23.623 1.78782084673
-51.6514 -21.9433 11.5078516488
-43.616 -13.7054 8.10843557907
-39.3387 -6.8169 1.58352849674
-38.0882 -5.8454 15.0397504225
-23.2551 -3.3608 0.538427376719
-22.7253 -3.2648 0.539644262454
-22.349 -2.878 22.0320237368
-20.6127 19.0855 3.20988811331
-17.4788 19.7798 2.84282072949
-14.6539 20.0985 1.06829009169
-13.5865 20.1421 0.465156500546
-13.1264 20.0737 0.423206639834
-12.7395 20.2452 2.22541680815
-10.5229 20.4431 0.586724134496
-9.949 20.5651 2.34856848527
-7.6027 20.6683 3.90309407522
-3.7187 21.0539 3.89547004866
-0.0618 19.7116 1.08145169564
-0.2374 20.7787 0.601960006977
0.1882 20.353 2.33893275235
2.4341 19.6999 0.93008593689
3.2494 19.2523 1.95292472461
11.6885 31.0862 1.04559212889
12.6702 31.4461 0.550867361531
12.2555 31.8087 14.1723908205
-1.8691 30.6458 0.286715974442
-1.907 30.93 0.479650132909
-1.469 31.1255 3.29971155255
-4.7667 31.2407 2.43326298003
-7.1984 31.3279 2.63553064486
-9.8141 31.6506 2.90828474019
-12.3498 33.0748 2.60132273469
-14.9477 32.9414 1.7744154784
-16.5854 33.6244 1.34464822537
-17.9243 33.7486 5.2918029763
-23.1936 33.2611 0.673949033681
-23.8203 33.509 0.566216963716
-24.2365 33.8929 1.48687705275
-22.8614 33.3273 0.420722830376
-23.2131 33.5582 1.78456157081
-24.9879 33.7446 1.32956086735
-26.2806 33.4337 2.80850886593
-29.082 33.234 1.39790661348
-30.4799 33.2383 2.09817908912
-32.5706 33.4153 1.53881223351
-34.1028 33.5578 0.662014388061
-34.7645 33.5782 1.006242595
-35.7485 33.7886 1.30240847663
-34.4905 33.4514 12.2289603029
-23.517 28.0542 12.9534131602
-19.0655 15.8897 9.83284837928
-18.6145 25.7122 0.431183510816
-18.2454 25.9351 1.52474415231
-18.2086 24.4108 9.24160707074
-17.1476 15.2303 0.853946467877
-17.43 14.4244 1.34010867097
-17.4845 15.7634 9.07258694585
-15.7575 24.6701 1.04789150679
-14.77 24.3195 0.270446889426
-14.5206 24.2149 0.868911002347
-14.9554 23.4626 1.40045375861
-16.1257 24.2318 0.352721037082
-16.171 24.5816 1.49486995421
-14.8697 23.8459 24.5443213964
7.1287 12.9604 0.598727483919
7.1089 12.362 6.10097970657
1.0352 12.9383 0.789798518611
0.6143 13.6066 3.11307123272
-2.4072 14.3561 0.862952009094
-3.0251 13.7537 0.744364379857
-2.8174 14.4685 1.27470720167
-2.9245 13.1983 0.786993672147
-2.1497 13.0603 1.40299709551
-2.7039 14.3492 15.1727784341
-8.9269 28.1871 0.294136464927
-9.1954 28.067 1.29033293766
-8.2929 27.1448 5.70335503016
-3.7865 23.649 0.314976205451
-4.0689 23.5095 6.87553823711
-10.0623 26.8788 1.19114457981
-11.0508 27.5434 1.07317333176
-10.0658 27.1174 1.39450080674
-10.4577 28.4557 0.587664504628
-9.8878 28.3123 1.27055375723
-10.2697 27.1005 8.48714098622
-17.3901 22.4819 7.25319794091
-10.147 22.0993 10.8405055832
-9.6631 11.2696 13.4559160316
-3.1692 -0.5156 0.563864673481
-3.0368 -1.0637 11.2438093318
-14.1323 0.7565 0.754487938936
-13.7025 0.1364 9.07473025164
-5.6408 -4.0301 4.2717476248
-1.9732 -6.2202 5.41097085928
0.611 -10.9742 0.793071730678
0.3141 -10.2388 1.21692564276
0.7232 -11.3849 17.2476350843
8.1524 -26.9505 0.869360276295
8.6151 -27.6865 2.85848727826
10.8165 -29.5099 3.76146058865
13.2989 -32.3359 4.07734832091
17.3167 -33.0302 0.407320966806
17.1716 -32.6496 1.94349301259
15.3881 -31.8774 0.361564710667
15.5583 -31.5584 0.542673474568
16.0848 -31.4269 0.341100586338
16.3704 -31.6134 0.612606864147
16.889 -31.9395 0.916302706533
17.1861 -31.0727 16.1254261305
14.1436 -15.2369 8.61277432887
20.5236 -21.0227 0.283077816157
20.7212 -21.2254 0.597188822735
21.2312 -21.5361 0.405766262767
20.9361 -21.2576 0.603042162705
21.0837 -20.6729 0.705061713611
21.7886 -20.6578 0.966710509925
22.5006 -21.3117 0.46648949613
22.6524 -20.8706 1.20464774934
22.0662 -19.8182 0.294630701048
22.3416 -19.9229 1.45823498792
23.3984 -20.9277 9.77606622983
31.3546 -26.6084 5.20865934862
36.3316 -25.0723 4.79092748119
40.4214 -22.577 1.54136543363
40.7982 -21.0824 2.63621424205
47.0 -9.16 17.3856584279
41.0256 -25.4869 0.897220469004
41.8412 -25.113 1.10143343875
40.7401 -25.0859 30.0766632486
11.3712 -31.5723 1.36287556292
10.0136 -31.4525 3.26418074254
6.937 -32.5431 1.71890893592
5.3402 -31.9068 2.9486672057
