0.0 0.0 8.97302906493
-3.2272 -8.3726 0.397611493798
-2.8369 -8.4485 1.6155138161
-2.2561 -6.941 6.11153095795
-0.674 -1.0378 7.33203410044
-4.4379 -7.33 8.98602022032
-6.9947 1.2846 1.12660607579
-7.5216 0.2888 8.08229827957
-9.5898 -7.5244 1.15472213541
-9.9678 -6.4333 8.4693994858
-13.3641 1.3253 0.759758047012
-13.3443 0.5658 6.58361498343
-15.1258 -5.7722 1.36725729108
-13.8649 -6.3009 0.295054469548
-13.6664 -6.5192 0.87397036563
-12.9916 -7.0746 2.46685450118
-11.7249 -9.1914 1.14393218768
-11.2162 -10.216 1.29601475686
-9.9889 -10.6324 1.37816031361
-11.2478 -10.0716 5.92626822292
-10.8199 -15.9824 2.18999535388
-8.6397 -16.1893 1.49367355202
-9.8625 -15.3315 0.785473646916
-9.3754 -14.7153 5.34532608734
-14.7207 -14.6986 0.876633817509
-14.0148 -14.1788 0.336264196726
-14.3403 -14.0944 0.891300695613
-13.4505 -14.1461 1.15606079425
-12.3575 -14.5227 0.519197004999
-11.8572 -14.3839 1.64676085999
-10.2229 -14.5861 2.50068100325
-8.2237 -13.0839 9.02391379668
-10.7907 -4.4328 12.3789508073
-1.1442 3.325 0.494162979188
-0.7166 3.5727 0.437608329445
-0.2918 3.4676 1.41617722761
0.8207 4.3439 2.04419193326
2.8342 4.6968 1.20557133758
3.1031 3.5216 0.705468581866
3.4935 4.1092 21.2199607797
7.9417 24.8577 4.842973601
10.3774 29.0436 0.792242645911
11.0489 29.464 4.76137269808
15.3248 31.5586 3.0209897931
18.1091 32.7308 0.905131841225
19.0089 32.8289 1.09862432159
20.1073 32.8067 2.59746530487
22.6174 33.4747 1.737235577
24.347 33.312 0.871613704573
25.2184 33.3313 1.74562889813
26.9568 33.49 0.89254997059
27.5084 32.7883 3.0347120127
30.541 32.9015 1.71584122809
32.2344 32.6249 3.8287828105
36.0214 32.0608 1.46099610198
37.3599 31.4752 2.38892220468
39.569 30.5659 2.30167419284
40.157 28.3406 0.449982944121
40.2251 27.8958 0.354481325319
40.2956 27.5484 0.59694325526
40.1871 26.9614 0.382686986975
40.2064 26.5792 0.590141084826
40.2339 25.9897 0.275155119887
40.1892 25.7182 0.199251223334
40.16 25.5211 2.42058896965
41.3586 23.4181 6.54792613886
39.862 17.0435 10.8357804121
41.7965 6.3818 0.77149057026
0.0 0.0 5.92912360893
1.9031 5.6154 0.806584366325
1.0978 5.5699 2.68030444913
-1.5767 5.3936 0.746267277857
-2.3141 5.5083 1.69365193886
-3.9826 5.7991 1.30630154252
-4.373 7.0457 1.61136628362
-5.8407 6.3806 0.5301769233
-6.0688 5.902 1.52671627358
-4.8161 6.7747 0.509636978643
-5.2213 7.0838 0.238440202147
-7.6783 14.1975 0.546303541998
-7.1473 14.0691 7.08700467969
-13.8015 16.5078 3.39422241169
-10.5388 15.5721 1.411031573
-9.7677 16.7538 2.55961709832
-8.7977 19.1225 0.96997651518
-8.3415 19.9785 1.80321974257
-7.9115 21.7297 1.0974976082
-9.0065 21.8037 0.547350436192
-8.482 21.9602 1.32869297055
-7.2394 21.4897 16.0103513394
6.6907 29.3817 2.73353047907
8.5409 31.3939 1.64293057674
9.6671 32.5901 0.311562979187
9.4386 32.8019 1.42612225633
10.5473 31.9049 1.00860906203
10.6643 32.9067 0.522942157413
10.995 33.3118 0.157220005088
11.1208 33.2175 0.493524599184
11.609 33.1452 1.92621623916
12.234 31.3232 0.497718012533
12.7301 31.2831 3.02719332881
15.1928 33.0435 2.69871786595
17.4984 31.6409 1.07914336397
17.6416 32.7105 1.79172244781
19.0634 31.6202 0.62714727138
19.5141 32.0563 1.5402796759
20.8053 32.8961 0.506508450078
21.0562 32.4561 0.917616810003
21.8981 32.8211 2.40935045189
24.2949 32.5755 0.637582575044
24.9164 32.7178 1.57128915862
26.4603 33.0099 2.61135325071
28.5019 31.3817 4.23292735822
32.567 32.5618 6.3324449441
38.8371 31.6754 0.617308067338
39.3424 31.3208 0.522256881238
39.7784 31.0333 2.15846080576
40.9508 29.221 0.423225046518
40.7546 28.846 0.641039569761
40.4609 28.2762 0.586089592127
40.521 27.6932 0.366583578465
40.5094 27.3268 0.537920812016
40.498 26.789 0.602277519089
40.4655 26.1876 0.640140429906
40.3964 25.5512 0.22262299971
40.331 25.3384 0.169149933491
40.2869 25.1751 7.49196224563
39.7542 17.7021 8.45491956969
40.678 9.2978 2.85855127294
0.0 0.0 5.81011034749
5.7936 -0.4377 2.88232982499
2.9785 0.1812 2.57072204837
1.6353 2.3731 2.79063391365
-0.9539 3.4141 0.787095045087
-0.9233 2.6276 1.08479971423
-1.4684 3.5655 20.1838540388
-6.5315 23.104 2.01546343306
-8.4653 22.5361 2.45269331552
-8.9946 20.1412 0.618258691811
-9.1712 19.5487 7.25758848241
-10.5329 12.42 1.051100685
-9.5457 12.7809 9.83698209412
-0.8323 17.3463 9.47063019286
-8.7358 22.5643 1.11577752711
-9.8001 22.8993 1.37016207071
-9.272 24.1636 1.29342346121
-9.544 25.4281 1.88092170225
-11.4242 25.4802 1.30669646437
-12.3548 24.5629 0.96855936834
-13.2058 24.1004 2.36693007079
-15.5544 23.8064 1.79500028412
-17.1943 23.0765 3.22574973921
-20.0 21.4848 1.22412948661
-18.7908 21.6754 0.702184000103
-19.3647 21.2708 1.24986937317
-20.0815 22.2947 2.90147982244
-20.6611 25.1377 1.57989484777
-22.0493 25.892 0.190356323772
-22.1201 26.0687 0.13037227466
-21.9899 26.062 1.10747916459
-20.9486 25.6849 2.21675343915
-21.7352 27.7574 0.217417938542
-21.6968 27.9714 1.19971527455
-20.7961 27.1789 3.22948867934
-23.5473 25.4876 1.77965372194
-24.9874 24.442 9.13054330585
-28.6733 16.0885 0.496849051524
-29.1096 16.3262 1.2800051953
-30.3769 16.1463 2.58288727009
-32.9318 15.7671 3.56648833588
-36.4562 15.2208 5.99816288042
-42.1975 13.4843 2.90972018586
-44.5259 11.7393 3.31023758966
0.0 0.0 8.79304507267
-2.9866 -8.2703 0.581641281203
-2.4163 -8.156 6.07979954439
0.0666 -2.6063 5.75564014511
-2.4666 -7.7745 6.65785548431
-3.2492 -1.1628 9.18846673281
-9.4373 5.6295 0.880884067287
-9.7158 4.7938 1.08058962146
-9.0711 5.661 3.36656400652
-8.4647 8.9725 1.41268561966
-8.5902 10.3796 10.8755995095
-7.2564 21.1731 0.731666980258
-7.988 21.183 0.945698921433
-7.0442 21.2429 22.4797473974
13.5621 30.2273 1.07971687493
14.5663 30.624 7.64927936083
21.697 33.3925 8.1120029894
29.8071 33.5682 9.92372093521
39.5185 31.5264 5.33956518454
41.9941 26.7954 0.515072548288
42.0683 26.2857 2.32184403654
43.1196 24.2155 0.934952373119
43.6991 23.4818 0.718495963802
44.209 22.9756 4.16763599418
46.9593 19.8443 4.33716840462
51.2312 19.0947 0.471881605914
51.5987 18.7987 0.232839537021
51.6567 18.5732 0.295283677165
51.69 18.2798 0.825065118642
51.7177 17.4552 0.933809514837
51.9891 16.5617 0.520385482119
51.9383 16.0438 9.14537122101
0.0 0.0 4.06412414304
4.0269 0.5488 1.29469633892
3.2175 1.5593 4.93013485617
-0.3086 5.005 2.69374615916
-2.8532 4.1211 0.9694288731
-3.7117 3.6708 2.03301791679
-14.8999 14.8994 0.95653945031
-13.9765 15.149 19.7176800512
5.6261 13.0218 11.4570606003
-2.3367 21.2594 0.711325586493
-2.9247 20.8591 1.30694561861
-1.746 21.4237 21.3375396
15.2191 28.8639 3.75307716414
12.3545 26.4391 3.0520501585
14.9756 28.0027 1.15287186625
14.4729 29.0402 12.2456213828
2.2402 29.6026 0.127214857623
2.1151 29.5795 1.09833992917
1.5257 30.5063 0.769642676831
2.2745 30.3284 1.32615836535
1.8096 29.0864 0.913552932238
2.5666 29.5978 1.34588102372
1.4889 30.404 1.03096293338
1.3525 29.3821 7.4137179829
6.2077 23.7794 0.298827374917
5.9953 23.9896 8.28606162239
-1.2411 28.0261 0.40399190586
-0.9722 28.3276 2.02859243073
-1.05 30.3547 0.214942434154
-1.2444 30.4464 2.86140288146
-3.6211 28.853 3.31985829216
-6.8519 29.6168 1.4191997252
-7.9794 28.7549 2.44308790263
-10.1073 27.5546 1.06739975642
-11.1133 27.1978 2.32293776499
-13.0858 25.9709 6.41340508155
-6.8433 24.5002 1.69844253656
-6.7384 26.1954 3.24753514223
-9.9045 26.9181 1.10770120971
-10.1156 28.0055 6.41738899242
-16.0928 30.3413 0.109553320351
-15.9871 30.3125 5.93731135532
-11.1749 26.8348 1.50668750576
-12.6581 26.5698 1.03505103739
-13.489 25.9526 0.824392728013
-14.1886 25.5165 2.37313316103
-16.1678 24.2071 1.34767479757
-17.5034 24.0271 7.81188411652
-19.4522 16.4622 2.64151693161
-20.8215 18.7211 8.99705930457
-23.6892 27.2489 6.55854130505
-29.0278 31.0586 3.39531504429
-32.2841 30.097 2.76821299939
-33.6441 27.6859 1.8392734272
-34.2526 25.9502 2.75490423246
-34.6244 23.2205 10.149133159
-25.1042 19.7033 3.52123129033
-23.9146 16.3891 6.89531909704
-29.5795 12.4579 0.96956271071
-29.3423 13.398 1.3120787362
-30.6392 13.199 8.66753545652
-30.3212 21.8607 0.837200005972
-31.1584 21.8606 3.66502171617
-31.5381 18.2153 2.63211798558
-31.8378 15.6003 13.9678590074
-28.0919 2.1441 2.27280017819
-29.7371 0.576 5.02270867361
-34.21 -1.7089 35.750203345
-51.5 -33.0 11.1679575684
-42.0304 -27.0797 19.7279410228
-29.4594 -11.8757 3.36796693867
-32.7141 -11.0096 2.74454175592
-34.2873 -8.7607 0.525536383136
-34.8105 -8.7112 1.41524423334
-36.0187 -7.9742 1.61103419268
-36.8853 -6.6161 0.120712054079
-36.8639 -6.7349 0.1388668787
-36.9824 -6.6625 0.870101430869
-36.1869 -6.31 7.28477010825
-28.9156 -6.7528 2.7715473007
-30.2776 -4.339 0.90977804436
-29.3979 -4.571 1.24951870734
-29.9539 -5.69 1.30858889648
-31.2302 -5.9789 0.693739461181
-31.9164 -6.0809 11.7376933211
-34.6485 -17.4962 1.23036697778
-35.0144 -18.6709 1.58295315471
-34.7689 -20.2347 6.48686482054
-40.2313 -23.7335 0.151926297921
-40.1937 -23.8807 0.107729893716
-40.126 -23.7969 6.8292423489
-46.7405 -25.496 0.507915869018
-47.0322 -25.9118 1.41695205988
-46.4605 -24.6153 12.7813359591
-41.7744 -12.724 4.97834182233
-36.8327 -13.3269 2.08897324301
-34.8563 -14.0034 0.556731218812
-34.3916 -13.6968 1.48137020694
-34.3279 -12.2168 0.958574029483
-34.9775 -12.9217 4.94501349644
-39.1837 -15.5219 1.11444625263
-40.2126 -15.9501 1.12083098637
-39.1177 -16.1898 23.7162137781
-16.1526 -22.1112 2.76867212396
-13.8373 -20.593 1.93338091436
-11.9773 -20.0654 11.1233936278
-2.1677 -14.8212 0.595512392818
-1.5962 -14.9886 0.541809348387
-1.0941 -15.1922 1.79048650372
0.6963 -15.1746 0.901806409381
1.5677 -15.4068 2.02421641383
2.9449 -13.9233 1.99425036041
4.5528 -15.103 1.44779011255
4.6342 -16.5485 8.99864732113
5.4047 -25.5141 3.93263102261
9.3123 -25.0711 1.93191149383
9.5164 -26.9922 2.40487816115
11.7145 -27.9678 3.12108886769
13.4629 -30.5532 1.23684817581
14.3675 -31.3967 0.452180074749
14.7726 -31.1958 0.291401389839
15.064 -31.1949 0.325031890743
15.3883 -31.1731 1.45035313286
16.7969 -30.8276 1.23499046555
17.8877 -30.2485 0.707767680811
18.4124 -29.7735 0.388963610123
18.7539 -29.5873 0.719444792879
19.3955 -29.2618 1.76063853474
20.9121 -28.3675 2.33386506894
22.8331 -27.0421 0.554302228031
23.3001 -26.7435 0.403693807235
23.6471 -26.5372 0.706971237039
24.3079 -26.2859 2.00533810117
25.9912 -25.196 1.44694332992
27.2292 -24.447 1.24313301782
26.6681 -23.3377 2.14992534987
28.5855 -22.3652 0.82207024639
29.189 -21.807 1.3586917016
30.3673 -21.1305 1.76012939581
31.8455 -20.175 0.585236533378
32.4303 -20.1524 0.688235308597
32.7543 -19.5452 6.08502708786
29.8122 -14.2187 8.18919030002
33.3026 -21.6268 1.24574319183
33.6487 -22.8235 0.581858444985
34.2289 -22.8674 0.889855566932
35.1106 -22.9876 0.46409423612
35.5661 -23.0765 1.93311360504
37.4916 -23.2479 0.565091585497
38.0559 -23.218 0.534784012476
38.5422 -22.9955 0.301040096997
38.7687 -22.7972 1.61772470464
40.1236 -21.9133 1.08719781549
40.4246 -22.958 0.357618302104
40.4843 -22.6054 14.128352462
40.3291 -8.4779 0.624017507767
39.9718 -8.9895 1.24255234095
0.0 0.0 7.42227700507
3.6787 6.4465 7.10179794982
-2.8207 3.5841 1.1588339139
-1.7055 3.8991 0.208917830737
-1.733 4.1062 6.26947724216
3.1762 0.2067 0.593119380901
3.6046 0.6169 7.08792401906
8.7007 5.5432 8.42909624396
5.5842 13.375 17.0689483991
-14.2737 11.6615 1.02750650606
-15.2096 12.0856 0.787267864199
-14.5333 11.6826 7.27464859632
-8.5747 7.5094 13.4214486495
-1.433 -3.8542 18.14733648
3.8786 -21.2068 18.2076243865
-10.6696 -10.2584 1.0547762796
-10.552 -9.2102 1.08251474355
-10.0229 -10.1546 13.4971361259
-5.0727 -22.7112 1.85474468324
-3.2217 -22.5934 1.9157557908
-1.4717 -23.3729 4.04891704163
1.6643 -25.934 10.4347858493
10.7927 -30.9894 2.54386573545
13.0629 -32.1372 3.11450266495
15.8711 -33.4841 1.36098594041
17.2303 -33.5538 0.716802134483
17.947 -33.5659 1.11208406157
19.0584 -33.5269 1.31092640907
20.301 -33.1092 2.34587604958
22.645 -33.203 1.9846519317
24.6277 -33.291 0.804878636814
25.4288 -33.3689 1.31053445586
26.7378 -33.4323 2.71419138971
29.3817 -32.8186 2.27887783788
31.6209 -32.3952 0.739911001405
32.2932 -32.0862 2.86703630427
34.8973 -30.8868 4.2780723007
39.0038 -29.6874 0.659163902228
39.3194 -29.1087 0.556600251527
39.6814 -28.6859 0.356997703074
39.7754 -28.3415 0.274072417437
39.8542 -28.079 0.412535440902
39.9477 -27.6772 0.935952830008
39.8828 -28.6109 0.501299630959
39.9264 -28.1115 8.61485502432
38.6369 -19.5937 12.910238523
38.7653 -6.6841 1.21288667649
0.0 0.0 5.51753525498
5.47 -0.7227 1.28860343783
4.2059 -0.4726 3.36492126802
0.8444 -0.6243 3.59921272781
-1.8157 -3.0488 0.910861932457
-1.0818 -2.5093 0.967338766927
-1.2208 -3.4666 0.950702103711
-2.1715 -3.4686 0.346639207246
-2.146 -3.8143 0.54262858384
-1.6063 -3.758 0.422839780532
-1.1835 -3.7638 0.177957438732
-1.2284 -3.936 0.165661884572
-1.2653 -4.0975 1.66003031599
-2.9241 -4.0336 0.698866403542
-2.8461 -3.3391 1.27269540739
-10.0953 -23.9233 13.9701858173
-7.9917 -10.1124 0.341048999412
-2.7102 -6.7175 0.76570180227
-1.9588 -6.8648 1.33618982559
-3.2453 -6.5038 0.177083172549
-3.2959 -6.3341 1.36999490875
-2.4661 -7.4242 0.339468673076
-2.1658 -7.5825 1.67170538373
-1.8766 -5.936 10.7664685673
-8.4616 2.5819 8.09596388332
-7.5964 -5.4677 0.867183054493
-7.9995 -4.6999 7.99883707798
-11.7883 2.3447 0.376434323621
-12.1517 2.2465 6.28386546641
-11.9371 -4.0337 0.689103838329
-11.3508 -4.3958 2.80585154632
-11.0857 -7.1891 2.48931433331
-9.9841 -9.4214 0.424663631596
-9.7329 -9.7638 0.683361727052
-10.0431 -10.3727 0.340791211741
-9.8723 -10.6676 1.93991060619
-9.1733 -12.4772 1.39810772475
-10.2728 -13.3408 0.635750462053
-10.548 -12.7677 1.26787199669
-9.6716 -13.6839 1.47310354354
-9.4927 -12.2217 15.9932904135
-13.8326 3.1715 1.35905067602
-12.7371 3.9758 1.27819064697
-11.4669 4.1185 2.26041658329
-9.8186 2.5717 0.889739158405
-9.1007 3.0973 0.301350825451
-9.3971 3.1517 0.079659588249
-9.3217 3.1774 0.147351620283
-9.1744 3.1735 7.53793803437
-14.5478 8.46 2.12338187804
-12.4714 8.9042 0.864313669914
-11.6088 8.8498 0.961741675295
-10.8679 8.2366 1.36448174044
-9.524 8.0005 1.54415597982
-11.0628 8.129 19.4822876863
-12.1523 -11.3228 1.26875643841
-11.5956 -12.4629 18.3778161978
0.1888 -26.5651 2.76511290547
2.9155 -26.1058 3.21967613278
4.1207 -29.0914 0.479862167711
3.8024 -29.4505 4.19933968619
7.561 -31.3233 0.52072582037
7.9937 -31.613 1.18280076513
8.9458 -32.3148 0.199948493368
9.1454 -32.3266 0.504545508354
9.6473 -32.3782 0.567421791968
9.5766 -31.8152 0.403483741928
9.1963 -31.6804 1.38217142569
10.5216 -32.0728 0.103391924249
10.5883 -32.1518 0.0822645123975
10.5935 -32.2339 0.338111298244
10.9062 -32.3625 0.754954104565
11.6139 -32.6254 0.546156204762
11.7383 -32.0936 0.195218467364
11.9334 -32.0868 1.37579677642
11.6713 -33.4374 0.476071003108
12.1079 -33.2476 1.08432355411
13.1165 -32.8495 0.773716291673
13.6634 -33.3968 0.600109431687
14.1856 -33.1011 2.77884445229
16.9616 -33.2268 0.752064631531
17.398 -32.6143 0.418796716797
17.805 -32.713 0.327250974025
18.1184 -32.8072 1.59891216144
19.6093 -33.3849 0.408619688708
19.9751 -33.2028 3.22568902562
23.1788 -32.8268 1.93210414057
25.1109 -32.8228 3.07565324606
28.1101 -32.1413 2.24244857689
30.34 -32.3782 2.46520912906
32.7287 -31.7688 2.66267240569
35.3912 -31.7385 4.05382055104
38.9457 -29.7894 1.14460220601
39.5707 -28.8305 2.58508549955
40.4359 -26.3945 0.26687467096
40.4019 -26.1298 0.569539963479
40.312 -25.5674 0.314171481838
40.2586 -25.2578 0.22944755392
40.2173 -25.0321 1.22303570267
40.319 -23.8133 1.16700561267
39.2743 -24.3334 0.643102495719
39.3384 -23.6935 8.29948610578
40.0843 -15.4276 0.324441443099
40.1378 -15.1076 1.10786904009
40.3912 -16.1861 1.05714553397
40.886 -15.2519 6.91518500476
39.6609 -8.4461 0.946688090133
40.2454 -7.7014 0.306380188655
40.4295 -7.9463 1.25974437486
39.1925 -8.1846 0.435698255677
39.0961 -8.6095 1.21882747344
46.1003 -1.8582 0.556091593175
46.1634 -1.3057 1.29716689751
45.1434 -2.1071 12.9964740426
34.6389 -9.7598 5.08935329192
31.5362 -13.794 19.7618269006
15.9145 -25.8974 3.57094350837
15.0372 -29.3589 4.82110663645
10.233 -28.9555 0.740316236483
9.4933 -28.9857 1.73834177595
7.7576 -29.0815 2.72320407241
5.2785 -30.2084 5.895687479
0.9219 -26.2361 5.18120722709
-3.7918 -24.0853 4.22927238423
-5.0071 -20.0344 0.680289357553
-5.2496 -20.67 2.5094999203
-7.6045 -21.5372 9.83101071101
-2.1583 -13.3526 1.13843104754
-1.9946 -12.226 1.36650541528
-2.6298 -11.0161 1.42304358682
-3.9255 -11.6045 1.05046614415
-3.0389 -11.0411 1.49538891597
-2.9444 -12.5335 17.0705033048
-9.6862 -28.2163 3.62618391425
-13.1925 -29.141 3.33884391519
-16.2863 -30.3965 3.67028322749
-19.9359 -30.7856 8.59941641973
-12.7459 -26.0682 3.67823509852
-14.6959 -22.9494 1.72172054643
-16.0917 -21.9414 3.09954800898
-19.0672 -21.0733 2.6226091207
-20.4348 -18.8355 2.63225885125
-21.6077 -16.479 1.5751787835
-23.1093 -16.0032 1.295599205
-22.6454 -14.7935 1.58711971823
-24.2304 -14.7115 0.997958606356
-25.2041 -14.9302 16.9667953253
-33.2985 -29.8417 0.726212813162
-32.6908 -30.2393 6.11843833752
-29.482 -25.0298 0.124216102016
-29.48 -24.9056 3.04145576328
-30.4896 -22.0366 1.05631909005
-29.4447 -22.1915 3.29365718465
-31.3568 -19.5097 1.58922034973
-32.2542 -18.1981 2.86248391786
-34.1735 -16.0744 1.35522409955
-35.3791 -16.6934 1.65317266188
-35.564 -15.0506 5.29281878114
-35.5499 -9.7578 1.18031927884
-35.8935 -10.887 1.36776863906
-35.9963 -9.5231 0.546275580637
-36.2764 -9.9921 6.34448695877
-38.727 -15.8442 1.49246539993
-39.8362 -12.253 3.64773686688
-42.6271 -9.9042 9.98051332648
-32.7166 -8.7241 0.126543312743
-32.7755 -8.8361 0.523808944177
-32.2525 -8.8652 1.31173467592
-32.1956 -7.5547 0.935956110082
-31.8086 -8.4069 1.11927788328
-32.3433 -7.4236 1.08535624106
-32.7529 -8.4287 0.859557770019
-32.6645 -7.5737 0.569691319927
-32.6747 -8.1433 2.99943244798
-32.8073 -11.1398 1.66254948799
-31.6315 -12.3152 10.7084202999
-23.4531 -19.2278 0.848966389205
-22.6343 -19.4521 8.483312969
-15.2741 -23.6704 1.23623594026
-15.4592 -24.8927 0.668405513143
-15.18 -24.2854 2.65581647145
-13.0768 -22.6637 0.891123296744
-12.2101 -22.8709 2.22726401668
-10.0395 -23.3701 2.04171284955
-8.0139 -23.1141 0.470814188401
-7.5589 -23.2351 0.726001494489
-6.8533 -23.0642 0.995321279789
-5.86 -23.0008 0.728672086744
-5.1826 -22.7323 2.05160407974
-4.2713 -24.5704 1.9224042889
-2.5585 -25.4433 3.15321895846
0.3399 -26.6851 2.49451087791
2.2155 -28.3297 4.40313632994
6.4932 -29.3732 0.877538335345
7.1644 -29.9385 1.3097944877
8.3492 -30.4969 0.494459957934
8.7401 -30.1941 0.276526599082
9.0115 -30.2471 1.59135591556
10.4684 -30.8873 0.865692976753
11.1581 -31.4105 0.971274544091
11.9741 -30.8837 0.157342079559
11.9599 -31.0404 7.61064825097
16.5921 -25.0018 0.458590721668
16.8994 -24.6614 0.714250075254
17.39 -24.1423 1.30183876498
17.3056 -25.4414 4.36181422117
18.6287 -29.5977 0.654984587605
19.1147 -30.0368 0.950302778066
19.8443 -30.6457 2.8540235896
21.3555 -33.0668 2.25677758098
22.8552 -31.3804 2.40051328678
24.6554 -32.9684 2.43121798694
27.0851 -33.0543 3.32931326402
30.3651 -33.6252 2.0065895968
32.366 -33.4742 3.74585213937
36.102 -33.2027 1.81891504475
37.7505 -32.434 2.91975754644
40.3207 -31.0487 8.51122686808
37.3809 -23.0613 0.257036670536
37.6073 -22.9396 0.520832103465
37.6485 -22.4204 1.46142083261
37.4307 -20.9753 10.8109582947
0.0 0.0 3.93226869504
3.929 0.1603 2.51149321719
1.4257 -0.0424 1.0954774895
0.4584 0.4718 0.703394178253
-0.21 0.2527 3.17838100296
-0.3222 3.4291 0.8302602604
-0.7481 2.7164 0.887453029743
-0.9583 3.5786 1.2879888897
0.28 3.9329 0.934253910883
-0.4626 4.4998 1.28481032452
-0.728 3.2427 3.16211468799
-2.8441 5.5924 0.915385192146
-2.8739 4.6775 1.04013388561
-3.1324 5.685 20.8770244175
-9.4701 25.5768 2.2091045652
-10.2134 27.6571 0.252755573628
-10.0021 27.7958 3.4371060647
-11.7708 30.7429 3.17183957507
-14.2243 32.7531 3.04001908711
-17.2266 32.2757 10.1656635834
-17.6986 22.121 0.267143351031
-17.5612 22.3501 1.4292640134
-18.9831 22.2052 2.69167134138
-21.4361 21.0971 6.34125864005
-22.5894 27.3326 0.725206736042
-22.6878 26.6141 7.70229573699
-27.2699 20.423 3.12046369952
-30.186 21.5337 6.70051893214
-36.8574 22.1577 11.12195692
-47.9592 22.827 3.06595613798
-49.3832 20.1118 0.397816854847
-49.7372 19.9303 0.96475286991
-50.2261 20.762 13.3212541827
-42.2152 28.4714 0.107350733579
-42.2185 28.5787 1.5219416086
-40.781 28.0788 5.64715642425
-37.6978 23.3476 0.876654607015
-36.9727 22.8549 0.134835047373
-36.9847 22.9892 8.77844331189
-39.4584 14.5665 4.15060766876
-38.9305 18.6834 4.94759290666
-35.4024 22.152 0.392025522128
-35.19 21.8225 0.273902172317
-34.9168 21.8421 11.915462521
-9.5877 -9.9637 0.895790204233
-9.2757 -10.8034 2.4801884001
-11.2036 -9.2431 10.7550622165
-12.7018 1.4071 10.7426557001
-13.8511 12.0881 12.6450921456
-18.568 23.8205 0.291621004045
-13.9396 7.7688 0.583715444373
-13.729 7.2244 1.08586379441
-14.7587 6.8797 0.203463805135
-14.6993 6.6851 0.401636477427
-14.3024 6.7466 1.83061445968
-12.8523 7.8639 1.81537792484
-11.2993 8.804 0.355395047799
-10.9633 8.6882 0.407647114549
-11.2517 8.9763 1.21469245902
-10.3596 8.1519 0.27132948605
-10.0891 8.1731 15.5857850729
-2.1488 -5.2384 21.1591066546
1.7281 -26.0393 0.222268598772
1.5828 -26.2075 0.261883638282
1.3428 -26.1027 1.53845830948
2.8429 -25.7613 2.13145678821
4.7627 -26.6873 1.4658066073
6.0628 -27.3643 4.49246654412
9.265 -30.5152 1.35939885611
0.0 0.0 3.80371011514
3.789 -0.3342 6.04458073401
0.9061 -5.647 0.442427937635
1.3483 -5.6328 5.04972177451
-1.9647 -1.8218 5.85258866229
2.6654 1.758 5.23775106701
-1.2596 5.2262 0.638951907423
-0.9269 4.6807 1.07109563065
-1.161 5.7259 23.3317365877
-10.2268 27.2243 3.42789800461
-13.22 28.895 2.62565504208
-15.5766 30.0528 2.93978931558
-18.5047 30.3147 3.50662304219
-21.9247 31.0893 3.81266748091
-25.5863 32.1519 2.49355201269
-28.0105 32.7359 17.6846598986
-45.6823 32.0616 2.48588193002
-47.7087 30.6217 3.08317806978
-49.7585 25.5235 0.771895854374
-49.8049 26.294 8.03286964416
-41.9593 28.0184 0.803125507004
-41.418 28.6117 0.688464966429
-40.7304 28.6462 1.48775613929
-41.7036 29.7715 0.727880051932
-40.986 29.8934 21.2456244683
-19.7764 31.1301 6.97842064439
-13.1814 33.4114 7.60698450176
-5.5753 33.2954 3.8577692129
-1.7366 32.9123 4.12088306677
2.1456 31.5302 0.670221821489
2.8041 31.655 1.97989627254
4.7446 31.262 4.04667127032
8.4132 32.9699 0.88701887804
9.2977 32.9031 1.56395308433
10.827 33.2305 2.05462751125
12.8731 33.4175 0.844106924507
13.693 33.2168 1.17142549486
14.847 33.0155 1.57642886614
16.3899 33.3389 1.93566251449
18.3243 33.4088 2.99183900135
21.2473 32.7707 2.40098315279
23.6426 32.9358 0.831927791338
24.4745 32.9426 0.799120898238
25.2735 32.9287 1.19187852149
26.4139 32.5822 1.28079500702
27.6946 32.5978 1.04947284386
28.7436 32.6293 1.93414202167
30.6742 32.7463 3.18478096735
33.7876 32.0758 1.92721702203
35.608 31.4431 2.3101992663
37.7943 30.6967 0.641802344963
38.2843 30.2822 0.995314020799
39.0653 29.6652 0.52736834376
39.3152 29.2008 1.40896460211
40.1853 28.0926 2.72042480874
40.0778 25.3743 2.3686861337
40.3128 23.0173 0.719283643634
39.8664 23.5813 0.661944831538
40.135 22.9763 1.24177954968
40.6652 21.8534 1.5083217495
40.2351 20.4077 4.54440412375
40.3829 15.8657 0.839709294935
40.2486 16.6946 1.39106672737
40.3244 15.3056 5.75106180892
40.5927 9.5608 0.29583314554
40.3124 9.6554 1.01546156008
41.1237 10.2661 0.0
41.1237 10.2661 1.33581782066
41.3674 8.9527 0.615675515186
41.3459 9.568 0.617905275912
41.6281 9.0183 9.98548748585
31.9224 6.6711 0.819668933168
31.5604 5.9357 1.35392542261
32.9111 6.0291 0.430254076099
32.531 5.8275 1.42697364026
31.1194 5.6186 1.74552593793
32.7066 4.8922 9.98243576739
34.4142 14.7275 0.827410327468
35.1994 14.4666 5.977196229
29.7318 12.0516 0.74553514337
28.9907 12.1328 0.802588437495
29.6809 11.7232 0.272151299832
29.9277 11.6085 1.26625656563
28.8257 12.2322 0.675429470781
29.1433 11.6361 9.20554629014
25.3514 3.2478 2.46839294279
27.783 2.8232 0.526790366275
27.9427 2.3212 0.448759233888
28.1005 1.9011 23.4614318414
8.9406 -11.6391 0.989396730336
8.4441 -10.7833 1.09188968765
8.8931 -11.7786 1.40387071342
7.6718 -12.4709 5.17707850916
11.4546 -24.116 0.66030496742
11.689 -23.4987 1.58353710408
12.353 -24.9363 4.61200350932
14.8841 -21.0809 15.4539222963
2.0306 -29.6606 1.77414394005
1.087 -31.163 3.33319906396
-1.9166 -29.7178 1.51138803753
-2.083 -28.2156 1.32545361669
-2.8707 -29.2816 2.81652724113
-5.4524 -30.4075 1.31140323699
-5.0282 -29.1666 14.0199072073
-0.3155 -15.9625 1.28579757738
-1.3034 -15.1395 1.60669189641
0.1473 -14.4489 19.4097237087
11.3186 1.4237 0.897517019337
10.8718 2.2021 29.7883111821
-6.7734 26.2019 11.2262936186
-17.2338 30.2774 6.6000267757
-23.8338 30.2962 17.303251202
-41.0308 28.3816 8.74426926507
-49.0795 24.9639 3.45471507508
-49.8694 21.6007 9.75649631835
-45.8798 12.6972 2.66920177581
-42.6256 -9.9102 9.39654583451
-33.4407 -7.9271 0.368575704571
-33.0729 -7.951 3.45839254279
-29.6146 -7.9257 0.138997158244
-29.6776 -7.8018 1.09424255538
-30.029 -4.7404 1.59323272939
0.0 0.0 8.56456316341
-3.2783 -7.9123 0.357080271088
-2.9929 -7.6977 14.6159688293
-3.6738 6.9024 0.937709555246
-2.7974 7.2359 19.1067109605
10.2044 21.2366 0.777207649216
10.9782 21.3093 0.488334444822
11.4665 21.3151 1.92332264584
13.3587 21.6597 1.24285337027
13.643 22.8696 1.14474035921
14.5875 23.5164 2.62906671844
15.8445 25.8255 2.90901367649
17.4301 28.2644 2.76368004841
18.6847 30.7269 0.969021119481
18.664 31.6957 0.966269967452
19.5721 31.3655 0.29021173305
19.8423 31.4714 0.410363168425
20.2526 31.4786 2.17132619613
21.837 32.9633 1.48150102936
23.2227 33.4874 2.45681423189
25.6548 33.1398 2.77269900458
28.3479 32.4802 3.07132061498
31.4173 32.3716 4.41451100123
35.8296 32.2319 1.21732362172
36.9732 31.8147 2.14200682772
39.0342 31.2312 3.00003870808
40.4194 28.5701 0.885046258678
40.2506 27.7013 0.853650660399
40.2413 26.8477 0.765545459134
40.1485 26.0878 0.630569726517
40.2372 25.4635 1.30837748758
40.7393 24.2553 1.18736114978
40.5274 23.087 1.72081092802
39.9966 21.4501 1.25016294938
39.066 22.2849 1.08186173793
38.8501 21.2248 5.21945337464
39.5464 16.052 1.37027820898
39.8798 14.7229 8.41759323382
41.7714 6.5206 0.0
41.7714 6.5206 0.430811188341
42.1536 6.7194 0.0
42.1536 6.7194 0.49251084252
41.6774 6.5937 0.0
42.8848 10.8347 1.6051037007
44.4243 11.2889 0.529829595247
44.2017 10.8081 1.24024040008
43.7537 11.9646 0.420731268151
44.0375 11.654 1.42638617842
43.4138 10.3712 0.980612308713
44.3693 10.5917 0.532042178779
44.5331 11.0979 0.982084685758
43.9024 10.3451 0.679523906864
44.4181 10.7876 0.514991155264
44.0556 10.4218 0.892734927064
43.1634 10.4527 12.0642435673
36.0 20.16 20.796461305
16.1091 26.23 3.63085359798
14.0295 29.2063 5.85317158471
8.1939 28.7531 3.61331182435
4.5836 28.9006 0.635680619494
3.9495 28.9454 2.26514977209
1.897 29.9036 4.66618455057
-0.5879 25.9541 4.63714440577
3.1071 23.1523 4.26304996921
-0.3349 25.6675 5.55421645689
-5.1602 22.9169 3.77099714267
-8.4853 21.1381 2.482599712
-10.3646 22.7603 1.32426284778
-10.9849 21.5903 11.8877291658
-4.4655 11.6497 2.11191193472
-5.4656 9.7896 1.29282460141
-6.6484 9.2677 1.54624546564
-7.8564 8.3025 0.779764233599
-8.4669 7.8174 0.541274144958
-8.8598 7.4451 2.46353536609
-9.1507 4.9988 0.748818402552
-8.4171 5.149 1.00854596821
-8.7372 6.1054 0.681876213106
-8.4598 5.4825 1.3441333602
-9.8018 5.4068 4.54824274308
-11.8116 9.4869 1.30860293825
-13.0035 8.9467 1.6071076753
-13.9873 10.2175 1.52591574145
-15.5052 10.0613 1.2446704825
-14.2633 9.9783 0.355911562049
-14.5983 10.0985 1.13062646794
-15.7213 9.9674 0.805916453486
-15.735 10.7732 0.584449296347
-16.1557 10.3675 1.16735748167
-15.72 9.2845 1.18408544455
-16.8753 9.544 0.343219026279
-17.2136 9.4861 0.201151708916
-17.3971 9.4037 1.47004006748
-15.9633 9.7281 0.368182359708
-16.2882 9.5549 1.7097251475
-16.3604 7.8467 1.51751139699
-17.3376 6.6857 1.29565073226
-16.0427 6.7298 0.691938219786
-16.697 6.9549 0.791497845859
-17.44 7.2277 1.61730928706
-18.5718 6.0724 5.02433995864
-23.2439 4.2243 2.35438981479
-50.842 26.8065 0.234970317274
-50.9627 27.0081 2.39310030295
-48.7702 27.9672 2.70507671795
-48.4388 30.6519 0.0795849231953
-48.5064 30.6099 0.532012640827
-47.9756 30.574 3.12621068548
-49.6641 33.205 3.91946430651
-45.7815 32.6687 1.61296318929
-44.199 32.9807 1.5627417221
-42.713 33.4644 0.581798977311
-43.2231 33.7442 0.603391456685
-42.8674 33.2568 1.62162236048
-41.2622 33.487 0.576359375737
-40.6909 33.4108 3.00785202096
-37.6912 33.1895 1.18475902191
-36.5375 32.92 2.93382821583
-33.8723 31.6936 0.49522821002
-33.5446 32.0649 1.45912775657
-32.9751 30.7215 2.64051826731
-32.6205 33.3381 2.29520026359
-30.341 33.0701 4.6130919024
-25.7779 32.3928 13.1565669458
-12.6725 31.2336 0.395694339105
-12.3024 31.3736 1.7472275553
-10.5611 31.2298 16.3785903032
-0.4035 18.3814 15.477072656
-1.0909 2.9196 0.65965944244
-0.5536 2.5369 0.790349448029
-1.0464 3.1548 1.58831041047
-1.015 1.5668 23.3577255592
1.5623 -21.6483 7.66295989811
7.1931 -26.8459 4.48060786055
10.4977 -29.8717 0.507503270925
10.7983 -30.2806 1.96540503968
12.1899 -31.6685 1.56895661189
13.5172 -32.5051 1.52256896724
14.8971 -31.8616 0.412261761506
15.2845 -32.0026 0.308500534846
15.4792 -31.7633 0.57299760907
15.9477 -32.0932 2.34186237213
17.8793 -33.4173 0.586917438828
18.4651 -33.4535 0.666508222005
19.1246 -33.3571 1.78293334143
20.3675 -32.0788 3.05129795661
23.1806 -33.2607 2.37430661247
25.5548 -33.2382 3.7423260494
29.1303 -32.1333 2.95979881242
32.0054 -31.4303 2.7137355527
34.643 -30.792 5.33560070657
39.1917 -28.0031 0.68684033807
39.4774 -27.3785 0.335576176151
39.6738 -27.1064 0.488756268502
39.9528 -26.7051 1.80195524917
40.2552 -24.9287 0.339321823642
40.1455 -24.6076 9.61788459486
39.8793 -14.9934 8.0296036079
41.9564 -7.2371 0.949943682541
0.0 0.0 4.04811961286
4.0398 -0.2594 4.19865473932
0.7757 -2.9003 0.787082638609
0.1025 -3.3081 1.2062441917
0.0101 -4.5108 16.6279293615
9.2154 -18.3582 0.843773032278
9.8847 -17.8444 1.28435185989
9.2834 -18.9793 11.6978145583
0.0474 -26.1581 0.766454258257
0.1861 -26.9119 3.14310189781
-1.9062 -29.2574 3.08123561254
-4.9853 -29.3721 3.21572547491
-4.9725 -26.1564 3.42006800663
-7.3684 -23.7158 3.19411083089
-10.0176 -21.9314 7.98259791108
-14.5906 -15.3885 2.47383849311
-16.9189 -14.5525 2.00970075882
-17.3774 -12.5958 0.191818377639
-17.2184 -12.4885 0.340359060405
-9.2866 0.0768 14.508083838
-12.3619 -14.1016 0.367009536661
-12.4527 -14.4572 0.27027942948
-12.1938 -14.3796 0.863657628925
-12.1773 -13.5161 0.820006006076
-11.7034 -14.1853 2.38406334857
-10.652 -12.0456 2.08754630368
-8.8659 -10.965 2.85832435178
-6.6518 -9.1573 0.182315989425
-6.4824 -9.2247 1.66633343902
-7.3491 -10.6479 1.63019631333
-6.4322 -9.3 12.7132959944
0.6838 1.2352 1.05768733565
1.6399 0.7829 1.28247568398
0.3601 0.8657 16.4512657036
-16.0489 2.0442 0.0657814563536
-15.9853 2.061 1.04505906532
-15.6275 1.0791 9.28238385007
-16.3962 -8.1714 11.2308038225
-6.4035 -3.0453 10.0500523884
-14.453 -9.0627 0.483358303953
-14.1267 -9.4193 0.345032317327
-13.7838 -9.381 0.540870890324
-13.2474 -9.3116 2.14079890929
-11.2128 -9.9775 2.01485636213
-9.2018 -10.1021 1.07109058907
-8.9825 -9.0537 0.93884410314
-8.1985 -8.5372 13.4963692914
-3.7904 4.219 0.32021399095
-3.6722 3.9214 0.0946386813095
-3.587 3.8802 8.45215162784
-12.0365 3.6685 0.654043339543
-11.53 4.0823 6.95232095419
-4.6193 4.8419 0.22501471063
-4.6554 4.6198 0.515723899
-4.4189 5.0781 2.01536676563
-2.5873 4.2373 12.9844645835
2.1013 -7.8711 0.82355491013
1.565 -7.2461 1.45558310652
2.3103 -8.4964 18.1344715197
10.0436 -24.8993 0.390037382824
10.4336 -24.8939 0.483890834796
10.7889 -25.2224 0.351521151568
11.0283 -25.4798 1.96268881385
12.001 -27.1845 3.46706862349
13.913 -30.0767 1.58571021943
15.3273 -30.7938 2.06704826262
16.3139 -32.6102 1.3989678052
17.3785 -31.7026 0.550956422959
17.9198 -31.5999 0.331589203684
18.2512 -31.6111 0.69086890218
18.8384 -31.9751 2.23413860358
21.0123 -32.4904 0.462514107893
21.468 -32.5695 0.429769356748
21.8893 -32.6544 1.25356902482
23.1222 -32.8811 1.85217969431
24.9631 -33.0852 2.80167433154
27.7586 -32.8993 4.08373619618
31.842 -32.9517 0.932033781577
32.7279 -32.6621 4.71052854784
37.4383 -32.6969 1.24902616866
37.2364 -31.4643 7.67531268744
33.099 -24.9996 0.790009196149
33.5312 -24.3383 1.04047763071
34.5693 -24.4086 4.77963011644
39.0771 -25.9975 0.488902648796
39.4207 -25.6497 2.66868157149
41.951 -24.8015 2.8106054241
40.8484 -22.2162 4.68385514827
40.3347 -17.5606 6.24848360004
0.0 0.0 1.90984360878
1.7319 0.805 0.277835292935
1.7018 0.5288 1.37853571952
0.6741 1.4476 1.919384654
-0.9083 0.3613 1.23802775817
-2.123 0.1221 1.12430615492
-1.7502 1.1828 0.422141232291
-1.8551 0.7739 19.6020387269
8.4024 17.4779 0.93310098596
9.2521 17.0923 1.28938571808
8.4754 18.1215 14.3791273567
-2.3341 27.6038 0.64411369338
-2.8927 27.9245 3.48201826675
-3.7688 24.5545 1.05792223722
-2.9877 23.841 1.42206612012
-4.3703 24.1737 5.03520839092
-4.588 29.2042 3.55199761543
-8.0535 29.9833 1.86778581481
-9.5536 31.0961 4.02830351513
-13.1236 32.9622 1.16669362731
-12.0925 32.4163 7.27529596992
-8.9938 25.8339 3.46295402511
-10.6825 28.8572 5.65531597791
-15.6484 31.5632 0.706577058784
-15.0969 31.1215 4.67710464283
-11.3829 28.2787 1.10281595926
-11.8589 29.2735 6.71948484037
-18.3533 30.9981 1.10206095113
-19.3948 31.3584 1.76268469103
-20.1244 29.7538 3.89945559534
-22.9629 27.0801 2.5420016129
-21.1295 25.3193 11.5053447632
-14.4119 15.9787 3.73531583671
-15.9861 12.5913 2.63520810753
-17.7297 10.6154 1.92697211448
-18.7305 8.9687 2.01485102427
-19.8209 10.663 1.29493263531
-21.0511 11.0673 0.977076291801
-21.9899 11.3381 0.905053059218
-21.0849 11.3283 2.39231827732
-22.7674 9.6276 1.00113615957
-23.0659 10.5832 1.03084274746
-22.0968 10.2318 1.22644613824
-22.3585 9.0336 1.07157080961
-23.2509 9.6268 0.472826278881
-23.5046 10.0258 0.222398741004
-23.2824 10.0164 1.33373650321
-22.0065 10.4049 0.936795772834
-21.7311 9.5095 0.106344017227
-21.6655 9.4258 1.46770788987
-22.9417 8.7009 1.20638538204
-22.6229 9.8644 15.8669035391
-23.9003 -5.951 1.75124804068
-22.3886 -5.0669 2.47611458741
-20.2267 -3.8597 0.265441613166
-19.9613 -3.855 2.52012449296
-17.5028 -4.4089 0.469116019765
-17.1138 -4.1467 2.38058360912
-14.7492 -3.8713 1.89055637313
-12.8618 -3.7621 0.507465634304
-12.3597 -3.8357 0.37284636246
-12.0001 -3.7372 1.3464478007
-10.7459 -3.2474 0.554771349296
-10.2004 -3.1464 0.34872481988
-9.8566 -3.2048 0.263169242124
-9.5984 -3.2557 0.307218130975
-9.2991 -3.325 1.64330457615
-7.7254 -2.8518 1.47353105159
-8.3954 -1.5394 6.79904430049
-12.395 3.9588 0.673145786587
-11.7275 4.0458 2.15461240134
-9.5849 4.273 10.0638966261
-1.405 10.1357 1.39037537378
-0.9098 11.4349 15.2462635796
4.4537 25.7066 0.818730877639
5.2444 25.919 1.67158973735
6.7937 26.5466 2.27828151246
8.0693 28.4343 2.32616343794
9.8096 29.9778 1.36343555037
10.8693 30.8357 1.12235353165
11.3941 31.8278 1.97532116376
13.204 31.0365 1.15736419506
14.1382 31.7197 0.374932447249
14.4829 31.5722 0.177298674558
14.397 31.4171 0.287018204998
14.6741 31.3423 0.185281650468
14.8401 31.4246 1.03160287902
15.8622 31.2849 0.945859170279
16.5753 31.9063 0.264301891783
16.7583 32.097 1.58863768682
17.966 31.0649 0.350407420013
18.295 31.1855 1.54558277035
19.1373 29.8896 0.329309155658
19.3437 29.633 0.256703817658
19.4966 29.4268 1.06510448783
20.4287 29.9422 1.74554180987
21.3717 31.4111 2.78187644585
23.8483 32.6781 3.10936527607
26.9402 33.0072 1.7600773875
28.6782 32.7293 0.779533116679
29.457 32.6955 1.15644964439
30.6107 32.6158 3.32358091973
33.9324 32.7276 5.56717354948
38.9651 30.3474 1.42484400901
39.5953 29.0695 2.08427528172
40.0644 27.0387 0.124191223522
40.1199 26.9276 0.0445071904303
40.1207 26.9721 0.146680400872
40.169 26.8336 0.195777960966
40.2316 26.6481 0.312940249888
40.4222 26.3999 0.389724261498
40.3762 26.0129 0.50260442696
40.3251 25.5129 0.314775554959
40.2592 25.2051 0.947955594952
40.6277 26.0785 0.553704072588
40.5751 25.5273 0.432861097813
40.5319 25.0966 0.932966649993
40.5765 26.0285 0.779980435652
40.5107 25.2513 2.59298478592
40.1918 22.678 1.3851942427
40.2288 21.2933 1.31396442113
40.8785 20.1512 7.67086742031
40.9718 12.4809 4.85557410921
41.0585 7.6261 0.0
0.0 0.0 5.69875434284
5.5545 1.2741 3.50994630443
2.0504 1.0716 1.01795781838
1.6198 1.994 0.825339118181
1.3303 1.2211 1.15909869295
1.902 2.2294 19.0273713886
11.973 18.373 0.431088679972
11.8574 18.7883 1.34266605305
11.4792 17.5 8.80218849264
9.4927 8.9249 1.1218943132
10.4665 8.3678 0.868986282976
9.7295 8.8282 22.7957543418
-1.2905 28.7833 0.899055159598
-2.1332 29.0966 2.9177729401
-2.7994 26.2559 4.12162186524
-5.3968 23.0557 2.74210549214
-7.8386 21.808 2.07067917602
-9.6693 20.8404 1.50136936162
-11.0383 20.224 9.36525626451
-4.438 13.5799 1.37370519399
-5.642 14.2413 1.26759634348
-5.8325 12.9881 15.4066220856
-10.7365 -1.6172 3.14432429943
-12.4928 -4.2253 3.46963667983
-14.409 -7.1178 0.844607376241
-14.6579 -6.3107 1.05272556728
-14.5445 -7.3573 15.3699836867
-19.5627 -21.885 7.37007505118
-25.6702 -26.0101 11.8288091391
-37.0759 -29.1455 10.3100199428
-46.5248 -25.0206 5.48144924267
-49.4822 -20.4054 9.14180485462
-45.005 -12.435 46.7209283512
-49.8936 24.4038 0.250235748845
-49.8288 24.6455 9.08760863869
-42.7094 18.9976 0.0286225435627
-42.7332 19.0135 6.35671909164
-39.4688 13.559 0.327362261111
-39.2101 13.3584 0.306650191586
-38.9698 13.1679 0.694473505614
-38.4274 13.6016 1.21990768913
-38.1393 14.787 2.87045328302
-35.6319 13.3897 1.47194110276
-35.0725 14.7512 0.387478515533
-35.4023 14.5478 3.7210459887
-35.6862 18.258 1.19545720961
-34.5557 18.6467 0.589227808237
-34.7536 18.0917 0.0984750222138
-34.6594 18.1204 6.11106866268
-34.5166 12.011 18.4546973776
-23.6263 -2.8879 17.9759375772
-15.939 -19.1372 5.79958648526
-13.4338 -24.3678 2.74803533092
-10.6901 -24.5221 0.857776923215
-9.8328 -24.5507 2.38481933278
-7.4538 -24.3842 2.75928852062
-4.7021 -24.1797 2.92867794235
-1.7853 -23.9162 2.76519138578
0.9783 -24.01 3.47512717753
4.243 -22.8191 2.19844946496
6.4407 -22.7617 1.62704591515
7.9247 -22.0946 2.51615948024
10.1765 -20.9719 0.531574425645
10.6201 -20.679 0.0936726214003
11.8624 -28.2457 0.521282696816
12.1861 -28.6543 5.66430901788
6.5333 -29.0152 11.3696396728
-4.7757 -27.8425 1.0292711256
-3.7465 -27.8304 2.96589757241
-6.382 -26.47 3.0392881864
-9.0738 -25.0588 1.92517223385
-10.802 -24.2105 1.69600326945
-11.393 -22.6208 1.71987988534
-12.9829 -23.2767 1.81137093109
-14.7477 -22.8686 2.10016938365
-16.8067 -22.4548 2.06245539346
-18.8292 -22.0508 1.95885385366
-19.2501 -20.1377 2.95272816392
-19.377 -17.1877 8.6142561124
-25.3339 -10.9651 1.52027751414
-26.5565 -10.0615 0.692012088045
-26.4122 -10.7383 1.41083364363
-25.1208 -11.3064 30.4797244044
-13.1477 16.7232 17.8615158528
-27.0507 27.9366 12.4753701556
-39.5061 27.231 9.26140687639
-48.7284 26.3808 3.14101923745
-49.9772 23.4987 0.768092969633
-50.5113 24.0507 0.930904774937
-50.55 23.1206 10.8956528198
-50.4339 24.5695 9.58696047608
-41.6313 20.7716 1.15192215449
-40.6664 20.1424 10.9235539606
-32.2272 13.2067 0.7306746061
-31.7925 12.6194 2.87379569559
-32.2906 15.4497 13.8613080786
-23.5808 26.2328 0.974491056911
-22.8059 26.8237 9.55152212215
-14.0078 30.5419 18.133805519
-1.8752 17.0647 11.6793568153
-5.1223 28.2836 0.907713198097
-5.2894 29.1758 1.24873427518
-4.7742 28.0383 14.9686737652
3.4156 15.5088 0.261527245235
3.2859 15.7359 0.127394269887
3.3848 15.6556 1.12888706255
3.863 14.633 1.09895592723
3.6668 15.7143 12.5409606622
3.1596 28.245 1.1846825482
3.8503 27.2825 12.1772081796
9.1071 16.2984 1.23023090922
9.2631 15.0781 3.45503065109
9.6579 18.5105 2.29525646715
11.0564 20.3305 12.1104191443
17.3563 30.6733 0.460096446411
17.7856 30.8388 0.363646971663
18.1262 30.9662 1.75894725617
19.8514 31.3091 1.90841151223
21.6949 31.8026 2.69465521728
24.2806 32.5611 0.965060205376
25.232 32.7229 2.78690807347
28.0139 32.5559 0.64743142494
28.6555 32.6426 1.24649333733
29.8545 32.9834 0.499100190343
30.2597 32.692 1.21569254337
31.4753 32.707 5.42479734645
36.4293 30.4965 0.438717369157
36.8675 30.4752 0.386873687397
37.2433 30.5671 0.36223754637
37.6033 30.5269 1.9707461455
39.3552 29.6243 1.43455825256
39.7765 30.9956 0.609772301765
40.378 30.8955 0.529070515149
40.9036 30.956 0.270788662983
40.9607 30.6913 0.78926361249
41.2996 29.9785 0.337251508521
41.3833 29.6518 0.257332955526
41.4585 29.4057 0.254225883812
41.5203 29.1591 0.257549412735
41.3846 28.9402 0.177955865315
41.2873 28.7912 0.285145050807
41.145 28.5441 1.68941512069
39.8373 29.6137 6.68303300979
38.7178 23.0251 10.9725100706
37.28 12.1472 0.357264285928
37.6231 12.2468 0.702866658763
36.9206 12.2241 7.89002441568
38.0218 20.0369 0.323993533886
38.3068 20.191 0.802218486449
39.0489 20.4957 0.367148103631
39.2587 20.1944 10.1382977832
39.9262 10.0781 0.376861274211
40.1151 9.752 5.63755270485
43.3474 5.1331 3.07539143037
43.9295 2.1133 0.832784461911
