0.0 0.0 8.46606210525
-2.5046 -8.0871 8.28792230297
0.9901 -0.572 1.44246506024
-0.3452 -0.0264 11.8589896981
-11.1947 4.7615 0.862160739074
-12.053 4.843 1.17346594752
-11.3142 5.7547 10.7581618077
-3.559 13.2109 0.467314027181
-3.6178 12.7473 0.324993046079
-3.9426 12.7361 1.49443293593
-2.9228 13.8285 14.5881573573
6.2644 25.1603 0.732276464185
6.9625 25.3814 0.555572542518
7.4008 25.7228 3.78247953729
9.2456 29.0249 2.40628251043
11.3692 30.1565 0.71640656753
11.7026 30.7906 0.304302563249
11.8788 31.0387 0.341948095476
12.0697 31.3224 0.31074911102
12.3771 31.2769 8.44798807587
17.4633 24.5316 0.401879397332
17.8581 24.4565 1.05813317215
17.9622 25.5095 0.170456387384
18.1325 25.5168 0.372216845401
18.4998 25.4565 1.29248724559
19.6856 25.9707 3.95040034047
22.2118 29.0078 1.33439286944
23.5431 29.0986 4.76666711655
27.0625 32.3134 3.26746754077
30.1268 33.4476 3.98572250414
33.884 32.1174 2.92909329657
36.7705 31.6197 3.56457559886
39.1061 28.9269 0.666099452034
39.5789 28.4577 2.15754195788
40.064 26.3554 0.696572465721
40.1454 25.6636 0.848950186996
40.3895 26.4767 0.850562948876
39.9953 25.723 0.346619748428
39.9916 25.3764 0.334830136039
39.8967 25.6975 6.14720009842
39.8978 19.5503 1.25644958912
40.0189 18.2997 9.08616378072
39.7989 9.2162 0.760497606834
39.2983 9.7887 0.619495165437
38.7634 9.4762 1.33813936868
0.0 0.0 3.94378328639
3.9425 -0.1006 0.838430927388
3.2216 0.3275 2.32065115431
1.2159 1.4948 4.05125269515
-2.8083 1.9622 1.04427832497
-3.6942 1.4093 0.62136663895
-3.4367 1.9748 1.09698533263
-2.3656 1.7379 0.756469510291
-2.5502 1.0043 1.29742787468
-3.4124 1.9738 1.13579425073
-2.4907 1.3101 0.104115800914
-2.3868 1.3168 0.629957244581
-2.3181 1.943 1.15497993489
-3.4344 1.6466 6.27291840613
-5.1502 -4.3871 0.647814641699
-5.2257 -3.7437 1.55284483771
-6.736 -3.3827 2.29583470659
-8.6608 -4.6341 0.19235602408
-8.5508 -4.4763 1.30640658679
-8.5967 -3.1707 2.6004792366
-9.4116 -0.7012 1.69870753516
-10.0156 0.8865 0.907186116516
-10.2767 1.7553 1.59677241021
-10.8854 3.2315 2.59762081336
-11.7649 5.6757 2.39969414718
-13.5077 7.3253 3.28757954885
-27.4552 34.0 11.5068810826
-27.2835 22.4944 3.0328076909
-24.2555 22.3237 1.86132050169
-22.3955 22.3938 1.85741958911
-20.5772 22.773 2.68792846817
-17.9169 23.1574 1.40521965543
-16.6267 23.7142 2.24626814294
-14.4003 24.0123 0.624899943991
-13.8218 24.2486 1.43237275177
-12.4079 24.4779 1.29761742436
-11.1106 24.5066 2.69037447579
-8.4967 25.1435 1.33971913474
-7.6847 26.2091 0.839977648512
-7.8065 25.378 8.34059717406
-11.5524 17.9259 0.379775328319
-11.4745 18.2976 1.5667371509
-9.9438 18.6317 13.9626053572
-10.3394 4.6747 2.53191110823
-7.8169 4.8928 10.3067310142
-2.4197 -3.8878 0.652544657476
-1.7895 -4.0571 2.24803576484
0.3969 -4.5799 0.82660903697
1.2154 -4.4644 9.42520035225
10.6316 -4.8762 0.419374772727
10.7868 -5.2658 0.0675541264469
10.8518 -5.2842 0.412421350078
11.1694 -5.0211 0.958737930824
10.2455 -4.765 1.68768103622
10.6837 -3.1352 13.8401639304
-2.5802 -7.0873 1.01285830203
-2.3989 -6.0908 10.8093611023
-6.8751 3.7482 0.995429178797
-6.8321 2.7537 6.70350256582
-5.4582 -3.8075 8.94201337787
-7.4759 4.9039 0.125881372728
-7.5983 4.9333 0.441341421124
-7.1647 4.851 1.56885737083
-5.8775 5.7479 3.22218657591
-4.2402 8.5231 7.64508513556
2.2886 12.5008 1.06148033425
2.4799 13.5449 2.64750003211
4.974 12.6568 0.347556283212
5.3056 12.5527 13.3634154212
8.2072 25.5973 0.992040856014
9.1807 25.7882 1.0252092128
8.2 25.4894 18.3386134168
-7.9733 16.8448 4.69408754286
-3.4902 18.2363 1.99807221591
-2.7925 16.364 1.79186760951
-1.2752 15.4108 1.53241060098
-0.0137 14.5408 10.3648995673
9.9511 11.6888 17.0847258219
3.183 13.4141 0.545617485057
2.717 13.1303 0.711080783034
3.3108 13.5215 1.4547881564
4.3195 12.4732 3.98291730268
6.3215 15.9164 1.07509587014
5.2562 15.7716 9.72121801113
-1.3389 22.9135 0.43225281954
-0.9074 22.888 0.814071937853
-1.625 22.5036 0.886434114867
-0.879 22.9824 2.2057730731
-1.8452 24.9653 0.190568203014
-1.717 24.8243 1.26026971716
-1.3896 23.6073 0.431246576798
-1.8177 23.6593 0.592217054803
-26.1607 30.3963 14.7760216087
-40.2484 25.939 8.42973292163
-46.4227 20.1998 5.16652163936
-49.676 16.1862 4.06028780507
-48.0569 12.4627 15.7075961878
-36.7439 1.5657 0.731768631468
-36.1157 1.941 1.27071699839
-36.652 0.789 10.9823655667
-41.9608 -8.825 5.31348140206
-43.6378 -3.7831 2.00952883035
-43.2392 -1.8135 1.33254914356
-41.9723 -2.2266 9.32753313583
-34.2239 -7.4194 20.4283615814
-17.8066 -19.5763 5.28376434467
-12.534 -19.9196 1.9649436684
-11.5351 -18.2275 12.1943308074
-6.0123 -7.3555 0.263844518609
-5.7611 -7.2748 0.645975432969
-6.226 -7.7233 1.04011811829
-5.6797 -6.8382 1.13442251829
-6.1123 -7.8869 11.8834032924
-9.5973 -19.2478 0.611569857007
-8.9888 -19.1866 3.10249296212
-5.9941 -18.3759 1.61962076117
-4.3771 -18.2838 2.31271451978
-2.1525 -17.6515 4.71204159999
2.5595 -17.6713 4.17605529896
5.548 -20.5882 0.750363038802
6.1518 -21.0337 0.35149628732
6.3818 -21.2995 0.536759480587
6.7425 -21.697 0.360455961249
7.101 -21.6595 1.64957305082
7.7171 -20.1293 1.98279490871
9.0182 -21.6255 2.54616439571
11.5389 -21.9847 2.5823101847
13.9424 -22.9289 0.620065367522
14.5315 -23.1224 2.17150123187
16.5251 -23.9832 1.92160672876
18.3722 -24.5131 0.63961002181
18.8085 -24.9808 1.33073246748
20.0744 -25.3911 0.525108179331
20.58 -25.5329 1.73683210472
22.1824 -26.2029 1.81840827374
23.9752 -26.507 0.431013746881
24.4039 -26.5516 1.88393885251
26.0743 -27.4228 1.86537184765
27.7261 -28.2895 0.731924620436
28.4403 -28.4496 2.97053736721
31.2639 -29.3723 6.12358533051
36.36 -32.7676 3.23292306126
39.0964 -31.046 0.612732739455
39.3335 -30.481 0.498963295243
39.5374 -30.0256 10.0028045707
35.9056 -20.7054 12.5353904419
39.3573 -8.6546 0.0
39.3573 -8.6546 0.699977949653
39.3265 -9.3539 0.0
39.3265 -9.3539 11.3065202189
36.0 -20.16 6.93545335577
30.6043 -24.5174 0.119335200172
30.716 -24.4754 0.938222708103
29.7973 -24.6658 18.4923546216
12.1089 -30.0591 0.143640001392
12.1172 -30.2025 0.844126370871
11.3275 -29.9043 2.89407596307
8.4343 -29.8331 2.94252476965
5.5932 -30.599 2.7087783538
3.2016 -29.3271 3.36777618763
1.5914 -26.3692 1.84192607072
0.4941 -24.8898 3.13494002813
-2.5296 -24.0621 0.82159850292
-3.3189 -23.834 2.2109370683
-4.9725 -22.3664 5.22432107455
0.1637 -21.4109 5.15988051218
-4.5492 -23.5116 4.4285342451
-1.3876 -20.4106 3.11670263099
-2.6151 -17.5458 18.5944453203
-5.6482 0.7996 35.491412934
-35.7664 19.5755 8.18615907493
-43.9278 18.9393 11.5400953189
-37.3144 9.4822 1.11489526862
-37.2155 10.5927 0.426404362079
-36.8903 10.3169 1.20100764361
0.0 0.0 2.07215084876
-1.9883 -0.5835 0.122259273677
-1.9665 -0.7038 1.21142535057
-0.9888 0.0115 1.16830544379
-1.2633 -1.1241 0.115615959106
-1.3617 -1.1848 0.387975836876
-1.3892 -0.7978 0.966207068904
-0.9589 0.0673 1.3055374717
-1.4229 -1.153 15.0638532139
-7.0631 -15.1211 0.82068958809
-7.4859 -14.4177 16.8696187132
-11.9447 1.852 5.44263157765
-6.5379 1.2285 1.77227350316
-5.6915 -0.3286 7.04487626648
-11.5295 3.6145 0.250013199652
-11.3663 3.4251 1.23528725404
-10.3539 2.7173 8.11264827908
-4.3782 -2.7696 0.418783965787
-4.6002 -2.4145 8.64695702314
-12.0826 1.9195 0.175715053425
-12.0803 2.0952 8.76100142678
-13.2645 -6.5854 12.1271315388
-1.8145 -10.581 1.02913770701
-1.4566 -11.5459 16.6762264712
4.749 -27.0245 5.85805806134
10.4703 -28.2829 3.05661013706
13.3995 -29.1562 6.04252345962
18.2875 -32.7086 2.95118813362
21.2379 -32.7768 0.608701963197
21.8431 -32.842 1.4783279237
23.308 -33.0408 0.603397862111
23.9077 -33.1075 0.66944470272
24.5492 -33.2989 0.852149241624
25.3879 -33.4497 0.275815246134
25.6545 -33.379 0.158233150762
25.7823 -33.4723 2.25632764465
28.0385 -33.4483 0.343667935659
28.3572 -33.3197 0.523806452805
28.8474 -33.1351 2.58507710136
31.4095 -32.7912 2.64916821852
34.0567 -32.6891 2.30951510279
36.2643 -33.3676 4.83305321407
40.4092 -30.882 0.448611468868
40.5569 -30.4584 1.00436350491
40.8926 -29.5118 2.239538189
40.0723 -27.4279 11.1573313386
38.1347 -16.4401 9.09020408572
0.0 0.0 1.97739145341
1.9436 0.364 0.306288507783
2.0008 0.0631 0.893765366301
1.1151 -0.0567 0.617824157831
0.5301 0.142 6.07754160825
-1.0843 6.0012 4.02541876704
0.5704 2.3316 0.935443338744
1.4472 2.6576 0.367284481023
1.2339 2.9566 2.14134289874
0.2049 4.8345 7.15043578882
-6.9202 5.4359 1.09032120038
-7.3718 6.4283 1.27338869164
-8.5592 6.8883 1.08453603905
-7.5133 6.6014 1.09009655536
-8.3728 5.9309 1.18610025293
-8.7658 7.05 19.0173356822
-13.1351 25.5586 6.88043206347
-17.8518 30.5679 3.88420235956
-21.7284 30.8108 4.03042069516
-25.7301 31.2911 1.40563526208
-24.3341 31.1268 12.0551650574
-13.8251 25.2202 3.42580289567
-14.0733 21.8034 2.88330180349
-13.9973 18.9211 2.14803776969
-6.7709 15.0549 4.17902377117
-9.3841 18.3161 0.2364812889
-9.5309 18.1307 1.43832681265
-8.3198 18.9066 15.6437384308
2.7982 29.9119 4.40921033293
6.6792 32.0045 2.95341280047
9.5941 32.4799 0.980456143843
10.5209 32.7998 1.48353278359
11.9775 33.0812 0.229201068933
11.8887 32.8699 0.299197092232
11.6266 33.0142 11.0609331722
12.7296 22.0084 0.43700800908
13.1296 22.1844 0.20433174007
13.3201 22.1105 1.85877502135
15.1788 22.0938 0.381210243829
15.3386 21.7477 0.602464247902
15.1112 22.3056 6.34675631878
18.5368 27.6485 0.474928889414
18.2772 28.0462 0.293887665614
18.2642 28.3398 0.225769462063
18.2433 28.5646 0.243883681291
18.0959 28.3703 0.365658925776
18.2182 28.0257 1.81862647347
19.7382 29.0242 2.54915754711
21.611 30.7536 1.05025087479
21.0321 31.6299 3.92889714042
24.6378 33.1904 1.61548765702
26.2507 33.2818 0.626990853203
26.8599 33.1335 0.623089239195
27.4761 33.0411 2.08285867019
29.5143 33.4701 3.63412136424
33.1483 33.4404 6.08076352607
39.2268 33.2745 2.11723388647
40.0071 31.3063 2.22198180236
40.2143 29.094 1.39247235161
40.0921 27.7069 0.55654657487
40.0993 27.1504 0.282061074947
40.1186 26.869 1.56707167992
40.6104 25.3811 1.87540844885
39.7127 23.7345 7.54465947409
39.924 16.1928 5.38360132996
40.2062 10.8166 0.913002190578
39.6568 11.5458 1.08996742153
44.1567 6.0901 1.10002284522
45.2302 5.85 0.570655517804
44.6926 5.6586 3.68916861366
44.6701 1.9695 0.474854188146
45.0426 1.675 1.30641556941
35.9005 -2.1318 0.897907595468
35.1906 -2.6816 0.996257818037
36.0106 -2.1158 8.33952111095
41.9596 3.7286 0.960457411862
41.5836 2.8448 0.445292184975
42.0024 2.9961 0.4961208119
34.1858 -11.8776 21.9455174945
17.7545 -26.4247 4.58391088155
13.5364 -28.2191 1.88561258481
11.8543 -29.0712 2.62393101472
9.4184 -30.0466 2.9731829493
7.3713 -32.2028 2.10844555538
5.3448 -32.7849 4.57540809109
2.2444 -29.4201 4.01439616007
-1.2558 -27.4544 2.93553073225
-3.8106 -26.0086 0.824053032274
-3.6154 -26.8092 4.17855935102
-5.8694 -23.2907 23.8483164741
-2.1998 0.2736 2.19320350629
-4.3889 0.1395 9.58693493511
-13.1978 -3.6437 0.489623661601
-13.18 -3.1544 1.20957275102
-12.7232 -4.2744 1.46471100221
-14.1546 -3.9638 4.06249804061
-15.7774 -7.6881 1.21366651927
-16.4195 -6.6582 1.23298780205
-16.7849 -5.4806 1.52213511227
-18.2626 -5.1155 0.835919828692
-18.9786 -4.6841 1.20839399618
-17.9755 -5.3579 6.43089807103
-24.2437 -6.7953 0.0661635095804
-24.3052 -6.8197 7.85735268713
-17.3322 -10.4412 0.599802409132
-17.3339 -9.8414 0.445556517178
-16.8969 -9.9283 2.21369470343
-14.7087 -10.2633 0.158544000202
-14.5515 -10.2839 0.623714429848
-14.301 -10.8551 0.367735366806
-13.9333 -10.8602 0.478567884422
-13.5354 -11.1261 0.357455521709
-13.2025 -10.9959 1.30690963727
-12.1297 -10.2495 1.95559033031
-10.2552 -9.6922 1.19142016098
-9.2762 -9.0132 14.6921468088
-3.0653 4.3016 0.214823508956
-3.232 4.1661 1.24327329658
-1.9888 4.1796 11.0757491494
8.9141 2.2305 0.65923971361
9.5193 1.9691 1.21114511517
10.4861 1.2396 0.519481443364
10.9777 1.4075 1.37812173991
11.3025 0.0682 0.681700594103
11.9842 0.0691 0.79355106956
12.4121 -0.5992 1.74472093471
11.2176 0.6725 5.63534070132
13.2375 5.9334 4.05357900626
13.4501 1.8854 2.56022760316
15.8204 0.9177 0.207601180151
15.75 0.7224 1.13132503729
16.5603 1.5119 1.29401561814
17.5192 0.643 1.75409168517
16.0052 1.5288 8.12068983277
11.1696 -4.9952 1.22074798792
-20.372 -34.0 13.4857766198
-19.838 -20.5248 2.68864946209
-17.3472 -21.5371 0.44019795547
-16.9072 -21.5239 0.331417154052
-16.5945 -21.6337 1.66853821353
-14.9481 -21.3628 0.86966993739
-14.0865 -21.481 2.4349569298
-11.8042 -22.3296 1.45775326444
-10.3495 -22.4239 2.96828845802
-8.8749 -25.0 1.89042054845
-7.0605 -25.5307 4.20318916182
-4.1952 -28.6059 12.0990806944
7.617 -31.225 0.502794908487
8.1006 -31.3626 2.04381312502
9.4411 -32.9054 1.03128698722
10.4645 -32.7781 2.15252592319
12.6044 -32.5453 8.84306705617
15.0734 -24.0539 8.00544807053
14.3114 -32.023 1.43488496055
15.3143 -33.0492 1.10944505948
14.704 -32.1227 18.2966322502
2.8129 -18.217 0.302277356082
2.5327 -18.3304 0.332165741762
2.4279 -18.6456 3.23009568279
2.8575 -15.4442 7.09120001128
-4.2337 -15.4446 0.851395566115
-3.4141 -15.2141 4.55272441182
1.138 -15.1387 0.570640061685
1.5748 -14.7715 0.365185336507
1.9276 -14.6772 1.72598384987
2.5231 -16.2972 13.8132174514
10.6287 -27.4822 15.1217373555
-4.4337 -26.1439 0.299846694162
-4.1635 -26.2739 2.51333235566
-2.0252 -24.9531 0.717540939599
-1.3666 -25.2379 0.277233421506
-1.0895 -25.2465 2.80836528251
1.7105 -25.4631 1.5455118796
2.6004 -26.7267 0.625555065522
1.9749 -26.7184 0.689950853322
2.6286 -26.4977 3.05268711793
5.1056 -28.2819 11.9471382917
16.735 -31.0189 0.790505692579
17.512 -30.8734 0.694858899346
18.2012 -30.7849 0.467915590678
18.669 -30.7953 3.28039671381
21.2392 -32.8337 4.00901392614
25.2471 -32.9282 1.40038546836
26.6376 -32.7621 3.04641712508
29.6469 -33.2362 1.71671969174
31.3494 -33.4567 2.67119377433
33.9987 -33.1154 4.51221599328
38.4386 -32.3108 4.40047541068
40.4614 -28.4028 0.528390281894
40.4344 -27.8751 2.27747760911
41.0939 -25.6952 1.0917388882
40.7593 -24.656 1.27337882816
40.0051 -23.63 0.913192914997
40.6634 -22.9971 1.34837128418
39.4958 -23.6715 0.960249097891
40.0686 -22.9008 5.65987855435
40.5912 -17.2651 4.05301661112
40.8045 -21.3125 0.921733980061
41.1768 -22.1557 0.774075254739
40.8453 -21.4562 12.3952783147
41.3716 -9.0721 1.01677280156
0.0 0.0 2.03883650154
2.0388 0.0122 9.98359458362
11.6928 2.5563 0.864958819829
10.9588 3.0139 4.30794920351
-0.1429 9.6576 8.78043077303
2.1005 18.1466 0.285874937691
2.3513 18.0094 11.7335498363
-8.3161 13.1224 1.23047670843
-7.9683 11.9421 0.62491232185
-7.4554 12.2991 1.15109669881
-6.821 13.2596 3.44611420588
-3.5316 12.2322 8.62231256972
4.1695 16.11 0.773290631005
4.8807 16.4136 0.406509286487
5.1853 16.6828 1.89481849527
41.8201 24.0372 1.32345404151
40.5967 24.542 25.4073221513
15.5338 28.7113 0.914659849343
14.6196 28.7403 3.58262961664
11.0375 28.8019 1.60733325107
9.6438 29.6026 3.95986351532
5.8297 30.6671 5.30247460909
1.852 27.1608 5.40919088312
-3.1956 25.2163 0.56351796777
-3.2173 25.7794 1.12625475804
-4.0806 25.0561 1.27740419602
-5.0644 24.2413 2.68931543892
-7.7521 24.1481 3.62265900272
-9.2761 20.8616 2.73842482643
-11.6499 22.2269 1.4692316121
-12.3056 20.9121 19.5622630291
-12.5965 1.352 1.39019240755
-13.9647 1.5983 0.841050420605
-13.7817 2.4192 1.10321508329
-13.7393 1.3168 21.5134576052
-16.1656 -20.0594 8.14678146018
-22.0916 -25.6498 16.5824758601
-38.061 -30.1171 0.830834742894
-38.8909 -30.1565 2.58778830664
-41.4533 -30.5181 7.28806451741
-48.7129 -29.8746 3.73066629572
-48.7779 -26.1445 1.4160832532
-48.9602 -24.7402 10.0011721813
-44.4412 -15.8182 0.595617100157
-44.8845 -16.216 18.040717731
-51.0502 -22.9871 0.853589421209
-50.6791 -22.2184 0.924308790394
-50.9634 -23.0979 0.828619918901
-51.6893 -22.6983 1.34868437375
-51.7116 -24.0468 0.641396055491
-52.2313 -23.6709 5.12722747691
-51.2705 -18.6345 14.2983274015
-47.1903 -4.9307 1.20302279696
-46.0176 -4.6623 0.902640227333
-46.8183 -4.2456 8.81452105392
-38.2098 -2.351 0.800832878945
-39.0047 -2.2537 0.735217219602
-38.6247 -1.6243 1.51997935841
-37.6337 -2.7768 23.8839648126
-21.1006 -20.0134 2.05304832871
-19.0636 -20.2696 0.602774551553
-18.4682 -20.1756 1.80873646781
-16.7127 -20.6112 2.59918393539
-14.1864 -21.2224 1.06923653136
-13.134 -21.0334 0.50810665219
-12.6259 -21.036 1.27880676023
-11.3631 -20.8343 3.20602690257
-8.2006 -21.3608 0.479820070443
-8.6415 -21.1715 11.0328091436
-16.0143 -12.9639 8.43588501878
-8.3085 -16.3968 12.6311965617
-13.9252 -5.0831 6.9517334385
-9.8018 -10.6799 0.348827321178
-9.5241 -10.4688 5.28450690699
-6.0342 -14.437 0.751755079797
-6.4141 -13.7883 0.959881956284
-5.8805 -14.5862 15.5268330789
3.8984 -26.6467 0.582818153458
4.0132 -26.0753 10.0029979586
5.1161 13.7853 16.0656694243
-5.4821 25.8594 1.15979554233
-6.3892 25.1367 12.368688445
-2.4064 13.4268 7.06907313444
-9.3938 9.0137 1.06028839945
-8.4656 9.5262 12.531890043
-8.0238 -2.9979 0.805787819466
-8.4398 -3.688 1.30265254385
-8.4281 -2.3854 24.2989605675
-11.901 21.6641 1.42003908749
-12.8236 20.5846 12.5653551808
-7.1055 9.3957 3.39561971516
-52.0531 33.5398 1.12399064498
-51.192 32.8174 8.90158464601
-43.5459 28.2594 0.555610700041
-43.017 28.0892 0.256884176235
-43.1792 28.2884 0.491681614462
-42.8852 27.8943 0.85948764389
-43.3103 28.6413 1.29461946919
-43.7062 29.8739 0.542464201584
-43.1807 29.7393 1.11326942381
-43.7902 28.8077 0.955981720537
-44.1739 29.6833 1.38095863081
-43.1846 28.7198 2.21688487748
-42.4862 30.8238 3.3147660747
-40.226 33.2485 0.702764213659
-40.7637 33.701 0.0877128268841
-40.851 33.7095 1.36682523389
-39.9269 32.7024 0.759898940649
-40.1221 33.4368 0.104674208858
-40.0411 33.5031 1.21003068556
-39.8516 32.308 0.291572032266
-39.8061 32.596 0.239405116904
-39.832 32.834 1.62354750469
-38.2141 32.9693 0.979413477547
-37.2911 32.6417 0.240796698482
-37.0903 32.7746 0.266418167549
-36.8561 32.9016 1.06179352042
-37.4529 33.7798 0.215276589531
-37.2394 33.8074 10.6595334237
-35.481 23.2939 4.17315602991
-31.334 22.8274 0.76107272977
-9.7896 -4.6442 0.928311090099
-9.8204 -5.572 1.07295741761
-10.3155 -4.6201 22.7548989086
-18.4702 16.6234 9.96465279776
-22.8085 25.5941 0.176155754944
-22.6331 25.6104 9.6296599509
-17.3137 17.5833 0.826873630006
-18.1173 17.3885 0.102046313015
-18.0165 17.3726 0.705898158377
-18.2279 18.0461 0.125342411019
-18.1975 17.9245 0.0423381624542
-18.1691 17.9559 1.26218531524
-18.6007 19.142 0.555891824009
-18.7351 18.6026 15.445317212
0.0 0.0 3.82526887421
3.7536 0.737 0.337212247702
3.4939 0.9521 1.64618473143
1.8563 1.12 1.98432305082
0.8452 2.8274 4.27143738453
-3.2875 1.7476 0.405680625616
-3.2376 2.1502 0.352868204858
-3.527 2.3521 0.205950867927
-3.3244 2.3891 1.50372125741
-2.6283 1.0562 21.3276697248
12.2975 -14.1783 2.97956520989
9.4947 -13.1673 0.586238210969
9.7515 -12.6403 1.43457345926
-14.5782 -34.0 7.12731215115
-16.0395 -27.0241 0.652563023776
-15.3908 -26.9532 2.70772415877
-12.9032 -25.8838 0.474287718584
-12.4872 -26.1116 0.435533879279
-12.1896 -25.7936 0.937253188845
-11.2541 -25.7363 0.837128837157
-10.4878 -26.0733 0.384867899415
-10.1037 -26.0976 0.416980311286
-10.0414 -25.6853 0.475240760036
-9.5917 -25.5316 0.34825281047
-9.2626 -25.4177 2.15979068662
-7.4692 -26.6212 1.64114366221
-5.8288 -26.6706 10.5627992048
4.2664 -29.7786 0.574097561395
4.8265 -29.9046 0.385515888129
5.165 -30.0891 1.51178544774
4.899 -31.5773 0.699647053878
5.5672 -31.7847 0.784084134516
6.3469 -31.8675 3.45518161607
9.7505 -31.2727 0.474440891998
10.1295 -31.5581 3.58513487055
13.7143 -31.5091 0.401639066825
13.7308 -31.1078 0.967063193385
14.5099 -30.5349 0.511394417255
15.0019 -30.6744 0.338142469974
14.8522 -30.3712 1.52384445729
16.3115 -30.81 3.02874140527
18.4206 -32.9837 1.34702809548
19.7676 -32.9924 1.34159948196
21.101 -33.1405 2.77516107821
23.8359 -32.6695 1.07202321803
24.9026 -32.7762 0.658102742739
25.5535 -32.8733 1.3891516044
26.9408 -32.945 2.38145171062
29.2995 -32.6166 0.981530891006
30.1828 -32.1886 3.60201925175
33.6566 -31.2361 6.75569233906
39.5919 -28.0094 1.91547511078
40.333 -26.2431 1.34991463434
40.6184 -24.9237 0.410938547717
40.6044 -24.513 0.306411031133
40.6018 -24.2066 0.316193564134
40.5352 -23.8975 0.476189972595
40.426 -23.434 0.370656997776
40.4195 -23.0634 0.537663361222
40.3928 -22.5264 0.24743261709
40.3847 -22.2791 0.806940549235
39.8631 -22.8948 2.90736028899
33.1962 -12.2931 21.9720665956
16.402 -26.4609 0.303193832391
16.1477 -26.2958 2.63658806984
13.5805 -26.8967 4.02783710942
11.1732 -30.126 2.4512019521
8.7631 -29.679 4.1761833317
4.635 -29.0471 4.079165927
1.6425 -26.275 3.31684716712
-0.8783 -24.1193 3.11234044571
-3.2014 -22.0481 2.19258081721
-10.9261 -15.441 1.04775647934
-11.9719 -15.377 1.10539978288
-11.0277 -14.8022 7.1864802581
-5.443 -10.2793 0.0843005338061
-5.4757 -10.357 7.85580260699
-13.1413 -12.0752 7.27978072472
-20.2735 -10.6168 3.68132860935
-23.8728 -11.3896 9.27149929839
-32.8848 -13.5678 3.54520317189
-36.4275 -13.701 7.23311770815
-42.6992 -17.3043 3.66879958706
-46.0113 -15.7263 3.27358536165
-48.1569 -13.2539 2.17411250169
-50.3298 -13.3265 1.90407609354
-51.2979 -11.6869 0.909540900675
-52.0402 -12.2125 0.361549789102
-52.2523 -11.9197 1.37873641426
-51.2924 -10.93 0.766712527614
-52.0575 -10.8803 1.21399057657
-52.1819 -12.0879 9.35677214642
-50.4421 -21.2815 0.178723529509
-50.5178 -21.4434 0.1352992609
-50.4868 -21.3117 1.1333714175
-50.2142 -20.2116 8.94325607036
-47.9197 -9.2872 0.909398883879
-47.9818 -19.6947 0.489034252379
-47.7609 -19.2584 8.55749428338
-44.6204 -11.298 0.400521971932
-42.2914 -4.849 1.0519756366
-41.3907 -5.3925 1.85195979438
-40.8305 -3.6273 6.52521958098
-42.6282 -9.9 11.0517605656
-31.5848 -9.4702 12.1115474986
-20.6208 -14.6161 15.5557561259
-9.0247 -24.9849 4.15414798605
-4.939 -25.7359 3.5268739813
-1.6248 -24.5297 3.15142293258
1.4571 -25.188 0.472132619081
1.7535 -24.8205 0.291394440578
1.9319 -24.5901 0.663988682132
2.032 -23.9337 3.98221255334
5.8179 -25.1686 0.495637538933
6.3135 -25.1625 1.82002660695
8.1254 -25.3343 3.77452214856
10.5685 -28.2115 4.06062690357
13.9839 -30.4078 2.39130879855
16.375 -30.3762 8.41646491587
12.7668 -22.7724 0.90729884823
13.64 -23.0188 11.6878402457
21.0185 -32.0832 0.861688186063
20.5102 -31.3874 8.87222356459
16.9585 -23.2571 1.3991285645
17.474 -21.9564 0.764977032335
17.6271 -22.7059 0.429324644063
17.9557 -22.4296 1.04362189034
18.6048 -21.6124 7.52297664558
26.0304 -20.4059 3.44337082087
29.4673 -20.1949 2.09114252503
30.8148 -18.5958 1.25413594159
31.9868 -18.1494 0.671979382124
32.6345 -17.9704 0.675259986968
33.2794 -17.7702 0.929662675383
34.1339 -17.404 0.29686207235
34.2892 -17.151 0.209832742917
41.6103 -12.4442 0.642888489553
42.2408 -12.5698 1.40179042656
41.077 -11.7884 9.30159069031
40.3159 -2.518 1.47653911563
38.8409 -2.5854 17.1581678771
22.3388 -7.2847 25.8921433783
11.5502 -30.8221 2.83415534684
8.7309 -30.5323 1.48572515964
8.4279 -29.0778 4.00593145473
4.423 -28.9869 4.86474007528
0.459 -26.1669 3.7330462909
-2.2865 -23.6375 4.16828952929
-5.6089 -21.1203 1.16241851327
-6.6517 -20.6067 7.5743326815
-10.8646 -14.3121 0.946237285251
-10.0306 -14.7591 8.02858814612
-3.2987 -19.134 3.42298940986
-6.6434 -19.8619 1.12883582952
-7.6726 -20.3256 1.0107725016
-8.6038 -20.7187 2.4234373687
-8.1806 -18.3325 1.64549349437
-8.5434 -16.7275 2.71715854893
-8.6117 -14.0112 1.07194758267
-9.6488 -14.2823 0.789113179462
-9.0973 -13.7179 0.485568131162
-9.2208 -14.1875 5.41884693454
-14.2609 -12.1972 0.766607494093
-15.0061 -12.0173 1.11294403273
-14.183 -12.7664 6.14290843331
-8.5211 -15.1493 4.76510925898
-4.0378 -16.7637 0.835772439124
-3.8064 -17.5668 0.956724767109
-4.0082 -16.6316 20.865309505
-11.2575 2.9339 3.12598009111
-14.0427 4.3532 26.9033940619
-31.2196 25.0594 11.3378327532
-42.0523 21.7129 4.69488546399
-46.7369 22.0235 2.45228060385
-44.9173 23.6675 4.16334332118
-41.3154 21.5795 9.60454038307
0.0 0.0 7.39510798637
-2.4593 -6.9742 4.92442281897
0.0314 -2.7261 13.1252713473
5.0727 9.3924 28.4067071362
20.7341 33.0918 3.24179476371
23.9561 32.7341 4.14780600438
28.1033 32.6632 4.40192284008
32.4303 33.4719 5.71369743861
38.1424 33.3368 4.67544322819
41.0311 29.6605 0.647580558695
41.0854 29.0152 0.306255448931
41.1732 28.7218 0.754088920486
41.0033 27.9871 1.98426333182
40.0497 26.247 7.66607782702
39.4143 18.6073 1.43039267336
40.1847 17.4021 0.0841379819107
40.2131 17.3229 1.03178239954
40.1937 18.3545 1.02530949961
39.9218 17.3659 8.79621319944
40.1146 8.5718 0.417410888694
40.4722 8.3565 1.28439684288
47.0 9.16 15.3494654347
40.9967 23.2868 23.4042976338
17.959 27.413 4.79018039431
13.6151 29.432 3.13026684166
10.5148 28.9999 5.84936779575
4.8153 30.3155 0.63206146853
5.0784 30.8902 0.831273847778
4.2473 30.9072 3.25479861896
1.0012 31.145 3.49524085722
-2.494 31.1281 8.18778853721
-3.8133 23.0473 19.7556347478
-5.1331 3.3358 43.8270136949
-34.2966 -29.3796 9.82192189391
-42.9054 -24.6511 1.34381737226
-44.0831 -25.2983 0.485537928488
-43.9283 -24.8381 3.69281318916
-46.48 -22.1687 0.571149857743
-47.0 -9.16 15.7973467038
-33.1132 -16.6908 22.0916505902
-13.7936 -27.405 1.00477629351
-12.9478 -27.9474 6.42603013143
-7.4943 -31.3464 4.59419095163
-3.0802 -32.6201 0.698837048245
-2.9893 -31.9272 1.22787493256
-3.3031 -33.1143 1.12883121856
-3.1925 -31.9909 17.5224604451
-0.0012 -14.7615 0.152338701583
-0.014 -14.9133 1.21190703439
0.4781 -16.0208 14.2169941872
2.0065 -30.1554 1.17929157124
2.0595 -31.3335 0.818952526097
1.9515 -30.5217 16.9704797398
7.2583 -14.4023 0.798143157585
8.0562 -14.422 13.2592752536
10.2262 -27.5025 7.86217657204
10.3436 -19.6412 0.82257823944
11.1522 -19.7922 6.99856354547
12.6605 -26.6263 0.697492379887
13.1394 -26.1192 2.91047651253
15.7077 -24.75 0.579152380639
15.1289 -24.7298 1.03189687954
15.5188 -25.6852 7.28070296949
8.3755 -24.2774 0.102598732936
8.28 -24.2399 0.819057458302
9.0734 -24.0365 1.14319633047
8.119 -23.4072 16.0387060017
-6.4015 -16.5958 5.66402486665
-2.8503 -12.1833 14.4580840978
7.742 -2.3426 0.393167267203
8.1307 -2.4017 1.542371972
9.3556 -3.339 0.63106177986
9.984 -3.2811 3.67877714737
13.5499 -4.1854 0.570350769264
14.0915 -4.0066 1.62174284645
15.706 -3.8535 0.597211059844
16.2999 -3.9163 0.440479102796
16.7029 -4.0941 0.836038808908
17.4194 -4.5249 0.526897760481
17.3797 -5.0503 0.725242200923
17.5161 -4.338 0.368738823559
17.2757 -4.0584 1.1574884967
17.0038 -5.1835 0.647294446137
16.3875 -5.3814 0.0634466705194
16.3663 -5.4412 0.0665770230635
16.4002 -5.3839 0.0603739182098
16.3803 -5.4409 0.0685078097738
16.4007 -5.3755 0.0531681295515
15.8166 -4.2908 1.16181455061
16.655 -3.4865 13.3208851767
22.7192 8.374 6.37349091315
16.5323 9.9049 1.19187838725
15.7803 10.8296 15.2852123996
6.296 22.8165 4.43110406219
6.0121 27.2385 0.232197717474
5.9418 27.4598 0.0984262668194
6.0361 27.488 2.92062433052
5.5043 30.3598 5.0071061223
0.4997 30.2014 5.32447533659
-3.2783 26.4495 2.63839122383
-5.4123 24.898 2.22413132031
-7.395 23.8902 1.62621312871
-7.8485 22.3285 8.07861208501
-11.7734 15.2674 1.61154237301
-13.3743 15.0825 0.532278423384
-13.2079 15.5881 1.31793452038
-12.7687 14.3455 18.9419978846
-14.2883 -34.0 7.49612154184
-15.9999 -26.7019 2.8622776822
-13.6651 -25.0462 1.62225512482
-1.2713 -16.9775 5.15974847546
-6.2581 -18.3022 0.662947697786
-6.0963 -17.6593 14.1872532366
-7.8147 -3.5765 3.88446981839
-11.5923 -2.6716 1.86257610046
-13.4501 -2.8049 2.31119180727
-15.7612 -2.8255 0.582921306867
-16.3402 -2.893 2.76948278926
-19.1058 -3.0396 1.91149417995
-21.0104 -2.8774 1.03274875938
-21.487 -3.7936 3.93945436323
-24.0228 -6.8084 1.1266311597
-23.6629 -5.7408 0.78272249233
-23.2758 -6.4211 0.815153151254
-23.8779 -5.8716 0.495201312599
-24.3682 -5.8021 0.658241422276
-47.0 -9.16 18.9047427451
-38.4949 -26.0435 0.313491132251
-38.5319 -25.7322 1.01978384474
-39.5174 -25.47 1.02609773901
-38.5075 -25.6516 22.6987116683
-16.0093 -28.662 1.08927495611
-17.0881 -28.8127 1.33897373014
-16.2229 -29.8346 8.43414378464
-8.4842 -33.1883 4.77990407435
-3.7128 -33.4733 6.32222733062
2.5661 -32.7344 1.55716251239
4.1139 -32.5639 1.12641044473
5.2396 -32.5239 2.20678451372
7.4154 -32.1554 0.631395795045
8.0265 -32.3142 0.989832192849
8.9929 -32.5283 2.8492071599
11.7249 -33.3371 1.08259906244
12.7937 -33.1648 0.569501553993
13.3246 -33.3709 1.5172285029
14.8418 -33.3616 0.49350101317
15.2828 -33.1401 1.48144996878
16.7552 -32.9766 1.25871282269
18.0118 -33.0495 1.24913698608
19.2479 -32.8695 0.621551494246
19.7474 -32.4996 1.94172991428
21.6799 -32.3105 0.757196123868
22.4318 -32.3999 2.38860203885
24.7147 -33.1026 1.13086970514
23.6545 -33.4961 1.59355039142
23.5467 -31.9062 11.070104663
19.6657 -21.5387 0.508421724556
20.1165 -21.3036 0.315402282807
20.4081 -21.1834 1.2844720939
21.1715 -20.1504 0.48897280088
21.6587 -20.192 0.329605612816
21.9618 -20.3215 1.05762059832
22.6625 -21.1137 2.39157962234
25.007 -20.6415 1.45094665994
26.2675 -19.9229 0.353012195257
26.6119 -20.0004 0.00702139587262
26.6188 -19.9991 1.12434904278
27.6622 -20.418 2.07918931557
29.0108 -22.0005 0.825360297082
29.4109 -22.7224 2.51584808961
30.5553 -24.9629 1.80211880019
32.2969 -25.426 1.60076902769
33.6497 -26.2818 1.18166579455
34.8076 -26.046 0.506641539947
35.3107 -25.9862 0.945945373687
36.1666 -26.389 0.146100684461
36.0216 -26.3711 3.09599873708
39.0093 -27.1828 1.14646044851
39.3677 -26.0938 0.739473501892
39.1368 -26.7963 0.969249864586
38.9661 -25.8422 3.71249907205
38.6691 -22.1416 0.507019062758
38.7578 -22.6408 0.548246523017
38.8633 -23.1788 0.92737337141
39.6022 -23.7392 0.278730586768
39.8765 -23.6897 1.51464574406
41.5232 -13.0079 1.65124143904
40.5342 -11.6856 0.308456171927
40.3782 -11.4195 1.03577148542
40.2653 -12.4491 6.76101702557
37.2854 -6.3802 0.90280403743
36.7907 -7.1354 8.46421272712
31.3072 -13.5832 17.734109469
18.8197 -26.1753 3.70918395877
15.9105 -28.4763 2.82892344364
13.1104 -28.8791 3.66594242317
9.7928 -30.4388 0.95766349518
10.2204 -31.2957 0.643338270275
9.6946 -30.925 21.6022908864
-0.8529 -12.0727 0.941999002123
-1.7285 -11.7253 1.0544739589
-1.4147 -12.732 16.477933019
5.447 -27.7133 4.37683623637
1.0732 -27.8763 3.48415774758
-1.5132 -25.5418 3.15960638371
-3.7661 -23.3265 10.60054462
-11.5061 -16.0833 17.5512703022
-10.3492 1.4298 38.9319191667
-43.5206 21.81 5.66612668849
-48.9073 20.0526 1.33011288619
-47.815 19.2936 0.371986572338
-48.1825 19.3512 1.86303091225
-49.9792 18.8585 0.720797405656
-49.9152 19.4152 12.83799571
-41.0848 10.0965 0.487141919773
-40.6002 10.0468 2.2885990693
-42.2985 8.5127 1.43584707055
-42.6805 9.8968 0.153146857624
-42.7769 9.7778 1.06640015941
0.0 0.0 7.29627891051
-7.2913 0.2695 0.895284854111
-7.4397 1.1524 19.6599003156
-2.6158 20.2113 1.40506690232
-1.345 20.8107 0.233975725237
-1.539 20.9415 1.08312345095
-1.303 19.8844 14.7686052158
-6.2711 5.9765 0.45606781294
-6.1623 6.4194 10.0186834265
-14.2795 0.547 0.587887489236
-13.6936 0.5953 1.35327682312
-12.349 0.7483 0.536897764942
-11.961 0.3772 0.33996476288
-11.624 0.3324 0.11193770589
-11.5139 0.3122 0.678484929825
-11.1531 -0.2624 1.01222678289
-10.1426 -0.3215 0.71656249553
-9.4417 -0.1725 0.470941609969
-8.9759 -0.1031 0.226452931092
-8.7962 -0.2409 0.295880803703
-8.9086 -0.5146 1.75313530567
-7.1594 -0.632 0.789004283892
-6.4568 -0.991 13.1816094757
0.2006 -12.3679 0.700751039956
0.5677 -12.9648 20.5618258319
11.1372 -30.6021 2.50195549521
13.5235 -31.354 2.72496464014
15.9905 -32.5113 1.82977979549
17.7532 -33.0022 0.627282408489
18.3801 -32.9803 1.28088369886
19.3773 -32.1764 0.209993261797
19.4102 -32.3838 10.1966462408
19.8202 -22.1954 1.16530135587
19.8467 -21.0304 0.543339829205
19.9863 -21.5555 1.21372224994
21.1664 -21.8392 0.60162683617
21.7378 -21.6509 2.56221349618
24.254 -21.1675 0.542102066036
24.6487 -20.7959 0.496625412157
25.1279 -20.6655 0.381076908248
25.5019 -20.5924 0.959273813882
26.4039 -20.9189 4.36956702317
28.6458 -24.6695 2.38924742335
31.0252 -24.4528 4.8454192801
33.7848 -28.4356 0.138399169073
33.8996 -28.3583 2.9227877446
36.7314 -27.6347 2.45695520513
39.1052 -27.0009 1.24723620858
39.9302 -26.0655 1.11965611238
40.2487 -24.9921 1.60093905256
40.2698 -23.3913 0.968134582587
40.4102 -24.3492 0.970076476367
40.2311 -23.3958 8.25114956658
40.2597 -15.1447 0.930308604711
40.0726 -16.056 1.34410428911
40.1129 -14.7125 7.62734670315
0.0 0.0 4.05779416432
3.9848 0.7662 0.472084621652
3.549 0.5847 5.03905896473
-0.596 3.4502 2.16737966217
-2.4286 4.6074 2.66163724801
-4.7716 5.8702 0.963652930261
-4.7817 4.9066 1.00553966605
-5.1278 5.8507 19.8202138399
-8.5899 25.3662 2.10890561192
-9.5067 27.2654 3.13738361378
-11.8522 29.3491 2.77221095337
-13.7343 31.3845 2.86461885074
-16.3597 32.5305 3.60380691075
-19.9577 32.735 10.2165898034
-12.6713 25.5735 11.6087665779
-7.9124 14.985 3.24874364794
-10.0604 12.5477 1.62714046105
-11.3572 11.5649 1.01439903884
-11.7727 10.6395 11.4904612562
-12.1639 -0.8443 20.7196653923
-17.475 -20.8717 3.41401198153
-19.212 -23.8108 4.10450805822
-21.2472 -27.3752 2.45046159121
-22.5523 -29.4492 0.788864221524
-21.8033 -29.2016 3.69754784148
-24.5813 -31.6418 2.96301672287
-27.5434 -31.7155 12.2899393668
-28.4426 -19.4585 0.749566387987
-28.8585 -20.0821 7.9270782972
-29.9838 -27.9289 2.50396679091
-32.2778 -28.9326 1.00890540686
-31.5294 -29.6092 3.39195689241
-34.9184 -29.7508 2.7980197015
-37.7164 -29.7403 10.487308044
-48.1624 -30.6702 3.40498165046
-50.5164 -28.21 0.895992550192
-51.1017 -28.8884 1.22411460656
-50.5638 -27.7888 18.1268798694
-33.7536 -21.0064 3.25301758372
-32.9641 -17.0934 0.749435254041
-33.5275 -16.5992 6.14824075651
-32.4229 -10.551 1.23666411365
-32.2311 -9.3293 1.10872550706
-31.4395 -10.1056 21.0768793954
-17.0614 -25.5168 5.97845040123
-11.122 -26.199 0.608452085213
-10.5233 -26.3075 0.592823498185
-9.9876 -26.0536 2.48419855285
-7.5118 -25.8495 1.82308545603
-6.7951 -24.1732 11.3697024609
-2.2954 -13.7318 1.30850120367
-2.1208 -12.435 0.811199636341
-1.9001 -13.2156 10.8834629314
-2.9334 -24.0499 0.713338082539
-2.4315 -24.5568 11.6432758724
2.1355 -13.8466 10.3195642156
1.2747 -3.563 0.575557790322
1.0261 -3.0439 1.250514782
1.617 -4.146 6.11944015822
6.8286 -7.3533 0.879733607406
7.0667 -6.5064 1.21734997844
7.5623 -7.6183 19.4209065458
12.8078 -26.3174 1.00501059198
13.5976 -26.9389 1.37633489021
13.0773 -25.6647 10.3466963008
11.4726 -15.4432 0.681634249433
11.8628 -14.8843 8.56463164941
11.6505 -6.3223 0.965162421564
11.7194 -5.3596 1.10703497686
11.7282 -6.4666 9.998771143
13.7923 -16.25 1.05438859061
14.522 -17.0111 7.31092218602
17.3956 -23.7336 0.580011034378
17.8324 -24.1152 2.39297472615
20.2174 -23.92 2.32911523974
22.5402 -23.7486 1.10335746701
23.6043 -23.4569 0.141451051604
23.6081 -23.5983 0.270601847739
23.4775 -23.3613 1.20075520403
23.872 -22.2272 1.88567572239
25.0898 -20.7875 1.69854978143
26.7042 -20.2595 0.248661416388
26.9523 -20.2428 0.759766654967
27.5904 -20.6552 1.26033843471
28.8423 -20.5096 0.257867019993
29.0895 -20.583 0.489569290295
29.5598 -20.447 0.732726306338
30.217 -20.123 0.351486699606
30.5631 -20.0617 0.25058102482
30.8069 -20.0038 0.131346907082
30.8654 -19.8862 0.3819073186
31.2208 -20.026 0.969547698672
30.8463 -19.1317 2.94394080443
31.4774 -22.0072 0.526310070206
31.8519 -22.377 3.97103734684
33.515 -25.983 0.741330749396
34.2108 -25.7272 2.60956020241
36.8126 -25.9283 2.5230415058
39.3226 -25.6721 2.20702254633
40.5362 -23.8287 1.99390634183
40.4197 -21.8382 6.42682069145
39.3561 -15.5 6.35393601636
42.6256 9.9104 10.9375209851
31.7143 10.6673 11.4278719406
28.9173 21.7476 17.7405391243
12.1862 27.6465 1.02703242403
11.1596 27.6763 4.01291031049
8.6416 30.8009 1.85129620537
7.7808 32.4399 3.89367838682
4.2775 30.7406 2.88010954132
2.5099 33.0145 3.91723125179
1.0961 29.3613 3.94651870514
-1.9124 26.8071 3.64124249673
-5.3528 25.6145 2.17370191149
-7.3568 24.7725 1.83971994608
-9.009 23.9633 1.92181795444
-9.5517 22.1197 6.58075666546
-13.599 16.9307 0.314154516122
-13.3495 17.1216 11.1309649775
-3.0313 21.2969 0.629184392686
-3.6543 21.3849 6.62096921304
-10.0397 23.1353 2.94718920329
-10.1079 20.1889 1.84294500189
-11.9337 19.9381 2.08579417968
-14.0031 20.1991 1.93050921003
-15.8086 20.8825 1.31193363399
-16.4517 19.739 0.965053501108
-17.0772 19.0041 1.10318579124
-18.1357 18.6933 1.29494642746
-19.3689 18.2982 1.39489261594
-20.6654 17.7836 0.967929181294
-21.5771 17.4585 1.71726276673
-23.2825 17.66 2.13087434637
-25.4133 17.6778 1.5294041781
-26.7666 16.9653 2.02035502326
-28.3097 18.2694 1.91507184461
-29.9361 17.2583 1.38482173582
-31.1881 16.6665 3.7500417611
-36.4157 14.9097 1.51655399179
-34.9372 15.2473 0.27275718139
-34.8464 14.9901 0.336536015903
-34.5809 14.7833 0.865237753453
-34.273 13.9747 0.523831136913
-33.7935 13.7638 0.472029289345
-34.2501 13.8835 0.0833230460317
-34.1869 13.9378 0.0315572495633
-34.1554 13.9359 1.75062961531
-32.6496 13.043 0.493555397093
-32.2618 13.3483 0.654669206546
-32.5854 12.7792 1.2886629117
-31.5987 13.6081 19.3163058104
-15.1241 23.6931 6.23634730672
-10.2368 27.5669 6.29601017788
-5.2548 31.4165 4.63704108457
-0.7707 32.5976 2.42143235503
1.6497 32.6683 0.619856475323
2.2534 32.5277 1.83313021087
4.022 32.0456 3.48881346162
7.4539 32.6732 2.44463292336
9.4981 31.3325 1.43063300675
10.6907 32.1227 1.98166312475
12.3982 33.1284 0.788402841192
13.1782 33.0136 1.08593484151
14.2404 33.2394 0.583500077121
14.8239 33.2397 0.398127240967
15.2202 33.2778 4.60275567568
19.8192 33.4637 11.2188588105
18.7202 22.2988 2.74316063875
21.4579 22.4718 0.816211473823
22.1978 22.1272 0.49499718181
22.6823 22.0258 0.953664951647
23.5663 21.668 2.09827831328
25.2525 20.4192 0.643629862576
25.8889 20.5154 1.88373622888
27.7562 20.2671 1.29079092033
27.7784 18.9765 0.346786966306
27.9106 18.6559 0.374331831401
28.2242 18.4515 2.16944414309
28.9 20.513 0.139494014208
28.9933 20.6167 7.08695799973
31.8345 27.1092 0.878922635958
32.6729 27.373 3.42885274254
35.9797 28.2797 0.632328727799
36.5856 28.0988 1.71523617324
38.1589 27.4156 0.933338293439
38.922 26.8782 1.94867919628
39.733 25.1063 1.45837190387
39.9024 23.6578 0.781919343667
39.8969 24.4397 0.725860179373
40.1977 23.7791 13.5208007825
43.3858 -9.2487 9.99305804296
