0.0 0.0 7.51106193557
-2.8244 6.9598 1.33412457065
-2.477 8.2479 0.981536591269
-2.5918 7.2731 13.3658285957
-2.1144 -6.0842 0.534773045319
-2.6309 -6.2228 5.30015036107
-4.0353 -1.1121 1.44349952892
-3.0573 -0.0504 1.12206499366
-3.5989 -1.0331 20.9776841069
-9.2909 -21.2238 1.18352087012
-9.4491 -20.0509 8.40942999376
-11.3912 -11.8688 11.0833418363
-10.9587 -0.7939 0.624099230892
-11.169 -1.3815 0.687114582875
-10.9289 -0.7377 0.523701632612
-10.7777 -0.2363 1.07983356125
-9.6991 -0.1847 1.38255327926
-9.8605 -1.5578 8.51970160569
-14.0944 5.8354 2.59731333882
-11.6407 6.6871 0.464392786335
-11.2022 6.84 1.69646015279
-10.1849 5.4824 0.207356335809
-9.9877 5.5465 0.404121726711
-9.9563 5.9494 0.055905724215
-9.9307 5.8997 1.74137794864
-9.6853 7.6237 7.57229734295
-13.5105 14.1588 0.462901252969
-13.0676 14.2934 0.191570822413
-12.8859 14.3541 0.912828707918
-13.5479 13.7256 3.13426486756
-10.568 12.7541 0.386109427494
-10.8312 13.0366 0.0377001326258
-10.8143 13.0703 1.17631174864
-9.783 13.6361 2.21342112803
-9.3875 15.8139 1.00209678175
-9.0839 16.7689 0.695422245833
-10.4824 11.8799 0.629174395538
-11.0965 11.743 3.04338709336
-13.9623 12.7674 10.4462805342
-23.9287 15.8972 21.5705117695
-43.3733 25.235 0.376848842376
-43.6886 25.4414 5.85885164516
-48.5772 22.2122 4.49410972385
-51.5177 18.8136 0.400238591343
-51.1555 18.6433 0.0692011560597
-51.0999 18.6845 0.603817762243
-51.7032 18.7095 1.30814436894
-50.6045 19.4195 0.296438189173
-50.8767 19.5369 0.50637552271
-50.4339 18.4605 9.91418022128
-47.0 9.16 17.9171114327
-46.506 27.0703 0.825350955655
-45.9628 27.6917 0.216746164903
-45.8795 27.8918 5.16971077044
-41.8691 31.1541 0.687302909931
-41.1831 31.1964 4.3021023535
-41.1786 26.8943 16.6176282736
-27.6074 17.3043 3.42001359208
-24.2795 16.5159 0.789546300099
-23.4951 16.6059 0.87783836781
-23.2267 17.4417 0.0476270931299
-23.1802 17.452 1.22525579778
-23.9778 16.5219 0.911448045694
-24.3055 17.3724 0.54937841239
-23.7563 17.3584 1.22754155123
-23.7462 16.1309 0.841854738064
-24.3624 16.7045 7.90792888499
-25.4825 24.5327 2.36602519006
-23.1261 24.3195 9.83730511929
-17.1286 16.5219 0.361254716232
-16.7735 16.4555 0.303764662198
-16.5631 16.2364 2.46434325937
-14.9818 14.3463 1.59592336282
-13.3861 14.3196 1.54785844637
-11.8645 14.0357 0.687907261192
-11.2423 13.7423 1.06839034065
-10.7767 12.7807 1.97379453085
-8.9328 13.4849 16.1356289028
-19.8813 25.3377 0.219482755587
-20.0505 25.1979 8.75033280739
-13.8787 18.9949 2.58784661253
-11.3015 19.2294 0.419298282849
-10.9414 19.0146 1.76812855867
-9.3458 18.2528 1.26839120543
-9.8543 19.4148 10.2108523175
-18.5812 24.716 3.0218129459
-15.955 26.2108 0.131384169518
-15.8248 26.1932 1.01195275087
-15.2217 25.3806 5.017437603
-14.7704 20.3835 0.325222585317
-15.0267 20.5837 0.307721253735
-14.8676 20.3203 0.199836958544
-14.8792 20.5198 0.455322742678
-14.4914 20.7584 2.68615897147
-11.8843 21.4053 1.09449941069
-10.8507 21.0453 0.506504037496
-10.4162 21.3056 1.33936334876
-9.4045 22.1833 0.840379991432
-8.5927 21.966 0.588102882156
-8.0149 22.0756 1.00653671567
-7.5053 21.2076 0.57899424004
-7.029 21.5368 1.06060972087
-7.6717 20.6931 9.20970805238
-14.5117 26.8602 0.573446466551
-13.9796 26.6464 0.39959886136
-13.5826 26.6009 2.61630062684
-12.173 28.805 0.328748064633
-12.3982 29.0445 0.974282736171
-13.3684 29.1336 2.75780031184
-11.3868 31.0516 2.40950069724
-9.2299 32.1256 1.05284183048
-9.5953 33.113 1.40889582653
-9.9169 31.7413 9.43611544228
-16.0679 24.5855 2.7950004025
-13.2881 24.2944 1.23834525477
-13.0597 25.5115 4.63930032009
-10.5808 29.433 2.55323066917
-8.447 30.8351 1.36405514918
-8.5508 32.1952 2.15175973566
-6.5218 32.9116 0.051964026018
-6.5073 32.8617 0.889392494909
-5.7523 33.3318 1.18872071152
-6.8606 33.7616 0.40849236223
-6.4982 33.5731 1.71132643876
-5.3265 32.3258 9.2015384067
-11.3761 25.3925 0.681674211042
-10.7554 25.6743 2.67963975191
-8.7008 27.3945 2.46059705153
-7.7472 29.6628 0.426622104444
-7.5653 29.2769 0.984954663931
-8.4998 29.5881 1.1745281691
-7.5507 30.28 1.35970438331
-6.5927 31.2449 2.29307838723
-4.7342 32.5881 0.784225892202
-3.9822 32.8106 1.23494061801
-2.7874 33.1229 1.41410315395
-1.4081 33.4347 0.576186645107
-1.636 33.9639 0.205631150364
-1.7356 33.784 0.405132101912
-1.5535 33.4221 0.425443168943
-1.2105 33.6738 1.5359400151
-2.7367 33.5011 0.150391622107
-2.8009 33.6371 0.17804148393
-2.816 33.4597 1.54118929726
-1.2861 33.6459 1.51092053067
-1.7492 32.2077 4.53007578855
1.4032 28.9544 0.374427576442
1.6783 29.2084 0.618927911796
2.1353 29.6258 0.75464063633
2.4558 30.309 2.04867399066
4.0222 31.6294 0.483962581198
4.3285 32.0041 1.48235016443
5.089 33.2765 1.1188135725
4.2356 34.0 8.98110454009
-1.907 27.448 12.407083956
3.2165 16.1482 0.0745291889128
3.1427 16.1378 0.752773146439
3.6556 16.6888 9.23346851676
-2.5445 23.531 0.160762713339
-2.7041 23.5117 0.631990395497
-3.1596 23.9498 1.52437897191
-2.4667 25.3076 5.04347886384
-0.1556 29.7904 0.800626535908
0.5498 30.1691 0.185228750468
0.3658 30.1478 6.59872082301
-3.9195 25.1299 2.10510813261
-1.9758 24.3215 2.99494967737
0.5681 22.7409 1.40779177793
1.6836 21.8821 1.81729060142
3.1184 20.7668 0.576686266526
3.6087 20.4632 1.36785032076
2.9868 19.2449 1.20169575184
4.122 18.8507 3.86152762647
7.8001 17.6747 1.58479350074
9.2363 17.0047 0.989910915184
9.0904 16.0256 0.266183282721
9.1281 15.7621 0.383190879328
9.4479 15.551 1.5347837144
10.8932 15.0346 0.615769989525
11.2754 15.5174 1.9517912414
13.091 16.2337 1.56682823564
13.3306 17.7821 8.65703298885
17.2462 25.503 0.268843151298
17.4762 25.3638 0.460580003908
17.7525 25.7323 0.750018719766
18.3063 26.2381 1.64525809829
16.7852 25.6111 8.29124004356
23.8597 29.935 6.7252917052
18.2941 26.1596 1.20385866695
17.5553 25.2091 0.686016034798
18.1735 25.5065 14.5853438701
31.6845 31.0006 5.16968270206
36.6605 29.5988 4.5360679371
39.0572 25.7476 1.31393059938
39.3861 24.4755 2.28623779166
40.1991 22.3387 2.05667036737
41.2179 20.5521 1.25646555066
41.8801 19.4843 0.717591778102
42.5787 19.6483 0.79547874893
42.8097 20.4095 0.901061934608
42.6652 19.5201 15.0929349207
31.4946 9.3705 0.355906743403
31.3761 9.0349 1.11525352275
30.6782 9.9048 0.726576534166
31.0643 9.2893 0.262466188299
31.3258 9.2668 0.200733280748
31.5254 9.2455 1.02825903838
30.7082 9.8696 0.576586203442
31.0296 9.3909 1.44927321096
32.4674 9.5729 1.21916970107
33.2498 8.6379 5.89501421372
37.9835 5.1246 0.426535063037
37.5715 5.235 0.143345247567
36.0516 3.8813 1.12809064352
34.9241 3.8448 13.0963104125
21.975 1.8867 5.1570808613
16.8185 1.8093 3.71278100081
13.1225 2.1619 5.12860740747
8.165 3.4756 4.97703885659
3.2997 2.4269 3.96856328663
-0.6687 2.3909 4.36690981473
-5.0245 2.0796 3.06184412732
-8.0856 2.1471 3.10685726257
-10.2939 -0.0383 2.30596935149
-11.9171 -1.6762 3.87933232657
-15.531 -0.2659 1.73592558596
-17.2368 0.0561 1.3699369803
-18.5926 -0.1402 1.76115022074
-20.3459 -0.3063 0.0927135912367
-20.4125 -0.3708 0.54319075839
-20.9553 -0.3502 2.05324964386
-23.0074 -0.2815 2.05462507529
-25.06 -0.1903 1.87189617768
-25.9869 -1.8166 3.21659886371
-29.0248 -2.8738 0.664703317278
-29.2949 -2.8016 0.416892312234
-29.3277 -2.386 0.0855382955173
-29.1288 6.7818 5.3441707018
-31.4303 11.605 0.118314834235
-31.3227 11.5558 8.56252689631
-33.3961 3.2481 0.363401981282
-33.3949 2.8847 13.213591777
-37.0242 -9.8207 0.630986758974
-36.9927 -10.4509 1.34356217943
-36.5929 -9.1682 0.478724346571
-36.2087 -9.4538 0.639703595425
-36.3225 -10.0833 0.718479679601
-35.8829 -10.6516 9.70357446821
-27.429 -15.4151 15.256731202
-15.4431 -24.8547 0.554392577512
-14.8939 -24.9304 0.35733079912
-14.6298 -25.1711 0.773699638103
-13.857 -25.2084 1.2987122314
-12.5595 -25.2645 1.44658096213
-11.1267 -25.4637 0.841321846858
-10.2889 -25.3868 2.51030568856
-7.7932 -25.6572 6.4440029252
-1.6871 -23.5979 1.62679156932
-0.1631 -24.167 1.92753342124
0.6116 -22.402 18.0996538931
-10.8717 -8.4116 1.10283027253
-11.3132 -7.401 1.0678903174
-11.1734 -8.4597 16.8578107122
-6.1434 -24.5496 1.24302975427
-4.9983 -25.0332 15.5269314319
9.1792 -31.3644 0.527461477266
9.4373 -31.8244 1.21725200349
8.6311 -30.9124 13.7312957262
-4.9803 -29.1018 5.30977358651
-0.4128 -31.8095 0.876760959441
0.3599 -31.3952 19.6472014699
20.0067 -31.5208 1.5061786481
21.5013 -31.7072 13.7536249025
35.1913 -33.0286 6.1223805509
39.8558 -29.063 0.762781915098
40.1697 -28.3678 0.62346054406
40.1909 -27.7447 1.95278247637
40.2695 -25.7935 4.16645835693
40.3313 -21.6275 0.95486684412
39.8483 -22.4512 0.877608397863
40.5546 -21.9303 0.592946068374
40.0216 -21.6705 0.895979865845
40.881 -21.9239 1.31757732221
39.6276 -22.3301 0.0601299426243
39.6057 -22.3861 6.53750731701
40.9221 -15.9825 1.08878147027
40.8351 -14.8972 6.93736302712
41.1632 -7.9676 0.981665279003
0.0 0.0 8.33526650864
5.5376 -6.2299 0.570239967031
4.9927 -6.0618 7.62048743454
-2.4748 -4.5425 0.398737307008
-2.211 -4.8415 2.25350812734
-4.4438 -5.1463 0.59948462032
-4.3404 -4.5558 1.1755161292
-4.7695 -5.6502 19.548483201
-10.7584 -24.2587 6.97809119602
-15.4991 -29.3792 3.14793231979
-18.2449 -30.9187 2.86521615589
-21.108 -31.0288 2.7467226216
-23.8384 -31.3278 3.72764366591
-27.5315 -31.8341 1.96055544426
-29.4909 -31.9014 12.4712797884
-41.9293 -30.9964 6.35993598238
-47.6894 -28.3001 3.43531782081
-50.9431 -27.1979 0.823930919434
-50.7977 -28.0089 1.03350979676
-51.2684 -27.0888 12.3284871809
-51.4163 -14.7612 0.281163386663
-51.3389 -14.4909 1.01939018045
-51.8614 -15.3662 0.96232888349
-51.4608 -13.5606 25.0774317299
-42.6259 9.909 9.34132506661
-33.3209 9.086 0.540279057525
-32.8374 9.3271 1.57550531894
-32.8773 7.7521 0.632002563286
-32.3123 8.0353 1.42458923904
-32.5258 9.4438 0.70557888999
-32.2069 8.8144 0.768952755376
-32.7004 9.4041 1.51450178277
-32.8282 7.895 0.6629592446
-32.3096 8.308 0.698405849059
-32.7583 7.7728 1.35477254918
-33.5088 8.9007 1.08791308476
-32.6196 9.5275 8.04039184244
-34.0819 17.4338 0.391260629249
-34.3421 17.1416 2.93577563516
-31.4308 17.5199 9.1336741594
-25.6346 10.461 2.28351264722
-23.3511 10.4686 1.2955614227
-22.0965 10.7918 0.528410342442
-21.6622 11.0928 1.43377376179
-22.3074 12.3732 0.778558443535
-21.5639 12.6042 0.781851558801
-20.802 12.4287 0.542526211348
-20.3225 12.1749 0.466233214175
-20.0795 12.5728 0.585532723253
-20.4391 12.1107 0.330262637911
-20.3386 11.7961 0.4349342594
-19.9052 11.8326 0.25375628071
-19.8492 12.0801 0.177844032793
-19.9449 11.9302 12.3769393248
-19.9137 -0.4467 0.14695934812
-19.9645 -0.5846 1.44961796691
-20.3681 0.8077 9.96136250972
-19.876 10.7569 0.0
-19.876 10.7569 11.0936444399
-22.4746 21.5419 0.55180849033
-21.9252 21.4904 0.955458512966
-20.9796 21.3535 12.4688248508
-8.5136 21.0881 3.45619879347
-5.2633 19.913 0.987911984946
-5.5361 18.9635 4.12565115345
-1.4461 19.5047 3.10197905377
1.4405 18.369 4.16404250218
5.3491 16.933 1.24056371461
4.5139 16.0157 0.562354879058
4.9238 16.4007 0.397197394251
5.0654 16.7718 0.969852215546
5.9808 17.0922 0.673673548538
13.3234 16.2361 0.943924959941
14.0767 15.6673 0.93132544795
13.4414 16.3483 11.4052202543
4.5538 23.496 2.04047445463
2.5642 23.9488 1.25210001597
1.3121 23.9486 2.52563577144
-1.1576 24.4772 2.74706395994
-3.8998 24.6406 10.9229452754
-8.9108 14.9349 1.88558459105
-10.7578 15.3144 1.89861241964
-12.6482 15.138 2.07062399291
-14.0558 16.6566 2.12620673031
-15.5313 18.1875 2.09330735918
-17.577 18.6314 2.06533341618
-19.5144 19.347 1.58108401421
-20.5773 18.1765 1.08537365455
-21.6512 18.0191 2.67179878359
-24.0305 16.8036 1.15280101492
-22.9198 16.4949 0.75463859562
-23.1727 17.2059 1.32959651775
-21.8588 17.4096 8.16343661518
-27.1289 11.1752 0.59467924968
-27.696 10.9962 3.90288592326
-28.0973 14.8784 0.578659917395
-27.924 15.4305 16.7208085893
-14.6212 25.5607 0.462180235406
-14.3048 25.2238 1.6751226582
-12.7162 24.6924 0.607716817276
-12.114 24.6107 2.31852458473
-9.814 24.3182 0.65882608479
-9.159 24.3891 0.621674617465
-8.5627 24.5649 0.784077426024
-7.8757 24.9428 1.71341962169
-6.1623 24.9346 0.663841554891
-5.8254 24.3626 0.564179563614
3.1824 25.5756 0.402209522513
2.8309 25.3801 8.27755733052
-5.3351 26.7345 3.08147669795
-7.7081 28.7003 2.85770858731
-10.2375 30.0302 2.38276622857
-12.2714 31.2715 2.23777029205
-14.4566 31.7537 2.48360313456
-16.9088 32.1474 1.41421788986
-18.3106 32.3344 2.51359837683
-20.793 32.7292 2.40678801725
-23.1296 32.1522 3.90427286572
-27.0177 31.7972 3.72969170308
-30.6171 32.7744 0.448283715966
-30.3769 33.1529 1.32996936055
-29.3516 34.0 9.0165038241
-37.9705 31.352 1.16833899618
-47.0 9.16 18.3779924094
-44.5076 27.3682 12.9163821394
-35.2782 18.3321 1.14920835796
-35.4959 17.2037 1.19893406825
-34.456 17.8004 21.0317215206
-14.8526 25.4188 15.6268176239
-3.943 14.2305 0.45866027733
-3.9052 14.6876 0.109769075791
-3.8807 14.5806 9.52995144426
-6.1505 23.8363 1.17423132729
-5.369 22.9599 11.5612859116
2.2098 14.2292 8.78356103184
-1.7708 22.059 1.2480754224
-1.9503 23.2941 0.820818816792
-1.4335 22.6564 11.6177343445
6.4732 14.1443 0.223266880661
6.4891 14.367 8.15454987415
2.2142 21.3112 12.4165207655
-2.2052 9.7078 9.78579128737
-6.0318 0.7012 0.891934868698
-5.4552 0.0207 6.65548721958
-3.7159 6.4449 1.03462234656
-3.3117 7.3973 0.429581750078
-2.8865 7.4585 1.10146674938
-2.0845 8.2135 0.36683627138
-1.9011 8.5312 0.359232069838
-1.8963 8.8904 1.04550617884
-0.8537 8.9683 1.01994990563
-1.6147 8.2892 0.330044799989
-1.4181 8.0241 1.5958594957
-2.3613 9.3114 7.83954245604
-8.6569 13.983 0.708501891317
-8.0352 14.3228 1.12246623557
-7.0999 14.9434 2.44530046007
-4.6546 14.9419 1.5886895134
-3.338 14.0528 0.731747531598
-3.8083 14.6134 13.0618858979
-8.3923 26.8445 0.614123709036
-8.912 27.1717 1.29558842616
-7.6276 27.3416 7.57182135619
-4.0223 34.0 9.90479505341
2.5725 26.6099 0.471416588592
2.9773 26.8515 1.53651171489
1.4464 26.9827 15.4659007449
-13.8947 25.0219 1.36181907756
-13.1839 23.8603 12.8426158745
-5.118 13.8666 0.971418946696
-5.9259 14.406 1.10515072275
-6.3123 13.3706 11.6537469241
-14.5134 5.091 13.7562825665
-14.3868 -8.6647 0.37630765339
-14.0449 -8.8219 0.281321488692
-13.7892 -8.9392 2.48660157042
-11.5856 -10.0913 0.598628474097
-11.0263 -9.8779 0.475702312376
-10.5518 -9.9117 1.68819129544
-8.8779 -9.6925 1.43658857715
-8.0314 -8.5318 1.44127377691
-8.9777 -9.6189 6.85098031306
-12.5227 -15.4814 0.405283370002
-12.1877 -15.2533 1.53023189092
-10.6707 -15.0525 0.177234872415
-10.4979 -15.0919 1.00167496724
-10.3422 -16.0814 1.2060030058
-10.6525 -17.2468 0.589000212224
-10.1714 -17.5866 1.18478658416
-9.8059 -18.7136 0.735775189851
-9.1346 -19.0148 0.492202529453
-8.6573 -19.135 0.917471182109
-7.8042 -19.4726 1.14332053686
-6.9606 -20.2443 0.94150416356
-6.0926 -19.8796 0.635901769144
-5.5001 -19.6487 0.786230564148
-4.7176 -19.7252 2.48119715057
-3.1945 -17.7665 0.211633834724
-2.9847 -17.7387 1.19913779442
-2.1899 -16.8408 0.981968965905
-2.142 -17.8216 0.225053104844
-2.2801 -17.9993 0.972535294989
-3.1148 -17.5002 0.407972866745
-2.8163 -17.2221 13.0406727269
1.5741 19.3537 0.319608776475
1.8825 19.4376 4.17800180469
-1.3857 22.0404 7.78990091336
-4.8407 29.0222 3.17642234283
-7.8954 28.1513 3.48210665259
-10.4959 30.467 2.61167041182
-12.6356 31.9645 1.4372495434
-14.0461 32.2405 2.3399583757
-16.3547 31.8587 0.543414188258
-16.8654 31.673 0.698233005522
-17.5372 31.4827 1.40219015116
-16.1351 31.4986 0.797578259483
-16.6059 30.8548 4.54481800406
-20.5294 33.1486 3.79908158638
-24.0893 31.8219 3.29530997783
-27.1981 32.9148 3.4606551085
-30.6578 32.9961 4.86543311638
-35.5107 32.6471 11.3840734291
-46.8327 33.8343 2.96354633674
-49.0407 31.8576 1.84597851017
-50.3492 30.5555 3.00404121476
-50.4821 27.5544 13.0298380132
-45.7345 15.4037 1.38065602523
-41.397 14.8264 17.8673597042
-23.6744 12.5566 13.4188772917
-32.142 2.1467 0.765596558247
-31.7448 1.4922 0.419993297566
-31.8747 1.0928 1.68796217967
-32.8063 2.5004 9.27663430776
-25.7845 8.5626 0.658997033377
-26.0992 9.1416 5.77914677526
-30.8015 5.782 0.941405173132
-31.4322 6.4809 2.62065098783
-34.0356 6.7811 3.05982250792
-36.5603 8.5098 1.34116367756
-37.7508 7.8922 28.6258994877
-51.5 33.0 8.67134407344
-49.6698 24.524 0.454490890998
-50.0652 24.2999 0.881663456201
-50.7846 23.7902 0.328816666244
-51.0928 23.6756 1.11302185064
-50.5368 24.6398 1.35115917641
-49.6454 23.6244 16.0562682688
-39.7498 10.98 0.331696879696
-39.5107 10.7501 1.18182308744
0.0 0.0 8.73262182509
-2.3713 -8.4045 10.9425055782
0.5864 -18.9397 1.08398115297
0.6597 -20.0212 1.03134526711
0.3338 -19.0427 16.4675692162
-5.9092 -3.8044 0.440577189605
-6.3157 -3.6345 7.03401159652
-9.079 2.834 0.866989146414
-8.8103 3.6583 1.39075369494
-9.5775 2.4983 8.22005681306
-12.5026 -5.1837 0.547752425828
-13.032 -5.3243 0.549377038108
-12.8792 -5.852 0.37762301307
-12.7707 -6.2137 2.02291102128
-10.7577 -6.4137 0.396784387294
-10.5356 -6.7425 0.295301083642
-10.3668 -6.9848 0.318243460263
-10.0701 -7.0999 1.13538815389
-10.6076 -8.1 0.780960978539
-10.7362 -8.8703 0.544769841309
-10.2539 -9.1236 0.504413263109
-9.8032 -9.3501 0.35985144157
-9.4437 -9.366 0.71219779556
-8.749 -9.2091 0.513238667678
-8.2378 -9.2548 0.201788503141
-8.039 -9.2894 2.91444100472
-7.5131 -12.156 15.3470072825
-13.3058 -26.3678 0.152308404233
-13.2487 -26.2266 1.51350898577
-12.8535 -17.9529 0.163450848881
-12.7107 -6.1103 14.8307540742
-2.6407 4.7776 0.843619404708
-2.4396 5.5969 1.12781436859
-2.3614 4.4718 0.973122859664
-2.4781 5.4379 16.618546972
3.9764 20.7518 1.15942701797
4.749 21.6163 0.438228821508
5.0691 21.9156 1.53740898918
5.6407 23.3428 2.78373533943
7.7197 25.194 0.688231647049
8.0803 25.7802 3.62875853426
8.7168 29.3527 0.572236708015
9.1334 29.745 1.3455711724
10.1197 30.6603 0.834614222261
10.7734 31.1792 0.762907681178
11.1276 31.8549 1.69732686893
5.4063 34.0 6.8079818008
-1.1565 32.1894 0.325325836662
-1.2326 31.8731 2.64339130664
-2.417 29.5099 2.63724827235
-4.4249 31.2197 8.09434741162
-12.518 31.0776 1.16223337588
-13.1891 32.0265 0.710548780873
-12.4925 31.8864 1.59020400264
-13.6584 30.805 6.46519220596
-19.9683 32.2135 0.546894002527
-19.4256 32.2811 2.01317948778
-21.0067 31.0349 2.03450393217
-22.7012 32.1609 1.97054178591
-24.6714 32.1976 2.33445389974
-27.0029 32.0802 2.26393865641
-29.0661 31.1482 2.51851214807
-31.4051 30.2144 12.4093026073
-35.9812 18.8088 14.6462723886
-47.0 9.16 12.2806435173
-35.0614 6.2818 0.667767174994
-34.4228 6.477 0.965385083788
-34.5188 5.5164 1.18631235347
-35.034 6.585 0.474722961315
-34.5807 6.726 0.977007123823
-34.2621 5.8024 20.5802219096
-39.656 -14.0584 0.194550815984
-39.8499 -14.0425 1.41173913313
-38.7096 -14.8748 21.7712129651
-19.1607 -24.4574 0.155705651792
-19.2476 -24.5866 0.100875467781
-19.1721 -24.5197 0.633088532513
-18.5468 -24.6187 2.26612769499
-16.286 -24.4634 0.58342928449
-15.7047 -24.4136 2.1887277446
-13.5172 -24.4869 0.581708260213
-12.9579 -24.327 1.53303301008
-11.4365 -24.1385 1.39815408664
-10.0407 -24.2196 2.2291076533
-7.8365 -23.8873 1.07643627772
-7.674 -22.8232 15.150833519
-15.8796 -10.0868 0.965266771416
-14.9601 -10.3805 1.40221664874
-13.5594 -10.3153 0.517676134277
-13.0487 -10.2306 1.10945828223
-12.0885 -10.7864 1.00564230718
-11.1487 -10.4285 0.838398622375
-10.5051 -9.8912 1.41215230057
-9.1067 -9.6946 1.20925944693
-8.7022 -10.8342 8.09261224822
-12.844 -17.7866 0.544698017254
-12.3763 -18.0658 2.31146906101
-10.9774 -16.2257 2.62166948336
-9.1246 -14.3709 1.61488928413
-7.589 -14.8707 1.28963626655
-8.0667 -13.6728 9.26976297486
-10.2786 -4.6708 12.2439377302
-0.5761 2.7975 0.403375854508
-0.2059 2.6373 0.239474278368
-0.0951 2.425 0.279943601463
0.128 2.2559 1.3132117651
1.4297 2.4294 0.442346300991
1.7089 2.7725 0.369227545018
1.8256 3.1228 16.4595937556
-10.3376 14.2122 0.532913989308
-9.8052 14.2356 0.4272078768
-9.3781 14.2452 0.790014240378
-8.6016 14.3907 1.27192818193
-7.3383 14.2428 2.01020258929
-5.5806 13.2674 12.1561299668
6.299 10.6893 0.529859462499
6.1358 11.1934 1.15259398749
5.6715 10.7025 13.8365064276
-7.4989 14.9439 0.679337714248
-7.4596 15.6221 1.2589707304
-7.6473 14.3772 15.2972049411
-9.7572 -0.7738 0.469226171478
-9.9886 -1.182 1.31973682604
-10.4134 0.0675 10.0119234596
-11.6278 10.0055 2.41673770608
-10.3613 12.0638 2.53917776061
-8.0126 13.0287 2.03449445563
-5.9966 13.3024 0.711565611873
-5.4445 12.8535 0.367609194662
-5.0769 12.8561 0.193896312497
-4.9106 12.9558 1.80430269356
-3.242 12.2693 9.1272393707
5.5463 9.8051 0.37606980735
5.7628 10.1126 0.722039389507
5.453 10.7648 0.233750978608
5.5766 10.9632 0.652463431925
5.8768 11.5425 0.682423394968
6.2988 11.0062 0.981761732805
5.3519 10.7469 0.478151649584
5.6917 10.4105 0.603229848399
5.8772 9.8365 0.981904806995
6.8503 9.7053 0.802045584739
6.1019 9.4169 1.6504262298
7.6924 8.9762 21.4547394515
-6.1514 -7.4145 0.787689691439
-6.2546 -8.1954 1.27507750745
-6.0954 -6.9303 0.309024028192
-6.2043 -7.2195 0.976111971036
-6.0106 -8.1762 1.10283301547
-5.9835 -7.0737 21.6014465409
-2.495 14.2442 0.792604226585
-2.7625 13.4981 18.9082142956
-6.8424 -4.9647 0.940159417333
-6.7066 -4.0344 22.1972486432
-6.9688 18.1613 8.69778325609
-11.2734 10.6034 9.07395741725
-5.4319 17.547 0.904251403095
-6.3281 17.4266 0.939689789239
-5.4204 17.6697 2.12368893438
-3.4759 16.8159 0.0853986533852
-3.5402 16.7597 1.24935835131
-4.7004 17.2232 1.97861619573
-6.5942 17.7963 2.14618923909
-5.6406 19.719 0.38079075619
-5.563 20.0918 0.410974573423
-5.5067 19.6847 0.677994166642
-5.0352 20.1719 2.2790533232
-3.9399 18.1733 1.54810104321
-2.6859 17.2655 2.26102255186
-1.4066 15.4012 0.498501003008
-1.1067 15.003 1.01427838881
-0.3338 14.3462 1.43916502528
-1.0119 13.0768 10.3431956377
-4.0151 3.1792 0.958026915071
-3.4432 2.4106 1.2470735704
-3.9152 3.5649 0.751119071786
-3.4721 2.9584 14.2009860098
-4.2548 -11.221 0.780826901432
-4.1896 -11.9991 1.32338974229
-4.6125 -10.7451 5.18153344581
-6.8486 -6.0709 0.475279812321
-7.3153 -5.981 6.59284711335
-6.7778 -12.5519 0.802795428487
-5.9883 -12.6974 2.86979768276
-3.6076 -14.2999 1.44498073344
-2.251 -14.7975 1.36612977788
-0.9389 -15.1779 0.560865901977
-0.4473 -15.4479 0.308492933468
-0.1938 -15.6237 0.517253873838
0.2836 -15.8228 5.10289990594
4.0665 -19.2476 0.488806485227
4.3792 -18.8719 0.475276814078
4.4478 -19.3422 0.652661091226
3.9653 -19.7817 0.979362062774
4.6426 -19.0743 0.484938480634
5.1139 -19.1885 0.945421202428
4.1829 -19.353 0.166050624811
4.262 -19.499 0.272373163142
4.3375 -19.2373 3.29004074899
1.2082 -20.2531 1.06605859595
0.3344 -19.6424 6.31923749989
-3.9319 -14.9807 6.34019142298
-0.0777 -20.0149 5.75907612817
-3.6613 -15.5066 1.14959756437
-4.7733 -15.7982 0.0799015644403
-4.6948 -15.8131 5.39160081608
-1.5308 -20.1787 0.878203723518
-1.8765 -20.986 5.00512234016
-3.3607 -16.206 1.25694220233
-2.6456 -15.1723 0.483851382141
-2.166 -15.2363 0.310526085861
-1.8726 -15.338 1.00103911013
-0.9615 -14.9233 1.21736055875
-0.7638 -16.1245 7.73536417501
-2.4272 -23.6789 0.276522548809
-2.2466 -23.4695 1.11354968457
-1.9905 -22.3858 2.35370005311
0.3632 -22.3863 0.321056069869
0.6428 -22.2285 0.362120932839
0.9949 -22.1439 0.463607862315
1.3541 -21.8508 0.411985727908
1.5059 -21.4678 0.192447863069
1.6466 -21.5991 0.180030247459
1.8158 -21.5376 1.01253337723
1.163 -20.7636 0.62318672964
1.6253 -21.1815 0.328419563973
1.7199 -21.496 0.600058705461
2.3198 -21.4822 0.110790297409
2.3566 -21.3777 0.871724015959
3.1516 -21.0201 0.220505691537
3.299 -20.8561 0.274469032862
3.4897 -20.6587 1.2125815519
2.7606 -19.6898 17.7634589011
-5.7476 -4.0965 1.86177105467
-4.7531 -2.5226 3.5788956956
-4.0423 0.985 1.88311449466
-3.9149 2.8638 11.2673245129
-3.6331 14.1276 0.594786718076
-3.7649 14.7076 0.336056676767
-3.4464 14.8148 0.30633702029
-3.1485 14.8862 0.188886050305
-2.966 14.9349 1.32117557122
-1.6577 15.1189 0.633864725316
-1.9584 15.6769 1.20134686082
-3.1302 15.4121 3.16058247796
-6.2898 15.3333 3.96927551324
-2.3985 16.1162 1.14074679487
-3.5391 16.0979 0.740529351208
-3.1305 15.4803 4.40865339191
-7.5038 16.0375 0.631692361834
-6.8758 15.9693 0.38783264432
-6.4888 15.9947 2.32362209707
-4.2085 16.4413 1.99450002006
-2.2378 16.7485 1.58212310836
0.0 0.0 11.5684362582
7.1789 9.0715 0.718090036138
6.4976 9.2984 9.8488125665
-2.3383 4.948 3.65051676479
-3.656 8.3524 1.58889796085
-5.0443 9.1252 2.49930491337
-7.5435 9.1481 18.0827839145
-11.5634 26.7784 2.70445626513
-13.6321 28.5204 3.0554816527
-16.3838 29.8486 2.95735938465
-19.1051 31.0064 0.490893318349
-19.5816 31.1244 2.97684945202
-22.4937 31.7419 0.476173854805
-22.961 31.8334 3.10476517792
-26.0095 32.4218 1.9419225654
-27.9485 32.5283 7.25151193614
-35.1979 32.7033 12.722787379
-47.8417 31.2878 3.59093832027
-50.6338 29.0297 0.563690198602
-50.5308 28.4755 1.54669190533
-51.3955 27.1931 2.62106293324
-50.5132 24.725 0.639568112088
-49.9843 25.0846 0.347949565311
-50.0614 25.4239 1.15195285494
-51.1917 25.2016 7.80449174835
-51.5416 23.5203 13.7933329359
-41.2788 14.3045 18.1422319082
-24.1557 8.3095 7.72844490502
-16.7201 6.2022 11.6340525184
-5.1735 4.7784 4.5826538032
-0.6287 4.1906 4.1165772105
3.4206 3.4494 0.815295756152
4.2212 3.2953 0.652511026727
4.7922 2.9795 2.94783060911
7.7315 2.7554 0.535842663475
8.2415 2.9198 0.494132138198
8.6886 2.7094 0.396191292181
9.0609 2.5739 0.183020354059
9.2367 2.523 2.38405877864
11.5118 3.2355 12.3692917542
8.8719 15.3198 8.99771084943
13.9937 22.7175 3.5449240556
14.6153 26.2075 0.261527895262
14.8681 26.1405 1.59657248504
15.72 27.4908 0.858889108093
16.0995 28.2613 1.88805457548
16.0427 30.1485 0.828011455235
16.6111 30.7506 1.6676122331
17.8831 31.829 0.436431460827
18.1932 32.1361 0.299544404054
18.2991 32.4163 0.0790955118828
18.2912 32.3376 0.0606488252153
18.3474 32.3604 0.0499532781707
18.3037 32.3846 0.0560332044417
18.3591 32.393 0.8073092654
18.5099 33.1861 1.27103501919
17.383 33.774 0.501450346495
17.8824 33.7287 0.332647952045
18.1853 33.5912 0.971231712827
19.0905 33.2392 0.558904356755
19.4877 32.846 0.223425916133
19.7072 32.8043 1.34032537095
20.9635 33.2714 1.25737998234
22.1924 33.5375 0.648404511089
22.8359 33.4579 0.275363269155
23.1097 33.4872 0.502217811313
23.6114 33.51 0.152009012891
23.7357 33.5975 0.60672677541
24.3424 33.5918 0.676965176357
24.7316 33.0379 8.17637889166
23.0969 25.0266 2.64437381056
24.4215 22.7379 3.35014562818
27.7573 22.4282 14.1748036618
40.0955 29.4063 6.39679142461
40.0613 23.0096 1.52019191223
39.9141 10.1698 10.729598075
36.0 20.16 6.59767030701
35.1432 13.6182 4.53371820033
30.8306 12.2196 1.08549918931
30.0211 11.4964 17.3258837726
21.9526 -3.8361 23.7464470724
9.2976 -23.9295 5.35513651927
5.4909 -27.696 3.18093744987
2.4668 -28.6825 2.87178114939
-0.1271 -29.9149 3.27767256601
-3.3142 -30.6801 1.04565785991
-3.7062 -29.7107 16.2712594635
-7.2359 -13.8269 0.8328971245
-7.5168 -13.0428 0.762966381959
-8.1399 -12.6025 9.4979160967
-11.2672 -3.6342 6.78446254614
-5.187 -6.6442 0.414461107946
-5.1419 -7.0562 3.35334258614
-1.7886 -7.0393 0.919582709711
-1.323 -6.2463 1.21558269566
-2.297 -6.9736 10.056439872
-9.0439 -14.4309 11.9243358566
-7.2518 -26.2198 0.868361290017
-6.8665 -26.998 1.3669993782
-6.6806 -25.6437 8.37219389945
-5.9051 -17.3075 0.457639202866
-5.8491 -16.8533 9.73920434533
-7.5963 -7.2721 2.71090291232
-5.3635 -5.7347 0.536425204479
-4.8271 -5.7399 1.51207453851
-3.3276 -5.9345 1.39029522404
-4.0811 -7.1029 7.21635487002
-8.7226 -12.6285 1.02279274538
-9.5906 -13.1695 2.41006089757
-7.6638 -11.7218 5.69567384073
-5.2919 -6.5435 0.737114272009
-5.3843 -7.2748 1.25290585839
-4.4046 -6.4938 0.430071621942
-4.8122 -6.631 0.358588928998
-3.2531 2.306 4.00391115036
-6.9546 3.8325 5.31763295555
-10.8591 7.4425 0.973476789657
-11.0782 6.494 1.20105927414
-11.1209 7.6943 19.8720869508
-16.6386 26.785 5.70406200615
-21.105 30.3329 3.02293166479
-24.0451 29.6301 3.54692093653
-27.9956 30.3708 1.10847925105
-27.5301 29.3648 0.687553008865
-27.9168 29.9333 0.762128499664
-27.5016 29.2942 1.39146859109
-26.1388 29.0132 0.246354419485
-25.8933 28.9927 1.27326958654
-34.5219 34.0 10.27171323
-44.2781 30.7868 0.915738499791
-45.1479 30.5004 3.52800540958
-48.4338 29.216 2.62237346311
-50.1291 27.2153 0.16721542991
-50.0649 27.0609 1.11840000447
-49.8193 28.152 1.11644907183
-50.5131 27.2773 2.99814995122
-50.7003 24.285 0.42249461535
-51.088 24.1171 0.695777953086
-51.1694 24.8081 0.385725926015
-51.0062 25.1576 1.05303354647
-26.3745 -0.6498 18.7920323334
-12.6484 -13.4847 2.02006694196
-11.847 -11.6304 0.53830794161
-11.472 -11.2442 1.42113805452
-12.2316 -10.0431 5.04987087756
-15.1618 -5.9303 0.824763069008
-14.3462 -5.8077 0.517829209296
-14.0052 -5.418 1.62030111399
-12.4731 -4.8907 5.78815736137
-6.6889 -5.1047 0.999947863641
-5.7032 -4.9365 12.1289854621
-5.1147 7.1782 16.3112334794
0.3654 22.5413 0.800352572308
1.1436 22.7283 4.14199131337
4.6784 24.8873 3.72413351667
7.1943 27.6331 3.76412051481
9.1209 30.8668 0.444880320985
9.5284 31.0453 0.351681006027
9.8452 31.198 0.530865331322
10.3178 31.4398 0.324353449188
10.6408 31.4694 0.927940569218
11.4027 31.9991 1.34673273147
10.1003 31.6564 0.622343972414
10.4914 32.1405 1.30483367906
11.7892 32.0052 0.654824327587
11.1535 32.1623 1.14422179668
10.1639 31.5879 14.85854167
-4.5731 29.6913 3.02681778275
-2.2216 31.5971 0.990127799832
-1.3401 31.1462 2.15784704277
-1.0832 29.0037 1.50072057692
0.0889 28.0665 0.494610351691
0.3831 27.6689 1.72650505936
1.3395 26.2315 0.936196571239
1.9496 25.5214 0.599894465719
2.1605 24.9598 0.754556942848
2.8508 25.2645 0.040898532981
2.8893 25.2783 8.44243271575
-2.5037 18.7829 0.64827380018
-1.8693 18.6495 2.54075321509
0.6508 18.3262 0.574305885396
-2.2609 11.814 38.3119001728
-21.2975 -21.4337 6.57930136489
-27.8208 -22.2903 13.1481280436
-40.7551 -24.6519 7.49254633619
-47.8969 -22.3863 3.59758579189
-50.6202 -20.0355 0.842775153882
-51.1766 -20.6685 1.24082684126
-50.9894 -18.6213 12.4321834044
-41.9512 -10.0849 3.29674982521
-45.1127 -9.1503 0.728050939152
-44.4298 -8.8979 0.929667521214
-44.8159 -9.7436 0.276837082054
-31.2914 -31.669 0.887068712107
-32.1711 -31.7831 2.74896824281
-34.1223 -29.8467 4.15824340076
-33.9196 -34.0 7.72191459419
-41.024 -30.9742 4.00220779695
-44.8639 -32.1024 2.7280067247
-47.5126 -31.4494 2.92918256515
-49.8373 -29.6673 0.902334311661
-50.2753 -30.4562 1.2230005928
-49.9622 -23.4723 0.560344474408
-49.6174 -23.0306 0.875804458769
-50.019 -23.8089 0.233331459516
-50.1184 -24.02 0.632377007805
-49.4916 -24.1038 10.2289941343
-44.0556 -15.4388 9.37931746451
-37.4947 -8.7361 0.513000516569
-36.9824 -8.7093 1.18643546811
-37.8508 -9.5177 0.768207498011
-37.2028 -9.1051 18.2158940763
-19.9968 -3.1241 0.535604004839
-19.485 -3.282 0.614876589244
-18.9761 -2.9369 0.810932857887
-18.9834 -2.126 1.44674053652
-17.5371 -2.0903 1.74803350368
-16.5028 -0.6811 2.09786555575
-16.9686 1.3644 0.702836944106
-16.701 2.0143 1.06963850436
-16.8597 3.0721 0.799248809821
-16.4132 3.735 0.235323288265
-16.4508 3.9673 0.436509484433
-16.851 4.1416 1.26474260622
-15.6029 3.9371 0.4948
-15.1081 3.9371 2.69661074128
-13.2938 5.9321 0.304652342843
-12.9902 5.9068 0.274116799923
-12.7163 5.8959 0.563075128202
-12.4439 6.3887 0.302069677392
-12.1534 6.4715 0.503076972242
-11.6646 6.5905 2.76507132819
-9.7963 4.5521 8.07733374883
-13.6418 -2.5511 6.43893697127
-7.3604 -1.1355 3.8486351243
-5.126 1.9981 0.52269667112
-5.6225 1.8347 8.25830079496
-12.5996 -2.5834 3.03184413353
-9.6218 -3.1533 2.68074311526
-8.6661 -5.6579 0.918118037074
-8.1298 -4.9127 1.23759618616
-9.3534 -4.7271 7.7378593713
-13.7233 1.6587 0.873530503188
-12.8918 1.391 0.501402163936
-12.3916 1.4257 2.56287705909
-10.0797 2.5318 0.788451298433
-9.3314 2.7802 0.798793621657
-13.379 4.9201 5.42630309972
-18.6967 6.0003 6.22814103003
-24.8405 7.0218 6.50513166738
-31.3429 7.2103 4.24159873633
-35.4301 8.3443 4.25241127127
-39.656 8.8184 26.9263832432
-51.5 33.0 8.75748882386
-49.7249 24.4243 0.84491692491
-50.4718 24.0293 0.626213158597
-50.6652 24.6249 0.412919846944
-50.3398 24.8791 0.896440070501
-50.9922 24.2643 1.08238732439
-50.0048 23.8209 7.47781055189
-43.8666 7.7865 0.658813873564
-44.3502 7.3391 7.08901989276
-40.515 13.3011 8.21156100933
-36.0 20.16 7.71135098216
-30.6526 25.7161 2.49135269482
-29.5141 27.9321 0.454005396444
-29.097 27.7528 0.974069668966
-30.0636 27.8732 1.27013661076
-28.7985 27.7602 1.13120326202
-27.8196 27.1933 1.83026710892
-26.0084 26.9298 1.59261798307
-24.5394 26.3146 0.654655031295
-24.4333 25.6686 0.250495688586
-24.1861 25.6281 4.09217128185
-23.4609 29.6555 0.529778642454
-23.0974 29.2701 10.076114128
-23.814 19.2195 2.84441365663
-21.0159 18.7083 0.623406681068
-20.4094 18.8525 1.5209634611
-19.351 19.9448 0.385831893446
-18.9854 20.0681 2.58576315234
-17.2156 18.1829 2.65991837469
-15.348 16.2889 0.496572451914
-14.9844 15.9507 1.81262401231
-13.5779 14.8073 0.651764205829
-12.9332 14.7116 0.674462193158
-12.6974 15.3435 0.457795696791
-12.3711 15.6646 0.405903596929
-12.0033 15.8363 0.987392708095
-11.0233 15.7157 16.7832847455
0.7898 27.6375 0.60422068816
1.0268 28.1933 1.86590979953
1.5061 29.9966 0.836578185228
2.0802 30.6051 1.86510118224
3.3021 32.0142 0.475932474202
3.5575 32.4158 0.867752735519
3.9955 33.1649 1.13392398775
2.9099 33.4924 0.362769375775
0.9045 34.0 6.18195003296
-4.9369 31.9765 0.37956093055
-4.6788 32.2548 1.21082401694
-5.8762 32.4346 2.36722177246
-7.9538 31.3 0.627588918003
-8.5394 31.0743 1.47630177471
-9.9516 30.644 5.38119393815
-15.145 32.0532 0.430100744012
-15.5562 31.9271 1.30092000138
-16.5969 32.7077 0.786629264648
-16.4981 31.9273 1.53277436369
-17.916 32.5095 1.93435149856
-19.8034 32.0859 0.966858464306
-20.7486 31.8824 2.9410437875
-23.4802 32.9724 1.57867317707
-21.94 32.626 0.392049448412
-22.2329 32.3654 0.285605059479
-22.1104 32.1074 1.40180068483
-22.835 33.3074 0.874256832973
-23.5205 32.7648 0.588476881449
-23.1295 32.325 0.0328086878738
-23.1575 32.3079 0.0569450612433
-23.209 32.2836 0.102039649157
-23.1375 32.3564 0.0422232163626
-24.3574 23.9459 1.41653380475
-22.9823 23.6058 7.05389773459
-22.1833 16.5973 0.461371347181
-21.7377 16.7169 0.358304521322
-21.392 16.8111 0.311463127834
-21.6928 16.8919 0.308491053355
-21.5536 16.6166 8.60905300774
-20.9448 25.2041 0.668010673567
-20.2783 25.1592 0.450481753238
-19.8313 25.1033 2.04347001201
-18.7525 23.3678 0.155353307013
-18.5973 23.3609 0.188480343803
-18.5103 23.1937 1.85977643818
-16.6629 22.9795 0.312431656527
-16.6202 22.67 0.294009965817
-16.5321 22.9505 0.340192563117
-16.1924 22.9688 0.610941519296
-16.4639 22.4215 2.2253953469
-14.2386 22.4421 1.97603557154
-12.2733 22.2364 7.00415071868
-12.0181 15.2369 0.786583708196
-11.3028 15.5641 0.444465454226
-10.9153 15.7818 0.371258319772
-10.5746 15.6343 2.39516057499
-9.3223 17.676 2.20746789331
-7.1152 17.6357 10.3901942836
-1.147 9.1306 5.71122073816
-0.7116 3.436 7.9976907092
-5.7044 -2.8118 0.32626360508
-5.4807 -2.5743 1.28772745952
-6.0631 -3.7228 19.5964600814
-12.1087 -22.3634 7.81009250777
-17.71 -27.8061 3.46621142604
-20.6803 -29.5927 1.81932338247
-22.3672 -30.2741 3.25113705648
-25.5876 -30.7201 1.54576454869
-27.0846 -31.1053 10.5517495383
-37.548 -29.7427 11.6197700722
-48.6193 -26.2149 3.59891084219
-49.5815 -22.747 1.05339307953
-50.3492 -23.4683 1.03468571557
-39.8444 -6.2287 1.26729182511
-38.5855 -6.0831 18.1540110389
-20.4811 -7.4243 1.00760036721
-19.4986 -7.6478 6.63178839831
-13.0892 -9.3508 16.5991326099
-5.097 -23.8992 0.89304335841
-5.1058 -24.7922 1.12197798552
-4.9396 -23.6826 12.4363392122
-2.1822 -11.5558 0.665224210323
-2.4036 -12.1831 10.9756621326
-5.449 -22.7278 0.847252795805
-5.0731 -21.9685 11.1532493476
1.2504 -12.7811 1.2310450601
2.0349 -11.8324 1.17012208765
1.7858 -12.9757 12.2365286405
0.4564 -25.1398 4.08616940055
4.367 -26.3247 1.13205294929
5.1092 -27.1795 1.28695785867
5.781 -28.2772 1.27459742664
6.7478 -29.1078 2.76735410998
8.3972 -31.3299 0.289894325574
8.6848 -31.3663 0.146413797164
8.8236 -31.3197 0.0524202251044
8.8188 -31.3719 0.338994306737
9.0513 -31.1252 0.253472680974
9.2339 -30.9494 0.560595130196
9.631 -30.5537 1.5287675461
9.6024 -32.0822 1.03995406149
10.6058 -31.8089 0.182326108937
10.5949 -31.6269 0.533649341797
10.797 -31.133 0.100991583808
10.7243 -31.2031 0.0376324328206
10.7601 -31.2147 2.03405542206
9.9312 -33.0722 2.84159260451
12.765 -32.8619 2.22711304832
14.9632 -32.5042 1.10384756647
16.0584 -32.3663 0.454222962872
16.4859 -32.5198 2.33158380935
18.7574 -31.9939 0.255219513361
18.8348 -32.2371 1.16356456632
19.9951 -32.3242 0.755308109317
20.7504 -32.3277 1.56497229368
20.5192 -30.7799 9.76348569364
15.1747 -22.6091 0.373272889452
15.5463 -22.5738 0.273372291939
15.3708 -22.3642 12.3071012237
3.663 -26.1579 0.482200798423
3.8511 -25.7139 9.3343807079
8.2359 -17.4735 0.180355426866
8.2081 -17.6517 0.200519749651
8.3937 -17.5758 1.24555700391
9.5881 -17.2225 1.06203853979
8.915 -18.044 12.3327064548
1.3781 -27.8057 1.64990855807
4.9459 -29.1058 0.377960963593
5.3224 -29.139 1.00957114162
5.8957 -28.308 0.968209037347
5.2172 -27.6173 0.850133195446
5.6986 -28.318 0.952220483922
5.1507 -27.5392 14.7435664613
-3.4653 -15.5752 4.78153312756
-6.7406 -12.0916 1.21567584907
-6.3002 -13.2247 2.19026359373
-8.4227 -12.6841 0.734898877397
-8.3471 -11.9531 14.7667050414
-8.5508 2.8122 1.83109525967
-10.3716 2.6183 21.1107036901
-21.7043 20.4293 18.4951151186
-37.9876 29.1999 10.8045278032
-48.5567 26.9567 3.24954458348
-49.6887 23.9107 2.1457751653
-50.9992 22.2116 1.00183272057
-50.9636 23.2128 0.831799981967
-51.2 22.4153 10.557385029
0.0 0.0 7.68770663462
-7.6877 -0.0101 0.981370348034
-7.8527 -0.9775 1.1810071507
-7.5194 0.1555 9.62088747725
-3.4806 8.8876 0.259985884232
-3.6791 8.7197 0.300603160329
-3.4216 8.8748 1.47841826964
-1.9539 9.0525 0.999675997511
-2.6018 8.2912 12.5065336924
-9.2978 -2.2718 0.769848251281
-9.249 -3.0401 1.25752029407
-9.3667 -1.7881 8.70065654132
-10.2272 6.8699 0.351027805166
-9.8878 6.7803 2.40162733162
-8.8156 8.9293 14.3024988901
-12.5421 22.7378 0.573721055915
-11.9764 22.6422 0.992012993867
-12.3407 21.7195 0.704579285815
-12.7561 21.1504 0.333380563321
-12.4309 21.077 0.33126069794
-12.1051 21.1369 0.309909228646
-11.8338 20.9871 0.012587295182
-11.83 20.9991 0.0399399549324
-11.8648 21.0187 0.225615801752
-12.0803 20.9519 0.232248681374
-11.8495 20.926 0.290264500068
-11.9503 20.6538 0.271969777733
-12.1219 20.4428 0.338473647423
-11.7839 20.4249 2.01582904285
-9.9566 21.2761 0.336721561531
-9.8456 20.9582 0.491793910088
-9.8626 20.4667 1.04686331964
-9.091 21.1742 1.71448028568
-7.3793 21.0766 0.451046128461
-7.3408 20.6272 1.00247418421
-7.174 21.6157 0.765712250131
-7.671 21.0332 0.317668632383
-7.3816 20.9022 0.20154644626
-7.5372 20.7741 0.646666877148
-8.1838 20.7834 0.355433509957
-7.9845 20.4891 0.330840293797
-7.7712 20.2362 1.69398561092
-7.4287 18.5772 0.550064668925
-7.1454 18.1057 0.52491021137
-7.2077 17.5845 10.4918048905
-10.7012 7.6914 0.296301603101
-10.4102 7.7472 0.141895630659
-10.2721 7.7146 0.520798550305
-10.0148 7.2618 1.37982385108
-8.9267 6.4133 3.1093327966
-5.9155 7.1883 1.38099388123
-4.9888 6.1644 0.682687021995
-5.0307 6.8458 1.01266312266
-4.3751 6.074 1.73684206824
-5.9597 6.7851 10.9460931478
-9.1633 17.2519 0.888885060061
-9.4586 16.4135 9.12084501568
-10.6954 7.3769 0.575142364985
-10.3649 7.8476 1.40284204742
-9.064 8.3726 8.19081060213
-14.1974 14.7552 0.369017858646
-13.9821 14.4555 0.338587772963
-13.6439 14.4393 0.343525384797
-13.3151 14.5388 2.65543595103
-11.6391 16.5985 0.323606010451
-11.8497 16.8442 0.564185333025
-11.9207 17.4039 2.00232572026
-10.2297 18.4762 0.762300419782
-9.4674 18.4754 0.569385528443
-9.4132 19.0422 0.878111621606
-9.4991 19.9161 9.09987155953
-7.2299 28.7285 0.211098176212
-7.3009 28.5297 9.48444054755
-8.9436 19.1886 0.631159900501
-8.3405 19.0025 0.278086317535
-8.1477 19.2029 1.06131738891
-7.8389 18.1875 15.5471698778
-11.9129 3.1836 0.82456701365
-12.5249 2.631 0.948137147252
-11.681 3.0632 0.400685225582
-11.2947 3.1696 0.502874189037
-10.8426 3.3898 1.55431009776
-9.3608 2.9206 1.85047671966
-8.2733 1.4234 0.668398960203
-7.7847 0.9673 0.582512875394
-7.2537 0.7278 2.70441270889
-5.2978 -1.1399 3.6438472114
-3.7287 -4.4286 2.86410338501
-1.3763 -6.0624 2.32359206833
0.909 -6.4825 15.9010902129
-8.4474 -19.3395 0.464944749406
-8.1035 -19.6524 3.06689797678
-5.1687 -18.762 0.248427252933
-4.9464 -18.8729 0.364510768017
-4.9637 -19.237 0.470704684489
-4.5338 -19.0453 1.25516344752
-3.2816 -18.9591 0.623648137975
-2.8494 -18.5095 0.665008669116
-2.2172 -18.7158 0.38469599686
-1.8546 -18.5873 0.528029241615
-1.3458 -18.4461 0.141830920465
-1.2334 -18.5326 1.45924221773
-1.2223 -17.0734 0.748902697285
-0.5848 -17.4664 0.908782009065
-0.3205 -18.3359 0.505707919653
0.0926 -18.0442 1.98709504805
1.6178 -16.7705 1.4574005798
2.4912 -17.9372 14.5886199131
12.5208 -28.5313 0.693094221589
11.8542 -28.7211 9.63287465973
6.3753 -20.7981 0.751100825456
5.8691 -20.2432 11.7851409907
-4.383 -26.0556 1.17045069097
-3.8999 -27.1217 1.03828911677
-3.7674 -26.0919 9.83901299623
-3.4629 -16.2576 11.4744179077
-6.5383 -27.3122 1.91529906281
-5.2022 -25.9399 0.75215043708
-5.24 -26.6911 1.38097157827
-3.8857 -26.9612 10.9712236957
-9.8114 -17.7279 9.92761854273
-5.7186 -26.7726 1.11656312406
-4.7847 -27.3846 2.76062613369
-2.8859 -29.3885 3.52270911232
-0.4152 -31.8995 1.72689104752
1.0423 -32.8257 1.06679899231
1.8343 -33.5404 0.538598644633
2.3478 -33.7029 0.626740536426
2.5225 -33.101 0.251083412435
2.3013 -33.2198 0.147292667842
2.1546 -33.233 0.522841821204
2.076 -33.7499 9.47195085133
-4.4677 -26.9017 0.805015186192
-4.0868 -26.1925 0.385502399474
-4.0147 -25.8138 1.33579127486
-3.6595 -24.5261 3.37359357362
-1.4731 -21.9569 0.646265115877
-0.8693 -21.7265 2.09639678019
0.8968 -20.597 1.42704119422
2.2504 -20.1451 0.505375038956
2.7556 -20.1318 0.352663933512
3.1068 -20.0997 1.34710250909
3.1042 -21.4468 0.080400062189
3.1043 -21.5272 1.66790085137
4.1117 -20.1979 7.74585301242
0.0262 -26.7787 8.6672534202
-5.5266 -20.1238 0.823225971408
-4.894 -20.6506 6.23423066946
-1.9738 -26.1586 0.554932329208
-1.4196 -26.1301 0.46451940756
-0.9838 -26.2909 2.90307390881
1.1028 -28.3093 0.501364557982
1.2439 -27.8282 0.456038342686
1.4108 -27.4038 1.21439862483
2.5059 -26.8789 1.2767322233
1.2498 -26.6503 0.804047772213
1.9427 -26.2424 1.43869353234
2.8109 -25.0952 1.09713771697
3.5475 -24.2821 0.142800455181
3.6849 -24.2432 0.961361045601
3.5408 -25.1937 0.431869725728
3.6147 -24.7682 1.77948469226
4.2996 -23.1258 8.46369624278
-3.5099 -19.863 0.538555493891
-3.377 -20.3849 0.999906485628
-3.6363 -21.3506 0.47853752204
-3.1809 -21.2036 0.231770101609
-3.2682 -21.4183 0.639117094123
-2.9611 -20.8578 0.352060804407
-2.7456 -20.5794 0.881274537247
-3.3801 -19.9678 0.83068844942
-3.8028 -20.6829 7.46251156247
-3.0849 -28.1108 1.15948238451
-1.9473 -28.335 0.477753744098
-2.1381 -27.897 8.97684003645
-4.6679 -19.284 7.11426232016
-4.4885 -26.396 0.423414997373
-4.405 -25.9809 0.173933234317
-4.4084 -25.807 0.397403887751
-4.1041 -25.5514 0.896046304607
-4.9858 -25.3917 5.40150471721
-4.1658 -20.0528 6.06463712517
-7.0333 -25.3967 0.560491007956
-7.0434 -25.9571 0.635875593178
-6.479 -25.6642 0.363965671458
-6.1164 -25.6327 1.20718570651
-6.5822 -26.7464 0.0297321374946
-6.5602 -26.7264 0.804078366828
-5.7801 -26.5315 0.307401821725
-5.5423 -26.7263 12.8973637636
-16.1929 -34.0 17.5223993848
-17.1323 -16.5028 3.88993191843
-16.516 -12.662 2.11466040063
-15.5275 -10.7926 0.474019577655
-15.3315 -10.361 1.98134330695
-15.3184 -8.3797 1.9091584324
-14.672 -6.5833 1.69035312879
-15.2709 -8.164 9.56999036415
-14.9158 -17.7274 0.807416744934
-15.5586 -17.2388 2.56071993783
-14.1408 -19.3712 2.26825546401
-11.8819 -19.577 2.04590675496
-10.322 -20.9008 1.68306097632
-9.2301 -19.62 0.0685164213893
-9.1762 -19.5777 6.97726740565
-15.4615 -22.6071 8.82212077961
-6.9543 -20.271 15.8287947267
5.9912 -11.1625 1.15099881842
6.9924 -10.5947 0.452541843369
7.052 -11.0433 0.749367633408
7.4924 -10.437 0.498484593543
7.8899 -10.1362 0.647348020774
8.5114 -9.9551 0.184873821835
8.5322 -9.7714 0.19834880892
8.7137 -9.8514 0.537338115157
9.2393 -9.9631 0.88493575473
9.8758 -10.5779 0.922249407698
9.1704 -9.9838 10.9268711098
0.976 -2.7555 1.04760987013
1.24 -3.7693 8.7729550489
5.4445 -11.4691 8.88530134548
-0.4271 -4.8003 0.70383067566
-0.7832 -5.4074 14.3695418942
-7.0015 -18.3618 1.12001186154
7.432 -24.6646 10.6784112095
-2.4416 -28.7316 0.626165617069
-3.0659 -28.6833 0.880975572874
-3.9429 -28.5997 13.802210106
-10.6794 -16.5531 19.6940274898
-14.6367 5.8208 1.56113666923
-14.2628 7.3365 1.31365667128
-13.7344 6.1338 11.9186043734
-6.7794 -3.5451 1.0691656981
-7.6146 -4.2126 0.181418521656
-7.5168 -4.0598 1.37840009068
-8.1659 -2.8438 8.15252118611
-10.9771 4.8087 7.90696690394
-10.5262 12.7028 1.63027985941
-8.9423 13.0889 4.10288531889
-12.7198 11.4876 3.74441406364
-9.145 12.6018 4.37328432188
-4.81 13.1792 0.462118642775
-4.586 13.5834 0.118796043705
-4.4683 13.5995 1.61836596912
-5.8763 14.3974 3.73957832516
-9.0045 16.4465 4.71471702862
-5.411 13.3944 1.34237069396
-4.7358 14.5546 4.04460935691
-8.5812 15.8083 0.977406594003
-8.383 16.7654 5.33536086502
-4.479 13.1288 0.351614135097
-4.2225 13.3693 5.43215809232
-8.5598 16.6398 1.18269710831
-8.2179 17.772 10.9956515028
-4.2685 28.0339 12.6322847993
8.0933 30.634 3.26036009054
10.6599 32.6446 1.20579088154
11.8653 32.6139 1.22655038625
11.0565 33.536 0.650189087881
10.4997 34.0 8.71546047263
