0.0 0.0 7.96747006333
-7.8975 1.0536 0.769229881115
-7.443 0.433 10.9883648033
-2.1859 -9.2162 28.6934341803
18.0736 -29.5353 6.4141163382
24.111 -31.7011 6.90394776487
30.7945 -33.4318 5.50001167453
36.2866 -33.7267 1.28146772882
37.3289 -32.9812 2.58468533094
39.5388 -31.6407 3.38782231087
41.2568 -28.7208 0.417765209179
41.1787 -28.3104 1.70810229495
40.4379 -26.7713 0.547488127725
40.3585 -26.2296 0.265853230185
40.3722 -25.9641 0.149880118762
40.2224 -25.969 0.0548629200827
40.2161 -25.9145 0.0553478093514
40.2138 -25.8592 0.189355353766
40.2454 -25.6725 0.262593240583
40.2943 -25.4145 6.66529909306
39.8371 -18.7649 0.59505604778
39.89 -19.3576 3.34633202477
40.8559 -22.5615 4.68910363502
40.0826 -17.9366 0.579991249934
40.4669 -17.5022 8.05653143543
43.0962 -7.8912 0.874831440907
43.9664 -7.9811 0.640020952782
44.5713 -8.1902 0.918812897167
44.3128 -9.0719 0.162251964549
44.2935 -8.9108 1.43689650636
42.8761 -8.6749 0.171671372104
43.0406 -8.724 0.803121559915
43.3688 -7.991 15.251301454
38.794 6.558 0.77586179826
38.3492 7.1937 1.09750419589
0.0 0.0 1.94830100857
1.0929 1.6129 0.101785313282
1.082 1.7141 3.48655614181
-2.3327 1.0099 1.75459864356
-3.9013 1.7961 2.09578664229
-5.4987 3.1528 2.04281707943
-7.0696 4.4587 3.90017740109
-10.9206 3.8413 0.972439417136
-10.4237 4.6772 0.152210643517
-10.4255 4.8294 1.68726814704
-8.8577 4.2058 5.67878671989
-10.6546 9.5928 0.231575171381
-10.4337 9.5233 1.06471953584
-10.9217 8.577 1.70910276169
-11.6329 7.0229 0.895945757287
-12.2535 7.6691 1.21822251252
-13.0832 8.5611 0.329539466529
-13.0781 8.8906 1.28458286226
-12.0724 8.0914 1.96764893464
-13.9472 7.4941 1.90136798122
-14.5906 5.7049 2.17820507069
-15.7884 3.8856 3.44625132281
-17.6647 0.9949 0.329855998884
-17.8464 1.2702 1.23202419213
-18.0469 0.0546 1.78196606589
-18.5094 -1.6663 2.39741816127
-19.1616 -3.9733 1.94440491668
-20.3458 -5.5155 16.3269048414
-25.0607 -21.1468 3.15955536271
-27.8467 -22.6371 2.20369499024
-29.8822 -23.4815 3.51810299167
-33.0851 -24.937 7.16516596109
-39.5741 -27.9755 10.2522771134
-49.6242 -30.0015 0.30877177656
-49.8657 -30.1939 2.43062907495
-42.2043 -25.6751 4.58238381304
-46.7864 -25.7261 4.03110505941
-49.7608 -23.0053 3.92132041665
-47.4814 -11.3438 7.40470786054
-40.1825 -12.5911 0.674164208483
-40.4932 -13.1894 1.20827408315
-39.5633 -12.4179 0.897862934974
-38.8886 -11.8255 1.68930482744
-37.2112 -11.6253 1.721839043
-35.68 -10.8378 0.952225923823
-35.3661 -11.7368 19.066558807
-20.0968 -23.1553 3.26624980367
-16.8781 -22.6 0.394757507845
-16.4838 -22.619 2.64188735566
-13.8902 -23.1218 2.73135442592
-12.1942 -25.2628 0.971325923673
-13.0249 -25.7662 0.482725926381
-12.5725 -25.9346 0.336056810673
-12.2898 -26.1163 0.270235600912
-12.022 -26.1525 2.80100924847
-9.2485 -25.7609 2.33674496897
-7.3192 -27.0793 0.555161751204
-6.8123 -27.3057 2.25470516254
-4.7354 -28.1833 7.81222607968
-7.217 -20.7757 11.1833594796
-3.8277 -10.1183 8.72224518401
-10.0813 -4.038 0.269316783732
-9.8585 -3.8867 13.2178264874
0.6332 4.1529 0.575024260358
1.2021 4.2366 0.382213408975
1.1051 4.6063 1.03002347546
0.6431 3.6857 0.846945346525
0.863 4.5036 9.29522726995
9.888 2.2786 7.6869482176
3.0199 5.7309 10.6936536623
-7.3237 8.4446 1.98713814568
-5.4813 7.7001 16.2189596966
5.4145 -4.3139 1.26354980116
4.1556 -4.4222 16.3626534502
-12.1081 -6.219 0.0787231223974
-12.1823 -6.2453 0.649214171133
-11.5775 -6.4813 1.77159970648
-9.8701 -6.9539 10.4880600494
0.6153 -7.1901 0.911783883385
0.4742 -8.0909 0.270708570237
0.5354 -8.3546 1.2182574851
1.7285 -8.1083 1.63347754499
3.3505 -7.915 0.878201719424
3.6556 -7.0915 0.345207314523
3.7484 -6.759 0.463149273993
4.2034 -6.6725 0.53380356874
4.7206 -6.5404 1.25312310648
3.6912 -5.8258 16.5691979589
-10.1752 3.244 1.14292224145
-10.8145 4.1914 2.03265897287
-9.249 2.8949 0.461622410634
-10.3675 1.4503 0.451336238297
-10.0121 1.1721 1.13944428999
-9.0961 1.8498 1.35153809417
-10.0392 2.8179 6.85337355176
-12.519 -3.5711 0.598835469891
-11.9904 -3.2897 2.39772868565
-13.4606 -1.3956 1.67435466374
-14.5729 -0.1441 1.43616010598
-15.4608 0.9847 1.71437696263
-16.4274 2.4006 3.34889627489
-18.3669 5.1307 0.45602133722
-18.6454 5.4918 1.27740979329
-19.8001 6.0381 0.889227046372
-19.0866 5.5074 1.14786865538
-19.256 6.6427 0.916412527195
-19.9054 7.2893 0.854817126642
-19.535 6.5189 1.26631007261
-20.5972 7.2083 0.611732229002
-19.9916 7.2947 1.6668759102
-21.1369 8.5058 1.6781044604
-22.1126 9.8711 1.02804383661
-22.6948 10.7184 1.20801259099
-23.8147 10.2655 1.14238218649
-24.9356 10.045 0.509723307295
-25.3745 10.3042 1.04915898223
-24.3261 10.2643 0.801156676312
-24.9382 10.7812 0.664246377484
-24.4356 10.3469 2.25658073421
-26.5786 11.0538 2.59644133383
-29.1304 11.5332 1.50688516484
-30.3761 10.6853 0.640248951581
-30.9017 10.3197 1.30930893604
-31.9559 9.5432 1.05216246369
-32.5223 8.6565 0.0531304997153
-32.5556 8.6151 0.664611352596
-32.0415 8.1939 1.73905112346
-33.7255 8.628 2.49128333395
-35.5811 10.2903 12.1619720379
-42.8084 20.0719 3.65519856232
-46.4182 20.6462 2.58349364234
-48.8126 19.676 2.50767688907
-51.1633 18.8027 0.502057148142
-50.7346 18.5414 0.573740324537
-50.1882 18.7164 5.4055431124
-47.0785 14.2949 1.10916700726
-45.9758 14.4145 1.01518249098
-46.8713 14.8927 0.821708817039
-47.5406 15.3694 3.48391335283
-50.6281 16.9834 1.23972760315
-49.5423 16.3851 5.35893470944
-48.3734 11.1552 2.42455154822
0.0 0.0 7.53655377013
-0.7072 -7.5033 12.329369475
17.7593 -21.5408 7.03584162556
15.395 -28.1675 0.862424031437
16.205 -28.4636 3.04763586079
18.9275 -27.0939 6.71200783373
22.5735 -21.4585 0.529461585009
22.7421 -20.9566 1.67861874766
24.1742 -20.0809 9.8689971375
30.4853 -27.6682 6.93274526288
36.1351 -31.686 4.1701489242
39.3549 -29.0359 0.753746436144
39.6037 -28.3244 1.18223942161
39.9031 -27.1807 0.662425241065
40.2135 -26.5955 0.2277910007
40.073 -26.4162 0.18770170484
40.0722 -26.2285 0.128826239563
40.0748 -26.0997 1.07882597763
40.2341 -25.0327 0.450995897986
40.172 -24.586 0.734012057122
39.9599 -23.8833 0.309140776993
40.2318 -23.7362 0.708823532341
40.2972 -24.442 0.924003993498
40.2735 -23.5183 0.905456448428
40.1318 -22.624 1.18890512658
41.0032 -23.4328 0.926626014096
40.7456 -22.5427 7.26358554985
41.0304 -15.2847 0.681170499948
40.8491 -15.9413 1.32741668288
40.8667 -14.614 0.0
40.8667 -14.614 4.76600599664
42.6255 9.9107 12.5993529651
30.0322 9.5202 14.8218905815
18.3926 0.3437 0.270526154004
18.3572 0.6119 4.30781347902
15.0203 -2.1125 3.54547141294
11.493 -2.471 7.70218770091
10.2407 -10.0707 1.58076642803
8.6686 -10.236 17.5038336378
-0.5443 -25.1191 2.29730477952
-2.8344 -24.9373 3.46760472084
-6.2791 -25.3352 0.614554489041
-6.8822 -25.4533 0.846247865581
-7.719 -25.5794 0.853470960256
-8.5568 -25.7422 1.51344828124
-9.8967 -26.4459 1.40691177406
-11.0474 -27.2554 1.15772589588
-10.7535 -26.1356 0.751820889574
-11.2716 -26.6804 1.01269881999
-11.9453 -27.4365 2.68881125035
-14.1308 -29.0028 3.34545970832
-17.0879 -30.5673 2.91072903926
-19.4594 -32.255 3.44690483913
-22.8825 -32.6594 12.041829317
-24.2848 -20.6995 1.04099510566
-25.3148 -20.5486 5.32790543178
-30.4338 -19.0713 4.11646040671
-34.427 -18.0715 15.1835586376
-48.4883 -23.8004 0.417026246176
-48.7788 -24.0996 3.4169789815
-49.3494 -20.7306 1.934737959
-50.1753 -18.981 2.90128540478
-50.3001 -16.0824 16.9600987547
-50.987 -21.0508 2.32607382729
-51.4618 -23.3279 1.26605140496
-50.3388 -22.7433 9.9426679488
-41.8913 -17.4996 0.387333577166
-41.8232 -17.1183 0.905469474913
-41.4963 -17.9627 0.905999431567
-42.0224 -17.2251 1.26299558986
-43.2379 -17.5682 0.35989060838
-42.9289 -17.7527 0.797913729673
-42.3803 -17.1733 0.309816929815
-42.08 -17.0971 0.724991206843
-41.7476 -17.7414 1.01628627857
-42.7348 -17.9828 1.18754577596
-41.5564 -18.1299 0.836947800045
-42.2575 -18.587 1.3750515954
-41.2558 -17.645 0.729321499752
-40.9105 -18.2874 1.03355744881
-41.9291 -18.4626 0.422050056273
-42.3511 -18.4561 0.0293537050472
-42.3371 -18.4303 0.0602608496455
-42.2775 -18.4392 1.36900061724
-40.9162 -18.5842 17.1353088569
-25.1101 -25.2013 0.935223288846
-24.3659 -25.7677 0.496737808104
-24.1641 -25.3138 4.68464116022
-24.6759 -29.9704 1.00428787208
-23.6721 -30.0017 15.8622398242
-22.8671 -14.1599 18.2142416043
-12.271 0.655 17.5823596551
-6.909 17.3998 0.956365270177
-6.3028 18.1395 1.11456007465
-6.4848 17.0399 12.9823068104
-9.7252 4.4685 0.284146898628
-9.9537 4.2996 1.29800294684
-8.7348 4.7458 3.17307263232
-7.5101 1.8186 10.4492140762
-15.896 -4.4154 0.607937208929
-15.4998 -3.9543 10.7924526819
-7.2698 3.0274 5.24426523547
-6.2367 -2.1141 0.505903953335
-6.2387 -1.6082 6.8577790902
-4.7629 5.0889 0.557575645092
-5.1907 4.7313 0.89951818214
-4.8527 5.5649 1.12786031937
-5.6638 4.7812 9.13989268044
-10.4977 -2.9758 0.461909298456
-10.9061 -3.1916 7.60404211785
-3.6188 -1.0198 9.5669077789
-12.0426 -5.5547 0.696665917065
-11.3832 -5.3299 1.36092992105
-10.0887 -5.7499 2.21870547167
-8.5678 -7.3653 0.800382970833
-7.7689 -7.3166 0.212075198927
-7.5584 -7.3424 0.300523709547
-7.2607 -7.3835 1.09230732855
-6.2436 -7.7818 2.24837533566
-4.0047 -7.5756 14.2662271432
2.2666 5.2383 20.2380149269
8.9879 24.3276 0.639720470206
9.6271 24.3534 1.58228228202
11.193 24.5805 1.5260036861
11.6019 26.0507 3.45431847113
13.8678 28.658 3.87648717914
16.002 31.8941 0.734367864221
16.6016 31.4701 0.549749006366
17.011 31.837 0.317932146849
17.1461 32.1248 0.897229184768
17.9156 32.5862 1.65980703698
18.845 31.211 3.28001327589
21.9745 32.1932 1.55786115556
23.5232 32.3619 1.54638342593
24.9955 32.8348 3.30028025022
28.2953 32.7785 0.932651371092
29.1896 32.5138 4.37900648664
33.5681 32.5804 4.86980140252
38.3938 31.9265 2.69062319175
39.3784 29.4225 3.49516629075
40.3806 26.0741 1.7934532082
39.8527 24.3601 0.85502909892
39.5867 25.1727 0.834287168785
39.7415 24.3529 7.95042977077
40.092 16.4102 1.19420241165
40.0944 15.216 5.76254997809
40.1184 9.4535 3.92920646696
0.0 0.0 1.97279256132
1.1032 1.6355 1.02100893238
0.2664 2.2205 3.57192777643
-3.2734 2.6985 3.35458009593
-6.4733 3.7054 1.44201327317
-7.8605 4.0992 0.896810799444
-8.747 3.9636 1.01513148902
-8.4435 4.9323 2.63180286686
-10.7022 6.2831 2.67998481339
-19.2576 10.8898 0.61428450249
-19.0444 11.4659 7.45032707604
-12.8219 15.5632 0.422906053397
-12.8351 15.9859 0.681030072757
-12.1541 15.9795 0.127945144496
-12.1061 16.0981 0.731828900768
-12.6966 16.5304 0.0465123639477
-12.7178 16.489 0.212702703321
-12.7868 16.6902 1.69610192206
-11.3215 17.5444 2.87442600879
-8.5897 16.6502 0.771393505288
-9.2242 17.0889 1.42062838209
-8.7616 15.7457 18.8913528221
-3.2672 -2.329 0.647213635518
-2.6742 -2.5883 1.26937110807
-1.7692 -1.6982 4.60892145301
2.2788 -3.9018 2.0633241723
3.383 -5.6448 2.43475495687
3.1471 -8.0681 0.754664726882
2.6834 -7.4727 0.871464428419
3.2498 -8.135 14.245421786
-8.2471 -16.5465 0.840240876178
-8.0674 -17.3673 0.655442018793
-8.2544 -16.7391 19.2706575747
0.9976 0.1653 0.815714441456
0.7798 0.9514 1.42559868126
2.0864 0.3812 9.39242444793
11.4665 -0.0998 3.39088576186
14.6992 -1.1234 3.13228835997
17.5086 0.2617 0.50378957909
18.0031 0.1654 0.334824984134
18.086 -0.159 0.650639377843
18.7142 0.0104 0.858624696826
19.3533 -0.563 0.187097514682
19.3861 -0.7472 0.34812774954
19.6218 -0.491 0.585114997244
19.6334 0.094 0.754112756821
20.242 -0.3513 1.01720505799
21.0093 0.3165 2.48652039002
23.4914 0.4647 3.16147805939
26.6378 0.1563 0.678568051119
27.2806 -0.0611 0.692845567208
27.8653 -0.4328 1.09338232106
28.529 -1.3017 0.764603982464
29.292 -1.2522 1.32009273917
30.069 -0.185 1.12844466856
30.1931 -1.3066 0.627322468911
30.7129 -0.9554 1.4478560771
29.322 -0.5533 17.2807177426
30.0179 -17.82 6.42442256471
33.2131 -23.3935 0.142354276367
33.1236 -23.5042 0.248802893874
33.1224 -23.2554 2.3305785226
35.4491 -23.121 2.45096399402
37.8504 -23.6119 1.85123100936
39.6453 -23.1587 1.17630010627
39.904 -22.0112 1.44373071243
40.4366 -20.6693 6.61325198371
40.2424 -14.0589 7.27259700038
41.3141 -6.8657 0.856825256397
0.0 0.0 2.03839841297
1.448 1.4347 3.05030466839
-1.4831 2.2791 3.09803983512
-4.5022 2.974 1.35766264587
-5.8591 2.9285 1.04741100338
-12.9124 10.0439 2.66827352421
-10.3202 10.6765 0.452455743692
-9.9044 10.8549 0.300662352149
-9.7705 11.1241 0.542457555943
-9.2561 11.2963 1.06483644284
-9.6429 12.2884 9.03325821894
-10.4323 21.2871 0.282245283397
-10.4967 21.5619 0.50437345291
-10.13 21.2156 0.412344528277
-9.7251 21.1376 2.02925277381
-8.07 19.9635 2.37517570087
-6.0044 18.791 2.87359824088
-3.3362 17.7241 4.51418255834
-7.7633 16.8417 0.777049734573
-7.2031 17.3802 4.39339261278
-3.23 19.2554 0.520542985737
-3.2178 18.735 19.0479660114
1.0023 0.1604 0.315217210825
0.6873 0.1721 3.17082389609
1.442 -2.9076 2.01558726182
2.6965 -4.4852 0.815853050494
2.6513 -3.6706 1.25550270808
2.9277 -4.8953 1.05338051055
3.0028 -3.8446 1.53111216114
1.5066 -4.1697 13.3264346815
-11.3298 -7.7503 0.374682639043
-10.959 -7.6965 0.583157097187
-10.3836 -7.6017 1.32198239398
-9.3605 -6.7645 0.590668477236
-8.9799 -7.2162 2.14593930949
-7.0555 -8.1658 8.30822465091
1.1206 -9.6416 2.1408824559
3.2569 -9.5016 0.427614510979
3.0118 -9.852 0.998333496383
2.7189 -8.8976 1.13428663485
3.0493 -9.9827 16.6408574905
8.8452 -25.5816 4.6782979266
12.277 -28.7611 3.31085575192
14.2836 -31.3946 0.915096639705
15.0555 -31.8861 1.07861194598
16.0132 -32.3823 1.08685447508
15.4424 -33.3072 0.444161096901
15.8712 -33.1914 0.196062235017
16.013 -33.056 0.577106316029
16.5797 -32.9469 0.723709458277
17.3034 -32.9432 1.07762706907
18.3805 -32.9095 0.22603902318
18.5875 -32.8187 1.12545164712
19.696 -33.0133 1.79328102929
21.4586 -32.683 0.389258294709
21.8477 -32.6941 0.303927129424
21.948 -32.4072 0.783750572568
21.784 -33.1736 1.81692603042
23.6008 -33.195 0.777701330846
24.3668 -33.0606 1.05684399038
25.4107 -32.8957 2.75295274387
28.1212 -33.3773 3.37161140258
31.4328 -32.744 4.81201554964
36.2415 -32.9226 0.818614072686
36.8935 -32.4276 0.538489712065
37.4066 -32.2642 1.60324544908
38.6917 -31.3056 0.463937549677
39.008 -30.9662 1.43553732101
39.9424 -29.8764 1.45078711395
40.5834 -28.5749 1.30824023788
39.905 -27.4563 1.99759936424
40.4131 -25.5244 0.241564008081
40.3212 -25.301 2.0374066359
38.6944 -24.0744 0.459656665349
38.9797 -23.714 0.427294008851
39.2333 -23.3701 5.63719239516
40.193 -17.8152 1.06632192137
39.975 -16.7714 0.720583902124
39.481 -17.296 1.52605254169
39.552 -18.8204 4.07743263586
39.6481 -22.8967 0.459837460414
39.9749 -22.5732 0.678858372564
40.0919 -21.9045 7.81216721915
40.194 -14.093 0.927089752937
40.1811 -15.02 1.29841448698
40.4958 -13.7603 0.484448562801
40.4333 -14.2407 1.11243549925
39.6426 -13.4582 0.245290766235
39.7742 -13.2512 0.317490614034
40.074 -13.1467 1.09373302044
40.0026 -12.0553 6.15989838958
40.8985 -5.9609 0.0
42.6249 9.9134 11.8325324229
30.7924 9.8857 10.6803119664
20.3075 11.9194 18.9711138366
8.7391 26.9552 3.52367190584
6.347 29.5425 3.76908635348
2.7275 30.5938 4.41582781028
-1.6875 30.6793 1.34542469503
-3.0315 30.7412 2.67710358784
-5.6924 31.0353 3.73068222179
-9.0894 32.5775 1.03349893082
-10.0884 32.8423 1.69508232838
-11.7741 33.0204 0.275087058947
-11.8616 32.7596 0.123824472541
-11.9821 32.7311 0.107752726184
-11.9085 32.8098 1.09753252799
-12.9839 32.5905 2.23607707381
-15.1927 32.9387 0.686806013369
-15.8792 32.9592 1.57014049053
-17.1832 32.0846 1.80362569288
-18.9674 32.3486 1.67948807677
-20.6438 32.4504 2.54363790662
-23.1854 32.3486 2.02430002223
-25.2097 32.3489 1.80696347777
-27.0123 32.2234 3.50450119989
-30.5168 32.2205 1.92529601101
-32.4416 32.2642 4.39389258517
-36.8318 32.0841 11.4570965506
-48.1539 30.3305 2.53156177092
-49.4029 28.1285 2.83103098711
-50.8848 25.7163 2.48877404559
-51.3179 23.2655 0.322612228535
-51.6016 23.1119 0.763706658345
-51.9431 23.795 0.948090470367
-51.0266 24.0377 0.626315040535
-51.6509 23.9875 0.960192194303
-48.2874 9.4676 8.81005822115
-44.9219 1.3257 0.709020563877
-44.2169 1.4011 1.85351096031
-42.4861 0.7379 1.09759766764
-41.9181 -0.2013 5.73061367831
-36.3149 1.0004 25.6045160972
-21.4153 21.8233 8.56532851209
-12.8887 22.6369 1.08211256808
-12.1907 21.81 16.5917636269
0.4048 11.01 0.164315063217
0.4178 10.8462 1.29255725212
-0.6842 11.5217 14.3286491827
-9.432 22.8701 0.948076078171
-9.2787 21.9345 18.1234270893
-10.0042 3.8256 0.478941875388
-9.5268 3.864 0.391259019065
-9.1379 3.9069 0.896915163212
-8.2463 4.0044 4.32253907096
-9.5792 -0.1075 1.11383188139
-9.0387 -1.0814 1.25791796632
-9.6143 0.0371 8.25536745639
-11.3815 8.1011 1.44437436283
-10.2476 8.9958 2.33121992099
-8.291 7.7284 9.1522902254
-7.0271 -1.3362 12.5387789047
-5.8052 -13.8153 19.1348687701
5.3537 -29.3595 0.833299135965
6.1796 -29.2487 3.68954295815
9.8056 -28.5669 2.03050163753
10.3495 -30.5232 0.652474014808
10.8992 -30.8747 3.54400804175
13.7112 -33.0317 0.550289269385
13.7344 -33.5815 0.489607209914
14.0923 -33.2474 0.172112637537
14.2547 -33.1904 1.7580004835
15.772 -32.3025 0.826716233057
16.2742 -32.9592 0.429097867625
16.6849 -32.8349 0.334569125892
17.012 -32.7646 0.248173427264
17.2546 -32.7123 2.61534325854
19.859 -32.9513 0.636118141543
20.494 -32.9136 2.35107061782
22.8297 -32.6452 3.4566360251
26.0291 -33.9537 0.905826346493
26.8527 -33.5766 2.10706093884
28.7443 -32.6484 5.25507610792
33.9624 -33.2707 2.5594311282
36.5011 -32.9456 0.680498941954
37.1206 -32.664 0.662356097579
37.6808 -32.3106 2.6970556483
40.0647 -31.0492 3.15359022386
39.9394 -27.8981 10.8868942794
38.2762 -17.139 0.875242195052
38.2315 -18.0131 1.20860336753
38.3334 -16.8088 11.2670838965
39.2982 -5.5831 0.0
0.0 0.0 1.961771712
1.6211 1.1048 0.695806007447
0.9329 1.0022 0.686637022014
0.3581 0.6266 3.52830210158
-3.1055 1.2992 2.01935681344
-4.5318 -0.1303 0.959749842407
-3.9444 0.6287 1.13337840548
-3.7013 -0.4783 17.2014517207
7.483 -13.5474 1.18013860203
7.1756 -12.408 10.6183656111
4.2372 -2.2043 0.316866296725
4.176 -1.8934 13.6717138209
10.7566 10.0904 1.49670713902
9.6817 11.1319 16.4325818693
-1.7075 22.9774 2.02958242503
-3.5774 22.1883 2.09978764879
-5.6623 22.4379 3.07661609077
-8.5334 21.3323 4.21282786261
-10.8538 24.8485 3.66279204569
-13.7389 27.1051 0.375948852904
-14.0412 26.8816 3.5667874397
-16.8104 29.1296 3.53051248688
-19.4933 31.4245 4.19562420267
-23.4311 32.8726 2.38474921113
-25.8139 32.7762 2.69918219096
-28.5072 32.5981 3.50773909235
-32.0145 32.5426 14.5498596784
-46.5416 31.7291 1.62788719511
-47.899 30.8305 2.89497157326
-49.1219 28.2065 2.70100126805
-50.9068 26.1793 2.47452040808
-50.6683 23.7163 9.32088035434
-51.2434 23.0608 7.86849880282
-43.8984 20.2387 0.877011516458
-43.111 19.8525 1.35729057316
-43.3823 21.1824 1.60699322961
-41.9783 21.9642 0.47309284501
-42.4413 22.0614 1.35835402234
-41.4639 23.0047 15.1441716611
-31.05 34.0 6.59663660739
-28.6478 27.8563 0.300891641625
-28.7291 27.5666 0.406714211702
-28.3833 27.3525 0.353652513069
-28.3524 27.0002 1.33840819633
-27.0463 26.7079 4.86859366245
-24.7858 22.3959 0.95508626312
-25.5674 22.9448 1.25613883389
-24.8975 21.8822 23.1465146588
-15.4121 0.7685 0.352734744532
-15.0663 0.6989 0.263696568047
-14.8061 0.6561 0.248208158609
-14.5634 0.6041 0.836000005981
-13.7274 0.6042 0.290370418604
-13.4447 0.6705 0.410259088869
-13.0443 0.5811 0.182223818421
-12.8689 0.5317 0.0909589467837
-12.7801 0.5514 0.144940022078
-12.6396 0.587 0.109529356795
-12.5368 0.6248 0.083050647198
-12.4539 0.6298 1.20117807589
-11.64 -0.2536 0.303211378414
-11.4033 -0.0641 0.192354724403
-11.2286 0.0164 0.120419350604
-11.1117 0.0453 0.106816524939
-11.0236 0.1057 0.104438785899
-10.9471 0.0346 0.0466897204961
-10.9588 0.0798 5.06004092474
-8.9334 4.7168 0.490048915926
-9.4197 4.7773 5.54915733152
-14.1119 7.7398 1.26269659459
-12.8732 7.9848 0.603212483293
-12.2959 7.8099 0.52425127563
-11.9263 8.1817 0.123196469105
-11.8559 8.2828 1.19753031277
-13.317 12.5131 22.8231182208
-30.1334 27.9437 18.7831784661
-48.8669 26.5785 0.220503514711
-48.8845 26.3587 2.89421901728
-51.3581 24.8561 1.47111413901
-51.2297 23.3906 1.39025858026
-51.4241 22.014 0.959264681931
-50.6349 22.5593 0.421807254561
-50.6799 22.1399 1.09694104217
-51.6977 22.549 0.609952670295
-52.1278 22.1165 0.377938950096
-52.2726 21.7674 12.3449079673
-50.4751 24.5924 0.940892794106
-49.6742 24.0986 0.560612209999
-49.8784 24.6207 2.10353033731
-47.7762 24.6955 9.74545314134
-39.1824 20.0998 1.3279842243
-37.8755 20.3355 0.73990573724
-24.122 3.2457 1.02508521597
-24.9249 2.6084 1.60334401175
-26.3498 1.8733 5.44101502295
-27.601 -3.4219 0.997196354787
-26.7959 -4.0103 0.17253501094
-26.9566 -4.0731 0.970189182582
-27.865 -4.4138 16.8695149501
-35.2542 -19.5789 2.52346796294
-37.7422 -20.0005 0.717387621861
-37.6648 -19.2873 9.16332156917
-38.4765 -10.16 0.294801255086
-38.5218 -10.4513 1.11444177955
-37.691 -9.7085 0.0236139789108
-37.6679 -9.7036 0.373210517001
-37.9926 -9.8876 0.133432379878
-38.124 -9.9108 1.26323081422
-38.7168 -11.0263 1.06232775545
-37.6583 -10.9362 0.43901595643
-34.9919 -4.2411 9.28386974596
-25.9658 -2.0686 1.3035440192
-25.4448 -3.2635 21.1886840075
-13.3457 -20.6581 0.328909592441
0.0 0.0 8.58006952478
5.2856 6.7587 6.76573107654
-0.0454 2.5927 0.440499772985
0.3915 2.6489 1.15776004422
-0.3029 3.5753 0.983500081342
-1.2109 3.9532 2.61813529444
-3.521 5.1853 0.944707552632
-3.421 4.2459 0.764446283267
-3.9996 4.7455 0.598365139359
-3.6386 4.2683 1.60059551418
-3.9324 5.8417 0.83560651625
-4.768 5.845 1.7749058144
-6.1484 4.7293 7.73925175324
-8.9717 -2.4766 3.50341634979
-10.9291 0.429 0.488548298534
-11.3329 0.154 1.08474591495
-11.8706 1.0961 5.95011429218
-14.0053 6.6501 2.2856202003
-16.2832 6.4624 1.71156817568
-17.8831 5.8543 0.435483788447
-18.2078 6.1445 1.43961873078
-18.6413 4.7717 4.61572405804
-23.0196 3.3104 1.45943169761
-23.9454 2.1822 2.87083927101
-24.687 -0.5912 1.5173927804
-26.1556 -0.2095 1.01225824768
-27.1632 -0.3065 1.32879526263
-27.8126 -1.4658 1.0580606079
-27.7033 -0.4134 0.800562302385
-28.0441 -1.1378 0.619233865353
-28.0767 -1.0622 0.713140771517
-28.3647 -1.7146 1.14824013168
-28.3743 -0.5664 19.8676908434
-32.5922 18.8484 19.5109431645
-49.2181 29.059 0.554612702703
-49.3831 29.5885 1.36956306171
-48.7478 28.3752 13.8166271445
-44.5796 15.2023 5.40658942495
-49.1716 12.3484 1.05424631847
-49.3913 13.3795 0.95204668478
-49.9238 12.5903 2.18676142503
-47.0 9.16 9.32402478815
-45.1097 0.0296 38.7807643764
-25.3546 -33.3423 0.454146595275
-25.4443 -33.7875 0.463204360947
-25.0151 -33.6133 1.87569038223
-23.143 -33.4973 11.2380598655
-22.3175 -22.2896 0.3304912253
-22.1069 -22.0349 0.632553080777
-21.8343 -21.4641 2.76250704976
-19.0729 -21.5423 2.66314457925
-16.8393 -22.9926 1.75293432279
-15.195 -23.6001 0.507294244004
-14.7377 -23.8197 1.68454349009
-13.5011 -24.9636 0.938600900277
-12.6685 -25.3969 1.36980381807
-11.412 -25.9424 0.212118763904
-11.2021 -25.973 0.547938071318
-10.6543 -25.9853 0.828157714448
-9.9701 -26.4519 0.543896405577
-9.4624 -26.647 8.38097912239
-9.394 -18.2663 21.8810443309
-4.7314 3.1122 0.686221538572
-4.1198 3.4234 3.19965910841
-1.3218 4.9755 3.12143360013
1.7626 5.4549 0.617947214574
2.0302 6.0119 0.284120678586
2.2472 6.1953 2.03971575471
4.1722 6.8697 0.366023879002
4.4954 7.0415 1.07912492789
5.396 7.636 0.546975438205
5.8903 7.8702 0.259764855206
6.052 8.0735 0.797132768113
6.3184 8.8248 1.13894651762
5.495 8.0379 18.4329851519
-8.6806 -3.7446 1.06187167775
-9.5271 -3.1035 8.61774657147
-6.2098 26.9288 6.39310073204
-12.2699 28.9652 4.61156691158
-16.6562 30.3889 2.72934968445
-19.2633 31.1966 8.95537979652
-28.213 30.8777 16.0883596808
-44.2959 30.4586 1.23599433656
-44.7065 31.6244 1.10522291869
-44.8264 30.5257 5.90228683901
-48.8592 26.216 4.60574100119
-49.6468 21.6781 9.41372184526
0.0 0.0 7.82035692088
-2.3526 -7.4581 0.170370801489
-2.5212 -7.4826 1.25084599372
-1.3093 -7.7923 32.4772204383
23.5819 -28.6537 7.12433609609
30.601 -29.8737 5.15158614118
35.6399 -30.9453 3.42924331304
38.8862 -29.8402 0.456542133872
39.1486 -29.4666 1.88581579164
40.6828 -28.37 2.91828602608
40.5866 -25.4533 1.42156564745
40.6533 -24.0333 0.465762052984
40.4748 -23.6031 0.3388414526
40.3396 -23.2924 0.801238697268
40.1184 -24.0625 1.13981342772
39.5803 -23.0577 5.72986115888
40.005 -17.3436 1.21884693871
40.1665 -16.1355 7.75698654891
0.0 0.0 2.0042459854
1.6934 1.0721 2.77125965943
0.6871 3.6542 3.00669369408
-2.2468 4.3118 3.22695988509
-5.2529 5.4851 2.56337924038
-31.4588 1.5687 0.504443029489
-30.9547 1.5501 0.72936000713
-31.2156 0.869 7.72290184451
-25.8035 6.3783 11.2760125031
-17.7746 14.2957 0.28999684481
-17.5117 14.1733 0.890114385908
-18.3788 14.3744 0.584110691565
-18.4007 14.9581 0.306924518408
-18.3336 15.2576 1.5574656497
-18.3193 16.815 2.29946194141
-16.3082 15.7001 0.358901448869
-15.9518 15.7424 0.56524664528
-15.3937 15.6528 0.499412504849
-14.8959 15.6929 2.75826421142
-13.4914 13.319 1.37786862944
-12.5178 12.344 2.60047771381
-10.0763 11.4487 1.84853899066
-8.3429 12.0909 0.66362752354
-7.7404 11.8127 2.08307955921
-5.9978 10.6714 10.1133918351
3.7718 8.0569 0.704569748144
3.8396 7.3556 1.46681492357
2.8227 6.2985 11.3531649002
-5.0408 -1.8905 1.0971589903
-4.7547 -0.8313 18.5422576115
-5.9089 17.675 0.558256321057
-5.9653 17.1196 5.53651790208
-10.0331 13.3638 3.94311917395
-6.1182 12.8929 2.14602764195
-3.984 13.1179 0.459505168633
-4.072 13.5689 1.16333636151
-2.9213 13.7399 9.84000270782
-4.7678 23.4051 1.47072103405
-3.3234 23.6821 1.2576069378
-2.1299 23.2857 0.575112554201
-2.0762 22.7131 0.796956059015
-2.6976 22.2141 1.14148225129
-1.9758 23.0984 17.4443004987
13.1459 31.7954 0.824576648954
13.9267 31.5303 4.27264268691
18.1795 31.119 2.29934254951
19.7891 32.761 0.60404524665
20.382 32.8765 2.25721386005
22.5541 33.4905 2.4571851253
24.9536 32.9612 3.7915383527
28.7434 32.8464 0.673611289989
29.417 32.8425 3.12974529475
32.5025 32.3181 0.811827691077
33.2973 32.1527 3.0228126538
36.282 31.6742 0.813911309665
36.9629 31.2283 1.22300793538
38.0114 30.5987 0.5883777868
38.5625 30.3926 1.16679499485
39.4409 29.6246 2.78814917284
40.6743 27.1241 8.98514586248
39.5139 18.2142 6.99757179099
39.7343 11.2201 5.52096172782
0.0 0.0 2.10795143445
1.9942 0.6831 0.350763695385
1.9553 1.0317 1.61037711422
0.3635 0.7878 1.04153965359
-0.6174 1.138 2.97691242229
-3.46 2.0221 1.60123132932
-4.6776 3.062 1.10324004641
-5.332 2.1738 4.76063034692
-8.0909 6.0535 2.24126813434
-10.1538 6.9297 0.538027527177
-10.0499 6.4018 1.29748477448
-11.3342 6.5863 1.22457928286
-10.8693 7.7192 0.840809282775
-11.6713 7.4667 1.0968808185
-11.4986 6.3835 1.0885063941
-11.699 7.4534 18.8664217564
-15.122 26.0067 10.2306335337
-23.8055 31.4162 5.43659405878
-29.2141 31.9672 6.04580048133
-35.2326 31.3933 12.8782648583
-48.1002 30.8693 3.27649979399
-49.9635 28.1742 1.3743574244
-50.6883 27.0065 1.84908200197
-50.8763 25.167 0.207404652793
-48.5733 21.7244 0.384696412772
-48.7136 21.3662 0.308604876825
-48.9735 21.1998 0.665993280747
-48.4003 21.5389 0.929023659548
-49.3143 21.3725 1.06272181214
-48.5029 22.0588 26.3483064649
-23.0808 28.9834 0.229085486227
-22.9112 29.1374 0.0906796559323
-23.001 29.15 5.56322979302
-17.8373 31.2202 9.42889876921
-8.4633 32.2362 4.99374854793
-3.4823 32.5928 2.90853722857
-0.5743 32.5369 4.7104690828
3.9694 31.2946 1.34358354411
3.3839 30.0853 6.56585906413
0.8269 24.0378 5.26144359278
-0.2023 18.878 2.48137002883
2.2198 18.3389 0.937435363105
-8.9297 24.5502 1.21821669665
-9.7951 25.4076 8.6434163616
-1.3519 27.2572 0.43928751405
-1.7253 27.0258 13.7450387158
-15.375 28.6419 1.08461172776
-15.9488 27.7215 1.41039256946
-15.4384 29.0363 0.470520435263
-15.1566 28.6595 0.894393884147
-15.3515 27.7866 1.72568762527
-16.5202 26.5169 2.21996977457
-18.5924 25.7205 1.5421522266
-20.0731 25.2895 2.33308715011
-21.0689 23.1796 0.575420715651
-20.5719 23.4696 2.26153085321
-22.3491 24.8682 2.12611731097
-23.7752 23.2913 2.62902267963
-25.1296 21.038 2.65476740412
-26.6022 18.8291 1.02230661741
-27.2711 18.056 1.53840833331
-28.8073 17.9736 3.79471052914
-32.4821 17.0272 2.37759065022
-34.436 15.6725 1.29548975295
-34.7803 16.9214 5.65799074319
-35.8197 11.3597 3.93404714003
-38.8216 13.9024 12.7450449293
-50.4028 19.2233 0.716596657821
-50.0939 18.5767 1.15158612791
-51.0033 17.8702 17.4587383636
-44.3222 34.0 6.49963138955
-39.2226 29.9702 2.37804491337
-40.9606 28.3471 1.93281058824
-42.7115 27.5285 2.48602972227
-44.8258 26.2208 5.65284301215
-50.2902 24.7734 3.22029859019
-51.6692 21.8633 11.1379852545
-51.6206 21.8741 0.962127683834
-50.8024 22.3803 0.448507313207
-50.624 22.7918 12.1243685897
-39.8859 28.4215 0.623402053253
-39.2625 28.4199 3.22627482555
-36.3868 29.8825 8.08480691235
-34.1527 22.1125 11.7546008865
-28.9917 11.5515 17.221311473
-17.4068 -1.1907 10.429088743
-7.2792 1.2988 1.40142921691
-5.8809 1.3924 4.45824683143
-1.605 0.1304 3.52483577632
1.8428 -0.6025 1.78084828382
3.6018 -0.8806 2.62673840342
6.2076 -1.2116 2.57026442219
8.7468 -1.61 1.77393539059
8.6862 -3.3829 7.82397969386
5.7978 -10.6542 0.264101893215
5.7568 -10.3933 1.03413038346
6.707 -10.8014 0.443881515722
6.4416 -10.4456 0.274282354518
6.1732 -10.3891 0.899291860299
5.2764 -10.456 15.1642846561
-9.8189 -9.0112 0.862955108914
-10.1625 -9.8028 1.036300854
-10.233 -8.7689 2.50922821999
-8.2531 -10.3104 11.4064222471
-6.4019 -21.5656 0.777021370362
-6.3533 -22.3411 1.24042443139
-6.6259 -21.131 16.0496926541
-2.4529 -5.6333 9.72074845678
-11.9069 -3.3717 0.964848739441
-10.9439 -3.312 0.822401605057
-11.3861 -4.0054 3.17693084753
-8.638 -5.5994 8.55934874625
-12.959 -12.988 0.685837677589
-13.6146 -12.7866 0.527876822753
-13.1081 -12.9353 0.704041199079
-12.9806 -13.6277 1.48291019957
-11.5385 -13.9732 1.16222943088
-10.3902 -13.7938 0.71552515679
-9.9561 -14.3626 10.6633387211
0.6487 -15.4784 3.34172908537
3.3759 -13.5472 0.366928875942
3.7095 -13.3944 2.28125873368
5.917 -13.9698 2.21830151693
8.0249 -13.2787 0.890203235222
8.8883 -13.4955 0.533420059615
9.3347 -13.2035 0.408693577146
9.7059 -13.0325 0.433135648498
9.7691 -13.461 0.949593307685
10.6363 -13.8479 13.4516036018
12.4328 -27.179 0.700630073577
13.1333 -27.1925 2.20963391764
15.3351 -27.3784 2.65766192733
17.1315 -29.337 4.25686389376
19.963 -32.5156 3.65697996713
23.6068 -32.8258 0.404456425341
24.011 -32.8402 0.611400662414
24.6224 -32.8393 2.74607036509
27.2882 -32.1802 0.698352955174
27.852 -31.7681 4.17652586967
32.0285 -31.7828 3.95574950926
35.9112 -31.0261 1.71089644631
37.5325 -30.4797 1.88219659972
39.1277 -29.4807 1.83990784552
40.1559 -27.9549 2.71971361912
40.766 -25.3045 0.417590241744
40.742 -24.8876 1.20272076975
40.5863 -23.695 0.863891220004
40.4613 -24.5498 0.761100361319
40.7773 -23.8574 7.89128678037
40.4574 -15.9726 4.91881882773
40.8453 -20.8761 0.942226989637
41.714 -21.241 0.77035374991
41.4019 -20.5367 4.56032337121
40.0528 -16.1805 0.967239913362
40.6772 -15.4418 8.73202353295
42.2275 -6.8485 0.0
44.1384 -7.7026 0.662611658515
44.7474 -7.9637 0.605786133879
45.1296 -8.4337 0.789645452086
44.4601 -8.8524 18.8546166766
42.625 9.9127 13.4571415156
29.2921 8.0883 14.4354082907
16.7265 0.9829 3.50446179748
15.501 -2.3003 2.29656707283
13.3866 -3.1967 2.90884918825
10.688 -4.2825 2.95121096501
8.0226 -5.5495 2.95489124842
5.3256 -6.7568 1.27820853541
4.1861 -7.3359 2.8569035143
1.5773 -8.5004 3.92820855989
-2.027 -10.0624 2.26945749024
-4.1079 -10.9681 0.930948489445
-3.7701 -10.1006 0.185580844917
-3.8648 -9.941 1.0899897339
-4.2039 -10.9769 0.18995120426
-4.2864 -11.148 0.982079630173
-5.2502 -10.9594 0.90173213872
-4.812 -10.1713 1.02398859857
-5.2353 -11.1037 16.7395574912
-11.0251 -26.8101 0.793013625356
-11.8082 -26.9351 3.53092598053
-14.138 -29.5883 3.51344386037
-17.6254 -30.0153 1.52917205376
-18.148 -31.4524 3.20361497062
-21.0918 -32.7162 2.91458001263
-24.0002 -32.5265 1.90613402729
-25.904 -32.6208 8.60506099746
-34.5081 -32.4922 15.0785810291
-49.274 -29.4374 2.80366056612
-50.2969 -26.827 2.75935101065
-50.9911 -24.1564 0.843828051205
-51.0784 -24.9957 1.36252968041
-49.8781 -24.3509 10.758037736
-46.1064 -14.2757 3.26836548293
-49.3387 -13.7915 2.74515744175
-51.4994 -12.0982 1.16498148483
-50.8019 -13.0313 1.33151787821
-52.1084 -12.7744 1.39838152877
-51.3513 -11.5987 0.967813850903
-50.5079 -12.0734 9.82943705255
-40.6788 -12.1548 1.50075289438
-42.1418 -11.8203 4.18468510643
-47.0 -7.9719 3.55210013654
-50.1463 -6.3232 1.19468660744
-51.0565 -3.4596 0.547482246287
-51.3406 -2.9916 1.12368275327
-50.2519 -3.2698 0.333219042073
-49.9606 -3.108 50.0571794687
0.0 0.0 8.22347296098
-8.2075 -0.5123 0.974746761985
-8.345 0.4527 1.19106006985
-7.765 -0.5876 12.6662482405
-0.643 -11.0619 11.6664260251
8.1566 -18.7217 12.2395753966
20.3883 -18.2827 3.90226925263
21.7569 -21.9371 3.27268222258
23.7687 -24.5184 0.510813077358
24.1177 -24.8914 2.76658417006
25.4428 -27.32 1.68071428268
26.5983 -28.5405 2.16524365604
28.7268 -28.1433 3.51872258782
31.9709 -29.5061 5.12787746051
37.0788 -29.9583 1.80834818826
38.7202 -29.1994 1.98007645559
40.0593 -27.7408 2.01198095915
40.4856 -25.7745 0.62362225746
40.433 -25.1531 0.239393608937
40.4849 -24.9194 0.447969831574
40.577 -24.481 0.932311203408
40.3183 -23.5853 0.660402914894
40.3383 -24.2454 0.885549795325
40.6095 -23.4024 8.41157724211
40.9688 -14.9985 0.225800797164
41.1498 -14.8635 0.273577374796
41.3255 -14.6538 6.04006163214
41.0419 -8.6204 0.999822809302
43.9961 -6.1217 1.34154166913
45.2558 -5.6603 8.04939692275
43.5377 2.2036 1.28546180418
43.2391 3.4539 8.39088923357
37.2984 9.3797 19.9068945243
22.5772 22.7801 2.16800369003
20.4612 22.3081 3.45937453884
17.0026 22.3813 3.32098646941
13.6858 22.2146 3.86338370991
9.8358 21.8933 2.88858001447
7.5379 20.143 4.35118219568
3.215 20.6383 3.88198372614
-0.6513 20.2897 4.65214318782
-4.8363 22.3215 3.24468942427
-7.9052 21.268 3.23096213843
-10.0797 23.6577 0.411171837557
-10.3239 23.3269 2.38541251988
-10.5356 20.9509 6.66366508462
-13.8066 15.1453 0.823032502396
-14.6069 15.3374 1.41635595102
-14.5052 13.9247 7.31858549311
-8.7073 9.4586 4.68416619795
-12.6037 12.0585 0.495205341247
-12.6014 12.5537 1.10500122172
-12.3251 11.4838 1.07003478448
-12.4713 12.5438 13.842235486
-17.4554 25.4576 1.1202721098
-18.575 25.4964 2.76930985085
-20.7307 27.2348 0.75641137617
-21.3838 27.6164 0.213359907199
-17.1123 34.0 8.0354644676
-19.5712 26.35 0.39767627538
-19.1893 26.4609 1.91017104993
-17.3805 25.8469 1.67448129879
-16.3106 24.5588 0.324292846051
-16.1007 24.3116 1.34451029003
-14.8741 24.8622 2.02722847504
-13.3226 23.5574 1.21607582
-12.1124 23.6768 2.22681671451
-10.0012 22.9686 3.68546609807
-7.9206 26.0106 2.28164942531
-5.9983 27.2397 3.78969002031
-2.3509 28.2684 3.68076940326
1.1803 29.307 5.97594635602
6.6317 31.7553 8.82053806125
12.6654 25.3213 0.461867015493
13.1249 25.368 1.21331846603
14.3162 25.5981 2.04645739267
16.3343 25.2586 0.19643668191
16.4899 25.3785 3.61565977658
17.795 28.7504 0.681565037249
18.3317 28.3303 0.60549256808
18.9368 28.3085 1.36061027851
19.9905 27.4477 0.617700396633
20.5788 27.636 0.212100212164
20.7441 27.5031 0.372627709651
21.0495 27.2896 4.26502310076
22.1893 31.3995 1.55432881978
23.7361 31.2467 3.85051813916
27.0298 33.2412 1.30264166216
28.2865 32.8983 3.04005202752
31.2498 32.2195 2.86376393056
33.7939 30.9047 2.92540737847
36.4082 29.5919 2.21104163009
38.4037 28.6397 0.836679448774
38.8208 27.9144 0.348746340483
38.9988 27.6145 0.327446636874
39.2469 27.4008 0.506934759116
39.6312 27.0702 0.439089102575
39.7532 26.6484 0.658291500781
39.9451 26.0187 1.10200185118
39.8109 24.9249 7.52209055051
38.3626 8.6685 24.4636228102
19.0472 23.6813 1.13108615499
18.473 24.6558 5.69823060607
13.641 21.6356 13.7673564874
4.9233 10.98 5.46019125855
-0.535 10.8363 4.16853282823
-4.6885 11.19 4.07311242786
-14.3358 12.2238 7.79898309076
-11.2268 19.3763 1.02144468769
-11.6874 20.288 0.725520178906
-11.3706 19.6353 0.466852631994
-10.9143 19.5366 1.51997826629
-9.4911 19.0029 3.23151618285
-6.4411 20.0707 1.48323876028
-5.259 20.9666 1.01233692514
-4.3868 21.4805 1.7380956159
-3.5294 22.9924 2.61887629337
-1.1964 24.1822 15.0322901984
12.2567 30.8892 0.765007248332
12.942 31.2292 1.61874640695
14.5007 31.666 0.907331251528
15.3513 31.9818 1.32579100917
16.6471 32.2622 1.22645324819
17.7185 32.8591 2.31601461999
20.0101 32.5237 1.99112853427
21.9879 32.2937 1.19930016676
23.1871 32.2782 1.79575083182
24.9087 31.7675 0.617219085901
25.5085 31.9131 1.15357546784
26.6445 31.7125 0.546184236316
27.1884 31.6626 2.28221994777
29.1674 32.7993 0.284591795384
29.0106 33.0368 2.97504554587
31.9106 32.3728 5.55220836154
37.4469 31.9528 3.18435533507
40.349 30.6421 2.85060127166
40.1871 27.7961 0.356766870659
40.4253 27.5305 0.542069045418
40.7751 27.1164 0.624732686835
40.9549 26.5181 0.609393944834
40.9442 25.9088 0.730499206023
40.8572 25.1835 1.39000774818
41.0195 23.803 0.670907184341
40.7262 24.4064 1.17062876267
40.4555 23.2675 7.67713316935
40.7598 15.5964 0.446626745728
41.2022 15.6577 0.831191109192
40.3767 15.7548 0.0
40.3767 15.7548 1.36416924537
40.7105 14.4321 0.505288600703
40.9989 14.847 0.91950513321
41.4674 15.6382 1.0658086179
41.4234 14.5733 9.16906404057
0.0 0.0 2.0583889817
1.8746 0.8502 3.81059168634
-0.9052 3.4566 1.98770810986
-2.1355 5.0178 1.71715686529
-3.1894 6.3735 1.65512093214
-4.2723 7.6252 1.21389329432
-5.219 8.385 1.12196847104
-5.3755 7.274 0.247139818726
-5.1655 7.4043 1.44859568203
-5.1118 8.8519 0.993419372672
-5.8972 8.2436 1.39140242921
-4.5058 8.2462 0.448692790225
-4.7669 7.8813 0.802984931365
-5.5237 8.1497 0.682397919106
-5.3963 7.4793 1.35416284102
-5.5997 8.8181 17.980291115
-11.75 25.7138 12.1380212724
-21.8604 32.4303 4.19771494149
-26.0581 32.4415 1.32875122201
-27.384 32.3545 3.99587100142
-31.3765 32.1904 7.41131517951
-38.7878 32.2054 6.35625374729
-45.1435 32.1215 4.39799417007
-49.2809 30.6301 3.5463102642
-50.5341 27.3126 0.291035736637
-50.2613 27.2112 1.70879192999
-51.4344 25.9687 0.823146967437
-51.5141 27.0048 16.3537890955
-41.0104 14.4701 0.0701156901128
-40.9418 14.4846 1.48194684453
-41.3052 13.0479 7.23429927844
-37.5998 6.8346 0.489091504731
-37.2881 7.2115 0.413989613396
-37.2203 6.8031 9.74677815588
-32.0364 15.057 17.1092688353
-18.8142 25.9152 1.74919837926
-17.0766 26.1163 0.477369144374
-16.6035 26.18 0.748698023238
-15.8587 26.2563 2.89693373932
-13.019 26.8293 0.617018508636
-12.409 26.7365 2.4835167203
-10.0691 27.5688 4.79564242725
-6.6276 30.9086 2.43402063467
-4.2769 31.54 3.52982726206
-0.9364 32.6805 5.07927933865
4.1322 32.3513 11.0626237091
7.0704 21.686 17.0711208926
1.7282 5.4723 1.04757610702
1.8673 4.434 1.08401580247
2.0772 5.4975 5.15855297734
0.5721 10.4316 0.476369205554
17.0417 3.9235 0.484389977188
17.2135 3.4706 15.1970837479
4.8085 -5.3082 0.582340330048
4.6736 -4.7417 0.93328722267
5.0366 -5.6015 1.1873069401
4.803 -4.4374 13.0946149882
-5.2607 3.9406 0.513095410231
-5.1716 4.4459 0.580636865864
-5.7382 4.5728 0.660363180379
-5.5975 3.9276 1.12925355877
-10.5672 34.0 5.73028556706
-12.154 28.4938 2.73466897814
-10.5309 26.2929 22.0012527034
8.8077 15.8013 0.300441957789
8.8381 16.1002 1.32462526776
7.514 16.0629 0.400934907435
7.9148 16.0733 1.60887630973
9.4835 15.716 10.3822778199
-0.8533 14.7453 10.6559669688
8.9947 18.8155 0.135567142037
9.1234 18.7729 11.1764671243
-1.9919 17.6052 4.93620626088
2.1553 20.2823 2.51803326626
4.065 21.9235 0.832175155842
4.774 22.3592 0.47360760129
5.208 22.5488 0.855049425472
5.9866 22.9022 13.348880846
16.3238 31.3482 0.664912212251
16.9137 31.655 0.641102277332
17.4454 32.0132 5.17147832733
22.4334 33.3785 1.45895403629
23.8922 33.3573 0.425450361382
