0.0 0.0 8.18393951163
-2.1928 -7.8847 10.8513800966
2.4538 -17.6909 1.15118447696
2.9317 -18.7382 0.951954673291
-1.3272 -11.0037 2.58075849703
-1.7251 -8.4538 0.251157361031
-1.7 -8.7037 1.31691695258
-2.1099 -7.4522 7.53470958498
-3.1266 -14.918 5.9464182606
-9.0584 -15.3347 2.49181862903
-11.5486 -15.2449 1.68898651564
-13.2374 -15.27 2.14528287179
-15.376 -15.1008 1.90896183828
-15.2831 -13.1941 2.02055949182
-17.1796 -12.497 2.01265847078
-18.96 -11.5584 0.806617610767
-18.1861 -11.7858 1.04067759176
-19.0433 -12.3759 1.34961623064
-19.6582 -11.1745 1.32503450898
-18.344 -11.3436 0.982677210482
-18.7591 -12.2343 0.732015443826
-19.4397 -11.9648 2.70993220026
-21.3134 -13.9226 0.729777788097
-28.9333 -18.4337 0.984420281181
-28.7793 -19.406 5.80007005216
-28.1038 -25.1666 0.413131903876
-27.8247 -25.4712 6.40603832177
-28.826 -31.7985 0.439548063356
-28.8591 -32.2368 4.81560252513
-33.3403 -34.0 9.53450264775
-26.7038 -27.1543 0.468109816176
-26.6272 -26.6925 11.0616874667
-33.9191 -18.3745 1.01709598859
-34.2627 -17.4172 0.869250067587
-33.4199 -17.2044 0.975371134492
-34.3897 -17.3085 0.671351778131
-34.6361 -16.684 1.33878180448
-33.3435 -16.3354 0.526966811099
-33.2706 -15.8135 1.38683164804
-32.0027 -16.3754 1.6949926873
-32.9538 -17.7784 8.28772688317
-27.6646 -11.3979 0.542102250503
-27.1228 -11.3798 24.8981674998
-37.5269 -34.0 10.0889344477
-30.8671 -26.4215 18.8794474636
-33.0373 -7.6672 2.36348761368
-30.6744 -7.6145 1.60598581563
-31.3456 -6.1555 0.349503218869
-31.0021 -6.22 2.42382760113
-30.8203 -3.803 1.12580490761
-29.6948 -3.7768 0.804269618971
-29.9717 -4.5319 0.450220390476
-29.5381 -4.6531 1.3176299822
-28.7115 -3.627 1.12903171346
-28.5225 -2.5139 15.5604282052
-13.5672 1.7833 0.727923910859
-13.3051 2.4624 0.513573139874
-12.7975 2.5405 1.87207442694
-11.1396 1.671 2.30094462558
-8.8567 1.9586 5.90461836362
-3.3708 4.1425 3.13199245369
-0.2636 3.7492 4.88968183832
4.6112 3.368 5.84659431977
10.4295 2.7935 0.596290164266
9.9105 3.0871 0.940361340124
10.5524 2.3999 1.27393970422
11.785 2.7218 0.620543737379
12.4037 2.7696 2.57940863959
14.9395 2.2973 3.76274388313
18.6232 1.5301 0.791994797963
19.3902 1.3327 0.675081513597
19.9559 0.9643 0.559137058332
20.4351 0.6762 2.12235455332
22.5552 0.5784 4.89516568974
27.1629 -1.0744 2.85595794437
30.0172 -0.9771 2.26126319786
32.1781 -1.6433 0.523532128909
32.6591 -1.4366 0.842790252673
33.1981 -0.7887 0.363093830848
33.5533 -0.7134 0.664834302665
33.886 -1.289 0.248114590462
33.9299 -1.5332 0.274875189859
33.9753 -1.2621 0.196735482311
33.9826 -1.0655 0.722023856947
33.7827 -0.3717 0.316108921102
33.7601 -0.687 10.722843662
31.1503 9.7134 2.30964579535
32.627 11.4893 1.03973169616
33.1252 10.5767 7.00172347712
37.5018 5.1114 0.242578337862
37.5111 4.869 1.09089477494
37.419 5.956 0.169222811701
37.577 5.8954 1.14526575082
36.5428 5.4034 0.470916181502
36.7114 5.8431 0.200662602395
19.4747 -13.4908 6.18578121582
13.2896 -13.5826 2.69539347962
10.6372 -14.0621 3.74709479597
6.9526 -13.3806 2.12410947223
4.8398 -13.1617 5.0883760317
-0.2172 -12.5975 3.71145549077
-3.7417 -13.7606 2.43001716866
-5.9547 -12.7568 2.2991673645
-8.2538 -12.7744 0.0583095189485
-8.2934 -12.8172 0.732577832042
-8.0642 -12.1214 0.0608894900619
-8.1249 -12.1262 1.42917455897
-9.2583 -12.9968 4.78195662883
-7.8317 -17.561 0.958111355741
-8.3241 -16.7391 3.83647106727
-9.2721 -13.0216 1.3492792891
-10.4745 -12.4094 8.06543577558
-14.4625 -5.3989 8.95737158155
-14.9819 3.5434 3.33933563752
-18.2802 4.0653 1.99209236985
-19.7451 5.4153 2.73129409804
-21.7184 7.3037 1.41412616835
-23.0095 6.7268 11.0206102281
-24.3757 -4.2088 1.00346641698
-23.4308 -3.871 0.768902601114
-24.1997 -3.873 3.76160453131
-25.3494 -7.4546 1.573252761
-26.9198 -7.3599 1.06181618937
-27.9789 -7.4358 1.58783950071
-29.6039 -5.4482 1.4082028263
-29.5627 -6.8558 13.7616536979
-28.5122 6.8657 0.496281502778
-28.1504 7.2054 1.06946727393
-28.0656 8.2715 1.94841909763
-28.7499 10.0958 0.439982386011
-28.3514 9.9093 1.00733514284
-28.9642 10.7088 1.09788974401
-28.5957 9.6746 9.80684187698
-23.0523 1.5848 14.2902761474
-8.8289 0.2039 0.138374166664
-8.7194 0.1193 0.921030737815
-8.4943 1.0124 1.163949724
-8.9729 -0.0486 21.4580677287
-16.5861 -20.1107 0.982819617224
-17.1297 -20.9295 1.1493699361
-16.4992 -19.9685 20.0006826076
-3.7971 -4.5191 0.649862031511
-4.0536 -3.922 1.17301747643
-4.2878 -5.0714 18.372861036
-9.8307 -22.5882 4.29230126855
-5.5384 -22.5849 13.855276304
2.0901 -11.0188 0.955582361704
2.9332 -10.569 0.644702846279
2.4856 -11.033 14.3784112255
-4.8908 -23.3751 0.492826795132
-4.4568 -23.6086 1.44632238799
-3.6742 -22.3923 14.0582866015
5.3422 -11.6062 0.372443351397
5.3976 -11.9745 1.35749640515
6.6401 -12.5213 3.89928630649
10.4608 -11.7424 0.71503975414
10.9444 -11.2157 0.566239878497
11.3322 -10.8031 0.437920266715
11.4732 -10.3885 0.528020700352
11.7907 -9.9666 2.53144710591
12.9993 -7.7423 2.17833380592
14.2689 -5.9722 2.53895600001
14.9798 -3.5348 0.934270330258
15.6675 -2.9024 1.86975953802
17.4983 -3.2821 0.9038359641
17.8975 -2.4712 1.21025955894
17.2643 -3.5026 0.72967681202
17.9855 -3.6135 2.63234576946
20.5874 -4.0127 0.719386912586
21.2701 -3.7859 0.562199341871
21.8024 -3.605 0.492480598603
22.2557 -3.7975 0.629311409399
22.8788 -3.8857 0.530078428159
23.3803 -4.0574 1.52636488429
24.8927 -3.8514 0.719801153097
24.955 -3.1343 0.70541916617
24.2496 -3.1395 1.2958046805
24.6137 -1.8959 0.218975455246
24.652 -2.1115 0.768704065294
24.8183 -2.862 0.771824138
25.0034 -2.1127 0.387417939698
25.2955 -1.8582 0.800962801883
25.0001 -1.1137 0.405616481421
25.2478 -1.4349 0.335682364744
25.5697 -1.5301 1.46470058715
26.7963 -0.7296 1.1907707462
27.3867 0.3045 1.28612318228
28.3439 1.1635 1.24490830184
29.5581 1.4383 0.178491680478
29.7363 1.4485 0.840157800654
29.302 2.1677 1.19997980816
29.5793 1.0002 14.2315085385
32.8431 -12.852 1.42683696336
32.9025 -14.2776 1.01249849876
33.6686 -14.9396 0.37955091885
33.8309 -15.2827 0.448504994398
34.0392 -15.6799 1.21891379925
34.045 -16.8988 0.373231737664
34.2218 -17.2275 0.165826415266
34.3626 -17.3151 0.0519339965726
34.3111 -17.3218 0.460076624053
34.2258 -17.7739 0.974587389617
33.8055 -18.6532 0.210712339458
33.667 -18.4944 0.181085532277
33.6371 -18.673 1.95082976448
33.4985 -20.6189 1.79318567081
35.2143 -21.14 0.835456480016
35.9415 -21.5513 4.01078778546
39.561 -23.2792 1.68374870453
40.4133 -21.8271 5.9352878616
39.4119 -15.9769 7.25175027769
40.2891 -8.7784 1.01302240844
39.2795 -8.8616 0.807116658235
39.7276 -8.1903 0.563752507755
39.1684 -8.1188 0.70558274497
39.3154 -8.8089 1.0532864805
0.0 0.0 1.94598440384
1.8729 0.5283 0.269055328882
1.8215 0.7924 0.716308906827
1.1056 0.8166 1.46657377926
-0.1963 0.1414 3.89764854367
-11.5229 -11.4795 0.439652419532
-11.7724 -11.8415 10.6541245877
-2.1147 -7.3427 1.22372135717
-2.9817 -8.2063 5.81865332358
-6.1908 -13.06 1.56452500779
-6.1289 -14.6233 11.9296817112
0.4369 -24.5836 2.4615263598
2.276 -26.2197 2.53450894849
4.4541 -27.5157 1.2768522859
5.3911 -28.3831 2.82224782044
6.6861 -30.8907 0.327731673782
7.0124 -30.8601 2.45526159095
9.4566 -31.0929 0.12688490848
9.4739 -31.2186 1.03644690168
9.6722 -30.2013 8.31358814291
15.4631 -24.2363 0.666571901598
16.0592 -23.938 0.796613896439
16.5881 -23.3423 2.69518893772
19.2451 -23.7944 1.85375334389
20.0976 -22.1483 0.465451404553
19.7481 -22.4557 0.520485436876
20.2603 -22.3632 1.0009559281
20.0129 -23.3331 0.221939744075
20.0087 -23.1112 0.746362190897
20.2461 -23.8188 0.833099093746
20.458 -24.6245 6.34250034765
25.4609 -28.523 3.12716009344
23.9952 -31.2854 2.33767629068
25.794 -32.7784 0.538717309913
26.3325 -32.7937 1.27409483556
27.6051 -32.8554 1.35222492582
28.9488 -32.7038 1.64272943603
30.5568 -33.0398 3.86908643739
34.3633 -32.3467 4.79739239275
39.1392 -31.8931 4.6725612088
40.6508 -27.4718 0.467182501813
40.5278 -27.0211 1.84376132132
40.5643 -25.1777 0.422808904826
40.5034 -24.7593 0.308418319819
40.5869 -24.4624 0.549201647849
40.5687 -23.9135 1.56769406773
40.9672 -22.3973 1.22691721807
40.9737 -21.1704 0.333780316975
40.9524 -21.5035 0.285188797115
41.0805 -21.7583 0.933618149995
41.2267 -20.8362 11.3034177774
41.1751 -9.5329 2.79231292122
39.5159 -11.7788 1.28315995106
39.3098 -10.5123 0.370629842296
39.06 -10.7861 1.04509966989
39.3024 -11.8027 7.55459413205
31.7767 -12.4628 1.42183709686
30.5924 -11.676 6.21152289298
26.72 -16.5327 0.671486708729
26.9004 -15.8859 4.80977488974
30.4336 -12.6224 0.620544406147
30.9996 -12.8768 10.1828828502
37.9271 -20.3401 0.291140876553
38.2122 -20.2811 0.386467540681
38.4672 -20.5715 0.814676819358
39.2778 -20.6529 0.486258223581
39.6973 -20.407 0.093333220238
39.7763 -20.3573 0.0843666403266
39.8425 -20.305 0.728537747821
40.5375 -20.0865 1.44342813122
41.5289 -21.1356 0.656897556701
42.0097 -20.688 0.60156803439
41.8666 -21.2723 0.269286650245
41.9249 -21.5352 1.09014871004
42.2639 -20.4991 14.334604945
40.5502 -6.2673 1.10354265889
40.6434 -7.3669 0.266623517342
40.9017 -7.3008 0.509618720221
43.1983 -12.5978 0.94487233
44.0777 -12.2522 1.26155643948
42.9021 -11.7945 23.8275655628
27.5669 6.4424 13.5258572002
14.0449 6.1194 4.22518464094
9.8199 6.1589 3.50087075026
6.3448 5.7349 5.01326820747
1.3612 6.2795 3.99333609905
-2.6294 6.1317 2.40292398756
-4.9694 6.678 3.15036113009
-8.0064 5.8405 2.90983146076
-10.9101 5.6517 1.43548225346
-12.3064 5.9848 3.54317452294
-15.8431 5.7707 5.14862001317
-20.7783 7.2377 3.55899429755
-22.1679 3.9612 2.53199226895
-24.6198 3.3294 0.404427311145
-24.9094 3.6117 1.91994749928
-26.7646 4.1061 3.46646266531
-30.0736 3.0732 1.68654096007
-31.6956 3.5353 2.9910765704
0.0 0.0 7.53145521795
-2.1411 -7.2207 0.961681912069
-1.5368 -7.9688 11.9401769099
3.664 -18.7168 0.549294183475
3.4303 -18.2197 0.683357724768
2.8456 -18.5734 0.976112800859
3.82 -18.6312 0.96101360032
2.9133 -18.3127 14.8683297182
-9.9936 -10.9317 0.277670398134
-10.097 -11.1894 1.46052281735
-9.4841 -9.8637 9.52909389449
-12.9 -0.9679 1.27638961528
-11.9681 -0.0957 0.913787415103
-11.4551 0.6605 0.698186400612
-10.7663 0.5464 0.492037417276
-10.3092 0.3643 0.764728481227
-9.549 0.2812 0.99140003026
-9.8219 1.2343 1.33924905824
-10.3517 0.0043 11.5477734845
-15.008 -10.5631 0.593442474044
-14.4146 -10.556 0.488128261833
-13.9408 -10.4386 2.91328400607
-11.1441 -9.6227 13.4500408122
1.3602 -4.6683 0.760206090478
2.1133 -4.5646 2.8707403505
4.9187 -3.9556 2.22514578848
7.1414 -3.8513 0.726115211244
7.8675 -3.856 3.59152188912
11.4573 -3.9672 26.2948098715
29.853 -22.7559 9.87851045958
39.6599 -21.5686 1.11184107228
39.1208 -20.5962 13.3586106751
33.7637 -8.3588 0.740300027016
33.897 -7.6306 0.54741768331
34.4216 -7.787 7.42810386573
36.0616 -0.5422 0.788769269178
36.2964 24.5281 3.93182904639
40.1471 23.7335 0.892722448469
41.001 23.4731 0.498686444572
40.5026 23.4562 0.443155694988
40.5397 23.0146 0.321530791683
40.4416 22.7084 0.235922444884
40.5708 22.511 0.953014669352
41.4128 22.0646 0.937137567276
41.1289 21.1715 0.0
41.1289 21.1715 0.492402081637
41.243 20.6925 0.192799092322
41.3305 20.5207 0.12134071864
41.3786 20.4093 0.350023570635
41.5811 20.1238 0.294371618877
41.8727 20.1641 0.889518324713
41.286 19.4955 1.32830480312
40.9546 18.2092 10.2233321085
39.7954 8.0518 0.263689685047
40.0479 8.1278 0.422196790608
39.6261 8.1095 0.596494199469
39.0478 8.2557 0.815275714099
39.4043 8.9889 0.939355954897
40.3103 9.237 0.653353847467
40.9432 9.0748 8.53173649499
45.6273 16.2057 0.900223194547
45.7995 17.0893 0.722569553746
44.0226 12.0476 1.13730707375
42.9099 11.8123 10.8365498799
36.0 20.16 6.25809974433
29.744 19.9979 11.3877685193
19.3801 24.7171 5.38179325597
15.4745 28.4198 4.42669384982
11.0525 28.216 2.66429310888
8.4209 28.6321 4.56362678251
4.0164 29.8267 4.68565950534
0.0582 27.3191 10.9805070229
0.764 16.3613 3.66228543126
-2.2487 18.4436 0.0493936230702
-2.2085 18.4723 2.3075188775
-4.4774 18.0519 1.83398248901
-5.2433 16.3855 1.71661378592
-6.0825 14.888 1.96732007818
-7.6355 13.6803 6.86254363338
-13.3891 17.4207 1.21388978083
-12.2809 16.9253 1.2311554979
-13.3954 16.4022 1.15614381891
-12.2867 16.73 5.84708641633
-7.8283 12.947 3.46133573205
-7.9347 9.4873 1.37100071481
-7.4061 10.7523 0.440965905712
-7.3388 10.3165 1.17820864875
0.7529 5.2928 4.52252771136
4.6268 7.6265 0.95323082724
5.1894 8.396 30.9689449872
30.1723 26.6971 11.2325605385
41.4014 26.4183 2.98919735715
42.1544 23.5255 0.241173506008
42.0065 23.335 0.722721965904
42.4913 23.871 1.60151764586
41.5067 22.6079 11.0309136702
38.3121 12.0497 1.04702264541
42.9419 7.1688 0.837851156232
43.7103 6.8348 0.668639850742
43.0582 6.687 0.54317916013
42.5664 6.9176 7.05171697957
36.3854 3.5232 0.762061231136
37.1068 3.2776 1.36951006203
36.0603 4.161 20.260149072
21.3724 18.1159 2.18299071917
19.4132 19.0787 3.8943490406
15.9494 20.8586 5.45342255194
12.7931 25.3058 2.00267431201
11.3397 26.6836 3.56811449508
8.3016 28.5548 4.58509773614
3.8051 29.4518 7.36407800407
-0.0615 23.1845 5.4822019089
-3.8854 19.2561 9.16930297569
-2.3363 10.2186 11.3050483011
-1.3038 -1.0392 0.3336790374
-1.5609 -0.8265 7.63467885703
-8.123 3.0757 0.692675342422
-8.8122 3.145 2.10374969043
-10.6748 2.167 2.33935321831
-13.0046 1.9558 1.34283743245
-14.2172 2.5327 1.31443445253
-15.352 1.8694 2.38335613159
-17.6398 2.5375 1.64523574299
-19.2301 2.1159 4.06929370407
-23.2646 1.5849 5.98365082955
-29.236 1.9676 2.36474635638
-31.5522 2.4443 2.44006117341
-33.992 2.4086 2.54339543917
-36.2226 1.1866 1.57363774739
0.0 0.0 7.76307335596
-2.5243 -7.3412 13.1597406981
3.9975 -18.7712 0.456068854451
4.4057 -18.9746 1.21897754286
3.3032 -18.4546 13.8916849968
-9.2774 -12.5633 0.391474877866
-9.6431 -12.4236 0.90033159447
-8.8854 -12.9099 12.3520792201
-3.6113 -24.0794 4.82916215507
-0.3359 -27.628 0.997459372606
0.5819 -28.0186 1.89664078307
2.3544 -28.6935 0.785898530346
3.1387 -28.7436 0.755751314918
3.838 -29.0302 1.10258106278
2.824 -29.4632 1.20442180734
3.9655 -29.079 0.64760816085
3.3503 -29.2813 9.15020189559
10.719 -23.8565 0.38521497894
10.3367 -23.8092 10.801994551
1.6115 -30.1774 0.185370574795
1.6451 -30.3597 0.141312490602
1.5202 -30.2936 2.23628928361
3.7326 -29.9676 1.56920000319
5.299 -29.8739 2.72072785298
7.3183 -31.6973 7.35543902157
11.4567 -25.6165 8.64430162477
11.4514 -16.9722 4.67997275419
12.7531 -12.4769 1.2759797373
11.9736 -13.4871 0.518259712885
11.5948 -13.1334 0.61959543252
10.9815 -13.0453 1.11901324836
11.9031 -12.4106 1.14187345183
11.2538 -13.3499 17.9883514234
-2.6044 -24.8186 0.738729646082
-3.1234 -25.3443 0.769792348624
-2.8029 -24.6444 8.32423061009
5.1441 -27.1219 1.3777142846
6.1272 -28.0871 1.49910074711
7.276 -29.0502 4.19464092623
9.1545 -32.8007 0.478206534878
9.5552 -33.0617 0.48882366964
9.8905 -32.706 0.368506444991
10.2195 -32.872 0.372154940851
10.3818 -32.5371 0.273143057755
10.4175 -32.8079 0.191312022623
10.5925 -32.8852 0.133628327835
10.7207 -32.9229 0.352671589443
11.0732 -32.9339 0.397914073639
11.4513 -33.0579 0.311430072408
11.7483 -33.1516 0.22509740114
11.9613 -33.2244 0.170142910519
12.1207 -33.2839 2.93001062285
15.0406 -33.5271 0.878680977375
15.9107 -33.4046 3.04838668479
18.9584 -33.4693 0.605052105194
19.5626 -33.4372 0.243193852718
19.6785 -33.2234 1.84467246415
21.5104 -33.4401 3.28500888888
24.794 -33.3439 0.619590267838
25.4081 -33.2616 0.417744850357
25.8131 -33.1592 1.67250263079
27.1059 -32.0981 1.20281989508
28.307 -32.1624 0.479607589598
28.7132 -31.9074 1.27153328702
29.9279 -32.2833 4.9097993849
34.5789 -30.7103 4.64624855233
39.1909 -30.1472 0.580276046378
39.3411 -29.5867 0.422597515374
39.3616 -29.1646 1.04506216562
39.7409 -28.1908 1.14759346896
40.3023 -27.1899 9.39831618376
40.0345 -17.7954 4.8628580588
40.5226 -22.6337 0.855008497034
40.8833 -23.4089 0.519718548832
40.8944 -22.8893 15.155487396
31.6099 -10.9107 2.49630620117
33.8356 -12.0411 6.7252194388
38.2803 -17.0882 0.932633223727
39.0696 -16.5914 1.13551838382
38.2522 -17.3796 0.47026871042
37.7851 -17.4341 1.12979886706
38.6649 -16.7253 0.333384837688
38.72 -16.3965 0.454109689392
38.6325 -15.9509 0.128350185041
38.5429 -15.859 0.324317282919
38.61 -15.5417 2.69884779119
43.3667 9.2617 10.5651253817
32.8235 9.942 13.8243182906
19.8473 5.1744 0.0840959570966
19.822 5.2546 3.65816339302
16.167 5.4067 1.19318454985
15.0326 5.7766 5.2352803669
9.798 5.861 3.92961006208
5.9298 6.553 0.368008111324
5.6164 6.7459 1.57282705979
4.0524 6.5795 3.48472958061
0.5679 6.5395 2.03356023024
-1.4585 6.71 3.73257997235
-5.1812 6.4386 6.92475877486
-7.7815 12.8566 5.26036771528
-11.61 16.4641 1.91205125454
-13.226 17.4861 2.55113796177
-15.7111 18.0628 1.44848823606
-14.2675 17.9439 7.34078775609
-11.4157 11.1797 1.59769595355
-12.5551 10.0597 3.50438637282
-15.1801 14.9592 19.3963702506
-3.8202 30.6809 0.728127378966
-3.099 30.7811 0.255134101993
-3.3536 30.7976 4.58495210444
0.4692 33.329 0.576303817444
1.0412 33.2587 2.07993515524
2.4204 31.7018 0.617373574102
1.8342 31.8955 11.7314538558
-9.6709 29.6021 0.573418041223
-9.9049 29.0786 0.643812806645
-9.2807 28.9209 2.27883285916
-7.1255 29.6613 2.10547739242
-5.0291 29.466 0.624994719978
-4.4367 29.6652 1.70929694612
-2.8925 30.3981 2.86679612285
-0.071 29.8905 0.762275029107
0.6481 29.6376 0.506939148222
1.155 29.6313 2.28344286112
3.4257 29.8722 7.7259527186
9.3307 24.8901 1.97700675011
11.0852 25.8013 6.17454965888
14.2602 31.097 1.2529520342
15.1634 31.9654 0.660556318568
15.8006 32.1395 0.480999636175
16.2799 32.0991 0.54243617136
16.8211 32.0625 2.32657453996
19.0333 31.342 8.64952729171
23.0159 23.6639 0.883725534315
23.305 22.8288 2.36925457687
24.1169 20.603 1.3027744279
22.8884 20.1694 1.2013054982
24.0865 20.2571 0.963371522311
24.1927 19.2996 0.910205432856
24.3239 20.2003 8.6245177355
28.0908 27.9587 3.34174606456
31.3934 27.4487 4.06925822847
34.6561 29.8805 0.611812258785
34.3081 30.3837 4.87310091215
38.9366 31.9082 2.26882536128
40.1772 30.0086 1.90964011793
40.6835 28.1673 1.49556324173
40.3465 26.7102 6.33504535501
40.1119 20.3795 0.249280003209
40.3343 20.4921 1.15853204531
40.4504 19.3394 0.0465310648922
40.4039 19.3377 1.08568066207
40.8784 20.3142 1.17880034357
42.1551 12.0079 1.09581440491
41.0666 12.1343 22.1593937435
21.3694 22.2861 3.35568389006
19.3923 24.9975 5.09066532096
15.3413 28.0804 5.99648140162
9.5507 29.6382 3.90045883711
5.689 30.1867 5.71923789503
-0.0289 30.063 6.22417871369
-4.2968 25.5325 2.9250878021
-6.5619 23.6817 16.9632850085
-17.8751 11.0419 1.15002793879
-18.9476 10.6268 3.14163637138
-21.4066 8.6715 0.658396172528
-21.994 8.9689 3.18970655233
-25.0773 8.1519 1.66824511988
-26.742 8.0432 9.43644047562
-25.2629 -1.2766 2.81854273163
-28.0721 -1.5059 0.535320324666
-28.3713 -1.9498 0.358898941208
-28.6911 -1.7869 1.5457215823
-29.3075 -0.3694 0.0305
-36.4524 -8.5716 2.74725333743
-34.5627 -10.5657 9.65952765408
-28.1218 -17.7644 1.56466963925
-28.1896 -19.3276 9.27792124401
-27.009 -28.5301 2.63748498764
-24.4255 -29.061 0.795104653489
-23.7301 -29.4465 1.24502816434
-22.6089 -29.9878 0.910025631507
-21.7653 -30.3291 1.84152545733
-20.1518 -31.2167 0.884236218439
-19.3106 -31.4892 1.26342814992
-18.2021 -32.0954 0.849322936226
-17.3697 -32.2641 2.52515794556
-14.8469 -32.3732 0.520511632915
-14.3275 -32.4072 0.557427322617
-13.7746 -32.4781 1.44880961137
-12.5786 -33.2958 0.575252309861
-12.0255 -33.1377 0.338169188425
-11.6887 -33.1073 0.880068230309
-10.8107 -33.047 1.09215443963
-9.8003 -32.6324 3.74330443993
-6.143 -31.8346 0.621495591296
-5.5216 -31.8455 2.27118908944
-3.3968 -31.0433 1.32362303168
-2.0801 -31.1785 4.6683128537
2.1942 -33.0556 0.48240955629
2.6259 -32.8403 0.389941585369
2.9697 -32.6563 1.3302542802
4.2883 -32.4806 1.7791634804
5.8521 -33.3291 6.24987001785
12.0803 -32.8091 0.108824307946
12.189 -32.8039 0.376797518569
12.2704 -33.1718 0.422688123798
12.6734 -33.2993 1.01419627292
13.6862 -33.2461 33.2740857786
46.3116 -26.7079 9.39287418046
51.8352 -19.1108 0.521237469873
22.4547 -17.1876 18.3044441601
25.0793 -22.7845 0.67051819513
25.5132 -22.2733 4.08910926853
29.5002 -21.3652 0.370246201871
29.8401 -21.2184 0.553546890516
30.3411 -20.983 3.44487956393
33.7471 -20.4669 0.694596084066
34.1695 -19.9155 0.772796305633
27.5405 -7.657 17.496426326
14.1972 3.6603 2.27277677082
11.9277 3.5383 5.35762407789
6.5703 3.4893 2.74294160528
3.9654 2.6301 8.03590607835
5.5301 10.5122 5.79481799283
0.1307 12.6161 0.553813443318
0.4109 13.0938 1.59084832715
0.8145 11.555 10.8209103744
6.4367 2.3093 13.8817907191
-2.7139 -8.1296 3.83797709738
-6.2131 -6.553 3.95642712558
-10.0557 -5.6108 5.63171789865
-15.6497 -4.9601 5.22678099886
-20.5317 -3.0932 4.14372784459
-20.2059 1.0377 1.45173909502
-21.0311 2.2321 4.00081570308
-22.4181 5.9848 0.621685652078
-22.9969 6.2117 0.793153957312
-23.7675 6.0239 0.28876706876
-23.8974 6.2818 0.148955295307
-24.0462 6.275 1.42652677858
-22.6243 6.3898 1.17385522957
-22.5532 5.2181 0.841483553018
-22.5016 4.3782 3.65682208618
-21.2187 0.9538 8.87702492618
0.0 0.0 2.14176331559
0.0 0.0 2.0265254822
1.8892 0.7333 3.54769753079
1.0056 4.1692 4.1977600515
-3.0148 2.9619 1.37781996647
-4.2723 3.525 7.7761436593
-5.6809 11.1725 3.93057265166
-9.6068 10.9809 2.22363479915
-11.7682 11.5033 1.17408031241
-10.9375 10.6736 0.294865528674
-10.9573 10.9678 1.3073437574
-11.3824 12.2041 0.23004019214
-11.1524 12.1998 0.71391106589
-11.8589 12.3024 1.19136121307
-10.7416 11.8889 1.0188954068
-10.8729 10.8785 1.01790088417
-11.6574 11.5271 6.61352419289
-9.6778 17.8374 1.05953558222
-10.0076 16.8305 5.98921541189
-12.5206 11.394 2.77394612781
-14.057 9.0844 1.84136399715
-15.2414 10.4943 0.438547899322
-15.5115 10.1488 13.1512596283
-17.0505 -2.9121 0.147351993539
-16.9315 -2.8252 0.200949446379
-16.7357 -2.8704 1.85741482981
-18.4149 -3.6643 3.16320891659
-21.441 -2.7431 1.02077229586
-22.3008 -3.2933 1.81769540078
-31.1126 -11.7123 0.346493087954
-30.9771 -12.0312 9.20180167413
-22.2333 -14.8981 0.591538806842
-21.6479 -14.9831 14.1438947514
-12.0954 -25.4138 0.533722025028
-11.7566 -25.8262 1.96783375314
-9.8508 -25.336 1.13833110297
-10.4431 -26.3081 0.736043612838
-9.7969 -25.9557 2.76620274926
-7.1722 -25.0823 0.510314775408
-6.9336 -25.5334 2.57311122379
-6.926 -28.1065 4.33079176248
-2.638 -28.7138 4.64095925429
1.3674 -31.058 0.562078722244
1.8939 -31.2548 1.32710385803
3.1283 -31.7421 0.469253460296
3.5799 -31.6146 2.82886156077
5.4186 -29.4648 2.57138912847
7.1453 -31.3702 1.98075963711
8.5508 -29.9745 0.332797355759
8.854 -29.8373 0.9528234359
9.8045 -29.9038 2.5018549918
11.8777 -31.3042 3.33416807315
14.9222 -32.6635 0.239610517298
15.1556 -32.7177 0.324929561598
15.4727 -32.7886 2.75180149175
17.654 -31.111 0.56391830082
18.0437 -30.7034 2.50821774174
19.5155 -28.6724 0.957630915332
19.8511 -29.5693 0.520211110992
20.3209 -29.3459 0.276558059004
20.5965 -29.3689 0.944599941774
21.4261 -28.9172 8.41052356278
26.6735 -22.3444 0.841516280294
27.4806 -22.1062 2.12498915997
29.5084 -21.4709 1.3026657361
30.4445 -20.565 0.696850930974
29.8334 -20.8999 0.909518773858
30.064 -20.0201 0.585662360068
30.3102 -19.4887 1.35784547722
29.5357 -20.604 0.552969727924
29.2013 -21.0444 0.782353379235
29.9297 -20.7589 0.333761172098
30.2473 -20.6563 0.932914336903
31.0903 -20.2567 5.5570646865
31.865 -25.7595 6.02045779406
37.0201 -28.8693 1.40486543128
38.4209 -28.9761 1.39064533221
39.6899 -28.4073 1.55842986689
39.9857 -26.8772 0.380345329931
40.0041 -26.4973 9.1152139196
41.1317 -17.4521 1.03239115165
41.2792 -16.4303 7.97028665796
39.1402 -8.7524 0.677214773909
38.4858 -8.5781 1.20344269494
39.4832 -7.9047 3.09115355976
42.2125 -5.7684 4.81768985407
42.2812 -0.9512 7.67436244257
41.9209 6.7147 1.2277825744
40.8967 7.3918 21.6152521568
20.9173 15.6406 1.05113364041
20.015 15.1014 9.92332526928
12.5344 8.5812 0.706911606921
12.9845 9.1263 2.16796746286
10.8511 8.7407 5.00541755501
5.848 8.5884 4.95455158112
0.8944 8.4913 4.55405238991
-3.459 7.1544 15.8349655083
-10.9063 -6.82 1.70990348558
-12.504 -6.2108 1.50383320884
-13.8446 -6.8922 1.53545300482
-14.2858 -8.3629 1.86178235302
-15.4005 -9.8541 3.22840026174
-18.0808 -11.6537 0.873114064713
-17.7967 -10.8281 1.01530941097
-18.2593 -11.7319 1.19936083394
-18.9297 -12.7264 0.184791450019
-19.1129 -12.7506 0.308077425333
-18.9056 -12.9785 1.67923611205
-19.4732 -11.3981 6.85213047526
-21.7486 -4.9348 1.91716346982
-23.6657 -4.9192 1.85877256543
-25.4948 -5.25 3.75115692687
-28.9838 -3.8723 43.2035388566
-51.548 20.8698 0.757989828428
-52.2897 20.7135 3.1301259783
-50.3157 23.1427 14.2482474884
-37.7525 29.8642 0.813305268641
-37.066 30.3003 1.83197917565
-36.6577 28.5144 8.87613745781
-31.9576 20.9848 23.9289627377
-9.5167 12.6781 4.22510477977
-8.9175 16.8605 1.26635732714
-7.8857 16.1263 3.22975768905
-4.6744 15.7815 1.4977403313
-3.9357 17.0844 1.27029465086
-3.0582 16.1659 0.407610721154
-2.9671 15.7686 1.17749447982
-3.978 16.3724 0.775405990433
-3.4803 15.7778 0.685976238656
-2.9287 16.1856 0.14340226637
-3.0392 16.277 0.482810045463
-3.0565 15.7945 0.297342647462
-3.1956 15.5317 1.40385932344
-3.7438 16.8241 0.662594778126
-4.1238 16.2813 0.0532414312355
-4.0769 16.3065 3.43948673206
-5.1016 19.5898 13.1807122456
0.2077 31.6539 0.965332201887
0.8376 32.3854 1.25523113409
-0.3358 31.9396 9.41829724366
-9.0609 28.3932 11.4968958941
2.1663 30.8688 0.349958354665
2.3285 30.5587 1.10236647718
1.2294 30.6435 0.195940832906
1.3674 30.5044 2.99351465672
4.2484 29.6914 0.480201509785
4.5654 30.0521 0.808984598123
4.3832 29.2639 7.04300913531
-2.585 30.2877 3.52563730551
0.0871 32.5877 1.03490852253
1.122 32.5919 3.38050181482
4.1616 31.1125 0.36683223686
4.5274 31.14 0.855208074097
5.3817 31.1794 0.347503812929
5.6414 30.9485 0.528672166848
6.0419 30.6034 10.4425606194
16.3096 32.5064 0.965821997057
17.2518 32.7187 3.01183287219
20.1652 33.4824 3.77610725086
23.9413 33.4898 4.05476450734
27.9902 33.7078 3.49653812363
31.4076 32.9681 5.42401998614
36.8196 33.329 4.31756888654
40.3831 30.8912 0.386350954444
40.2522 30.5277 0.290077386227
40.1614 30.2522 1.08763877275
40.2413 29.1675 0.838321161608
40.1624 28.3329 0.811422306817
40.0778 27.5259 1.3025464675
40.3259 26.2472 1.23394931014
40.4372 23.0471 1.43492607475
41.8244 23.4141 15.1646365657
47.0 9.16 30.2077957648
42.8719 -20.7644 1.25911308865
41.6235 -20.9283 20.9556961707
21.4925 -26.7493 2.57353470931
18.9194 -26.702 1.36689231471
17.6576 -26.1764 3.71747249889
14.1639 -24.9061 2.06392174513
12.4283 -23.7892 1.3080594673
11.1909 -23.3651 2.50173037116
8.9411 -22.271 2.74982782916
6.2041 -22.0057 2.04332549781
4.4194 -21.0107 2.83522691861
1.5846 -20.9615 4.21111662745
-1.8819 -18.5705 2.49135660434
-4.3366 -18.1447 2.12431853073
-6.3337 -17.4206 1.49405182306
-7.6694 -16.7512 1.0470407824
-8.7126 -16.6616 1.35747531838
-10.0516 -16.8848 2.48937301343
-12.225 -15.671 0.983613389498
-11.3811 -16.1763 3.12808748279
-13.924 -17.998 2.4785950234
-16.3692 -18.4035 1.33825074257
-15.0884 -18.7914 0.357063159679
-15.4451 -18.7753 2.37241205527
-14.1361 -16.7967 2.60139944645
-16.3639 -15.4535 1.87954505666
-16.323 -17.3326 0.0810620749796
-16.2585 -17.2835 0.277896383568
-16.5293 -17.2211 0.965437206658
-17.4945 -17.1997 2.12968895851
-19.396 -18.1588 1.19836597081
-19.5848 -19.3422 2.88028440436
-22.3024 -18.3879 1.43949763807
-23.5808 -19.0496 3.03274398854
-26.3875 -17.9007 1.07981669741
-27.3562 -17.4236 1.54464614071
-28.8171 -16.9219 2.63016000274
-30.9213 -15.3439 1.72782245037
-32.1824 -14.1628 6.32491778603
-27.0354 -17.8388 4.53942596591
-30.9887 -20.0699 3.87242514841
-33.9865 -17.6186 18.4122518506
-46.1579 -31.4341 0.148928170606
-46.2233 -31.3003 2.52313850789
-47.3476 -29.0415 2.87206022917
-47.3662 -26.1695 3.18286404359
-48.6038 -23.2371 1.38745612543
-49.3945 -22.097 11.1044378178
-50.8594 -23.3638 0.872228341663
-51.4676 -23.989 2.29750245702
-49.1703 -23.9585 9.97356001686
-40.5774 -18.8955 0.531296800292
-40.3904 -18.3982 3.12292993357
-37.282 -18.6991 9.26567871664
-31.3248 -11.6023 0.330950872487
-31.602 -11.4215 15.5631868925
-47.0 -9.16 14.4639901998
-32.5603 -8.3221 3.18758704509
-30.6149 -10.8472 2.42602574183
-29.1396 -12.7731 1.37821253078
-30.1233 -13.7384 0.296740458987
-29.8266 -13.7335 0.76060042072
-30.4346 -13.2765 1.12693002445
-29.4368 -13.8003 7.25439726511
-23.412 -17.8411 13.7595674078
-12.1953 -25.8105 2.73607238391
-9.7293 -26.9958 3.87997274475
-6.0052 -28.0845 3.52120657872
-4.5488 -31.2904 3.09710453488
-1.5741 -30.4283 11.0121581577
-6.5418 -20.6003 15.282954996
-11.0964 -6.0118 1.57575255037
-9.6161 -5.4717 1.6436818792
-11.2315 -5.7753 7.47628943394
-17.7426 -2.101 0.54652767542
-17.2195 -1.9427 6.88419968406
-11.0343 -4.9652 0.332910198102
-10.7045 -4.9198 0.51452114631
-10.3269 -5.2693 0.987438393015
-9.6112 -5.9496 1.2843611953
-8.454 -5.3924 1.17022497837
-9.5907 -5.1143 0.772955742588
-9.11 -5.7196 0.856215393461
-8.4736 -5.1468 0.336048939888
-8.1444 -5.0793 0.0762083984873
-12.2539 -11.7975 0.144980343495
-12.1642 -11.6836 0.384287236322
-11.8084 -11.5384 0.579387607738
-11.7782 -12.117 1.24605958927
-13.0197 -12.2235 5.02072559796
-11.0085 -16.8238 4.42128409402
-12.9687 -12.8608 1.35263235212
-14.1515 -13.517 3.1269385955
-14.3392 -10.3957 7.78252621261
-18.936 -4.1158 0.31238453867
-19.1163 -4.3709 0.354754337535
-19.4505 -4.2519 1.56339935077
-20.9342 -3.7591 1.52309056855
-19.428 -3.5329 5.6435424283
-25.0563 -3.1184 0.759629310914
-25.5393 -2.5321 1.5058003885
-25.7833 -4.018 1.8411662391
-27.1129 -2.7444 4.86708291485
-22.247 -2.6371 2.47732620783
-30.315 -3.1442 0.99411708063
-31.3076 -3.1991 7.800941049
-33.8486 4.1764 0.235713067096
-33.8413 4.412 0.0958150823201
-33.9086 4.4802 1.42416171132
-32.5253 4.1415 1.55684312954
-32.0251 2.6672 0.966922690808
-31.2869 3.2917 13.1616252264
-24.0795 14.3045 0.593851328196
-24.0007 14.8931 0.810951749489
-23.6262 14.1738 8.84269718355
-18.09 21.069 0.52952168983
-17.5639 21.0089 0.809727318299
-16.7636 20.8857 1.01564742898
-15.8325 21.2914 0.962410998482
-14.9543 21.6851 0.546546036487
-14.4292 21.5335 0.346268595169
-14.0857 21.4898 1.69937194281
-12.6647 20.5578 1.75634571768
-10.9145 20.411 0.640823696503
-10.2775 20.4809 0.57264943028
-9.7096 20.5545 0.463836533706
-9.3263 20.8157 0.748125691311
-8.8824 21.4179 2.52710001781
-6.3553 21.4176 1.70251062845
-4.8263 22.1664 0.291773233865
-4.5484 22.2553 9.35798237442
-12.7558 26.7509 0.773491932731
-11.9839 26.8005 0.944388701754
-11.043 26.8816 0.744836391431
-10.398 27.2541 0.300293856081
-10.1382 27.1035 0.986451524405
-9.2376 27.506 2.52969283906
-6.7141 27.6829 0.629064591278
-6.0976 27.5578 2.65834974749
-3.4489 27.3315 2.84479523516
-0.7197 28.1342 2.73058086311
1.2711 30.0031 1.02565925141
0.2992 30.3308 0.803993314649
1.0547 30.0558 7.07465458733
8.124 29.7806 5.20879868684
10.0314 24.9336 2.0318718685
11.9679 25.5488 0.826121080714
12.7931 25.5878 0.652144347518
13.4423 25.5259 1.18096971172
14.2984 24.7124 4.04985524803
17.2776 21.9691 0.99197024653
18.2152 22.293 3.78893253173
21.9854 21.9167 14.7838100637
34.487 29.8079 3.78050579288
37.4928 27.515 0.630341653391
37.9426 27.0734 2.42281677392
39.567 25.2758 1.05269086155
39.8992 24.2769 0.267987648969
39.9965 24.0272 0.337563697693
40.0895 23.7027 0.488234083202
39.9741 24.1771 0.390056098529
40.1051 23.8097 0.339026400152
40.035 24.1414 4.29316118612
39.0726 19.9575 10.2613665182
38.7377 9.7016 1.32349191535
39.755 8.855 1.09513632485
39.5951 9.9384 3.79013380898
39.6878 13.7274 0.961347829872
38.9164 14.3011 1.07008757118
39.4494 13.3732 5.66157945542
39.0922 7.7229 1.87203344254
51.5 33.0 9.26587343158
49.4414 23.9657 1.1270107586
48.4212 24.4446 0.407632052224
48.3237 24.8404 1.44566530705
48.0594 26.2617 0.495631163266
47.7214 26.6242 0.652136948808
47.4518 26.0304 0.454985856923
47.256 25.6197 1.1907198873
46.6733 24.5813 2.389342646
44.9755 22.9001 0.441843071689
44.6932 22.5602 0.503176788018
44.232 22.359 1.19414165408
43.4647 23.274 1.04521548018
41.5985 8.5589 0.985507727012
42.5373 8.8587 4.70185212549
39.5403 5.2358 0.465143902465
39.7985 4.8489 1.05216179839
39.2583 5.7518 24.7957034718
20.7878 22.2947 4.47646175456
17.8356 25.6597 4.6745496735
14.2447 28.6525 5.029983162
9.5041 30.334 5.04812874043
4.7074 28.7607 3.65064520873
1.4212 27.1707 3.01198312412
-1.5023 26.446 2.91644722222
-3.9681 24.8886 2.78038807543
-6.5852 23.9498 0.737433739396
-6.3106 23.2654 1.46853440545
-7.3443 22.2223 8.54887900546
-5.7558 13.8223 17.1849713101
-12.3576 -2.044 0.933423339113
-13.1333 -1.5248 6.03446837592
-15.573 3.9945 1.91420083847
-17.4337 4.4439 5.12366719157
-22.4194 3.2629 0.72025748868
-22.7463 3.9047 0.977536766572
-21.8656 4.3289 1.00946324846
-22.8479 4.5615 4.21210485743
-26.9317 3.5298 2.06419771582
-28.9831 3.3003 2.0208123045
-30.9837 3.0152 0.786284433268
-31.5852 2.5088 1.37929582396
-32.5163 1.4912 0.557895778797
-31.9014 1.4589 0.13342732104
-31.7988 1.5442 0.194272591994
-31.4167 1.5135 0.0942140647674
-31.3882 1.4237 29.1866190865
-29.3179 -27.6894 7.57146076065
-33.5016 -34.0 11.1946816145
-24.9099 -26.8234 2.51426530422
-23.188 -24.9913 1.45528686176
-24.0484 -26.165 8.03300084028
-24.1687 -18.1329 0.348491965474
-24.0875 -18.4718 0.434425712867
-23.7556 -18.1915 8.02970330523
-23.4375 -26.2149 0.326511776204
-23.1688 -26.4004 1.11057593167
-24.2731 -26.2825 7.18517004461
-23.0622 -19.2001 7.77842143368
-16.655 -23.6105 3.56257869106
-14.1948 -26.1872 2.74035236056
-12.1293 -27.9881 1.88156458566
-10.7813 -29.3008 2.62157223818
-8.2325 -28.6874 1.74494956088
-6.5316 -29.077 4.14608667541
-3.2192 -31.5706 1.16538160703
-2.0762 -31.3433 1.3791821127
-0.7015 -31.4544 3.32809613142
2.363 -30.1563 2.30194762973
4.6397 -30.4963 1.61692549303
6.0819 -31.2274 8.77755453073
14.8284 -31.9651 0.610096951312
15.2811 -32.3741 2.89952923765
18.0509 -33.2317 1.99204649042
20.0378 -33.0886 5.76401386709
25.7897 -33.4621 1.37150442945
27.1603 -33.5119 1.88905221738
28.9801 -33.0051 2.94124216276
31.9056 -33.309 0.655259337972
32.55 -33.1902 0.577083572804
33.1237 -33.2526 0.876190538639
33.9306 -32.9111 1.35824234215
35.1705 -32.3566 2.25968061903
37.3688 -31.8335 1.40527637851
38.7095 -31.4124 1.93082492733
40.0116 -29.9867 0.586628962804
40.0239 -29.4002 2.11048583269
40.1057 -27.2913 1.11259428814
40.1503 -26.1796 0.620464036025
40.2884 -25.5747 0.460562970722
40.334 -25.1164 1.00187078009
40.0615 -24.1523 0.332338682672
40.0465 -23.8203 0.258451542847
40.0351 -23.5621 1.04445084614
40.2977 -22.5512 0.208173965711
40.3263 -22.345 0.709388201199
40.7934 -21.8111 1.38982724826
41.6181 -20.6924 0.525596622896
41.7347 -20.1799 0.0582307478915
41.6816 -20.156 0.453917525548
41.6252 -20.6064 0.124298551882
41.603 -20.4841 0.135552831029
41.7246 -20.4242 0.099190170884
41.6611 -20.348 0.0802837467985
41.7409 -20.3392 0.0694861856774
41.7346 -20.27 0.169196926686
41.5912 -20.1802 0.023631546712
41.5879 -20.1568 1.04861671263
42.603 -19.8938 1.11138724124
43.7142 -19.9142 0.823121309407
43.4005 -20.6752 0.581381871062
42.9163 -20.997 2.25678598454
45.1626 -21.2143 1.07063044044
45.8931 -21.997 0.229261466453
45.983 -22.2079 0.307822188934
46.1897 -22.436 1.83984330039
45.9778 -20.6084 1.23058406052
44.9425 -19.9432 0.353075473518
47.0 9.16 29.0558928705
42.0405 -19.4695 8.77209053362
33.6733 -22.1038 11.745437106
22.7838 -26.5054 0.244490081598
22.5534 -26.4236 0.0456005482423
22.598 -26.4141 4.36665968676
18.3079 -25.6 2.67552272463
15.8258 -24.6012 4.45131629072
11.3764 -24.4706 3.45752172806
8.1641 -23.1917 2.67996645128
5.5364 -22.665 3.65943008951
2.6727 -20.3867 2.51265803682
0.1623 -20.4932 2.76165467972
-2.5236 -19.8508 1.58380849852
-3.683 -18.7718 3.09596828149
-6.7192 -19.3772 4.30844264439
-10.2001 -16.8383 1.47404994827
-10.0074 -18.2997 0.659954005973
-10.6119 -18.0349 1.51234894452
-9.6557 -16.8632 1.74077109925
-9.9768 -15.1523 0.39098746783
-10.3472 -15.0271 1.70838999061
-12.0502 -14.8915 2.23221604913
-13.157 -16.83 0.715203949933
-13.8032 -17.1365 2.52782517196
-15.6029 -15.3614 1.58566026941
-17.0309 -16.0507 1.34766240951
-15.9683 -15.2218 0.845236753815
-15.7637 -14.4017 0.234476779234
-15.8317 -14.1773 0.359286097699
-16.1554 -14.3332 1.68477721079
-15.9678 -12.6589 1.92095530921
-16.4325 -10.795 12.9870938062
-18.1777 2.0743 6.1235701131
-21.2479 -3.224 4.11030665523
-25.3511 -3.4656 3.03177337544
-28.2349 -2.53 2.61976015124
-48.4834 16.2171 0.125638847496
-48.4518 16.3387 2.55833020738
-46.471 17.9578 1.38107833956
-45.2797 17.2591 17.0173110737
-33.1684 5.3048 14.8397213754
-18.7203 1.9181 0.270703121519
-18.4496 1.9194 0.404085387016
-18.8532 1.8996 2.58882354169
-16.2879 2.2478 1.86438060492
-14.4539 2.583 8.06409750995
-6.5683 0.8957 7.81165717246
1.153 2.0804 6.84649092967
7.9972 1.9033 3.36723970338
11.3601 1.7324 0.633758037424
11.9935 1.7111 2.18881705494
14.0544 0.9738 2.99171458866
17.0007 1.4931 0.946170988775
17.9034 1.2096 0.648049704884
18.4455 0.8545 0.523722082788
18.8706 0.5486 0.605041899376
19.4049 0.2647 0.866607806335
20.0644 -0.2975 1.83787273226
21.8197 -0.8422 3.96700948449
25.7642 -0.4202 0.557304808879
26.315 -0.3353 2.42216492007
28.6079 0.4454 1.36955792137
29.9448 0.1481 0.58084873246
30.5082 0.0068 0.862186087802
31.3611 0.133 1.79409850343
33.1551 0.1142 1.53401351363
34.329 -0.8733 0.693070422107
33.7796 -1.2958 1.61870547043
32.6092 -0.1776 0.22253388506
32.599 0.0447 0.144470931332
32.4709 0.1115 0.0587675080295
32.4138 0.1254 0.0669567771028
32.3499 0.1454 0.553328302186
32.2185 -0.3921 0.950725328368
31.4886 0.2171 0.289740383792
31.4768 0.5066 0.0641775661739
31.4288 0.5492 8.67631608576
34.6588 7.2809 1.05039044169
33.6106 7.3487 0.407304861253
33.4645 7.7289 1.22626576646
33.8742 8.8847 4.63856127048
36.7137 12.5526 1.51365281686
36.8826 14.0568 0.868013830535
43.5181 -9.491 12.5123624708
31.0313 -10.2904 12.7952920256
19.2474 -15.2763 0.439901193451
18.8259 -15.1504 3.78034760307
15.0639 -14.7784 1.91802772921
13.1673 -15.0643 5.83278712881
9.5318 -19.6255 0.562282509065
9.2649 -20.1204 1.38465806609
8.0469 -19.4618 3.16010182906
4.8868 -19.4584 2.87579206828
2.7159 -17.5723 4.62459784738
-1.9079 -17.6582 1.59475037859
-3.0905 -16.5883 2.37143830828
-5.3859 -17.184 2.46882366523
-7.1157 -15.4225 1.30939951504
-8.4147 -15.2578 8.54063488565
-12.792 -7.9242 0.85689001628
-13.5489 -8.3259 3.02660308762
-16.5729 -8.4514 11.1356019774
-15.5817 2.64 1.97722166941
-17.5309 2.9717 2.65114004534
-18.1074 5.5594 1.48004804314
-19.156 4.5149 8.32564572511
-15.4403 11.9654 0.665719678243
-15.8813 11.4667 5.66491906827
-16.439 5.8293 3.46869895062
-19.5894 4.3778 1.45416643477
-20.4363 3.1957 0.680913063467
-20.5509 2.5245 8.70982639666
-25.9928 -4.276 0.663327400308
-26.656 -4.289 1.45322552276
-27.4269 -5.5209 0.696010466875
-28.1225 -5.5448 3.55814268966
-31.6437 -5.0334 1.93588910065
-33.4006 -4.2204 0.460931285551
-33.0884 -4.5595 1.50858958302
-34.5942 -4.4678 0.861065409827
-38.2623 -6.2064 1.04295735771
-37.3104 -6.6326 0.394395955862
-37.452 -7.0007 1.04813556375
-36.4216 -7.1927 1.14788519461
-36.5367 -6.0506 0.428575337601
-36.1576 -5.8507 5.256364038
-32.0249 -2.6026 0.701822555921
-32.6182 -2.2277 1.26919361013
-31.7631 -3.1656 11.3079643836
-24.7004 -11.9967 0.789367873681
-23.9514 -12.2459 14.2361737507
-13.6505 -22.0724 0.503288436187
-13.161 -22.1894 2.57240580197
-11.585 -24.2225 0.545136533357
-11.04 -24.2347 0.431805106501
-10.6082 -24.2368 1.71861654246
-8.9661 -23.7297 15.5587558693
-3.9565 -8.9995 7.69650395959
3.0517 -5.8181 0.570418548086
3.0471 -5.2477 1.3275866902
3.114 -6.5736 18.2716587758
4.0801 -24.8197 0.502721045909
3.6143 -25.0088 10.6415746734
-6.9765 -23.9705 2.54454219262
-4.7441 -25.1916 5.74874572494
-0.5411 -29.1137 0.759959577872
-0.0291 -29.6753 0.590294468888
0.3569 -30.1219 1.48871709871
1.5221 -31.0485 3.07979685856
3.8684 -33.0435 2.96552166743
6.811 -33.4115 0.972933070668
5.839 -33.3689 13.6349573248
6.0088 -19.735 1.06843078391
6.5353 -18.8053 1.2166998685
5.7672 -19.7489 0.150858476726
5.918 -19.7447 1.16396849184
6.7412 -18.9218 0.428938748541
6.5138 -19.2855 17.8163267979
-9.3083 -11.0951 0.330729254829
-9.4293 -10.7873 1.39613188847
-8.6512 -11.9465 15.3720758572
0.3648 -24.3969 1.05259211948
1.3564 -24.75 10.8290013464
-8.889 -28.257 0.461053760423
-9.2681 -28.5194 9.00489103654
-11.9078 -19.9101 9.19520281886
-8.063 -28.2629 5.70923035881
-3.1478 -31.1674 5.03192623654
6.9133 -24.3694 0.80796035175
7.6085 -23.9577 10.0953206081
8.6418 -34.0 14.2456770513
5.8694 -20.0267 9.899326717
1.379 -28.849 0.456829125604
0.9887 -29.0864 0.603069083936
1.5911 -29.058 10.6958112366
-6.5729 -22.1479 0.655237758375
-6.2143 -22.6963 7.67254509338
-1.7929 -28.9668 0.934794629852
-1.1123 -29.6076 1.39802844749
0.1562 -30.1953 0.558801046885
0.5593 -29.8083 2.84729068765
2.6392 -27.8638 0.812732883548
3.3987 -28.1531 0.387119116035
3.7582 -28.2967 0.610707401298
4.3479 -28.4555 1.10912307703
5.3249 -28.9805 8.74521662396
13.5271 -32.0141 3.84085741469
17.2349 -33.0163 4.34264143696
21.5488 -33.5151 8.85789618363
30.4052 -33.3523 4.50820671443
34.9075 -33.583 3.20177906171
37.9945 -32.7334 3.41397366715
40.2333 -30.156 2.26092328486
41.376 -28.2051 1.78529032093
41.5608 -26.4294 1.81456667003
40.0806 -25.3798 0.198437219291
40.1068 -25.1831 0.152959635198
40.2396 -25.1072 0.0762128598072
40.257 -25.033 0.0367396243857
40.2888 -25.0146 1.0946743123
40.4896 -26.0907 0.59508402768
40.0076 -25.7417 0.313624632323
40.0847 -25.4377 9.5997988906
40.3652 -15.842 0.625774480144
40.9715 -15.6871 0.890781684814
40.9491 -16.5776 0.896397913875
41.4402 -15.8277 0.837482131153
41.0326 -16.5593 0.747307413318
40.9327 -15.8187 10.6864607448
39.3573 -5.249 0.591077795218
38.8113 -5.4754 1.37388413631
39.1954 -4.1563 3.01741698312
