0.0 0.0 7.9092331866
-3.5836 7.0508 16.3624579196
2.0485 22.4134 0.428839736965
1.9241 22.8238 0.74479380368
2.1475 22.1133 16.9257619991
-3.022 5.9963 1.19791032219
-2.7165 4.838 0.972369194288
-3.5013 5.4121 0.353273562555
-3.8543 5.426 0.34251331361
-3.6272 5.1696 0.75262629505
-3.7375 5.9141 0.608363723442
-3.1334 5.8422 0.289552223269
-3.3941 5.9682 9.48385666119
-10.9375 11.7163 0.4532920692
-10.4968 11.8224 0.432407920834
-10.0662 11.8619 1.81852508369
-8.2794 11.5237 7.89798114077
-12.4081 4.7908 0.350020756527
-12.6983 4.5951 1.19136195172
-11.6534 4.0228 13.0215608085
-2.5667 -5.3042 0.428263867259
-2.1432 -5.3679 4.27930000467
2.1361 -5.3681 7.86230204584
9.7166 -3.282 0.264511512037
9.9231 -3.4473 0.210268019442
10.1023 -3.5573 0.575035868446
10.5408 -3.1853 0.378757983414
10.8664 -3.3788 0.501973674609
11.3133 -3.1502 1.20788636055
12.3918 -2.6063 11.0971626829
14.2118 8.3406 12.3685150495
17.9685 20.1248 0.3266862103
18.2243 20.328 0.575380309013
18.6478 20.7175 3.89430403795
19.7793 24.4438 2.6567086404
21.0469 26.7786 7.45309977459
24.9953 20.4573 1.01330675513
25.7166 19.7456 0.688302876647
26.2743 20.149 0.0401473535865
26.3109 20.1325 1.00328950956
25.4987 19.5435 7.93589433019
30.7906 25.4574 2.0868241948
32.8765 25.3953 4.79093016647
37.236 27.3822 1.13867808006
38.1869 26.7558 0.848773385539
38.932 26.3493 1.36134419601
39.9001 25.3922 0.386194627099
40.0474 25.0352 1.32106006676
40.6753 23.8729 0.70644972928
40.9222 23.211 0.436179148974
40.9347 22.775 12.1389480533
40.7287 10.6378 0.563364757506
40.5483 11.1715 1.39189489905
41.1429 9.913 4.34769042596
41.6831 5.599 1.01573415813
42.2669 4.7678 1.05113593793
42.4195 5.8078 0.581176883573
41.8659 5.9847 1.32151988256
0.0 0.0 5.75324057727
5.6845 0.8867 0.491686251587
5.2129 1.0258 5.65548218988
-0.4265 1.452 8.85026137524
6.3606 -4.228 1.23560913723
5.3469 -4.9345 0.758628037974
5.9044 -4.42 1.15194782
6.4757 -3.4197 1.23606673768
7.5674 -2.84 1.28009037572
7.083 -4.0249 20.0182906016
-3.6889 -20.8979 0.229522112225
-3.6643 -20.6697 0.507231554618
-3.5722 -20.1709 2.07381179715
-5.1086 -18.778 8.32195052256
-9.2729 -11.5729 0.27511868348
-9.4056 -11.8139 3.25013112659
-11.9803 -9.8304 3.14504334628
-14.9637 -8.8351 0.741006889307
-14.8812 -9.5715 0.480070349011
-14.4039 -9.52 1.07459024749
-14.1681 -8.4716 1.58153287667
-12.6349 -8.0836 9.95731496539
-20.5155 -1.9972 0.168304783057
-20.3486 -1.9755 1.06613249177
-20.0491 -2.9987 1.26358884531
-18.9112 -2.4493 1.66790469752
-17.4684 -1.6125 2.39715327211
-17.4169 0.7841 2.09727220217
-17.5031 2.8796 1.15228011351
-18.0506 3.8935 1.11150001799
-18.0508 2.782 0.808676703015
-17.3928 3.2521 1.35232345983
-18.3135 4.2426 21.5990354164
-41.354 27.6058 0.475929543105
-41.5138 28.0541 0.246318493013
-41.603 28.2837 0.413633473017
-41.6861 28.6889 0.862213163899
-42.0588 27.9114 1.09339104167
-40.9809 27.728 1.0488435012
-41.9954 27.4618 0.979358407326
-42.1974 28.4201 0.245589087705
-42.0928 28.6423 1.74810224243
-41.1936 27.1432 4.17650560277
-37.8703 24.6136 0.889070329052
-37.6116 25.4642 0.433446213503
-37.4425 25.8633 2.36093407362
-37.9654 28.1656 1.10311298152
-38.9255 28.7088 1.05822893553
-37.9087 29.002 3.21232831603
-35.3532 30.9484 1.06953601155
-36.3994 30.7262 2.152290085
-36.98 32.7987 0.310911257435
-36.711 32.9546 0.681697007475
-36.033 33.0255 0.823080706857
-35.2127 32.9579 1.12124420177
-36.1357 33.5945 0.0434108281423
-36.179 33.5914 0.616794820017
-35.5703 33.4918 15.8235908971
-28.4245 19.3736 0.547540044198
-27.8988 19.2205 1.88158022152
-28.7775 20.8843 0.431144302989
-28.353 20.9597 17.7664210467
-12.8225 29.5881 2.53149723484
-10.2912 29.5565 2.89415370877
-8.1724 31.528 3.35486884393
-5.1084 32.8944 3.32406789341
-1.7884 33.0588 3.32416471463
1.2228 31.6507 3.01299661135
3.7271 33.326 0.465200612639
4.1346 33.1016 2.79674193482
6.9105 33.4424 0.971446452461
7.8819 33.4329 2.04231502222
9.9067 33.166 1.53227593142
11.427 33.3572 0.522361790333
11.9492 33.3702 1.59739878553
13.5464 33.345 2.85112239302
16.3975 33.3337 0.66453576277
17.0618 33.316 1.84302981256
18.9035 33.246 1.64661012386
20.5258 33.5279 1.06113707409
21.5616 33.2974 0.692529573376
22.2541 33.291 1.49680568211
23.7491 33.2175 1.58326456728
25.2878 33.5905 1.04027675645
26.326 33.5248 0.612860342982
26.9388 33.5334 1.35860285956
28.2966 33.5801 2.20505929625
29.7493 31.9212 3.73540296755
33.4615 32.3369 5.53085540672
38.9892 32.5237 2.15311026425
40.1222 30.6928 1.60043409736
40.1549 29.0927 0.68821742204
40.134 28.4048 1.45036298905
40.0324 26.958 1.71747079742
40.3411 25.2685 0.58110161762
40.6589 24.782 1.40499436298
40.5359 23.3824 5.39546041038
39.7629 18.0426 9.81677908176
40.7252 8.2731 2.52528317818
0.0 0.0 1.93804701955
1.9359 0.0912 0.842778499963
1.0941 0.1318 0.67024297087
0.4251 0.1726 3.40769846671
-2.7371 1.4426 1.28220251911
-1.6832 2.1729 18.782635223
5.3612 19.5845 12.1227329897
-4.3683 26.8162 3.24006728325
-4.7559 23.5994 3.29160175598
-5.6035 26.78 1.85929892702
-7.34 26.1155 2.14876291154
-9.3402 25.3304 2.73945304942
-11.1053 23.2354 1.99952800931
-12.9588 22.4853 2.99738418292
-15.6343 21.134 10.4794227995
-8.3993 13.5529 2.41445547691
-9.7018 11.5199 2.94880271297
-9.6978 8.5711 3.40521901351
-9.6145 5.1669 4.88119546115
-14.4018 4.2141 0.313947845987
-14.366 3.9022 2.38591116767
-14.8313 1.5621 0.917252010082
-15.1543 0.7036 2.54368168016
-16.1575 -1.6339 8.52010950399
-10.3655 -7.8825 1.58153413178
-11.9465 -7.8414 6.11185281645
-17.6352 -5.6068 0.396097992926
-17.8791 -5.9189 0.417952748525
-17.6876 -6.2904 5.82249886217
-13.1296 -9.9134 1.75907080301
-14.7399 -10.6214 1.03557970239
-14.3263 -9.672 1.48709291236
-15.3645 -10.7367 2.59576314983
-17.7617 -11.7324 1.02965007648
-17.2655 -10.8302 0.934652710904
-14.4483 -13.9215 1.70492905424
-13.1131 -14.9817 1.0084733462
-13.2731 -13.986 0.74346685871
-12.6535 -14.3969 3.50853048013
-9.7237 -16.3272 0.81813327154
-9.5178 -15.5354 0.442893057069
-9.5529 -15.0939 0.931038098039
-9.2592 -15.9774 17.1623715407
2.7867 -28.2021 0.817925008787
3.4641 -28.6605 5.07750075529
6.3197 -32.8589 4.47769219576
10.7775 -33.2805 1.22355217706
10.5207 -32.0842 8.84246156791
11.2624 -23.2729 1.70057135399
12.9582 -23.1456 2.02745195997
14.9829 -23.04 4.74153986169
19.1928 -20.8585 0.557066620791
19.3449 -21.3944 0.732203093411
19.4673 -20.6725 0.762803913204
19.9039 -21.298 0.546572346538
20.3821 -21.0333 0.452054686957
20.7533 -20.7753 0.256560343779
20.9069 -20.5698 1.23706121514
19.8267 -19.9669 1.78197773836
20.5402 -21.5998 0.309960852367
20.8355 -21.5056 0.612437009006
21.41 -21.7178 2.7544210172
24.1167 -22.2283 5.12060328477
26.8825 -26.5377 5.49954308375
29.2282 -31.5119 0.226777181392
29.0692 -31.6736 4.6674129558
33.7325 -31.8695 5.57535698767
39.2498 -32.672 1.86503150107
39.8933 -30.9215 3.15581959244
40.4132 -27.8088 0.862223944228
40.2854 -26.9561 0.86109477411
40.2068 -26.0986 1.12529167774
40.0918 -24.9792 1.64250026788
40.2875 -23.3484 1.08338298399
40.967 -22.5046 5.76296490446
40.8938 -16.7421 1.02361829312
41.0009 -15.7241 1.95802519391
41.1938 -17.6726 0.662348314711
40.5315 -17.6806 1.32987048994
39.2531 -17.3142 1.42449930853
39.2823 -15.89 7.22107001074
40.6114 -8.7923 1.91178091056
41.5939 -7.1523 0.421630181557
41.8004 -6.7847 0.289949254181
41.7088 -6.5096 1.32411147567
40.3852 -6.4728 0.641229225784
40.9568 -6.7634 0.0
40.9568 -6.7634 1.30934290772
39.903 -7.5405 0.987229664263
39.7805 -6.5609 0.656839714086
39.1409 -6.7104 0.355293132498
39.202 -7.0604 1.04204695672
39.5365 -6.0735 0.575856318885
40.0982 -5.9466 0.555821599077
39.6565 -6.284 0.896561487016
39.127 -7.0075 1.2726917773
40.335 -7.4081 0.376900849031
39.9646 -7.3384 1.25662892295
40.4714 -6.1885 3.93463617124
43.3376 -3.4929 0.537759732594
43.8448 -3.3142 6.74991291203
39.6152 1.9462 0.595535926708
39.1704 2.3422 1.03153141494
39.6995 1.4567 5.70225545552
44.4662 -2.3352 4.04249256895
44.2778 -6.3733 1.74002185044
42.5638 -6.6731 1.89177918902
40.7225 -6.239 0.7175865244
41.2984 -5.8109 1.0129613813
40.6804 -6.6135 16.2825622075
24.5852 -4.1505 0.195869191043
24.4867 -3.9812 1.0102507659
23.6522 -4.5506 28.5321357289
12.9292 -30.9911 7.84751428798
5.1055 -31.602 3.04562172635
2.0606 -31.5357 4.84050163516
0.3448 -27.0095 1.25863628185
-0.1929 -25.8715 15.7172599409
-2.1407 -10.2754 0.689965796254
-2.4291 -9.6486 1.38910735726
-3.101 -10.8644 15.5045709041
-2.0904 -26.336 2.97147657908
-2.6189 -23.4119 3.23106152835
-5.6793 -22.3757 2.81785278714
-8.2961 -21.3304 10.606494765
-2.0849 -12.7328 2.86069177997
-4.5838 -11.3403 7.41902220309
-11.7797 -9.5345 7.18413226006
-17.3985 -5.0578 1.82411212923
-19.1894 -4.7113 0.335337740196
-19.217 -4.3771 1.27093548223
-18.478 -5.4111 6.84199795162
-18.8209 1.4223 0.707120032243
-19.5116 1.5738 1.9345877597
-20.6428 3.1432 0.359993888837
-20.3014 3.2574 0.806240708474
-20.0696 2.4852 1.09282126626
-20.5162 3.4826 23.638128871
-29.1438 25.49 19.630248449
-48.3097 29.7344 3.1861536843
-48.6484 26.5663 13.0604054382
-43.7354 14.4652 2.00025095676
-45.5124 13.5469 4.19050792625
-48.9376 11.1327 0.821686174887
-47.0 9.16 15.7752571367
-32.3107 3.4082 1.00655374919
-32.4245 4.4083 0.175949197213
-32.5829 4.4849 1.4295497508
-40.8403 -13.9481 1.30139799062
-39.7475 -14.6548 20.3472968544
-33.4407 -34.0 8.1297642186
-29.6494 -26.8084 0.872571905346
-29.7892 -27.6697 1.01111821762
-30.1714 -26.7336 0.347894021219
-30.1857 -27.0812 0.183497820151
-30.0878 -26.926 0.188415100244
-30.2755 -26.9424 0.0602894684004
-30.2594 -27.0005 0.311092590719
-30.2012 -26.6949 0.257410508721
-30.3296 -26.918 0.0659727974244
-30.3731 -26.9676 0.367497170057
-30.0687 -26.7617 0.993095060908
-29.0953 -26.9585 16.054117081
-13.4823 -30.696 0.38347355841
-13.7204 -30.9966 3.29915172128
-10.6452 -32.1914 2.75810492911
-7.8938 -31.9992 4.0044086305
-3.947 -31.3224 7.84913200615
1.3645 -25.5434 10.0573429036
7.1207 -17.2962 0.874179706925
7.7961 -16.7412 6.36102094714
5.7918 -22.7782 0.828042667983
5.9943 -23.5811 0.542937169477
6.0737 -23.044 0.814597336112
5.8326 -23.8221 0.169941460509
5.7645 -23.9778 1.07061031192
4.8855 -23.3666 0.804275040021
5.4652 -23.9241 8.06946970067
10.5282 -30.2076 4.34523699239
13.4706 -33.405 0.503472303111
13.93 -33.199 0.091211896154
13.9615 -33.1134 0.527917843987
14.4852 -33.0468 0.749350045039
14.0387 -32.445 1.17179189705
14.9219 -31.6749 1.69276567191
15.974 -33.001 4.08097416924
20.0391 -32.6414 1.68618192376
21.6939 -32.9652 1.3711592176
23.0627 -33.0456 1.58609513586
24.6354 -33.2513 2.86567169264
27.4931 -33.0377 2.58982652701
30.0543 -33.4217 1.94527382391
31.9967 -33.316 2.05444529983
33.9849 -32.7985 3.69993085881
37.6579 -32.3529 0.562257876779
38.0763 -31.9773 1.30619879804
39.048 -31.1044 2.25900797033
40.0329 -29.0714 3.34714699558
39.748 -25.7364 1.72587567629
40.2798 -24.0945 0.347803392738
40.2534 -23.7477 0.508352210578
40.2223 -23.2403 1.28861514813
41.3607 -23.8441 0.903025769289
41.0782 -22.9864 5.88343349074
41.2474 -17.1054 1.19390594688
41.1984 -15.9125 0.0343185081261
41.2208 -15.9385 1.42855367768
40.6383 -17.2429 1.10613043083
40.803 -16.1491 0.861668706638
40.7494 -15.2891 1.18683492534
40.4309 -16.4324 0.349754728345
40.7188 -16.2338 0.771443380943
39.948 -16.2653 0.671574456036
40.4948 -16.6552 1.39140174285
40.6764 -15.2757 7.78925151796
40.7504 -7.4868 2.37142271432
40.2616 -5.1663 9.7909651991
36.1068 3.6994 0.682133960451
41.0064 -9.5737 11.710413684
36.0 -20.16 21.4377105793
17.1232 -30.3208 0.0967049636782
17.0359 -30.3624 4.35681569268
13.5122 -27.8001 5.12055373959
8.4916 -28.8069 3.87177150281
4.7997 -29.9733 4.57043595842
1.051 -27.3587 3.45277304496
-2.3967 -27.1716 3.67629152408
-5.1846 -24.7752 4.29196406905
-9.0192 -22.8473 1.6520254538
-10.4903 -23.599 2.00374098376
-12.219 -22.5858 6.91083974709
-13.1814 -15.7423 0.910644046815
-14.0727 -15.5556 14.8573179077
-13.3873 -0.7141 3.55846345492
-15.1263 2.3905 1.0335723874
-14.9221 1.3773 1.02784516344
-15.5259 2.2091 22.4265281756
-23.8359 23.0392 11.9684595985
-33.3563 30.2922 0.66777867591
-33.5469 30.9322 3.34528568137
-34.9496 27.8952 13.5267988989
-32.2034 14.6501 0.719700006947
-31.6277 15.082 0.897210772338
-32.5243 15.0489 1.53406476069
-33.8205 14.2284 1.74581543125
-35.1441 13.09 1.43010376197
-36.1235 12.0479 1.10286144642
-37.1794 11.7295 6.15866433003
-37.5207 17.8787 7.83990634702
-45.1035 19.87 0.473900010551
-45.2524 20.3199 1.40540989395
-44.8363 18.9775 6.40547516114
-43.5211 12.7085 1.52115353926
-44.7039 11.752 0.69712135242
-42.6268 -9.9055 9.87188138097
-32.8478 -8.5545 0.333371414491
-33.1103 -8.76 0.955343414694
-32.2573 -9.1902 1.59164237503
-32.6741 -7.6541 0.857866428997
-31.8176 -7.6057 0.937158183019
-31.5837 -8.5132 0.417232429229
-31.6296 -8.0985 0.702327024968
-31.9569 -7.4771 1.1278204999
-31.4677 -8.4933 10.3161203909
-24.3923 -16.0007 0.385147724906
-24.5932 -16.3293 0.793556097576
-23.807 -16.4371 9.92735435703
-16.1317 -22.7333 0.881418544166
-16.2725 -23.6034 0.768597378346
-15.6622 -23.1362 1.02970425366
-14.6355 -23.2148 1.44081173302
-13.1949 -23.1901 1.88581805326
-11.4191 -23.8248 1.35444136086
-10.1183 -24.2022 0.484616405005
-9.6424 -24.1107 2.57380252739
-7.072 -23.9784 2.45530593817
-4.6754 -23.4447 2.98839641949
-1.8524 -22.4643 1.10984779587
-1.2501 -23.3965 1.00832191784
-1.7151 -22.5018 12.3595784592
-6.1239 -10.9553 1.31734511803
-5.4385 -9.8303 8.98445135164
-0.6113 -2.2528 28.8930891192
21.7833 16.0035 6.27025344304
27.9065 14.6535 2.73770071776
30.5754 15.2634 3.65709420852
34.1316 14.4103 0.40722948076
34.3189 14.0487 0.380715970246
34.4878 13.7075 0.237612794268
34.5018 13.4703 0.0405823853414
34.54 13.4566 0.133960665869
34.5289 13.3231 6.55521629315
34.6385 6.7688 0.612595339519
34.9257 6.2277 1.51615211968
36.3283 5.652 8.09276590172
38.5996 13.4195 0.486216258469
39.0621 13.5695 1.44144511515
40.4972 13.7046 0.564797468125
40.5209 14.2689 1.23660238153
40.86 13.0797 47.162356102
43.651 -34.0 8.4006586468
43.1499 -25.6143 0.151821111839
43.2746 -25.5277 1.25588931439
44.5275 -25.6143 0.319089094141
44.7136 -25.8735 1.9247267884
43.46 -24.413 3.86393956733
41.8473 -20.9017 11.3918540484
39.2978 -9.7988 0.127803951426
45.2739 -5.7436 0.661322750251
44.9242 -6.3049 12.79199558
35.0558 -14.4443 24.8551335804
15.7895 -30.1474 3.6658390322
12.2836 -29.0764 3.11196772477
9.421 -30.297 2.15819350615
7.5225 -31.3234 4.0479378849
3.9469 -29.4258 0.771845709971
3.2377 -29.1212 3.51832104988
0.6351 -26.7537 3.39657249003
-1.8881 -24.4799 1.7350258586
-3.4989 -23.8352 11.602436139
-11.3983 -15.3372 1.28681607466
-12.6602 -15.0852 0.573512685126
-12.707 -14.5136 1.67568829142
-11.5405 -15.7166 0.508269416747
-12.0487 -15.725 0.392193638398
-11.719 -15.9374 2.52733995537
-12.9199 -18.1612 6.75003957914
-14.5373 -24.7146 0.249038169765
-14.7697 -24.6251 0.55483388505
-15.3105 -24.7491 7.50566526565
-21.3356 -25.1323 1.14691603878
-22.4762 -25.2525 0.55697355413
-22.2157 -24.7602 0.388383367306
-22.3197 -25.1344 1.07067498803
-21.4055 -25.6917 1.287828164
-21.7322 -24.446 18.3052044242
-28.7921 -7.557 0.50375435482
-29.2958 -7.5644 0.375580244422
-29.6494 -7.4378 1.49807584921
-28.1644 -7.2403 7.91793593432
-20.2483 -7.0698 0.323410451284
-19.9669 -6.9104 1.0603034377
-18.9066 -6.9131 1.39869683992
-18.3092 -8.1778 0.241528880261
-18.0914 -8.2822 0.65494465415
-17.9749 -7.6377 1.89603241006
-16.1528 -7.1134 0.58859504755
-15.6451 -7.4112 1.94138866021
-13.7298 -7.7284 1.28350144916
-12.4552 -7.8793 3.11114861426
-9.4319 -8.6134 0.727310112675
-8.7751 -8.9258 0.565017256374
-8.2216 -9.0393 1.31948302755
-6.9105 -9.1878 10.3339026244
-13.8833 -16.8147 0.823737439965
-13.1114 -17.1023 0.71439715145
-12.4114 -17.245 0.806261179767
-11.6136 -17.3615 1.32527592976
-10.3013 -17.5465 0.699680619997
-10.5949 -16.9114 0.818361100004
-10.2894 -17.6706 0.405644043467
-9.9864 -17.9403 0.372588096965
-9.6347 -18.0633 2.09635712845
-7.6111 -17.5158 2.46810058547
-5.6356 -16.0363 0.558184091497
-5.2114 -15.6735 1.41723857201
-3.8673 -15.2241 0.546561945254
-3.3873 -14.9627 0.32966034035
-3.2586 -14.6592 0.546968463442
-2.8607 -15.0345 0.70101347348
-3.539 -14.8575 1.85053994553
-1.689 -14.8128 10.2419690646
-4.6764 -5.0162 2.53542798951
-2.5642 -3.6137 2.87325368354
-0.1825 -5.2209 0.469829894749
0.2873 -5.2156 1.66588446478
1.9521 -5.1555 10.27979975
6.356 -14.4442 31.041623352
35.4993 -25.133 6.77367405918
40.2788 -20.3331 0.773001345406
40.5336 -21.0629 0.623341583724
40.5264 -20.4396 5.43681386476
38.6534 -15.3356 1.02542060151
38.6469 -16.361 0.852049605363
38.9606 -15.5688 12.1977429593
36.4035 -3.6421 0.976504505878
37.2987 -3.252 0.772000647668
37.6915 -2.5874 1.69769003649
39.373 -2.3535 1.27578651819
39.932 -3.5003 0.485131837751
39.5793 -3.1672 1.17034313772
40.6034 -3.7337 0.726937713976
39.8884 -3.8649 31.3637259676
51.5 -33.0 8.74066703175
51.0296 -24.272 1.3164115238
50.6319 -23.0171 11.3259007028
49.0991 -11.7954 0.538160988924
48.8505 -11.3181 1.15764669049
48.748 -12.4712 0.690561930604
42.6859 -6.1173 0.914019830201
42.9534 -5.2433 0.275739913687
43.1585 -5.059 1.34932523878
42.3459 -6.1362 8.78420184764
37.0416 -13.1381 18.3423141642
22.4583 -24.2632 3.96326995926
23.2034 -28.1558 3.30877835009
20.0293 -29.0902 4.503301067
15.526 -29.0871 5.95431306281
9.5747 -28.8977 1.6029359563
9.0459 -30.4109 5.45233704204
3.73 -29.1988 3.1304943715
1.347 -27.1687 2.23229815661
-0.3121 -25.6752 3.27470747549
-2.6953 -23.4293 9.24674249723
-9.3462 -17.0053 0.229554546895
-9.1289 -17.0793 9.95630818728
-0.1783 -21.4399 1.00726078053
-1.1225 -21.0891 1.03591680168
-2.1416 -20.9032 0.982337019561
-1.6425 -21.7493 2.21074789381
-3.8125 -21.3268 1.83904485263
-5.6419 -21.1387 1.05940942038
-4.7295 -21.6771 8.93647032782
-1.9051 -13.1987 0.304948667811
-2.1936 -13.0999 0.655454140272
-1.7898 -13.6162 2.231570866
-3.8745 -12.82 1.7987898293
-5.6311 -12.4327 1.27275748279
-6.113 -11.2547 3.10818078786
-7.8396 -8.6702 1.4690097515
-9.1523 -9.3296 12.8195619492
-8.9587 3.4885 17.7465771443
-14.8434 20.231 2.22220597605
-15.8348 18.2422 11.2073386872
-17.3034 7.1315 0.521764257112
-17.7699 6.8978 1.27361181292
-18.285 8.0626 0.172196312388
-18.2371 8.228 1.42442047514
-19.6606 8.1768 1.1584362736
-19.7258 9.3334 0.775713561825
-20.1666 8.6951 0.153094905206
-20.268 8.8098 1.2047447572
-19.1412 8.3835 1.36946530442
-19.6433 7.1094 2.75521783168
-18.9256 4.4493 3.10321688736
-18.3449 1.4009 3.79328386757
-20.1514 -1.9346 1.50605862104
-18.8853 -1.119 0.810713821271
-19.6956 -1.0931 0.308914227578
-19.5036 -0.8511 0.105566519314
-19.5591 -0.9409 0.165441379346
-19.4569 -0.8108 0.0277722883465
-19.2757 -0.8372 0.0852563780605
-19.3558 -0.8664 0.184131719158
-25.9594 3.0292 0.893390508121
-25.6682 3.8738 1.40398183037
-25.8535 2.4821 0.754600457196
-25.2282 2.9045 0.755997486768
-25.6344 2.2669 1.42830759992
-26.23 3.5651 0.641210932533
-26.2889 2.9266 8.43883902027
-27.8794 11.2142 1.1255063305
-27.0101 10.4993 1.49534480305
-26.2923 9.1875 0.916490370926
-27.0281 9.7339 2.87008616247
-29.8628 9.2846 0.647062941297
-30.0539 9.9028 0.438531971468
-30.4916 9.9298 1.15324813028
-29.3578 9.7189 9.68821265301
-23.5149 17.4469 8.1588403502
-23.0964 9.2988 12.741047048
-14.8246 -0.392 21.1620307657
-8.3328 -20.5337 0.649143258457
-7.6932 -20.6446 0.552747464942
-7.2372 -20.957 1.48779704597
-5.7821 -21.2672 4.09918402856
-2.2558 -23.3573 2.31431407117
0.0101 -23.8282 3.33864521625
2.2649 -26.2904 4.09347327462
5.2876 -29.0508 4.67379879113
8.8001 -32.1341 1.18344694009
9.8896 -31.672 1.33837879541
11.0994 -32.2444 1.01750428009
12.0908 -32.4734 2.98327962149
15.0709 -32.6111 3.04978268898
18.0612 -33.2105 3.14607960643
21.1895 -33.5445 4.72204131388
25.7644 -32.3749 1.34312449162
26.7742 -33.2605 0.637798251801
26.3436 -32.79 0.254992019483
26.5834 -32.8767 3.44948386864
30.012 -33.2557 2.2758883738
32.2537 -32.8627 2.49169613115
34.7237 -32.5346 2.85679647332
37.5772 -32.3974 3.13318365405
40.3542 -30.9465 0.604910737217
40.485 -30.3559 0.849586275784
40.75 -29.5487 1.06003028259
40.7198 -28.4891 1.45404650888
40.4733 -27.0561 1.76528017606
40.6966 -25.305 2.22473032074
39.7886 -23.274 1.47469727402
39.2684 -21.8941 5.13330685718
39.7039 -16.7793 0.660524435581
39.6832 -17.4395 0.186252758369
39.5732 -17.2892 0.0125171881827
39.561 -17.2864 0.0935446417493
39.5662 -17.3798 1.48897528522
39.9286 -15.9356 0.717514891832
40.5977 -16.1947 1.28267277589
39.8946 -17.2675 0.166990359003
40.0293 -17.1688 0.437492948515
40.3531 -17.463 1.19081562385
40.4775 -16.2787 0.896868440743
39.6419 -15.9529 0.132704860499
39.5102 -15.9366 0.49848500479
39.5609 -15.4407 12.4488253104
30.9949 -6.4076 11.2142981947
35.7145 3.7652 0.618175225968
35.103 3.8558 1.22063901707
36.1635 3.2514 5.83521183934
42.0381 -1.312 1.50585586628
40.8223 -2.2005 5.23213544645
35.8661 -0.5238 13.6301467652
22.2933 0.7252 1.23420550963
21.8351 -0.4208 0.775491289442
21.3444 0.1797 32.0697659114
10.6509 30.4141 4.63898777968
6.0408 29.8972 3.6616844703
5.3218 33.4876 2.97511453561
2.3467 33.4783 4.8903912093
-0.9636 29.8786 5.33473259686
2.5596 25.8728 4.00140337882
-0.9686 23.9852 2.88396346891
-3.7263 23.1412 1.82602634428
-5.4877 22.6597 0.611904976283
-6.0066 22.3354 9.05252708419
-12.4985 28.6444 1.36826448467
-11.9316 27.3991 8.31514067289
-7.1776 20.577 0.423947024993
-7.3258 20.9742 0.330760472245
-7.5926 21.1697 2.41571917449
-7.7953 23.5769 0.379495586272
-7.9696 23.2398 11.7727375172
-4.0836 16.1865 1.24995611523
-4.4813 15.0015 11.3517098078
-8.6423 4.4399 0.887346798045
-9.1248 5.1846 6.65493038055
-12.3059 11.03 0.846884478545
-12.9373 11.5944 0.772471488147
-12.2345 11.915 0.647857831627
-12.0116 14.9701 0.575988480788
-11.4484 14.8494 0.914285825112
-10.6885 15.3578 2.29366710095
-8.5059 14.6527 0.771070457222
-7.9925 15.228 0.488370197698
-7.5817 15.4921 1.57711727528
-6.2486 16.3348 2.45062040308
-4.0816 15.1904 0.227751794724
-3.8548 15.2112 0.811162055326
-4.5406 14.778 9.72022321143
-7.1544 5.4158 0.950060740163
-6.419 4.8143 11.8835634824
1.364 -4.1659 1.39285830579
2.1715 -5.3008 19.1979645069
7.3726 -23.7808 0.616730257082
7.9136 -24.0769 2.75238961268
9.0569 -26.5806 3.52707474403
12.1774 -28.2246 2.03814686909
13.4489 -29.8175 0.612757978324
13.7284 -30.3628 0.511944547778
13.9613 -30.8187 1.47795597363
15.0482 -29.8172 1.04066491245
16.0743 -29.9907 1.06818635546
17.0783 -29.626 2.53944866654
18.2806 -31.8628 7.80856970898
20.5095 -24.3791 0.436460674059
20.8919 -24.5895 1.93830059846
22.5794 -23.6359 0.156532456698
22.5665 -23.4799 0.0437343114728
22.5527 -23.5214 0.962547505321
21.8778 -22.8351 0.976215575577
22.5497 -22.1269 0.148302966929
33.3828 -34.0 13.5418642808
36.8616 -20.9126 5.93853357741
35.2984 -26.6417 0.684208813156
35.8701 -26.2658 1.09550954811
34.8647 -26.7009 17.4623817932
17.5157 -28.6876 0.842226293819
18.135 -29.2584 6.88538546488
11.273 -29.8254 3.89312107826
7.4052 -30.2687 5.56584984436
3.4707 -26.3319 26.5596445025
0.0 0.0 1.8295257145
1.8203 0.1835 0.789697669998
1.0332 0.2475 2.56976377319
-1.3532 1.2008 0.789514331726
-1.7574 0.5226 1.30044362431
-3.0507 7.8664 0.390020332803
-2.9332 8.2383 1.24035106321
-2.6156 9.4373 7.9161064293
-10.5248 9.1067 0.204603274656
-10.3651 9.2346 8.06122840887
-2.304 9.2801 0.712163555653
-3.0133 9.2163 11.0679159307
-12.0965 2.8922 0.458975957976
-12.0623 3.3499 2.26581764491
-11.0631 1.3163 12.4292340947
-1.9888 -7.1774 0.994856984697
-1.3467 -7.9373 16.4879746982
4.9247 -23.186 0.564992858362
5.4884 -23.2242 2.15303215489
7.4173 -24.1807 0.847168755326
8.1436 -24.6168 0.672346636788
8.2106 -25.2858 0.291679961602
8.0184 -25.5052 0.0953889406588
8.0857 -25.4376 0.0708691752457
8.0169 -25.4206 0.045548435758
7.9714 -25.4227 3.35068548211
9.886 -28.1725 0.904442557601
10.4395 -28.8878 3.59179699454
13.5476 -30.688 2.78935864313
15.1196 -32.9922 2.29691794586
17.081 -31.7969 2.61967225813
19.0617 -30.0824 0.281073887083
19.2139 -29.8461 0.633204429864
19.8188 -30.0333 0.135081160789
19.9302 -29.9569 1.56739746714
21.4871 -29.7758 2.23399765667
23.4564 -30.8306 4.21107942457
27.1328 -32.8842 3.88177363199
30.9886 -32.4359 2.17410785611
33.1487 -32.6823 2.47850098245
35.5561 -32.0929 4.81309550394
39.9168 -30.0557 0.519790159584
40.0463 -29.5523 0.344764629856
40.1756 -29.2327 1.92391478242
40.4951 -27.3355 1.9629055046
40.837 -25.4026 0.549675486082
40.6603 -24.8821 0.340222897525
40.5812 -24.5512 1.61597656233
40.0312 -23.0317 0.823630044377
40.1914 -23.8396 0.651020260821
40.2847 -23.1953 7.56819579556
40.2073 -15.6275 7.89592401433
40.6225 -7.7425 2.84053333196
43.4424 9.4364 12.1081492017
31.3619 8.6186 11.8393734775
31.8404 20.4483 0.881829739802
32.7124 20.5796 1.16347356652
31.7479 21.2303 16.4907918176
16.4648 27.4249 0.260937559581
16.2048 27.447 0.83465902619
15.3711 27.407 3.98388315215
12.22 29.8446 4.21304745997
8.4843 27.8967 3.47964884004
5.0244 28.2669 3.72151092972
1.6858 29.9111 3.73111565621
-2.039 30.1281 3.05657047195
-5.0941 30.0333 3.01915708767
-7.9287 28.9939 1.74272226416
-9.3892 28.0431 2.33126670503
-11.0415 26.3985 1.20404349174
-9.8403 26.4812 6.1835186496
-3.657 26.5332 1.03662606566
-2.7182 26.0936 0.892093610559
-3.2456 26.8131 7.71399942507
-10.8643 28.0219 0.518280281315
-10.5661 27.598 0.932374179179
-10.0717 28.3885 0.0773917954308
-10.0142 28.3367 15.3910144727
-2.5187 14.8942 14.802061119
-9.2911 1.7323 22.8465687165
-10.3417 -21.0901 4.14819346342
-13.0466 -24.2351 7.82185443485
-18.312 -30.0193 3.02049922529
-20.6026 -31.9882 3.57202037088
-24.0333 -30.9934 0.876914619561
-24.5987 -31.6637 1.17866582202
-24.4291 -30.4973 14.246676709
-21.5373 -16.5472 2.46699142479
-22.3863 -14.2309 4.67029881806
-25.0319 -18.0796 8.82506452328
-28.8591 -26.0316 0.724307227632
-28.8271 -25.308 0.82179969579
-29.6478 -25.2655 3.84203427627
-30.6731 -28.9682 4.13445350198
-34.6211 -27.7406 15.0883164087
-20.8924 -34.0 19.3349221928
-17.4312 -14.9774 14.3893843402
-24.9675 -2.7194 9.19106908743
-27.8659 6.0027 0.39765775486
-27.8547 5.6052 6.65874090876
-24.4512 -0.118 6.47048336757
0.0 0.0 7.7357112472
-3.1469 -7.0667 12.7669375349
1.4462 -18.9788 0.857521714011
2.0769 -19.5598 0.931746558888
1.6055 -18.7561 16.4690687302
-13.4573 -12.0971 5.69713856072
-7.8146 -11.3114 1.1251987069
-7.1764 -10.3847 7.80709750483
-12.4473 -4.6255 4.92064984021
-8.3599 -1.8858 1.64222352315
-6.7262 -1.7187 0.113647393283
-6.6199 -1.6785 1.43216760192
-5.1909 -1.5833 1.26214826784
-5.8374 -2.6673 7.77570217087
-10.6001 -8.8137 0.422851013952
-10.9934 -8.6584 2.35585361175
-8.8966 -9.7324 2.22709645278
-6.6911 -9.423 0.634368292083
-6.7279 -8.7897 17.4307536053
0.2651 7.1768 0.627667842095
-0.0273 6.6214 1.37595591863
0.3889 7.9329 17.2353452243
6.7589 23.9479 0.505668863981
7.2639 23.9219 1.41062285534
8.6061 24.3559 0.970393492352
9.5553 24.5576 0.587601106194
10.0898 24.3135 0.677373545394
10.5772 23.8431 1.1222008421
11.1189 22.8603 2.81962933912
13.9249 22.5834 1.61168672204
15.5129 22.3081 1.67933262042
17.1902 22.2255 1.94884901929
19.0801 21.7498 1.17198550332
20.1602 21.2949 1.4574411549
21.5446 20.8393 2.01208998308
23.5045 20.384 2.08908397629
25.5914 20.2885 1.17112587282
26.7623 20.2655 0.287538136601
27.047 20.3058 0.21604455559
27.2604 20.3395 0.57396844861
27.8211 20.4622 0.682861369533
28.4245 20.1425 0.279441675489
28.6938 20.0679 0.122682231802
28.7915 19.9937 2.43306033012
29.6034 17.7001 6.95240267605
32.8805 11.5685 1.06959050108
32.7533 10.5065 0.355920286019
33.0667 10.6752 0.652700926918
33.7194 10.6741 0.534747978023
33.82 10.1489 0.66859175137
34.0433 9.5187 1.10842711082
34.5258 8.5208 0.298113753457
34.6183 8.8042 1.32491471801
33.4809 8.1247 1.42658906487
32.0565 8.2037 0.599296596019
32.5386 8.5597 0.452288801542
32.8306 8.9051 1.15095498609
42.6239 9.9176 8.60477531142
34.0569 9.1122 0.292131545712
34.2491 9.3322 0.526465801358
33.7771 9.5654 10.4534973731
31.1473 19.6827 21.1439505261
13.3409 31.0844 2.95398882869
10.8323 29.5246 1.49370233313
9.3968 29.9375 1.69241040531
7.7281 30.2198 3.67451097835
4.0559 30.3501 3.40757492654
1.9127 32.9993 5.25421180578
-2.9606 31.0352 4.10148416308
-5.9459 28.2227 1.91348361895
-7.4689 27.0643 3.70628012433
-10.4345 24.8413 0.494148004145
-10.897 24.6673 2.27048721203
-12.8613 23.5286 1.85130853722
-14.3572 22.4379 8.25451602094
-6.2215 23.8334 0.785530476812
-6.9557 23.5541 11.0315678396
-17.8619 21.8957 3.70743997928
-47.257 34.0 5.51276618224
-42.6777 30.9307 1.0686549911
-42.6595 29.8622 0.588814274623
-42.6636 30.451 1.05544000303
-41.6504 30.1554 1.16623337716
-41.7302 31.3189 3.40316179163
-39.0575 33.4256 18.3012833203
-29.7514 17.667 1.33004616461
-29.076 16.5212 16.8564373653
-21.7328 1.3483 0.190181439683
-21.6181 1.1966 0.261358852921
-21.3927 1.3289 1.21437905532
-21.4462 2.5421 0.591879590795
-20.8821 2.3629 1.00735281803
-19.9824 1.9098 1.87157156689
-18.2842 2.6965 3.96220232951
-14.3235 2.8056 0.950517206578
-13.5205 3.3142 0.637538430214
-13.1436 3.8284 2.4310078918
-10.9392 2.8035 0.468178641119
-10.5742 3.0967 0.253516784454
-10.3262 3.0441 0.929972924337
-9.4004 2.9561 1.33262979856
-8.5091 3.9468 1.03794256585
-9.2317 3.2017 9.80563756265
-14.6116 -4.9963 1.03541704158
-13.7198 -5.5224 0.214877825752
-13.7466 -5.3092 0.854343116084
-13.1976 -4.6546 0.798227849677
-12.5117 -4.2463 0.97765241267
-11.5835 -4.5533 0.336594979166
-11.2638 -4.6586 0.650508854667
-11.2519 -5.309 1.50646066328
-10.6086 -3.9468 0.809080002225
-10.1232 -4.5941 2.71035692299
-7.49 -3.952 0.991097477547
-6.655 -4.4859 3.84332389996
-6.3846 -0.6521 2.02166641412
-5.9093 -2.6171 8.48322432864
-9.3703 -10.3622 0.872670991841
-8.6748 -10.8893 2.30700405288
-6.3947 -11.2406 1.32608882433
-5.3858 -10.38 0.622166617555
-4.9517 -9.9343 5.88687472688
-2.1055 -4.7812 12.8494215516
1.1084 7.6598 16.9599309164
8.0171 23.1488 2.37892293486
9.7998 24.724 2.09003766712
10.4911 26.6964 0.688763072471
10.883 27.2628 0.741050099521
10.9775 27.9978 2.38279408468
11.4213 30.3389 0.95245267074
11.7041 31.2484 0.864125916751
12.4497 31.6852 4.3548445598
16.2802 33.7569 2.34306064796
18.6216 33.6687 1.20181427018
19.7989 33.4272 0.839147215928
20.6375 33.4575 1.75367303965
22.3888 33.5487 0.455535662709
22.8443 33.543 1.05788409573
23.9017 33.511 0.701107302772
24.6028 33.5078 1.93317671205
26.534 33.5952 2.08437945922
28.6183 33.6134 1.22379518303
29.8412 33.6602 2.85814919485
32.6293 33.0313 5.55077188506
38.1259 32.2577 0.679285227279
38.6418 31.8158 0.573133710403
39.157 31.5647 0.447551583619
39.4281 31.2086 0.36958118188
39.588 30.8754 0.84656752241
39.9396 30.1053 2.34416834293
40.2605 27.7832 0.540766724198
40.1469 27.2545 1.28367744001
40.3645 25.9894 1.38570909285
39.724 24.7606 5.35382395396
39.3423 19.4204 0.662037370546
39.7111 18.8706 6.88548180522
41.4151 12.1993 23.1165379869
51.5 33.0 9.94653044081
50.6141 23.093 2.80868328225
51.3458 20.3813 2.45850667276
51.9867 18.0078 0.107681242563
52.0197 17.9053 0.344162708613
52.1831 17.6024 1.15364792723
51.5036 18.5347 3.86440756132
48.471 20.9299 1.01553230377
48.8541 19.9894 0.742177579828
40.5836 13.9183 1.53971162235
39.3694 14.8651 23.1388738551
19.1896 26.1869 2.43891036531
18.644 28.564 0.308380187431
18.8905 28.7493 8.18206614554
10.9245 30.6172 3.96105186283
7.3376 28.9367 4.62868558124
3.5787 26.2357 15.738714545
-8.0981 15.683 0.162798187951
-8.1691 15.5365 1.36859289053
-8.8084 14.3264 0.889298740582
-14.731 12.9259 0.916102406939
-14.7289 13.842 0.308308498099
-15.0367 13.8597 8.21008880646
-14.6956 22.0627 1.03027957371
-14.6716 23.0927 0.960212059912
-14.2204 22.2451 12.2083959065
-8.7554 11.3282 10.1463486304
-15.9352 4.1589 0.12718274254
-15.9021 4.2817 1.58936022663
-14.6813 3.264 11.4153491843
-5.2553 -3.175 0.490220572804
-5.3114 -2.688 12.4319270308
-11.9657 7.8131 0.494205159827
-11.8114 7.3436 0.46150980488
-11.3905 7.1543 0.391902692004
-11.0231 7.0179 0.307504276393
-10.8199 6.7871 0.491008278953
-10.3347 6.7118 1.41039859969
-9.1861 7.5303 0.547425035964
-9.1357 6.9852 12.5996686377
-3.224 -4.1415 4.544368581
1.2334 -5.0263 8.28547440283
9.3862 -3.5495 1.05091948788
9.3926 -2.4986 9.52643477173
7.6065 6.8589 14.9160210847
11.7547 21.1865 3.79937091635
13.4187 24.6021 1.02578736588
12.4443 24.9227 2.0346892146
13.6959 26.5269 3.87907050722
14.6791 30.2793 0.291068462737
14.4905 30.501 1.42508527464
15.4205 29.4212 0.677193716746
15.5058 30.093 0.150354015577
15.6405 30.0262 0.511533117207
16.1487 29.9679 0.228602471553
16.3717 29.9176 0.447878845225
16.6462 30.2715 2.31692069998
16.4779 32.5823 0.119928520378
16.5832 32.6397 0.539129641181
17.1181 32.5723 2.25672921947
18.9702 31.2829 7.59256913106
21.9203 24.2869 0.604007483397
21.3193 24.3471 1.4817942401
21.8437 22.9612 0.562406063267
22.2884 22.6169 6.6621439267
24.3235 28.9606 4.53698410841
25.7259 33.2754 1.69056696998
27.3827 32.9392 2.09608303748
29.4786 32.9669 1.4012254815
30.8584 32.7228 2.80601140411
33.6644 32.7308 4.79018897853
38.1877 31.1542 3.6103690947
40.6839 28.5458 3.71393763141
41.3306 24.8886 6.04269193737
40.3885 18.9198 9.03552017595
0.0 0.0 3.8575647292
3.575 1.4492 5.33437289004
0.2133 -2.6926 1.24388071775
-0.5849 -3.6466 0.848978044475
-1.2405 -4.186 0.657199908704
-1.1821 -4.8406 1.32083101493
-0.0565 -4.1495 3.41385807701
-1.9189 -7.0106 2.16135230354
-3.5322 -8.4489 1.88960225444
-4.6984 -9.9357 1.27552959981
-5.9694 -9.8283 0.961634509572
-5.2427 -9.1985 0.749937770752
-5.9122 -9.5364 0.446881919527
-6.305 -9.7495 1.2168194484
-7.4581 -10.1381 0.706692217305
-7.1496 -9.5023 1.40035154515
-7.593 -10.8306 20.7154133256
-16.2125 -29.6676 3.63313815041
-19.4674 -31.2817 3.63409955973
-23.1014 -31.3086 2.30442747987
-25.3859 -31.0062 13.9547176586
-39.3272 -30.3944 8.61028260744
-46.9539 -26.3981 3.64304941635
-47.955 -22.8953 1.94978458297
-48.3833 -20.6718 10.5762057592
-45.5032 -10.4953 4.711653351
-42.0975 -7.2394 2.61364712614
-39.4892 -7.4065 3.56073163971
-36.5187 -5.4431 1.6263371391
-35.7907 -6.8974 0.727845347584
-35.0725 -6.7793 0.299922273264
-34.2978 -6.0645 0.670692515241
-34.8664 -5.7088 17.4362819136
-42.6268 9.9053 10.8936040189
-31.7394 10.2729 3.32111602026
-28.4245 10.0698 0.522308003002
-28.0439 10.4275 0.741881122553
-28.1937 11.1541 0.56716827309
-28.2025 10.587 27.2633456357
-47.0 -9.16 16.3382740104
-40.1892 -24.011 24.254792438
-16.4131 -28.806 0.51913967292
-15.8977 -28.8682 1.56490518882
-14.3549 -29.1303 0.561377324088
-13.795 -29.0896 1.46970266721
-12.3253 -29.0868 2.94070274594
-9.3861 -29.1808 1.3175040683
-9.5302 -27.8712 17.0998877999
-16.2056 -12.1281 1.3477039623
-7.89 -23.5362 1.57799635614
-4.5429 -10.045 1.937924707
-4.7348 -8.1166 0.759569463578
-5.2077 -8.711 2.0696166215
-5.6417 -6.6874 2.23018421885
-6.2671 -4.5467 2.61198497124
-6.0278 -1.9457 8.16047572939
-11.828 3.7946 3.59103839718
-13.4846 6.9807 0.333639386164
-13.7966 6.8625 4.3638162404
-14.5419 2.5628 6.6657125238
-17.4615 8.5551 8.32155632679
-10.9712 13.7632 0.421214553405
-10.6683 14.0559 2.23946858875
-9.1893 15.7375 1.41148196234
-10.2955 16.6142 1.10230197315
-9.6397 17.5002 0.324728194033
-9.9363 17.368 8.47231554181
-17.6673 20.8338 1.13384648873
-16.7848 21.5457 8.97141548921
-8.386 18.3919 9.27341244203
-17.5014 20.0965 5.3794978669
-13.9167 16.0854 10.55254502
-8.9219 6.7898 8.28595313166
-4.7528 -0.3709 1.45881360358
-4.2271 0.9899 3.49051277895
-5.7596 4.126 0.75931253776
-5.0773 4.4592 1.1749025151
-6.0099 3.7446 9.37911395602
-13.0277 -2.4778 0.130752361355
-12.897 -2.4815 9.00522729197
-4.8417 1.5442 5.60485343698
-1.4363 -2.9075 8.63966864932
6.8511 -0.4656 0.892082064611
7.6582 -0.8456 1.37845739869
6.3094 -1.13 7.59478864025
-0.8663 -3.618 3.07257842373
0.9166 -6.1204 0.756388008895
0.1905 -5.9085 9.88971907083
-9.4644 -8.0508 8.79415784996
-0.6714 -8.1935 2.05328659714
0.8714 -9.5484 0.932509651425
1.7177 -9.1568 2.71798792676
3.3926 -11.2974 7.97897064664
5.9539 -3.7407 0.68863008938
5.5551 -3.1793 16.1584387182
-10.069 0.9417 0.669600126941
-10.1993 1.5985 0.334885054907
-10.2913 1.9205 1.72547131242
-10.9603 0.33 7.31665178412
-14.0596 -6.2978 2.33253918724
-12.6755 -4.4203 0.499314029444
-12.2288 -4.6434 1.79265113728
-10.6665 -5.5225 2.53744857091
-8.2694 -6.3547 0.996270269555
-7.3581 -6.7573 8.61719573933
3.8636 -5.8321 1.36144576462
5.2125 -6.0165 0.597795291049
5.054 -5.4401 2.13055549564
4.1724 -7.3797 1.1882680674
4.964 -6.4935 3.12441943407
8.0552 -6.0391 3.43935042268
9.8874 -3.1284 0.405063711038
10.2868 -3.1959 1.60308028807
9.0864 -2.1334 23.2606524208
-8.0996 13.5414 0.435838559561
-8.4387 13.2676 1.06081133572
-7.9217 14.1939 0.894683508287
-7.11 14.5702 1.09285187011
-6.02 14.6491 1.78279531355
-4.2652 14.9638 1.40174537274
-2.9549 15.4618 0.731961324115
-2.4462 15.9881 0.368547961601
-2.218 16.2775 0.31017957702
-2.1744 16.5846 0.684606142245
-2.477 17.1987 0.524526033672
-2.1486 17.6077 0.948919706825
-1.6276 18.4008 1.03505070407
-0.6162 18.1808 1.27763668153
-0.118 17.0043 1.1789406516
0.4295 18.0484 12.9811096155
8.2308 28.4238 0.990002707067
8.7014 29.2948 3.23351915102
11.0133 31.5555 0.950407433683
11.8935 31.914 2.59241592342
14.4091 32.5404 2.31371923102
16.6059 33.2666 1.37734354465
17.9627 33.5036 2.99850939135
20.9228 33.0252 2.61375962935
23.5206 32.7368 2.57104971558
26.0026 33.4076 3.30905202286
29.2699 32.8836 2.71315826667
31.9126 32.2693 3.22480039692
35.1374 32.2677 2.23610570859
37.3067 31.7252 0.743217336988
38.0468 31.6572 0.497568537993
38.5429 31.619 1.0624923388
39.6003 31.5151 0.421102422221
39.7484 31.1209 0.322804910124
39.8194 30.806 0.933120469179
40.0779 29.9094 1.91246263231
40.1825 27.9998 0.436188262107
40.1409 27.5656 0.338110706722
40.1175 27.2283 0.57786027723
40.1508 26.6514 1.60357811472
40.5842 25.1075 1.19243173809
40.5929 23.9151 0.317986697835
40.6064 23.5974 8.09945562924
40.0719 15.5156 1.3580412549
40.503 14.2278 7.48456217691
41.6657 6.8341 0.590188215741
41.2794 7.2803 1.17162506801
44.3839 4.4648 1.52223154612
45.9061 4.455 0.808470321038
45.5196 3.7449 2.85453332964
45.5843 0.8911 0.180659929149
45.7648 0.8987 1.28194300185
44.4829 0.9092 3.38053035188
41.1194 1.2481 20.7538230237
20.8245 -3.0922 0.785232118548
20.3813 -2.444 1.34990099267
20.1475 -3.7735 19.9138601768
16.2942 -23.311 3.58129018372
12.9515 -24.5963 5.04415582729
10.2591 -28.8618 6.64354164057
4.1348 -31.4366 1.32240088097
3.6151 -32.6526 4.35281564507
-0.7347 -32.4906 5.51427999652
-3.6539 -27.8124 4.95925100091
-6.5807 -23.8089 3.10646623996
-8.4062 -21.2954 6.3143988352
-11.6101 -15.8542 0.919476030139
-11.6997 -14.9391 2.31836161545
-13.9774 -15.3714 1.12758989442
-20.3689 -22.2989 0.355562933951
-20.0225 -22.2187 1.3382104543
-18.8156 -22.7968 0.609106928215
-18.2715 -22.523 2.52987337628
-16.1296 -21.1767 5.71795282422
-12.3911 -16.8502 14.8148415479
1.9936 -13.3062 0.0524324327111
2.0106 -13.3558 1.34461325295
1.2294 -12.2614 15.8107630885
-10.9894 -2.2274 0.491912238108
-10.5173 -2.0892 1.91079671865
-8.6396 -1.7351 3.55557526288
-5.1332 -2.3244 10.3397098422
3.0159 -8.6885 10.888183331
-5.1908 -1.5329 0.695155723561
-4.5936 -1.8887 9.86360778215
3.3742 -7.7029 1.08595074014
3.7616 -8.7174 5.15520786099
6.0131 -20.6539 0.391263555676
6.1017 -21.035 4.43464712463
7.9203 -25.0796 0.481937796816
8.3705 -25.2516 0.26404427659
8.5772 -25.0873 1.51980189499
10.097 -25.0897 2.00143753337
11.8004 -26.1405 2.61182364068
14.4107 -26.0513 0.817158246608
15.2273 -26.0815 1.08718539817
16.2945 -26.289 0.422888448648
16.6687 -26.092 0.806487706044
17.4706 -26.0061 0.613332283514
18.0786 -25.9254 1.48745314212
19.528 -26.2597 0.52372726681
20.0448 -26.1748 0.396971359168
20.4397 -26.1343 0.933074284288
21.3638 -26.2634 0.646428224941
21.8919 -25.8906 0.358339852654
22.2375 -25.7959 0.547949860845
22.3187 -25.254 0.785959318286
22.9841 -24.8357 1.10994616536
23.4709 -25.8332 0.393746136489
23.6138 -26.2001 0.126386114744
23.7214 -26.2664 0.366122957488
24.0875 -26.2705 0.270500905729
24.358 -26.2698 0.684882245353
25.0325 -26.151 1.62754411615
26.0161 -27.4477 3.89180722673
29.6951 -28.717 0.66430439559
30.3464 -28.8478 2.18872135504
32.2343 -29.9552 4.92604598436
37.1173 -30.605 4.29091347151
40.0224 -27.4471 1.83277822445
40.8943 -25.835 0.454393529884
41.1625 -25.4682 0.328520151589
41.3482 -25.1972 0.285245806279
41.5208 -24.9701 0.205794703528
41.6423 -24.804 0.292046040891
41.8363 -24.5857 0.791008173156
41.6671 -23.813 0.576254613864
41.6248 -23.2383 2.04673371497
40.1645 -21.8042 0.838623073854
40.5674 -22.5397 0.776469716087
40.6135 -21.7646 0.822782917907
40.5713 -22.5863 1.23602493907
40.6106 -21.3509 5.01385866275
40.3044 -16.3464 0.591225583005
40.4632 -15.7769 0.883292941215
40.5983 -16.6498 0.934985545343
39.8774 -16.0544 7.5081528221
40.6072 -8.5818 1.17663558505
0.0 0.0 3.9579785055
3.9293 0.4756 0.699253437603
3.8609 1.1715 5.47735403457
-0.2452 4.7966 0.895190091545
-0.2579 3.9015 4.36905667278
-4.4393 1.5491 1.01751705637
-3.4329 1.3991 4.74633606058
1.3081 1.6241 8.27777489426
-4.7193 7.2979 0.42230730517
-4.7454 7.7194 1.127738569
-4.3112 6.6786 1.01627705376
-4.6756 7.6273 17.6120229062
-22.362 34.0 13.674452494
-21.7121 20.341 1.91251978552
-19.8148 20.1002 1.53641216475
-18.3223 20.4649 1.42423201059
-18.2444 21.887 0.275585921266
-18.4602 22.0584 1.24605753479
-17.2535 21.7477 0.473342972907
-16.8269 21.9528 0.978536918057
-3.0271 34.0 11.3629562007
3.9068 24.9979 0.758800764364
4.139 24.2755 1.29073793622
3.2451 25.2066 6.601292734
2.1275 31.7126 4.05131783127
-1.9116 31.3982 9.01687789481
-10.9047 30.7438 2.86834342783
-12.0288 28.1049 0.917204170291
-12.3358 27.2406 1.62630996431
-12.9781 25.7465 1.4058117406
-14.38 25.8513 2.24715584017
-16.5356 25.2164 2.07951850196
-18.1858 23.951 7.27823544549
-10.9702 22.9982 5.82147213426
-13.5792 28.2023 0.902189625301
-14.4778 28.2827 2.3992454022
-15.5253 26.1242 1.18763075491
-14.5458 26.7958 2.10461185495
-16.2823 27.9849 7.27670619236
-12.1873 34.0 15.7079685281
-10.5291 18.3798 2.85961552835
-12.218 16.0722 1.46063074731
