0.0 0.0 7.13791353408
-2.3091 -6.7541 12.2392830889
2.6507 -17.9434 0.945961949552
2.8708 -18.8634 1.2022531389
2.2102 -17.8589 21.3340834322
-9.7156 -0.1694 0.987960591319
-9.6354 -1.1541 1.07933826023
-9.3232 -0.1209 16.2633429798
-5.9714 15.7933 4.48254670918
-2.2354 18.2703 22.6259898941
19.1921 25.5365 19.6340043111
37.2344 33.2805 8.32274262969
42.7442 27.0427 3.85044956596
43.5597 23.2796 1.58858972048
44.6806 22.1539 1.46437750597
46.0234 22.7381 1.07140372409
46.1879 21.6794 13.19258603
43.1625 8.8384 1.05801482976
43.7288 9.7321 0.647030957528
0.0 0.0 1.94374927653
1.9194 0.3067 0.665858040426
1.8497 0.9689 0.947538542752
0.9752 0.6041 0.755247058915
0.2776 0.3147 0.400534555313
-0.1197 0.2639 1.03973386018
-1.0956 -0.0948 3.02429205766
-3.8557 1.1414 2.90413641036
-5.5202 3.5212 3.10344094353
-6.7439 6.3732 0.465116813285
-7.2088 6.359 1.6945274533
-8.8536 6.7665 1.7196564686
-10.111 7.9396 1.31783553602
-10.8865 6.8741 6.85507549557
-9.1739 13.5118 0.392928746721
-9.4605 13.243 5.11804748415
-10.8112 8.3064 1.8396909659
-12.2995 7.225 2.22611828077
-14.3237 6.2986 1.36043859472
-15.6711 6.1107 8.04364433326
-22.7741 2.3361 0.253085064751
-23.0079 2.433 9.56943611505
-24.6063 -7.002 1.56421956579
-26.0946 -7.4834 1.56047494373
-27.5509 -6.9228 1.89266266672
-29.4115 -6.5759 1.02867173092
-28.5768 -7.1771 3.49836563555
-30.7862 -9.8895 3.47007103241
-34.1311 -8.9659 0.648242554913
-33.8582 -8.3779 5.40912061245
-33.0434 -3.0305 0.889012064035
-33.3233 -2.1867 0.865351535505
-34.0465 -2.6619 1.15630176425
-51.3706 -21.7165 0.930379804166
-50.5559 -21.2672 1.2358830244
-51.217 -22.3114 0.807869816245
-51.775 -22.8956 0.234366251837
-51.5473 -22.8401 11.8226234796
-40.2118 -26.1988 3.57050453718
-37.0026 -27.7639 0.973260545794
-36.2698 -28.4044 0.949217851707
-35.9991 -29.3142 3.86025651479
-33.0697 -31.8282 0.990521443483
-32.0929 -31.9925 1.09928523141
-32.122 -33.0914 0.209595801485
-32.2716 -33.2382 9.67313839661
-25.4556 -26.3744 1.68876236635
-23.7864 -26.6307 1.24459664149
-24.16 -25.4435 19.8848628301
-25.1049 -5.5811 11.5724042986
-18.1871 3.696 12.2242273097
-20.7357 -8.2596 19.0225106271
-14.9197 -26.3712 0.63264588041
-14.3013 -26.2377 1.39114732505
-13.0485 -25.6329 0.872016616814
-12.1952 -25.8126 0.472562715415
-11.7228 -25.8002 0.721090791787
-11.0831 -26.133 0.680231585565
-10.5276 -26.5256 0.721842981541
-9.9028 -26.8871 1.74182279811
-8.3623 -27.7 1.6251240568
-6.8615 -28.3234 1.9060072429
-5.1084 -29.0714 2.61386625901
-2.8233 -30.3405 3.25746226532
0.0487 -31.8776 2.0028090598
1.8465 -32.7603 3.39713259088
5.2387 -32.9433 0.471312995789
5.5824 -32.6208 0.955441494808
6.2498 -33.3045 0.230108952455
6.4625 -33.3923 0.526734240391
6.9865 -33.3387 1.15395958768
8.1357 -33.234 0.561940717514
8.2826 -32.6916 2.29080650645
10.5724 -32.7595 0.128878120719
10.689 -32.8144 0.085048339196
10.7661 -32.8503 0.539195001831
11.3051 -32.8358 0.131193063841
11.4352 -32.8189 0.0860086042207
11.5184 -32.7971 0.248901586978
11.7648 -32.8323 0.200090104703
11.9622 -32.865 0.223751290499
12.1822 -32.9058 0.465281764096
12.5096 -32.5752 0.254276896316
12.5521 -32.8259 0.180349549487
12.5957 -33.0009 0.220610629844
12.6349 -32.7838 0.40208705525
12.8983 -32.48 0.375316200023
13.2726 -32.4524 0.198074354726
13.4614 -32.3925 0.0457683296615
13.5071 -32.39 1.7272471566
15.1578 -32.8985 1.11668599884
16.2699 -32.7974 3.19246836946
19.4597 -32.9279 1.940883894
21.2812 -32.2577 1.73136040153
23.0082 -32.3805 2.49158685379
25.4861 -32.1197 3.10383489413
28.5884 -32.0221 2.18879137654
30.6819 -31.3833 0.591489551894
31.1977 -31.0938 0.4535207272
31.5913 -30.8685 0.436046442481
31.9468 -31.121 1.13426284432
33.0754 -31.2342 4.25267154269
37.3163 -30.918 0.997076175626
38.1594 -30.3857 0.928784824381
38.8159 -29.7287 0.702746796506
39.345 -29.2662 2.65770834367
40.272 -26.7754 0.313438000249
40.2123 -26.4677 0.247424372284
40.1652 -26.2248 0.948996986297
40.0334 -25.285 0.593828695837
40.1388 -24.7006 1.23627175411
40.998 -23.8117 0.388495727132
41.2258 -24.1264 6.01062836149
40.7671 -18.1333 8.60035226255
41.1094 -5.7545 8.49689260436
40.5867 2.7263 21.8029723646
21.8144 13.8155 11.2908168991
11.7239 8.7495 0.173049501588
11.5632 8.8137 1.8961301353
9.7777 8.1755 2.27539193327
7.5143 8.4088 3.32041798724
4.2063 8.1219 3.00209145264
1.2141 8.3654 1.80955317413
-0.2949 9.3641 3.20513132492
-3.3665 8.4486 0.945945902259
-4.3087 8.5327 1.13281536448
-5.4415 8.5386 1.5874858771
-6.9861 8.1721 13.3590300134
-8.4084 -5.111 0.939787385529
-9.3411 -5.2262 1.45931177272
-10.6288 -5.9128 2.0308827268
-12.6396 -5.6279 1.53443180363
-14.1632 -5.8099 1.3058882992
-14.8645 -4.7083 0.06232856488
-14.9263 -4.7002 4.66169488169
-19.5852 -4.8616 1.87621948876
-21.4346 -4.5455 2.31317417416
-23.5216 -3.5479 0.301109182856
-23.8109 -3.6314 2.86933860149
-26.6774 -3.759 2.13833002364
-28.8059 -3.5542 2.63724085552
-31.2336 -2.524 1.58622165538
-32.0851 -3.8623 0.49484138873
-32.5443 -3.6779 1.66280402333
-34.1904 -3.913 5.87477163811
-32.904 1.8192 0.823241210096
-33.2912 2.5457 2.9246827657
-35.842 1.1149 2.25867320567
-37.5541 -0.3583 0.835170431708
-38.3804 -0.4797 0.97551471542
-43.9801 -2.5141 2.11635027583
-45.7758 -3.6341 0.859209270201
-45.3582 -2.8832 6.16317769012
-45.3114 3.2798 0.719434458446
-45.2789 2.5611 1.45092930565
-45.8465 3.8964 0.838542795569
-45.6716 3.0763 7.9669003615
-45.674 -4.8906 0.394692601907
-45.4515 -4.5646 7.3170964419
-44.956 2.7357 0.569316660568
-44.8821 2.1712 0.437660564822
-44.6382 1.8078 0.842237709913
-43.8052 1.6834 1.04438286562
-43.3083 2.602 0.283721835607
-43.0251 2.5848 0.594636056761
-42.4453 2.4528 8.69076758463
-34.1178 -0.0336 0.316828612976
-33.9624 -0.3097 13.3946908236
-42.6269 9.9052 9.31989949409
-33.3992 8.5975 0.512954120755
-32.9129 8.7607 1.18426063432
-33.1342 7.5973 1.00958132411
-32.594 8.4502 0.925576063865
-32.9979 7.6174 1.33359689562
-32.8317 8.9406 0.694073490345
-32.5741 8.2961 0.811463178462
-32.8396 9.0629 1.21995672464
-33.8867 8.4369 9.19537622123
-33.4458 17.6217 0.790787183761
-34.2347 17.6763 1.33307733084
-33.1213 18.4094 20.2492103118
-15.7692 28.8466 1.91358437755
-14.7723 30.48 0.912099342177
-13.8759 30.6485 0.429815320807
-13.5498 30.9285 2.72708035268
-11.0019 31.9007 1.52450855688
-9.6372 31.2212 5.09382731254
-4.5602 31.6349 7.17535899172
-7.9531 25.3124 0.420827910196
-8.3649 25.3991 4.94432870368
-12.7942 27.5963 0.488232751871
-12.3343 27.7602 0.467904488117
-11.8937 27.9177 3.01110317492
-8.919 27.4509 5.59388586315
-5.5263 31.8985 0.688271203814
-4.8381 31.9084 2.09982149003
-2.7916 32.3786 2.74718989879
-0.0951 32.9039 11.2648195334
11.1343 32.0113 13.3387266038
15.7208 19.4859 10.9175984951
20.9535 9.904 5.62445251558
20.3474 15.4957 6.66134719858
25.7491 11.5976 5.99357404059
21.8088 16.1139 0.0549105636467
21.7547 16.1045 5.36446816749
26.9771 14.8781 5.05073966563
22.8545 17.796 1.40588410618
23.9679 16.9376 0.0407259131267
23.9461 16.9032 11.5139482303
14.4893 23.4713 0.745286153098
13.7801 23.7004 4.91926501827
12.0677 28.312 5.677067456
6.7296 30.2443 1.99985567979
5.1539 31.4758 3.41894361609
1.9726 30.2234 13.2245732003
1.1554 17.0241 14.292860043
2.9369 2.8427 11.2841854154
-5.8331 -4.258 0.646401392325
-6.4757 -4.188 1.88630364735
-8.3348 -3.8688 2.43419530235
-10.7677 -3.9482 5.71579859775
-13.4833 1.0813 0.517433821856
-13.3057 1.5673 1.32838618255
-14.1133 0.5126 4.56785742444
-17.3524 -2.7082 1.22994253931
-16.2816 -2.1031 6.24515592199
-22.4321 -3.1863 0.648630696159
-22.5034 -2.5416 2.57161887145
-21.7413 -0.0855 1.46540887468
-22.5619 1.1286 1.72721804646
-22.5196 2.8553 1.162108988
-22.6733 4.0072 0.834187418989
-21.8425 4.0823 1.71500491253
-23.1478 5.1947 2.45897666723
-24.4549 7.2775 1.53268778621
-25.9822 7.1491 2.38382907105
-28.3324 7.5481 0.757241216522
-27.5775 7.6076 1.06772477727
-28.1231 6.6898 0.862968110651
-47.0 9.16 13.2416125302
-35.6428 15.9684 0.871636764943
-34.7721 15.928 0.728786731493
-35.4278 15.6099 1.26605488823
-34.3321 16.2442 21.7508602207
-15.1824 26.5587 0.630252052753
-14.7978 27.058 1.8180348649
-13.2979 28.0854 1.87055002873
-11.4558 27.7604 2.27368529485
-9.4197 26.7485 0.721805430847
-9.3539 27.4673 0.323078442487
-9.2671 27.1561 8.72959415151
-17.6682 29.5283 0.400200174913
-17.2835 29.418 10.5057350252
-6.8384 28.2909 0.414606946396
-6.836 28.7055 7.59516956098
-14.3931 29.465 0.34668828939
-14.1022 29.6536 8.96109277376
-5.1415 29.5697 0.292063366412
-5.1664 29.8607 1.17943249489
-4.0938 29.3702 6.63685743707
-4.7998 22.771 12.1797190715
4.5123 14.9205 0.416840269168
4.9278 14.8871 0.1188697186
4.9979 14.7911 0.5179249463
5.4924 14.9451 0.39015480261
5.8423 15.1177 0.495234378855
6.0245 15.5782 0.508816518993
6.1709 16.0655 2.33097036661
8.4731 15.7004 1.58445763591
9.6641 14.6554 0.401097855891
9.8931 14.9847 0.230781498392
10.1234 14.9698 0.909369946721
10.8553 15.5095 2.38916156005
13.2017 15.0595 1.37628956256
13.1157 13.6859 0.129534435576
13.1051 13.815 0.589974050277
12.5334 13.9607 4.18807799951
15.0061 10.5805 3.96491335845
16.8526 7.0718 0.989242846828
17.5147 6.3368 3.40070503866
20.8367 5.6094 4.45818645191
24.8217 3.6106 0.28721744376
25.1086 3.5971 0.201203006936
25.3098 3.596 0.703085179761
26.0087 3.6726 0.887618437168
26.8244 3.3226 2.07479370059
28.7071 2.4507 0.736440255554
27.998 2.6495 0.906492162128
28.8282 2.2855 1.27802225333
30.0624 1.9537 0.535996539168
29.7709 2.4035 1.43321773991
36.5922 0.1121 0.752097899213
37.222 0.5232 0.73294327202
37.9542 0.4902 1.39598663676
36.6217 0.074 6.33636603188
32.7772 -4.9628 18.0046441259
14.8585 -6.7199 0.196420467365
14.9167 -6.5323 1.7250681146
13.4487 -7.4383 6.07551385563
7.4772 -6.3189 2.04011103864
5.4401 -6.2081 3.36728140345
2.2395 -5.1618 5.06767203457
-2.7878 -4.5234 5.23510016141
-7.9165 -5.5735 3.1858145489
-10.677 -3.9832 3.59101011416
-14.25 -3.624 5.63633366383
-19.7981 -4.6174 1.08318859392
-20.7928 -4.1886 0.768587717831
-21.5256 -3.9568 1.11951641346
-22.2242 -3.082 3.43659710324
-25.6596 -2.9913 5.4542851869
-31.1057 -2.6926 0.96832541018
-32.065 -2.8245 1.83463769175
-33.8035 -2.2384 2.39654568494
-35.2456 -0.3243 1.8497563353
-37.0653 -0.6564 1.06193236131
-38.1206 -0.5379 3.00051717209
0.0 0.0 7.4960741205
-2.5281 -7.0569 11.9809454936
2.3083 -18.0183 1.23060936531
3.3253 -18.7112 0.799437001896
3.2357 -17.9168 15.1057116509
-3.7855 -4.542 20.0099566756
-4.9745 15.4326 6.3337603278
-8.436 10.1284 7.49523931372
-7.3986 17.5515 0.407803138781
-7.1162 17.8457 0.733697185493
-6.4078 17.6547 11.0714061998
-0.096 8.5587 0.917580143639
0.7664 8.2453 5.64349313546
6.3343 7.3247 1.41547562678
7.6254 7.9049 37.2612022824
40.3127 25.7917 8.330817835
46.5799 20.3031 5.33600972263
50.4025 16.5801 1.2577790744
51.3533 17.4035 0.659908251199
50.8094 17.0298 0.558973389349
43.396 -9.2941 12.0867157764
31.3111 -9.5036 12.3016161056
19.502 -12.9496 1.03603074279
18.4891 -13.1673 1.09479941542
18.5915 -12.0773 1.18455244291
18.9772 -13.1973 1.15572374294
18.6153 -12.0997 15.6061569824
7.9179 -0.7367 7.05499495393
2.1261 3.2917 0.708080849903
1.4368 3.4537 1.98396847253
-0.5441 3.564 2.22016372594
-2.4617 2.4451 5.06335853955
-7.5094 2.843 3.74400635817
-11.2534 2.8361 0.260932366716
-11.4797 2.966 0.420113532274
-11.36 3.3687 2.08871912185
-13.3679 2.7933 3.95292477287
-16.3144 0.1582 1.21614219974
-15.1016 0.0681 0.770205959468
-15.5347 -0.5688 0.519959152242
-16.5216 0.5392 1.27467966564
-49.4061 -28.8437 5.01133168429
-45.2266 -31.6087 1.43335361303
-44.7469 -30.258 0.698842271189
-44.7653 -30.9566 11.8952230769
-39.5127 -20.2839 1.11624198093
-38.6631 -19.5599 0.782442132046
-38.7743 -20.3344 5.71998671764
-42.4222 -24.7402 1.95912058077
-43.2178 -26.5305 0.125154504513
-43.0935 -26.5159 0.178308412589
-42.9452 -26.6149 3.41479906437
-39.862 -25.147 2.63170148953
-38.7113 -22.7802 10.2095389245
-33.4497 -14.0309 17.3596453218
-29.0456 2.7608 0.213982288987
-28.9647 2.5627 16.1082874698
-13.7236 -2.6513 0.628201146131
-13.6414 -2.0285 0.356977884469
-13.4714 -1.7146 2.23308860774
-11.4022 -2.5543 0.534874499299
-11.1074 -3.0006 1.8978298027
-12.711 -1.9856 6.06015011118
-12.1694 4.0503 0.579244766916
-12.6959 4.2918 1.49432358611
-11.2026 4.2365 1.87793156957
-9.3983 4.7572 0.580700955742
-8.9915 4.3428 7.84081636375
-16.8105 3.7583 0.822269298953
-16.0419 4.0505 7.3911396584
-8.814 5.5953 0.485371218759
-8.5349 5.9924 3.00091198305
-6.1937 7.8697 1.53354668987
-6.7081 9.3144 15.1995922314
-7.6561 24.4844 0.945145459704
-8.3706 23.8657 1.07864248943
-7.7717 24.7628 1.92375740674
-5.9017 25.2144 2.95542355679
-3.8115 27.3038 1.45888697643
-2.5179 27.9783 0.488345256965
-2.0494 28.1161 3.41151105084
0.0909 30.7727 2.5959344541
2.6404 30.2839 3.15068818038
4.8069 32.5715 2.31101015359
7.0096 33.2707 0.781469954637
7.7856 33.363 0.096326528018
7.869 33.3148 3.65602973866
10.8122 31.1459 2.59583759507
12.1461 33.3728 0.349067400368
12.4612 33.2226 0.213401499526
12.6618 33.1498 0.076558474384
12.7272 33.1896 0.247425948518
12.9094 33.0222 0.37264913793
13.1741 32.7599 0.346160555234
13.2153 32.4162 0.225808990078
13.3654 32.5849 1.91534976962
14.6679 31.1806 0.530644410128
15.1809 31.3163 2.85218563386
17.2984 33.2271 2.77440467849
18.5568 30.7545 0.873834177633
19.3852 31.0326 2.26154709878
21.5674 31.6264 3.8338280217
25.3393 30.9401 4.23621208157
29.1349 32.8213 2.18955665375
31.2994 32.491 5.20929159291
36.4013 31.4387 1.89965473179
37.981 30.3836 2.90688023145
40.4848 28.9068 2.25790383542
40.3971 26.6506 1.55550609771
40.0232 25.1407 0.490979042323
40.0781 24.6528 0.391431488258
40.0526 24.2622 0.357324628314
40.2886 23.9939 0.197304460162
40.3027 23.7971 5.73195365037
39.7695 18.09 0.53301215746
39.4731 17.647 5.92533233667
38.7472 11.7663 0.732992823976
39.453 11.5685 1.70467447039
39.3282 13.2686 0.592192536258
39.8418 12.9738 0.81500236196
40.504 12.4987 0.687316462774
39.8734 12.2253 0.454232649641
39.4845 11.9906 0.24639663147
35.5986 3.1557 0.599053294791
36.1328 2.8846 1.08130144271
35.4344 3.7101 21.3855233464
21.0692 19.5525 0.690603243549
20.4014 19.7285 1.21830318476
20.6163 20.9277 0.889077527553
20.3329 20.085 16.414751667
9.2006 8.022 0.819876728539
8.381 8.0007 14.3766942059
-0.04 -3.6516 2.93854881362
-2.9552 -4.0213 0.980438335644
-3.9235 -4.1751 2.38479357807
-6.1239 -3.2556 4.71861452759
-10.833 -3.5551 5.29064708046
-16.1112 -3.9178 1.44162576628
-16.8854 -5.1339 2.26298456468
-18.5649 -3.6172 1.2978941906
-19.8002 -4.0154 2.07105060295
-21.8708 -4.0586 1.15073154558
-21.6518 -5.1883 0.921627153463
-22.2899 -4.5233 1.92151880032
-23.0256 -2.7482 0.387324992739
-23.2473 -3.0658 0.972850666855
-24.2052 -2.8959 1.68585638772
-25.8778 -3.1069 4.08008947573
-28.0211 0.3649 0.249810027821
-27.9887 0.6126 0.682922250333
-30.6408 10.3187 0.845856772746
-30.6506 11.1645 1.66590310943
-29.1377 11.8619 0.937023905778
-28.4353 11.2417 17.8934687532
-11.8872 4.4346 15.1404819993
-0.5838 -5.6385 0.478547855496
-0.2104 -5.9378 2.03170002215
0.5713 -7.8131 2.73417019404
3.2782 -7.4279 3.72487701005
6.5747 -5.6936 3.76858404444
10.1976 -4.6559 15.3628865601
20.4751 6.763 31.1049648296
47.3948 22.3466 6.19078378237
50.872 17.2246 0.665094053499
50.9329 16.5623 0.563919586466
50.7962 16.0152 0.248622002244
50.5511 16.0569 0.317838858543
50.8684 16.0754 0.241182462049
50.9821 15.8627 0.368157805839
51.1725 15.5476 0.289348958871
51.3776 15.3435 0.221945308578
51.531 15.1831 1.06675310171
50.5703 14.7194 16.4922031691
37.5039 4.6565 0.677795404233
37.6024 3.9859 7.95719817838
39.1578 -3.8178 1.0444918621
39.2368 -4.8593 0.885245333227
40.1211 -4.8184 0.954540879167
39.2056 -5.0886 0.346064517106
38.904 -5.2583 0.261492485552
39.1534 -5.3369 1.48356524966
47.0 -2.1234 4.17969679522
0.0 0.0 2.01024509202
2.0098 0.0423 0.945632513189
1.7984 0.964 2.07841834095
-0.133 0.1962 3.27855510248
-3.3946 -0.1368 1.18005247765
-3.6282 1.0199 1.29669043337
-4.6794 0.2607 5.06299722496
-3.0443 5.0524 3.25382093084
-4.2447 2.0281 0.657427014961
-4.6265 1.4929 1.4640739872
-5.4805 0.3037 3.40427242888
-13.6184 -15.9634 0.801597218059
-14.2707 -15.4975 7.68486689084
-6.9175 -13.2642 12.6084904933
2.5811 -4.9726 0.848943231318
3.4181 -4.8307 2.76152428923
6.1179 -4.2501 6.85630403206
12.9726 -4.3984 12.3539732766
14.474 7.864 37.268359055
46.7004 26.5827 9.43024108122
47.9295 17.2329 0.584121228856
47.6939 17.7674 0.923585848744
47.9708 16.8863 10.2494764691
43.5442 -9.5289 11.956177226
31.6587 -10.827 0.94395271068
32.2591 -11.5554 9.80616237373
36.761 -20.2671 3.72809240765
35.6516 -23.8263 3.82389493187
34.149 -27.3426 3.45095068785
31.1337 -29.021 4.09026659889
27.0479 -29.2121 3.60804149228
23.4424 -29.3475 1.86938632176
23.6285 -31.2076 0.272103803722
23.8733 -31.3264 1.97605851128
23.1401 -33.1614 4.69420494227
22.8431 -28.4766 0.695882928372
22.545 -27.8478 2.13173894274
20.4736 -27.3442 1.90495518582
20.4591 -29.2491 1.76315939438
20.1208 -30.9795 13.902038717
7.0228 -26.3202 2.42597313464
4.6362 -25.8849 3.03879542747
2.3619 -23.8695 1.69353689656
0.7118 -24.2506 3.27587525556
-1.8644 -22.2271 3.11987895278
-4.8952 -21.4869 1.39794713777
-6.1404 -20.8515 2.00021712821
-8.0754 -20.3449 9.90679067509
-4.6856 -11.0361 15.6890431158
-9.0606 4.0306 0.816361807044
-9.8228 3.7382 5.09261685678
-14.4571 1.6268 4.81276649132
-15.847 6.2345 0.293189102799
-16.0106 5.9912 0.591413831424
-15.892 6.5706 0.89998440542
-16.7723 6.3834 11.2676446807
-19.2275 -4.6135 1.87788783478
-21.1019 -4.4991 2.4550242952
-23.5149 -4.0468 4.55941009891
-28.0738 -4.115 4.20755462115
-32.2803 -4.2092 2.73299668862
-33.8042 -1.9405 3.38800328365
-35.0402 1.214 2.31550793132
-36.4489 -0.6237 0.512705617289
-36.7546 -0.2121 1.18339607064
-37.8511 -0.6572 1.4513707762
0.0 0.0 7.50042506662
-1.7463 7.2943 16.6167859061
4.8966 22.5255 0.632456678358
4.4678 22.0606 10.7437640564
-4.1049 15.5847 0.54045448467
-3.6057 15.3776 9.33265850495
3.1037 8.8905 0.671512025209
3.7695 8.9779 1.36523236118
3.7601 7.6127 0.294074310337
3.49 7.729 1.49484442669
3.7715 9.1971 18.5789240749
8.9752 27.0324 5.13591110223
12.4283 30.8342 6.96800418484
15.9417 24.8168 2.79098714615
16.7998 22.161 0.311448230048
16.6842 21.8718 1.67115113919
16.5224 23.5351 0.238403397627
16.5407 23.2974 2.42921638394
17.4589 21.0484 0.701926776808
17.0827 20.4558 1.66900762431
16.946 22.1192 0.662032174445
17.1776 22.7394 8.93393186732
21.3057 30.6624 4.2614168923
24.728 33.2016 3.12066122801
27.8255 32.8221 2.19465842673
30.0174 32.7121 3.52661961657
33.333 31.5105 4.36819349961
37.6923 31.2319 0.622682366861
38.1701 30.8326 1.86870180874
39.6635 29.7093 2.16887835528
40.5651 27.7367 3.16570726695
40.3836 24.5762 0.850443937012
40.4936 23.7329 0.905667941356
39.9287 23.025 4.8125606417
40.6879 18.2727 11.4178387294
41.9084 6.2456 2.01755913172
0.0 0.0 4.07096020369
3.5853 -1.9283 7.82525869732
0.2991 5.1735 1.89505365887
0.0822 3.2909 5.14843636457
-5.0524 2.9137 2.45240010602
-7.4042 2.2185 3.97810545109
-9.1769 5.7798 1.20793521763
-10.3076 6.2048 1.50904511861
-11.621 6.9479 1.03664015936
-12.3669 6.228 0.942461251193
-13.2205 6.6275 0.976081472009
-14.1953 6.6775 1.80038010709
-15.9951 6.7232 0.143462503812
-15.9566 6.585 1.73390461387
-17.6902 6.6175 1.07438537313
-16.7355 7.1103 0.705400708817
-17.4409 7.1113 0.329674763972
-17.7616 7.1877 0.764599162961
-18.1278 7.8589 2.45934532955
-18.0783 15.584 0.954109768318
-18.9107 15.1177 0.812673224611
-18.3671 15.7218 0.44980664735
-17.941 15.5777 0.814401817287
-17.1556 15.3623 0.994596847974
-17.9091 16.0115 2.03587803662
-15.9378 15.5028 1.32513208776
-14.8811 16.3024 0.391942559567
-14.6342 16.6068 0.839752636197
-14.8437 17.42 0.613375007642
-14.2974 17.1411 0.493054246508
-14.7281 17.3811 0.235636881663
-14.9388 17.2756 0.202446165684
-14.7759 17.3958 0.841688897396
-13.9353 17.353 1.05906385549
-14.3868 16.395 0.992330917587
-14.3317 17.3858 12.5985098075
-8.5696 28.5894 16.4974314258
7.745 31.0387 0.811387318116
6.9353 31.091 9.73812801569
-2.7753 30.3593 2.73278196898
-0.0873 29.8666 0.482730411306
0.3391 30.0929 1.15528701196
1.3313 30.6847 1.73692266955
2.9557 31.2997 1.02219141554
3.9409 31.5722 2.75753020654
6.6631 31.1322 2.67410276541
8.4727 33.101 2.24162415449
10.4541 32.0527 0.286979737961
10.7345 31.9916 0.109711667565
0.0 0.0 1.99461132555
1.9865 0.1797 1.3557095928
1.9814 1.5354 2.23398671885
-0.1931 2.0475 1.27427766205
-1.4671 2.0209 2.45812348144
-3.5667 3.2992 0.550487429466
-4.0462 3.0288 0.741456431626
-4.6892 3.398 0.200073286573
-29.0523 2.363 0.994215952397
-28.8813 3.3424 0.631185780892
-28.9795 2.7189 4.42599143357
-27.2151 6.778 0.746807994065
-27.0388 7.5037 0.179913006756
-26.9838 7.3324 1.28124176095
-25.734 7.6145 0.229948037608
-25.7293 7.3846 13.526504289
-30.7375 -5.1806 0.128120451139
-30.7737 -5.3035 0.648047043045
-30.5121 -5.8964 0.428640012131
-30.6622 -5.4949 0.981015784786
-30.3043 -4.5815 6.91081785175
-34.6086 0.8252 1.15350288253
-33.4675 0.9939 1.13345456018
-33.2015 -0.1079 14.3565921451
-22.7606 -9.9618 1.1290832476
-22.5419 -11.0695 19.2640233596
-10.9595 -26.4627 0.387771853027
-11.2246 -26.7457 0.635769934803
-10.6381 -26.5003 0.422840691041
-10.2157 -26.5196 1.93570536239
-8.4795 -25.6637 0.879952328254
-7.6012 -25.7176 0.66617031606
-6.9427 -25.8184 0.480902952788
-6.4893 -25.9787 1.86129588459
-4.6399 -26.1888 1.20979802033
-5.1129 -25.0753 10.3534444959
-11.5612 -16.9751 0.965233909475
-11.1817 -16.0876 0.905182771599
-10.7253 -16.8693 11.0998842706
-3.3484 -25.1632 0.856620441036
-4.2041 -25.2029 0.796464299263
-4.0094 -25.9752 5.91801142699
-9.6816 -27.6631 2.2341765821
-7.4736 -27.3221 7.88197874902
-3.5914 -20.4625 11.6934753863
5.0636 -12.5994 0.660429935724
5.7193 -12.6783 0.74419197792
4.9762 -12.638 4.59047643388
9.4829 -11.765 3.74438006217
12.7787 -9.9879 0.646700935518
13.4184 -9.893 2.14370265196
15.2589 -8.7939 0.717509874497
15.9368 -8.5588 1.90759808136
17.8356 -8.7418 2.89653421178
20.7076 -8.3656 3.8710978727
24.3019 -6.9281 0.690928433342
24.8798 -6.5494 0.562189798911
25.3482 -6.2385 0.371328022104
25.6629 -6.0414 2.50280200775
27.4512 -4.2904 0.600726535122
28.0506 -4.2505 0.494725661352
28.5448 -4.2277 0.877307939096
29.2217 -3.6696 0.484433411317
29.6754 -3.8394 0.131877594761
29.5853 -3.9357 1.23540719198
29.9766 -2.7639 11.0289943785
31.4628 8.1645 2.15797189277
33.4993 7.4507 1.04251519893
34.5268 7.2744 0.23049598695
34.7534 7.2322 1.20417596721
34.8408 8.4332 0.591555458093
35.3977 8.2337 9.06307323815
30.7701 0.4411 1.04173411675
31.4467 -0.351 8.22199033081
34.7687 -7.872 2.49439294619
32.5166 -6.7996 0.822910663438
33.0836 -6.2032 13.5618526054
33.6576 7.3465 0.293584144667
33.939 7.4302 0.259441130124
33.9829 7.6859 0.452738710516
33.5304 7.7006 0.891118628466
33.93 6.9041 5.25625883115
43.568 9.531 10.6514785476
32.9169 9.4412 0.769549179715
32.9256 10.2107 1.54963279521
31.3772 10.2725 11.3217308226
21.5443 15.8846 1.23834118885
23.2303 26.8486 0.897164003959
23.1493 27.7421 3.61444384795
26.7236 28.2793 4.05136204874
30.5699 29.5519 4.94608868602
35.4724 30.2071 0.713150110426
36.1356 29.9449 3.8802098719
39.9035 29.0181 2.18020011238
39.9042 26.8379 0.413187911246
40.0026 26.4366 0.210180232182
39.9884 26.6463 1.48544948416
39.948 25.1614 7.66858561731
39.3651 17.515 11.0008519984
42.8613 7.0845 0.871620158096
42.5734 7.9072 0.461952659912
0.0 0.0 1.99596818111
1.8927 -0.6337 0.335682424324
2.0357 -0.9374 1.23690027488
0.8259 -1.1949 1.38912843179
-0.5315 -1.4901 2.31234282277
-2.8437 -1.5158 1.06382291759
-3.5885 -2.2754 11.2652228762
7.2804 -5.2372 0.919902435044
7.4549 -6.1404 0.703595295607
6.8074 -6.4157 9.36973475452
-2.0802 -9.3826 0.393273060354
-2.3015 -9.0575 1.03276983399
-10.3786 -10.9039 1.10669414474
-11.0698 -10.0396 0.915908472501
-10.8766 -10.9349 11.0431370946
-9.1721 -21.8457 0.676982555167
-9.5234 -22.4244 0.308615618529
-9.7276 -22.193 5.38203615837
-4.424 -21.2775 9.23530957684
27.9289 -23.1329 3.18996168629
31.0199 -22.3445 1.01556579797
32.0169 -22.1512 2.25363710477
34.1413 -21.399 1.29268002615
34.5035 -22.6399 5.99372342455
33.7028 -28.5799 0.988271996972
34.6353 -28.9072 1.39508366774
35.9415 -28.4172 2.87141822102
38.8127 -28.4526 2.64052996575
40.2692 -26.2501 2.15737266136
41.1776 -24.2933 2.21880157968
40.9314 -22.0882 4.65721366699
40.0681 -17.5117 0.60258055893
40.4999 -17.932 2.84893500452
41.722 -20.5055 1.15516393642
41.1514 -19.5011 0.451825497289
40.7362 -19.3229 0.332261102147
40.445 -19.1629 0.234886036196
40.2462 -19.0378 0.0978756864599
40.1531 -19.0076 0.108281346501
40.0625 -18.9483 0.0141155942135
40.0488 -18.9449 0.025495097568
40.0258 -18.9339 0.615160377463
39.706 -19.4594 0.574131352567
39.7 -18.8853 0.367415024189
39.7852 -18.5279 0.672702616317
39.2952 -18.067 0.196576346492
39.4547 -17.9521 0.988835764928
39.6571 -18.92 1.10505979929
39.8667 -17.835 11.1471244619
43.3741 -9.2996 16.6922136114
26.8446 -6.9746 3.14920497428
27.1112 -10.1125 2.54759321714
27.2216 -12.6577 1.66409710354
26.1795 -13.9551 1.05973810444
25.7906 -12.9693 10.2625691325
18.9468 -5.3219 0.222410476372
18.8069 -5.149 1.21139723047
18.25 -6.2248 8.8605065459
11.3705 -11.8088 1.30341711666
10.5108 -12.7885 3.22109724473
7.3119 -12.411 8.15721120604
-0.8006 -11.5581 2.10363902797
-2.896 -11.7441 4.95066009033
-7.5693 -10.1103 0.907935239981
-8.1509 -10.8075 1.27241468869
-6.9164 -11.1158 0.634932705096
-7.5199 -11.3131 23.0379572415
-23.8885 -29.0294 0.54012925305
-23.4029 -28.7929 9.18995388509
-23.0429 -19.61 0.510532320231
-23.5532 -19.6254 0.384398400101
-23.2515 -19.8636 0.865272488873
-22.6467 -19.2448 1.39703532525
-22.9816 -17.8885 0.669175948462
-22.4435 -17.4907 0.278440244936
-22.5911 -17.2546 1.10057276452
-12.8202 -19.6062 0.905034109854
-14.5422 -10.2223 0.794825823687
-15.0097 -9.5795 1.13022158005
-16.0618 -9.1666 0.905690189855
-15.7502 -8.3162 0.603122955955
-15.8795 -7.7271 12.7537219246
-19.7233 4.4336 0.639341489347
-20.1058 3.9213 3.61086476069
-22.4082 1.1397 1.35122802295
-23.0276 2.3406 1.0670441884
-23.8647 1.6789 0.751675096036
-31.3218 -1.5071 0.391724392909
-31.1238 -1.1691 0.583202006169
-30.8361 -1.6764 10.4022886794
-32.0077 -12.0125 1.08585342013
-30.9235 -12.0724 17.110852361
-14.8571 -6.1858 0.275216932619
-14.6027 -6.2908 1.91444848455
-12.6947 -6.1338 0.747846200766
-11.971 -6.3223 0.485876630432
-11.4853 -6.3092 0.641850091532
-10.9476 -6.6597 1.93976998636
-9.029 -6.3739 1.50079939033
-7.619 -6.888 1.16904420789
-8.278 -7.8536 8.64131813614
-13.7808 -14.5163 0.78887467319
-13.019 -14.7212 9.57819789731
-6.3376 -7.8582 0.719482828148
-5.8481 -8.3855 0.783046135295
-5.0871 -8.57 4.81152422004
-0.6685 -6.6656 4.23109279619
3.4955 -5.9151 5.1806965217
8.6734 -5.7449 0.988072487219
9.6154 -6.0431 0.757497696366
10.368 -5.9571 2.11685314559
12.2112 -6.9981 3.44535804961
15.6565 -6.9781 0.76597861589
16.3845 -6.7399 0.687942468525
17.0723 -6.7259 2.11094027628
18.8276 -5.5533 2.74779992358
21.2187 -4.1994 2.45234879248
23.4495 -3.1808 1.17026855038
24.5503 -3.578 2.38673484493
26.8754 -4.1169 0.625253372642
27.2557 -3.6206 0.458394426231
27.6174 -3.339 1.87973193834
26.7734 -1.6594 1.74061977468
28.4592 -2.0928 2.15371354177
30.0123 -0.6007 1.65489905734
31.6283 -0.9574 0.50650276406
31.9875 -0.6003 1.04737111379
30.9474 -0.4771 0.503605758506
31.415 -0.2901 0.344080513834
31.7582 -0.2655 1.05525204572
31.0284 0.4967 0.570074591611
30.5114 0.2565 0.624707499555
30.1129 0.7376 0.976863316949
29.1542 0.5501 0.597773100767
29.7474 0.6239 1.16343481124
29.7384 -0.5395 1.0728642505
29.5773 0.5212 8.5955838487
31.634 8.8671 1.06324132726
32.4856 8.2305 0.47355617407
32.9312 8.3908 0.22941955017
33.1574 8.3525 1.34527899337
32.2095 7.3979 14.2991198726
38.6107 20.1842 2.70880400546
39.369 17.5837 0.957565590443
39.9321 18.3582 0.992458039415
40.0786 3.2 1.77312535372
36.2604 22.0649 2.94211386591
36.5698 24.9907 2.57978636712
38.5047 26.697 2.32923362718
40.4374 25.397 2.32472484393
40.187 23.0858 0.597066168862
40.1125 22.4934 11.4410161481
39.028 11.1039 1.44512343071
0.0 0.0 1.94852499342
1.8646 -0.5657 0.159956556602
-4.5033 2.4832 1.89314698848
-4.6507 4.3706 1.55209979061
-6.2027 4.3882 1.87663670432
-8.0743 4.2508 1.55079105298
-9.4076 5.0428 1.37954466763
-10.5746 5.7785 1.34031581726
-11.0911 7.0153 1.7924701448
-12.4272 8.2102 1.00525054091
-11.5433 8.689 7.68957649354
-4.5777 11.9463 1.03363975349
-5.611 11.9198 1.91378559405
-5.6291 10.0061 0.973400184919
-5.9545 9.0887 0.970320426457
-5.0502 8.7369 6.55893416418
-4.5778 15.2788 0.664432208732
-4.1128 15.7534 7.30149581182
-4.8693 8.4912 1.59071647065
-3.5118 7.662 1.02168868057
-3.6592 8.673 1.52412913167
-5.1712 8.4811 13.0675277758
-12.2348 -2.5128 6.53226348826
-14.7206 3.528 1.16365673633
-15.8166 3.919 2.01659608499
-17.7185 3.2486 0.458423952254
-18.1331 3.4442 1.40746712217
-16.8132 3.9329 0.565346194822
-25.0519 3.5874 1.04590964237
-25.9466 4.1291 0.38249911111
-25.5765 4.2257 0.608369114929
-25.3542 4.792 1.208381074
-25.8843 3.7061 10.9378277414
-36.7884 4.5644 0.907373010399
-37.0297 3.6897 18.2620217731
-28.3565 -12.3813 7.37866009788
-21.0095 -13.0641 15.9627502774
-7.5424 -4.494 5.2375137995
-2.9478 -1.9798 5.21929735597
2.2614 -2.3043 3.36701525093
5.5495 -3.029 2.18723458504
7.7367 -3.0413 2.89210044258
10.6288 -3.0429 1.01374452403
10.5268 -4.0515 0.549187181205
10.9048 -3.6531 4.50220501532
15.3794 -4.1509 1.64276847121
16.5959 -5.2549 37.2166528629
46.9205 -26.8303 0.790448682711
47.0181 -27.6147 0.760981944595
46.7427 -26.9053 3.24046554834
46.5563 -23.6702 2.98769365565
44.093 -21.9795 2.07693514583
44.6936 -19.9913 0.225740780543
44.6795 -19.766 0.976511797164
44.6747 -18.7895 11.9683801348
40.6844 -7.5059 42.4049862216
49.3702 34.0 8.42390514251
49.2985 25.5764 3.47956425145
45.9378 24.6747 2.55526900736
46.3891 22.1596 0.662776923255
46.8597 21.6929 2.1792555059
44.7213 21.2729 0.821110881672
45.1175 21.9921 1.24004919257
45.0665 20.7531 1.06096481092
45.9573 21.3294 1.92999005179
47.1461 22.8498 1.14590534077
47.0309 21.7097 0.53421603308
46.518 21.5603 2.10297284814
48.2262 20.3337 0.629759319105
48.7194 19.9421 0.858646219348
49.4236 19.4508 0.278460930832
49.5901 19.2276 0.193582566364
49.7171 19.0815 0.337424628621
49.8778 18.7848 0.614733145357
50.3588 18.402 0.959223774726
51.024 17.7109 0.425523971123
51.2147 17.3305 0.28353350772
51.4225 17.1376 1.11003899481
52.0616 18.0452 0.323435696855
51.952 17.7409 0.186556693796
52.0228 17.5683 0.0674561338946
52.0055 17.5031 0.0982723765867
52.061 17.422 0.0362491379208
52.0784 17.3902 0.0745660110238
43.3614 -9.2501 14.0528995279
29.3419 -8.2818 6.37404021402
26.0148 -2.845 1.22007846059
25.3527 -1.8202 16.3171223961
21.8412 14.1146 0.0964888594606
21.7961 14.1999 4.89514250048
25.7292 11.2856 1.20023799723
26.6557 12.0486 1.19289339004
25.9799 11.0656 10.4968421428
19.0103 3.2165 11.715519933
10.953 -5.2884 0.863435955934
10.1033 -5.4418 3.57005487073
0.3978 -24.9542 1.15927274185
-0.1174 -23.9157 10.9671215412
-6.9857 -15.3656 0.59861381541
-7.0222 -15.9631 9.71865545896
-0.7755 -23.4083 2.00460002245
0.9735 -24.3878 2.83110540249
2.8519 -26.506 2.86830663981
5.5556 -27.4637 2.12104586702
7.4517 -28.4143 3.34974064668
10.2225 -30.2967 0.744966361657
10.8437 -30.7079 0.944460930902
11.6803 -31.1462 3.76335393632
15.15 -32.6036 3.68471296711
18.7942 -33.1485 0.735200822905
18.5894 -33.8546 1.10163163535
17.7689 -33.1195 11.6807456817
6.7081 -29.3647 0.915464002569
7.5128 -29.8012 4.33271452671
11.2427 -32.0058 1.17694251346
12.3445 -32.4196 1.8379657913
14.1449 -32.7893 2.21870703339
13.3866 -30.7042 8.38405388461
18.8351 -24.3319 8.82680795361
13.3722 -31.2651 1.07035927146
12.3086 -31.3852 1.17670924616
12.6213 -30.2508 9.92614845144
20.2695 -23.9236 2.65418616717
22.2985 -22.2125 2.4307981611
24.5282 -21.2444 0.388627752483
24.8809 -21.0812 0.302428603145
25.0524 -20.8321 0.805984646256
25.6046 -20.245 1.07095016691
24.9941 -19.3651 1.3878088377
25.5717 -20.627 10.1049888689
31.8119 -28.575 1.07687490453
31.7685 -29.651 4.09309833256
35.6721 -30.882 0.841597160166
36.4548 -30.5727 0.668766723155
37.115 -30.466 2.07782358491
39.1841 -30.2758 2.79721472898
40.6473 -27.8918 1.75826313446
40.6324 -26.1336 0.78524012251
40.7642 -25.3595 1.33725113946
39.8554 -18.2149 11.4512187229
35.3714 -7.6781 0.869721363426
0.0 0.0 1.94730206183
1.9456 -0.0814 0.319093121204
1.9567 0.2375 0.758945083652
1.2337 0.4683 0.68561765584
0.5503 0.4132 4.2602794298
-3.7098 0.4523 0.470809781122
-3.6709 0.9215 2.26951650578
-4.774 2.9049 0.942879896912
-3.9591 3.3792 1.51487240387
-4.5623 1.9896 4.90426834502
-3.6507 6.8084 2.61390584566
-4.7971 4.4593 2.56427163148
-7.1597 3.4625 0.653669534245
-6.6478 3.056 1.18600179595
-6.9277 4.2085 0.629514638432
-6.6005 3.6707 12.2531913924
-1.2558 -7.3554 3.13000536262
-1.9387 -4.3008 1.49471913081
-3.1095 -3.3716 0.813718090004
-3.5552 -4.0524 7.51077722343
-9.7463 -8.3047 1.43696453679
-10.0795 -9.7025 0.48972589272
-5.6902 -13.8443 0.946359471871
-5.4857 -14.7683 4.93258609758
-3.1197 -19.0964 7.08740279157
-7.7274 -24.4816 2.56581649383
-5.1616 -24.4724 2.59341246237
19.747 -21.6326 3.62725832138
17.5183 -24.4944 0.549450134225
17.1471 -24.0893 4.46626300726
14.2429 -20.6962 1.19699601503
13.2784 -19.9873 0.99816898369
14.1538 -19.5077 0.64802435911
13.5067 -19.4731 11.6362477268
1.8717 -19.6435 0.236133182759
1.6425 -19.7003 7.07726660866
-4.3971 -16.011 1.99644248101
-6.3158 -15.4593 1.66423136913
-7.696 -14.5294 1.79997011364
-9.4956 -14.5659 6.48955009997
-5.6223 -9.359 15.3990286437
-11.0629 5.0469 2.91403486939
-13.782 6.0948 0.323300556758
-13.5307 5.8914 2.3819477786
-15.8828 6.2673 9.63912465113
-9.4458 -0.9075 0.417166885071
-9.7244 -0.597 8.79222030946
-14.1165 7.0196 1.41956424652
-15.1417 8.0015 2.67558236278
-17.1004 9.8242 1.77121572938
-18.5758 10.8042 0.475096211309
-18.6254 10.3317 0.292640393657
-18.8006 10.0973 0.30894404024
-18.6165 10.3454 5.98860105534
-23.1163 6.3938 0.0317959116869
-23.1436 6.3775 0.391827576875
-23.5114 6.5126 0.252121498488
-47.0 9.16 17.7213344207
-33.2087 -1.9686 0.893677671199
-32.3364 -2.1629 0.832673813687
-31.6006 -1.7731 1.49669437428
-32.34 -3.0744 0.791210850532
-31.987 -2.3663 2.21892688703
-29.7752 -2.1886 1.38652479603
-29.5003 -3.5476 21.7938664126
-17.3403 -21.6337 0.652411220014
-17.8905 -21.2831 2.92349262527
-15.0778 -20.4859 14.0465436051
-7.8041 -8.4693 0.919529385066
-6.9218 -8.2103 4.14091252987
-3.7871 -5.5046 6.16510944753
2.3696 -5.1827 2.91033464914
5.278 -5.2888 3.65866421799
8.8655 -4.5707 2.64966505053
11.3737 -3.7165 3.56024771189
13.1636 -0.6389 1.20274995739
14.2897 -0.2164 1.5529093792
15.7502 -0.7441 1.73603690341
14.0145 -0.7783 11.259460877
3.4625 -4.7065 15.1027596796
-1.487 -18.9752 0.814604474576
-1.1712 -19.7261 1.19013169019
-1.5624 -18.6021 18.1168810906
-5.2931 -0.8735 0.617246668683
-5.3764 -1.4851 8.36019053969
1.485 -27.3254 0.424264068712
1.065 -27.2654 2.81560781537
-1.0981 -25.463 5.80308701468
3.7356 -22.2519 0.392789460144
3.4426 -21.9903 4.14989663727
0.2007 -24.581 0.694973992319
-0.3731 -24.9731 0.933221693918
-0.4043 -25.9058 0.737575663915
-0.6148 -25.1989 8.75268119892
-8.8604 -22.263 3.59004283261
-12.2577 -21.1025 3.40102107756
-15.6528 -21.3031 0.643641592814
-16.0281 -21.826 1.37181234868
-17.0525 -20.9136 2.53686234944
-19.4458 -20.0723 3.06748251503
-21.7111 -18.004 1.21114509866
-22.7025 -17.3083 1.17832839226
-23.8207 -17.6799 2.46068872473
-26.1627 -16.9249 3.23785829523
-29.0224 -15.4064 5.5461086403
-34.0955 -13.1652 5.40733657636
-38.0772 -9.5066 3.16798379415
-40.9866 -8.253 1.08084284242
0.0 0.0 7.1275854011
-1.9551 6.8542 15.8500454006
4.8761 21.1566 0.299969681801
5.1751 21.1325 1.6547028283
3.8867 20.0942 15.1716315869
-8.3382 11.1092 0.772632538792
-8.7852 11.7394 10.9607350397
-5.5162 22.2013 4.66290620643
-3.9985 26.6103 1.98902102804
-2.2717 27.5974 2.71999218565
0.3473 28.3317 0.40409078188
0.7479 28.2787 2.11789802635
2.7886 27.7121 2.20361962462
4.6737 26.5709 7.30983024769
10.1397 21.7174 7.32767932773
4.954 26.8946 0.0387324153649
4.9508 26.9332 12.239785907
16.2469 31.646 0.758538133517
16.9908 31.4977 0.676181114791
17.6621 31.5788 2.40631279139
20.0591 31.3673 3.59535044189
23.6383 31.7077 8.39051682854
32.0255 31.9436 5.82539944467
37.8493 32.0801 4.20996029079
40.127 28.5395 1.62059326483
40.0763 26.9197 0.551532129617
40.0923 26.3684 0.438179187091
40.1339 25.9322 0.646289911727
40.0947 25.2871 0.90160800795
40.0909 24.3855 1.99038561339
39.8692 22.4075 0.808238758041
40.1807 23.1533 0.916965195632
39.2733 23.2854 1.3134453624
39.2037 21.9738 11.807270677
39.5497 10.1716 0.46785131185
39.4455 10.6277 0.195479538571
39.4207 10.8216 0.0336680857787
39.4112 10.8539 0.263983048698
39.1536 10.7962 0.369902379014
39.44 10.5621 0.0
39.44 10.5621 0.0562430440143
39.4422 10.6183 7.57461936337
43.3683 17.096 0.574092762539
46.5028 11.4022 1.41717637576
45.0886 11.494 0.239895185446
44.8615 11.4167 0.395454270428
45.5555 18.0267 0.583080526171
46.1372 17.9866 0.570210005174
46.1184 18.5565 0.985964157564
46.0138 17.5761 12.1644042982
0.0 0.0 2.01204771315
2.0112 -0.0584 0.599744653999
2.079 0.5375 0.824061678517
1.2559 0.4977 0.714830329519
0.5415 0.4729 0.356957952706
0.2538 0.6842 0.499801010403
-0.2198 0.8439 2.14707215761
-2.3656 0.77 0.850470516832
-3.2093 0.8771 1.27126664788
-2.4108 -0.1121 0.542275105458
-2.2563 0.4077 0.389031541138
-2.3086 0.7932 1.54678558307
-3.5094 -0.1818 5.08352829539
-1.8667 -4.9926 4.23381685008
-2.8003 -0.863 2.99069156049
-4.8263 1.3369 6.79721503632
-11.2055 3.6838 1.80511880218
-12.762 2.7696 1.60741699941
-14.3674 2.6891 4.36958432462
-18.7333 2.8685 1.49421666769
-20.2245 2.7736 3.72845230357
-23.9528 2.7399 2.32466198188
-26.2766 2.6766 2.12286334935
-28.3994 2.693 0.950799432057
-29.2324 2.2346 2.74684803002
-31.7413 3.3529 0.707000007072
-32.4483 3.353 3.06626130817
-34.7012 5.433 2.14103005584
-35.9089 3.6651 1.3683072937
-39.5704 3.7649 2.56031370148
-42.0592 4.3658 2.07095354125
-41.4208 6.3359 12.5851620768
-29.1823 9.2694 19.0564011148
-13.3539 19.8811 2.54329810482
-10.8384 20.2561 0.993074750459
-9.8659 20.4572 3.43327015686
-6.5438 21.3238 1.36935941958
-6.1977 19.9989 18.8200058366
-7.5522 1.2277 6.63641699262
-1.7915 4.5226 1.13207065592
-0.7981 5.0655 1.12060128949
-1.6956 4.3945 22.5123764603
-19.2639 -9.6825 0.267171031364
-19.1945 -9.4245 4.41040444064
-16.1507 -6.2328 10.8093450648
-17.8515 4.4419 0.842993534969
-17.0348 4.233 8.78139635821
-8.4158 2.552 0.890915557166
-8.4515 1.6618 0.662316540636
-8.2903 2.3042 2.32992438719
-7.113 4.3148 10.2450957809
2.9686 2.4918 0.622324031353
3.5654 2.6682 2.86453930676
6.2674 3.6194 3.17244893576
9.4093 4.0586 2.70975959266
11.8557 5.2239 4.49633531334
16.1983 4.0582 4.0899662847
20.2873 4.1471 0.635509126606
20.7817 3.7478 1.95671566918
22.5842 2.9864 2.5891043181
25.0993 2.3718 0.638289667784
25.7372 2.3941 2.20617176575
27.8741 1.8456 1.7611767231
29.6249 2.0365 1.06434127046
30.6102 1.634 0.409825828859
31.0177 1.6776 0.271957809228
31.2726 1.7724 0.272379331081
31.5421 1.7329 0.169633634637
31.7115 1.724 0.139240259983
31.8403 1.7769 0.471720309082
31.5901 2.1768 0.639370190109
31.6869 1.5448 1.41706429635
31.8478 2.9527 11.9700855373
32.0014 14.9218 0.421373053244
31.6332 15.1267 4.61021900131
29.945 19.4167 0.282170887938
29.8221 19.1627 0.325220448312
30.0168 19.4232 1.28221497808
30.489 20.6153 0.559651972211
31.0322 20.75 1.90677067578
32.8918 21.1715 0.80464014317
33.6878 21.2891 0.703142275788
34.3883 21.35 0.660143749497
35.0484 21.3576 0.73289699822
35.7784 21.2925 2.25732771214
37.7618 22.3703 1.31837151441
39.039 22.0434 0.836639880713
39.8735 21.9836 1.36883102317
40.8306 22.9622 0.927150645796
37.6685 6.2066 0.854426175863
37.961 5.4038 1.01826924239
