0.0 0.0 7.52583631233
-2.5312 7.0874 14.6300663847
0.7039 21.3553 1.12724743069
1.0265 22.4354 0.678108376294
1.3229 21.8255 14.4053382057
-7.1392 10.1676 11.3781289182
-6.909 -1.2082 0.865415148931
-7.4923 -0.5689 7.51578731205
-10.6579 6.2477 0.44133155337
-11.0956 6.1912 0.474782065794
-10.6232 6.1437 3.92994882918
-11.2828 10.0179 1.28405389295
-12.3652 9.3271 0.590410365763
-12.2278 9.9013 0.187534556816
-12.2614 9.7168 32.7241603816
-34.1976 34.0 6.42606756267
-29.856 29.2624 1.14985742594
-30.9503 29.6155 0.647123635791
-31.2421 29.0379 0.639020320491
-31.145 29.6695 1.14696846077
-31.2379 28.5263 11.428934222
-34.7815 17.6606 1.22417922299
-34.5389 18.8605 5.83378485205
-31.9428 24.0848 0.939402900783
-31.1094 24.5183 20.1483493443
-12.0417 31.0282 0.426168335285
-11.8628 30.6414 1.09267200019
-11.6287 29.5741 15.4306798168
-1.8947 17.601 0.559553044849
-1.4022 17.3354 4.59167100847
2.5565 15.009 3.95461649847
6.1602 13.3804 2.30593873509
8.3241 12.5836 2.14363633343
10.2908 11.7308 12.1839073306
8.5786 -0.3322 17.8702241206
13.004 -17.6458 6.84042325957
12.5821 -24.4732 0.581142710528
12.0687 -24.7455 0.669190772501
12.6452 -25.0853 0.430137768628
12.9323 -25.4056 0.489988622317
13.3524 -25.6578 1.81546116731
14.7118 -26.8611 0.970356887954
15.4178 -27.5268 0.827145918203
15.7679 -28.2762 2.03252049682
17.3065 -29.6043 2.66264383649
19.2869 -31.3841 0.518340062121
19.7178 -31.6722 1.51368642724
21.1252 -32.2294 4.53901598367
25.6469 -32.6255 0.876749838894
26.5157 -32.7433 4.04143777634
30.5344 -32.3152 0.874282357136
31.4086 -32.3032 3.59745527422
34.9649 -32.8458 4.26126441916
39.0427 -31.6089 2.23209388915
39.8635 -29.5332 0.743788578831
40.0003 -28.8021 2.29531405259
40.1077 -26.5093 0.859245063995
40.0989 -25.6501 0.340825013753
40.1226 -25.3101 1.56885482439
40.3865 -23.7636 0.742895093536
40.3049 -23.0252 0.587848636981
40.4168 -23.6023 1.12016071168
40.8947 -22.5892 7.71466918085
40.0438 -14.9216 5.91444726242
42.6244 9.9154 10.3707083582
32.274 9.2667 0.234484327835
32.4847 9.3696 0.877678756721
32.0527 10.1336 8.61652164159
33.3025 18.659 5.40428055989
33.6754 13.2676 6.82495553246
26.9635 12.0305 1.07259667163
26.8196 13.0934 24.8756455532
10.1184 31.5289 5.33124875147
4.8003 31.9031 1.40420349309
3.3966 31.8655 3.76977692311
0.1488 29.9516 4.62850992977
-1.4788 25.6187 3.69359933534
-5.1622 25.3444 2.92704678815
-8.0175 24.7003 1.32736003029
-9.0011 23.809 3.61600573147
-8.0219 20.3281 2.46373613035
-8.6265 17.9397 2.43152905185
-11.0478 17.7169 1.69710597194
-5.3589 -0.0669 17.4999353702
-0.1125 -16.7619 2.03242200834
1.8024 -17.443 3.20406067358
3.5772 -20.1106 1.15974761479
4.6495 -20.5524 2.130544299
6.3565 -21.8273 3.89724783533
8.058 -25.3335 4.07277407426
8.9951 -29.297 0.836241161388
9.5669 -29.9072 3.39591692625
11.9793 -32.2973 1.2373445761
11.1289 -33.1961 2.28059392484
12.7177 -31.56 2.02303495768
14.1817 -32.9562 0.932674916571
15.1048 -32.8229 9.32937185077
17.824 -23.8986 0.44210971489
18.23 -23.7236 3.30855829932
20.4199 -21.2435 1.70735167145
22.1261 -21.1808 0.330152994837
22.4175 -21.0256 0.145832678094
22.5626 -21.011 0.575687502036
23.1239 -20.8831 1.55472796334
23.8099 -22.2783 5.7677102233
26.752 -27.2392 4.5070226902
30.1072 -30.2485 0.575400356274
30.6803 -30.1971 2.58139483613
33.0364 -31.2518 2.81466986519
35.8026 -31.7719 0.502389251477
36.184 -32.0989 2.53702862617
38.5084 -31.0822 1.05802346382
39.2291 -30.3076 0.407107614765
39.3976 -29.937 1.22817380692
40.3335 -29.1417 0.501523488981
40.3585 -28.6408 0.371094165947
40.3997 -28.272 0.38242408397
40.3704 -27.8907 1.14219849851
40.4694 -26.7528 1.5559326078
39.9176 -25.298 7.15886563989
40.2914 -18.1489 4.48982150313
39.9497 -22.6257 0.581650221353
40.254 -22.13 0.979756234989
40.3092 -21.1518 5.47172628793
40.6073 -15.6882 6.32630553878
42.6254 9.9112 10.1308798483
32.5799 8.5987 0.708475842919
32.6898 7.8988 1.21701849205
32.2918 9.0489 11.1051502219
33.3439 20.1041 17.1033790796
19.4984 30.1454 5.05750696688
14.5318 29.1908 3.41815877045
11.1441 28.7355 3.86115044514
7.3171 29.2479 5.06640921462
2.3503 30.2476 6.85034588908
-2.8443 25.7818 0.66255580897
-2.7777 26.441 1.24272237044
-3.061 25.231 23.4942152152
-0.6127 1.8647 3.55510144018
-0.6159 -1.6904 1.03078628726
-0.5488 -0.6618 0.440682788409
-0.9882 -0.6954 1.4600709743
-1.1507 -2.1464 20.9448325393
-4.369 -22.8425 0.632012697657
-4.9468 -23.0986 1.31086275407
-4.5838 -21.839 14.2841537156
-4.1042 -7.5629 0.731893469024
-3.7099 -8.1795 12.0571629714
4.2917 -17.1989 4.36460381936
0.7242 -14.6844 1.19367526991
-0.123 -15.5253 4.43516421342
-0.9614 -19.8805 5.94393137242
-2.3494 -25.6601 2.57123631158
-3.9893 -27.6405 3.52444217998
-3.6795 -31.1513 1.18521426333
-3.7353 -32.3352 1.9614543023
-5.693 -32.4565 0.986469974201
-5.0581 -31.7015 1.18338715981
-4.543 -32.7669 1.39633064852
-5.0672 -31.4727 14.9750351041
4.0567 -19.5981 0.72571573636
3.3394 -19.4879 1.77812711863
4.8288 -18.5166 5.74103589956
8.9394 -22.5244 5.49172036888
13.4029 -19.325 3.10412461895
14.1975 -22.3257 0.235250674813
14.0627 -22.5185 1.48126060165
13.9428 -23.9949 0.0911803706946
13.9193 -24.083 3.56757856956
13.4912 -27.6248 0.406079167158
13.8514 -27.8123 3.1530544556
13.9248 -30.9645 0.743182783708
13.8016 -31.6974 1.40883955793
13.6025 -33.0921 1.10745129013
13.7681 -31.9971 2.63628942645
13.3118 -29.4006 0.510367641999
13.1585 -28.9138 0.0
13.1585 -28.9138 1.41724036423
13.9165 -27.7163 1.24955275599
14.199 -28.9335 0.963887882484
13.9911 -27.9923 0.0
13.9911 -27.9923 0.533721584724
14.2008 -28.4831 2.21288225624
13.418 -30.5529 2.5939670873
13.2025 -33.1379 0.731021675465
13.5755 -33.7666 1.29867258768
12.7723 -32.7461 0.765475623387
13.1881 -32.1034 1.19470224742
13.7116 -33.1773 0.455085057984
13.4496 -33.5494 1.15259127187
13.1546 -32.4352 8.05469270922
13.5656 -24.391 2.28743463295
12.3042 -22.4828 12.0964418256
1.8064 -28.4928 1.98669927518
0.3749 -29.8704 3.78086622085
-1.5218 -33.1411 3.44405349842
-4.9433 -32.7476 3.08058216901
-7.4212 -30.9173 3.2406598001
-9.5947 -28.5136 2.83439026953
-11.3791 -26.3114 0.86003523765
-11.8322 -27.0424 1.24099760274
-10.9838 -26.1367 13.8852796508
-2.2745 -15.3224 0.61510780356
-2.7989 -15.0009 0.23822359245
-2.8131 -15.2387 1.37386902578
-1.5602 -15.8024 12.7204375982
11.1111 -16.9194 1.03012971028
11.323 -15.9113 14.0849610926
13.5877 -2.0096 12.354701327
15.9935 10.1086 1.64029004752
14.5265 10.8424 19.7733070805
2.2306 26.3277 4.05493728188
-1.78 25.7297 6.08583016523
-5.7812 30.3153 3.77306729863
-9.3802 31.4481 2.88850869827
-11.9037 32.8536 3.36726863942
-15.2037 32.1839 2.13921096903
-17.3068 32.5753 0.989820655472
-16.4026 32.1726 1.20459306407
-17.5727 31.8864 6.42326355446
-11.3164 30.4314 1.97657223496
-13.1396 31.1948 2.98653103952
-15.7082 32.7185 0.879373691897
-16.5785 32.5925 1.0935864392
-17.6514 32.3808 16.0225275565
-6.2925 21.0805 18.5451247817
12.1781 19.4196 2.97128805234
12.6486 22.3534 0.580944790836
12.3693 22.8628 0.777391722364
12.7176 22.1678 1.30595033979
11.4674 21.7903 4.84090071061
9.6609 26.2815 3.42669806228
8.7253 29.578 4.25017231298
6.4523 33.1693 2.45799772579
6.9042 30.7532 4.39965677866
7.2618 26.3681 2.06106135765
6.8854 28.3945 0.773373939307
7.3029 27.7435 1.00904882439
6.7132 28.5623 0.133849803885
6.5881 28.6099 1.38812263507
6.7118 27.2273 12.3312141965
7.7598 14.9407 0.948027425764
8.4938 14.3407 1.27963037241
7.7368 15.3724 15.5323987639
-0.1688 28.7424 0.411836108179
-0.4051 29.0797 3.89244392381
0.091 32.9404 0.0981529418815
0.0448 33.027 2.90842186933
-2.8596 32.8741 3.21842288085
-6.0386 32.3719 3.98270339468
-9.5503 30.4931 1.17791728487
-8.3855 30.3178 0.514274187569
-8.783 29.9915 0.883631399397
-9.3536 30.6662 1.0041439588
-9.1251 29.6884 14.7707136104
-1.1561 17.2518 22.0473636422
5.927 -3.6268 0.798006246843
6.3919 -2.9782 5.30272693055
11.0736 -0.4881 0.250595869878
10.8409 -0.5811 1.09284575307
10.8309 -1.6739 3.96248563026
9.891 -5.5233 1.00392200892
9.5234 -6.4575 21.7193438365
1.6371 -26.6945 0.656622646579
1.2608 -26.1564 0.26380030326
1.2604 -25.8926 2.65131167538
-0.8684 -27.473 3.56547256896
-3.3354 -24.8988 2.53327911017
-5.8498 -24.5901 1.98935507137
-7.7262 -23.9293 1.8813098336
-9.4617 -23.2031 2.65240588523
-12.114 -23.1794 0.556446960635
-12.3479 -23.6843 0.758413950294
-11.5895 -23.6797 0.817823141027
-12.4057 -23.6282 0.592082240909
-12.9914 -23.5415 0.581841645123
-12.4257 -23.6776 1.26230036441
-13.5612 -23.1262 2.8553523723
-15.3821 -20.9268 15.2887481191
-7.2597 -7.9741 0.428067529719
-7.6862 -8.0107 1.3139651898
-6.3946 -8.2521 0.514156872948
-6.4073 -8.7661 0.317918621663
-6.3845 -8.449 1.09212775809
-7.3365 -7.9138 18.3505830022
9.9799 -13.9872 1.13411146718
9.9748 -12.8531 12.6280081953
10.8831 -0.2578 1.22144571717
10.5639 0.9212 1.11429181546
10.9534 -0.1228 9.78938250811
13.2824 -9.6311 4.49041795048
12.7405 -14.0887 1.08612375446
13.8021 -13.8592 1.10026100994
13.0796 -14.689 16.0201393564
4.4892 -28.2112 2.26058006936
3.1333 -30.02 2.25287576444
0.8913 -29.7989 1.96413065248
-1.0498 -30.0988 3.59848860774
-1.7233 -33.6337 3.58998685931
-5.2967 -33.289 3.72408049859
-8.3851 -31.208 1.44308765153
-9.8245 -31.1049 2.58981577916
-10.3829 -28.576 3.16746877017
-13.2094 -30.0056 2.13410078956
-14.3331 -28.1913 1.58009773432
-15.2724 -26.9207 0.934335036269
-15.776 -26.1337 1.09814244067
-15.5561 -25.0578 2.09908990756
-17.5749 -24.4828 2.04888911364
-19.3055 -23.386 3.14965137277
-22.0691 -21.8751 0.178531257767
-22.0841 -22.053 6.73613026745
-22.8904 -15.3653 1.50335669753
-23.8594 -14.2159 3.16694958122
-23.9283 -11.0497 4.64976938998
-23.588 -6.4124 2.54851631347
-24.7378 -4.138 2.64043969823
-23.8024 -1.6688 0.978486285034
-22.9503 -2.1498 0.946411966323
-23.1643 -1.2279 25.3718494787
-31.5802 22.7075 1.14967342319
-31.9135 23.8078 1.21742589097
-31.6327 22.6232 13.5680423061
-30.4218 9.1093 0.60690607181
-30.2285 8.534 1.18544118791
-30.7865 9.5799 1.88766227912
-30.5423 11.4517 1.40775529834
-31.4 10.3354 0.664153867714
-31.6556 10.9484 1.77034655364
-31.843 9.188 1.17120130635
-32.2465 10.2875 1.15475358843
-33.3697 10.0194 0.715919953626
-32.9874 10.6247 0.450346466623
-33.1611 10.2092 13.9077820841
-40.7796 21.8447 0.307708449673
-40.7428 21.5392 1.80547026561
-40.294 19.7904 12.4238556306
-28.3452 16.3877 28.4599632558
-0.7886 9.2741 9.61724398204
4.9184 1.5332 4.56363121319
6.1656 5.9231 0.179170644917
6.323 6.0087 3.08782784008
4.6744 8.6196 5.35359101165
3.217 13.771 2.36575890995
1.7639 15.6379 1.33272487783
0.9945 16.7261 10.5095536142
-2.9901 26.451 13.8692225207
-6.8243 13.1223 0.151029798384
-6.9753 13.1253 9.73863271974
-0.1728 20.0943 10.4119459209
-4.6253 29.5062 0.409974365052
-5.034 29.5385 9.31586923588
-0.6299 21.3294 1.25870912049
0.4662 20.7106 11.4903824523
11.3373 16.9893 0.973192730141
11.1776 16.0293 14.2011821085
12.7948 1.9205 10.3440396717
16.1265 -7.8723 0.327956780689
16.0926 -7.5461 2.51473761057
15.818 -5.0464 7.44019960082
16.4571 2.3663 5.29256471099
16.864 7.6432 4.56454140632
20.14 10.8217 1.15007450193
21.2656 10.5857 0.467001070663
21.2646 10.1187 0.894889367464
21.1483 11.006 21.5431554033
7.7191 27.8513 1.8740019477
6.0854 28.7694 3.89250696852
2.2049 29.0749 1.49472353297
0.8289 29.6587 2.74714302868
-1.849 30.2716 1.19465726047
-1.0036 29.4275 4.90619080856
2.3712 25.8664 4.15624194917
0.1845 29.4009 2.26975681517
-1.3703 27.7473 2.88072066678
-3.6737 29.4773 2.80516824807
-5.2694 31.7844 1.61634507454
-6.2672 33.056 0.567679522266
-6.3202 32.4908 18.7341432604
0.7747 15.1521 0.755835603819
0.5482 15.8732 9.76518267827
-2.6961 25.0837 5.19589571104
-6.5071 28.6155 1.30591086985
-6.4443 29.9199 0.6683273225
-7.1072 30.0049 1.63927169194
-6.816 31.6181 1.50274123188
-7.5296 32.9406 2.76104306558
-8.8405 30.5106 15.0838199784
2.4578 20.5171 8.78189813024
-2.6543 27.6577 1.53505578075
-3.9859 28.4214 0.860094797101
-4.6868 27.9229 2.00288258767
-6.1839 29.2534 1.16439972947
-6.5347 30.3637 1.52733122799
-7.7775 29.4759 0.929015618814
-8.0566 30.362 0.411312594021
-7.7865 30.0518 2.98754966486
-8.0043 33.0314 0.0296151988006
-8.0334 33.0369 1.2037689147
-7.3352 32.0563 17.3181399859
0.2669 16.4959 24.7571892108
10.111 -6.22 0.347360389221
10.455 -6.1718 0.713350474872
9.9263 -5.6929 14.3957812223
8.4147 8.6233 11.9656112406
3.6453 19.5973 0.551175108291
4.0103 20.0103 1.66208185418
2.8738 21.2231 6.23389781838
1.5887 27.3231 0.890512958917
0.7849 27.7064 3.86319867985
-2.9031 28.8566 1.55516404922
-4.376 29.3557 1.86051526465
-6.0808 30.1008 2.73382712694
-7.9738 28.1284 3.86426610109
-10.8979 25.6021 0.712498792981
-11.4096 25.1063 3.48435970732
-13.9745 22.7479 0.750192541952
-15.8276 21.844 1.32330873571
-14.59 22.3125 14.4347751794
-18.7238 8.4823 2.17326217931
-16.6849 7.73 0.0464277934001
-16.7254 7.7527 2.03837538496
-15.1379 9.0313 6.77382359454
-18.7026 3.2713 0.893263617305
-17.8096 3.293 1.91568165675
-16.1426 4.2369 6.96769597284
-17.8605 10.9895 15.0208446171
-10.0879 -1.864 0.408289076513
-9.6813 -1.9011 0.333913357025
-9.3475 -1.9098 2.06734381514
-7.3026 -1.606 0.686393538723
-6.8191 -2.0932 0.536605348464
-6.3614 -2.3733 2.26453728828
-4.2597 -3.2165 1.45571841371
-4.7604 -1.8496 10.500702747
-10.5177 6.9321 0.59426883647
-9.9273 6.8644 0.395164573311
-9.5493 6.7492 0.202701208679
-9.3466 6.7485 2.01346447945
-7.3766 6.3324 12.2093318155
0.2307 -3.2173 23.1932467606
6.3138 -25.5986 2.48872088632
8.3824 -26.9823 3.85268520515
10.8776 -29.9178 0.789654665028
11.4636 -30.4471 1.81373956785
12.7417 -31.734 1.56851805855
14.1104 -32.5001 1.45661460243
15.4877 -32.9742 0.831832891872
16.3127 -33.0806 9.69204491323
18.0905 -23.553 4.88988625635
15.9371 -19.1628 0.476134193269
16.168 -18.7464 0.245767959669
16.2885 -18.5322 1.51597589031
16.4348 -20.0411 8.68475674559
9.369 -14.9914 1.28984185852
9.1321 -13.7235 0.519341207685
9.4446 -14.1383 0.0988798260516
9.5225 -14.1992 1.25320809525
8.2887 -13.9795 12.6100956142
-4.2971 -13.1971 0.590906185447
-4.0157 -12.6775 9.68596174781
5.5946 -13.8858 12.1621161917
-6.5555 -14.4263 0.184347199599
-6.398 -14.3305 11.0397921235
-2.2982 -24.5808 14.6022047164
-1.7999 -9.9871 10.7295439428
-8.8538 -1.9022 0.718384806354
-8.3146 -1.4275 3.20306585945
-6.2235 0.9988 8.07874893532
-0.0235 -4.1806 0.781981291336
-0.667 -4.6249 11.8767807107
-12.0749 -7.9291 1.95765147562
-10.335 -8.8264 0.984602097296
-9.3698 -9.0209 0.820200865642
-8.5503 -9.0548 2.3232751559
-6.2372 -9.272 0.322450569855
-5.9766 -9.0821 0.165909011208
-5.9134 -8.9287 0.123429413026
-5.8715 -8.8126 2.02444074253
-4.0491 -7.931 8.6304025891
4.438 -6.3648 0.736041799085
3.7352 -6.5835 0.332872347905
3.4096 -6.5143 0.0583300951482
3.4188 -6.4567 1.39310680854
42.6264 9.9068 12.1421495136
30.5248 8.9153 19.7129273821
14.7647 20.7567 4.30271919837
11.4402 23.4882 4.76725531307
8.0141 26.8031 4.78337922916
3.6108 28.6717 3.09350880555
1.122 30.509 3.12111666716
-1.9991 30.4988 3.08116305638
-4.3554 28.5135 2.70121287018
-6.887 29.4556 1.48144734972
-8.0015 28.4796 3.94900834767
-10.7678 31.2978 2.82037126102
-13.546 31.7837 7.03043674959
-7.4768 28.2352 1.1082165357
-8.1258 29.1335 0.884303256807
-8.4637 29.9507 3.38154966399
-8.5395 33.3314 0.864395893095
-9.3796 33.1279 0.590470431097
-9.8639 32.7901 1.66192335864
-10.9394 31.5231 1.67027054695
-11.8471 32.9252 1.2728594895
-12.9853 32.3554 1.06035345994
-12.9298 31.2965 15.5296707357
-1.4508 20.8369 1.12164116365
-2.4145 20.263 1.00309716379
-1.4511 20.5424 15.8517645482
14.3916 20.0064 2.30878351086
13.5087 22.1397 0.9992091773
13.597 21.1444 1.08272442016
13.0419 22.074 15.2839491075
-0.3585 29.4244 3.80894760531
-2.404 32.6375 2.5676592862
-4.4054 31.029 2.10957804549
-6.1141 29.7918 2.18990975385
-8.2978 29.627 1.58253611965
-9.2037 28.3294 0.645182144824
-9.6565 27.8698 2.06996441515
-11.0173 26.31 1.15185229088
-12.1506 26.5159 1.22522945198
-13.3726 26.427 0.852528715059
-13.5987 27.249 0.766621366778
-14.3171 26.9814 1.5811585942
-14.8096 25.4789 1.34762076639
-15.5214 24.3346 1.36312482921
-16.8581 24.0675 1.89521731208
-18.721 23.719 1.98419723062
-20.6781 23.3922 1.51334765999
-20.8016 21.8839 1.3481834037
-22.1251 22.1407 1.23427317884
-21.0263 22.7029 7.83651873538
-25.9196 28.8239 2.30358417255
-28.0666 27.9891 7.61783253491
-21.3833 24.3333 25.5496036488
1.7998 13.5943 12.4437587139
3.3856 1.252 5.88532642595
3.1473 -4.6285 16.8383201597
-5.3171 -19.1847 0.54929635899
-5.6614 -19.6127 3.49682698743
-8.7631 -21.2274 1.72921534229
-10.4862 -21.3727 0.826771371057
-10.7931 -22.1404 0.791515659984
-10.9333 -22.9194 7.51507961967
-12.3968 -30.2906 0.63365436162
-12.6029 -30.8898 3.68117459787
-16.195 -30.0849 8.72397481542
-8.6247 -25.7492 0.0923584863453
-8.7144 -25.7272 1.30127870189
-9.9029 -25.1973 0.568267586617
-10.2548 -25.6435 1.20612071121
-9.1297 -25.2089 20.464590412
10.4591 -19.2862 0.30424401391
10.167 -19.2011 0.065206748117
10.1084 -19.1725 0.252623613306
10.3314 -19.2912 0.790539309586
10.864 -18.707 17.8883055612
13.0713 -0.9554 0.713213754775
13.0394 -1.6679 13.2342166168
14.1669 -14.854 0.674905986045
14.5822 -14.322 0.907306894055
15.179 -15.0054 0.436414401687
15.0273 -15.4146 1.20163377532
14.7 -14.2584 0.428021915327
15.0874 -14.4404 1.51772179928
14.1435 -15.6289 19.0546226079
0.9267 -29.3546 1.08490892705
-0.1446 -29.1833 1.39266774573
-0.8822 -30.3646 3.353348106
-2.6106 -27.491 9.97675591462
5.3601 -21.4907 2.07826885893
5.6608 -23.5471 0.809576710386
4.8577 -23.6493 11.2004972256
-3.869 -30.6704 0.262549747667
-3.7444 -30.9015 0.410580905547
-3.3356 -30.8633 1.7977694207
-5.1076 -30.56 2.63821640507
-7.5974 -29.6876 1.03542827854
-8.399 -29.0322 1.53088352268
-9.6034 -28.0872 2.42052181358
-11.3638 -26.4259 1.08784794893
-12.4484 -26.3419 1.39330754681
-12.232 -24.9655 2.09901325627
-14.2897 -25.3799 1.83343767006
-16.1084 -25.6119 2.31719355255
-17.6948 -23.9229 7.09041429678
-10.7105 -22.7008 0.487607475332
-10.2229 -22.6981 1.020440988
-11.0384 -22.0847 0.979110014248
-10.0655 -22.1948 19.8399341937
9.4704 -18.7348 0.784849189335
9.4339 -19.5188 1.3552847745
9.7928 -18.2119 23.181268302
8.6443 4.9409 20.2504716985
-4.4333 20.4024 2.70588995526
-3.6827 17.8027 0.293150899709
-3.3906 17.8275 12.3806408687
-10.0542 7.3931 0.521825420998
-10.0966 7.9132 9.68120842457
-3.1116 14.6166 0.360794858611
-3.1823 14.9704 1.35342945882
-1.8492 14.7367 13.8848763891
12.0255 15.2682 3.188282304
12.2673 18.4473 4.72915500698
7.5395 18.5605 0.104721392275
7.4724 18.6409 2.59292439149
5.7901 20.614 5.16678795578
1.6818 23.7473 4.50223095809
-0.3008 27.7895 2.72059889363
-2.4483 29.4598 0.496921653785
-2.2966 29.933 0.337124606044
-2.5546 30.15 4.47081165003
-5.0262 26.4245 0.257609510694
-4.9933 26.68 0.184233900246
-5.126 26.8078 3.55353165738
-5.3242 30.3558 0.641416565112
-5.0422 30.9319 0.0959216346816
-5.1002 30.8555 0.0892000560538
-5.1538 30.7842 0.0848495727744
-5.1797 30.7034 0.139041037108
-5.0457 30.7405 0.116977348235
-4.9324 30.7696 17.4391830824
-0.6401 13.8669 21.8282970497
10.5074 -4.9003 0.97535464832
10.5337 -5.8753 1.31396292946
10.994 -4.6446 14.8555601446
14.0301 9.8974 0.892140762436
13.1986 10.2207 22.0540847276
0.8865 28.5181 4.03260828001
-2.6358 30.4816 0.871829627852
-3.5055 30.4207 3.79397222183
-6.7684 28.4848 3.54135168686
-9.7495 26.5732 3.80005711799
-13.0152 24.6301 2.98260920169
-15.0113 22.4139 2.05370997222
-16.7922 21.3911 1.95876395975
-18.4902 20.4146 5.02908808533
-14.2538 17.7045 6.35398085062
-8.907 14.2716 1.23314779325
-8.3422 15.3678 0.823931368501
-9.1629 15.4407 1.09782276347
-8.0958 15.6986 0.663353789467
-7.781 15.1147 1.36480490181
-8.6281 14.0446 15.107166276
6.0836 10.6106 0.588408743987
6.5035 11.0228 1.53968425984
7.1676 9.6337 7.44505896081
9.9754 2.7384 1.18269523547
9.7665 1.5743 1.05782065115
9.6538 2.6261 16.1640508685
13.7926 18.2513 0.42740670327
13.7058 18.6698 1.48754920927
13.1994 17.2711 5.25835502225
13.5371 12.0236 1.50797584198
-0.5221 -18.4977 15.5023258313
-0.5504 -34.0 9.75812309053
-6.8312 -26.5319 0.813446113765
-6.4709 -25.8026 13.7671329917
0.0851 -13.6967 0.547114485277
-0.2654 -13.2766 0.210957554973
-0.3164 -13.4813 1.08036240679
0.7058 -13.831 0.955898828329
-0.2498 -13.8549 11.9600178545
-7.2336 -4.1457 0.927880725093
-7.7894 -3.4027 0.775544769823
6.8697 3.4893 0.155841586234
6.7139 3.4857 7.56482370581
0.0 0.0 2.10773578278
1.8622 0.9873 0.257889588778
2.1142 0.9325 1.27734656221
0.8622 1.1857 1.28168876487
1.3917 0.0185 18.8141807329
10.8193 -16.2632 0.556417693824
10.301 -16.4656 17.4566159484
1.0641 -31.2782 4.07546524706
-3.0112 -31.2415 2.70189215551
-4.7173 -29.1464 1.56008256192
-6.2537 -29.4172 1.07102588671
-7.0375 -28.6873 1.7606220946
-8.4165 -27.5927 2.1701735161
-10.185 -26.3349 1.82626638254
-11.7421 -25.3806 1.05424866611
-12.6141 -24.7881 1.12613203933
-13.0792 -23.7625 0.929188775223
-13.7149 -24.4402 2.9030123286
-23.9106 -18.7345 0.734794290941
-24.5293 -19.1309 0.561124095009
-23.9921 -19.293 2.32161816843
-21.6965 -19.6396 0.33790048831
-21.3608 -19.6781 8.60772951713
-14.0446 -15.1431 16.0948866318
0.5867 -8.4371 0.793914737236
1.3662 -8.5877 2.84876383367
4.1475 -9.204 1.56679164218
5.1594 -8.0078 3.04726898386
14.9031 -4.3558 1.10512540465
14.8077 -3.2548 13.5521429379
18.9016 9.6642 1.29068590292
18.2479 10.7771 17.6951940735
7.2582 24.646 6.22207524545
2.9922 29.1754 0.760325489511
2.4453 29.7036 2.82294348863
-0.326 29.1661 0.823737391406
0.06 29.8938 3.80305248189
-0.1417 33.6915 4.82801586679
-3.2053 29.96 3.41276212473
-6.5639 29.3544 2.91147962727
-8.964 27.7063 2.05392624259
-9.9914 25.9278 2.95622089838
-12.9252 26.2912 2.27580715571
-14.7302 24.9051 1.97098148393
-16.2662 23.67 1.17129325107
-17.1764 22.9328 1.05281620428
-18.22 22.7938 2.54520533749
-20.5586 21.7893 2.81824258182
-23.3248 21.2502 0.695800495832
-22.6411 21.121 14.0089219789
-32.416 31.156 5.75786666136
-38.144 31.7417 10.301420768
-48.4018 30.7947 2.36842067209
-48.5866 28.4335 3.88908791364
-50.145 24.8703 3.88968393189
-51.1597 21.1153 1.37722810384
-51.5676 18.0867 10.4889448793
-39.7835 14.6788 18.7723890605
-24.8583 26.0648 11.3200360357
-14.5047 30.6415 7.88794436656
-7.2179 33.6618 2.85071141998
-4.4061 33.1924 3.17480474518
-1.2395 32.9643 2.93660833275
1.682 32.6668 0.747424624962
2.4286 32.7019 5.05681815572
7.4831 32.5488 12.4212882814
-4.7408 30.3432 3.35329948111
-2.1662 32.4917 4.41512452033
2.1841 33.2455 0.681274871106
2.8653 33.2354 2.12141119541
4.7248 32.2143 0.494423350986
5.1942 32.3696 0.318921432331
5.467 32.2044 0.667877121932
6.0837 31.948 0.934990679098
6.9708 31.6526 1.28706499059
8.2358 31.8899 1.93640600082
9.9494 32.7917 6.57122565812
16.4057 31.5681 3.04631503295
18.7915 33.4623 2.56884921512
21.3425 33.16 0.546010814911
21.8884 33.149 0.355540110255
22.2398 33.0949 1.12231504044
23.337 32.8588 1.07732296457
24.2536 32.2927 1.57982618031
25.826 32.1397 7.52688896424
28.6032 25.1439 9.38363997285
29.4915 15.8024 0.278137825547
29.7043 15.9815 0.764472111983
18.6606 0.6383 4.37293337818
14.8659 -1.5349 4.10545485422
14.5289 -5.6265 19.6926324157
8.605 -24.407 3.66289637446
4.9426 -24.3467 3.60048460211
3.6847 -27.7203 0.54854813827
3.4256 -27.2368 16.2045171039
-4.6383 -13.1812 1.12433922372
-5.3221 -14.0737 13.580070519
-4.6434 -27.6368 7.18361852342
-6.4689 -20.689 7.00856039212
-7.9963 -13.8489 21.0234900825
-8.2292 7.1733 3.13775489801
-5.1054 7.4689 4.46393674238
-0.6886 6.8219 0.458491537545
-0.5211 6.3951 0.877518558208
0.2548 5.9852 1.11582623199
-0.7819 6.3979 10.5698105035
-10.1427 11.3067 14.1819157285
4.0151 12.1334 1.06222276383
4.9713 12.596 26.0914625786
27.5643 25.6467 17.2663981143
41.5303 15.4939 4.68325582901
46.2103 15.6685 0.572392050958
46.6488 16.0364 0.318135269972
46.9074 16.2217 0.941891931168
47.8279 16.4213 6.25783002086
44.6555 11.0272 1.16457367736
0.0 0.0 2.01735967294
2.0062 0.2119 0.0258520792201
1.9814 0.2192 2.56883812647
-0.345 1.3086 0.406099852253
-0.1928 0.9321 0.835975508014
-1.0184 1.0634 18.4859131281
7.1553 17.6441 0.283264417109
6.877 17.5913 12.594934579
-3.3514 24.9406 0.164284052787
-3.1952 24.8897 3.6926287574
-3.7327 21.2364 0.265746589818
-3.7922 20.9774 0.379492832607
-4.1157 21.1758 2.74127043722
-5.2877 23.6539 0.337852467802
-5.1027 23.9366 1.07184316017
-4.2701 23.2616 0.841829513619
-4.4003 24.0933 1.20075036956
-6.405 32.6028 10.2122314055
-16.5212 34.0 10.8342630635
-19.479 23.5773 1.83571237671
-17.6507 23.4125 0.338230483546
-17.3202 23.4844 1.41260272193
-15.9316 23.2251 0.804010031032
-15.1874 22.9208 0.429334380175
-14.7923 22.7528 0.330773714191
-14.4937 22.8951 2.80396092697
-12.8095 20.6533 0.82898420371
-12.1479 20.1538 0.763978697347
-11.4538 19.8346 2.28857883631
-9.8728 18.1799 0.287122848272
-10.156 18.2272 0.38886312502
-9.7678 18.2045 0.808179738672
-9.0243 17.8877 10.0499396142
-6.1202 27.5089 0.576709779699
-6.6966 27.5278 0.817045996257
-5.9326 27.8174 12.375815565
6.2771 29.8383 6.61466707401
8.0966 23.4788 3.82426601193
11.9204 23.4191 15.9476306008
27.5627 26.5248 6.41641111915
33.9768 26.697 0.896904169909
34.8493 26.4892 5.60801137035
40.298 25.162 0.500862306428
40.6552 24.8109 0.330885252013
40.9563 24.6737 0.462712578174
41.3556 24.4399 0.181345250834
41.4633 24.294 0.563820086552
41.243 23.775 5.78908727953
39.4102 18.2837 1.52980470976
39.4709 16.7551 0.156718346086
39.6101 16.6831 1.37675832665
39.7183 18.0556 1.17632783271
39.5109 16.8977 9.06974859464
40.8663 7.9298 0.98478270192
39.9142 8.1814 0.957948772117
40.5258 7.4441 0.0
0.0 0.0 1.98527947907
1.887 0.6169 0.439755613949
1.6702 0.2343 0.904607036232
0.7844 0.0508 0.847406496317
0.418 0.8149 12.2531192151
6.6575 11.3604 0.702005270635
6.2821 11.9536 18.8502617671
-5.8689 26.3649 2.2812552378
-7.0754 24.4288 2.99043451692
-9.062 22.1936 2.94493793823
-11.8459 23.1541 1.28671653833
-13.1136 22.9337 1.11620117362
-14.2211 22.7946 2.23586051667
-16.2247 21.8023 6.48018135086
-17.4162 15.4326 1.13194639891
-16.7531 20.3779 0.697505534028
-16.3765 20.965 0.430201871219
-16.3043 21.3891 0.142051047163
-16.41 21.2942 0.0179694184658
-16.4223 21.3073 0.990672751215
-15.4766 21.0122 1.28863450598
-14.2374 21.3657 0.373469409725
-13.864 21.3729 1.00883093232
-12.9776 21.8546 0.372772437286
-12.6256 21.7319 0.278915757891
-12.3606 21.6449 0.3981327668
-11.9833 21.5178 0.392681766829
-11.5937 21.4687 0.614095961556
-10.986 21.3803 0.164175668112
-10.8339 21.4421 0.314042369753
-10.702 21.7271 0.380749497702
-10.5133 22.0578 2.53154344423
-8.0119 21.6683 2.07136641375
-7.417 23.6524 0.492996389439
-7.043 23.3312 0.635231642789
-6.412 23.4044 0.431433714492
-6.2424 23.8011 0.141208852414
-6.1861 23.6716 1.39846138667
-4.9316 23.0536 0.36249325511
-4.571 23.0166 1.26454025242
-3.3208 22.8267 6.71307432552
-1.7981 29.3648 0.791641648728
-1.0806 29.6993 0.706495045984
-0.5056 30.1098 2.81749209404
2.3117 30.1427 4.44002061482
5.7542 32.9468 1.09611055099
6.8345 33.1323 2.97605351094
9.786 33.5138 2.22135600254
12.0025 33.367 1.61142801577
13.6078 33.5074 0.508233096128
14.1076 33.4152 1.172733772
15.2449 33.1291 1.74292577008
16.9869 33.1859 1.49059969811
18.4608 33.4084 2.4763466498
20.9371 33.3932 7.9350859214
22.8288 25.6869 0.605178486068
22.7238 26.2829 1.24770910472
23.7918 25.6378 0.0
23.7918 25.6378 0.8668303871
23.9124 24.7794 0.494573280718
24.2797 25.1106 0.386146617232
24.6658 25.1046 0.553169377316
25.2048 25.229 1.3885836561
26.5872 25.0981 0.683269910065
27.0001 25.6425 0.497283601177
27.2538 26.0702 0.455330143962
27.5943 26.3725 0.706838206381
28.1018 26.8645 0.742396511306
28.8355 26.9778 2.54760610181
31.3498 27.3884 13.7069504449
44.7893 30.0829 0.937600794582
44.9279 31.0102 0.699581960888
44.7493 30.3338 0.51596830329
44.6573 29.8261 0.591111833751
44.4111 29.2887 0.756184507908
44.2436 28.5513 0.694328632565
44.032 27.89 1.08635924077
43.6314 26.8802 0.750964240161
43.4637 26.1482 0.3348046744
43.3706 25.8266 0.226310803984
43.5219 25.6583 0.213184990091
43.6659 25.5011 1.09147322459
43.8153 24.4199 1.44099294238
43.3308 23.0628 1.64687676527
42.459 21.6656 8.52521824295
40.8293 13.2976 0.760951036533
40.8631 12.5374 0.389181525769
40.603 12.2479 1.31910311955
41.9132 12.0949 8.28703725103
47.7576 6.2197 0.457648249205
47.436 5.8941 5.08743839766
0.0 0.0 5.55728058856
5.5127 -0.7025 6.47418665934
-0.936 -0.1286 6.36661147315
0.3998 -6.3535 1.18703068621
-0.7695 -6.5579 0.477529025296
-4.3772 -7.5555 1.15972267375
-0.2082 -4.2488 1.49978793834
0.2549 -2.8223 12.9547088292
2.2555 9.977 9.22817018157
4.5858 18.9061 2.5803732947
6.6355 20.4736 0.238294481682
6.812 20.3135 2.18677851188
8.9985 20.2786 0.503586387822
9.5019 20.2923 0.329712662784
9.6531 19.9993 0.0965107247926
9.7397 19.9567 0.0877407544987
9.8235 19.9827 0.126035709226
9.7503 20.0853 1.16441778155
14.1409 26.6219 12.5336709722
2.6107 31.5359 0.564429428715
2.465 32.0812 5.22315257771
-2.5291 30.5514 3.85279814421
-5.4914 28.0879 2.75795043647
-8.0419 27.0385 3.20362853808
-10.811 25.4275 1.14742135242
-9.6636 25.4205 0.990142257456
-10.3256 26.1568 2.89374242461
-10.5385 29.0427 2.27956060678
-12.4919 30.2177 2.04607730548
-14.4672 30.7512 1.10235042069
-13.5086 30.2069 18.385072754
-5.761 13.534 2.78017763641
-7.1198 11.1085 2.08245918327
-8.9985 10.2101 13.0279215081
-11.3546 -2.603 21.2570475433
-19.2547 -22.3375 11.9275664261
-30.8689 -25.0536 12.1204947279
-42.3747 -21.2427 13.1865945028
-45.712 -34.0 5.54389515503
-41.4302 -30.4785 1.0675009555
-40.4992 -29.9562 6.20823189322
-36.2362 -25.443 2.70005138099
-38.1551 -23.5435 0.743001110363
-47.0 -9.16 11.7361443588
-36.2285 -4.5004 1.7755136975
-34.885 -5.6612 0.153818919513
-35.0385 -5.6513 10.2979753835
-42.2575 1.6927 2.67134099658
-39.9319 3.0071 9.05359074401
-41.4849 11.9265 0.566087837707
-42.0159 11.7303 0.984056350013
-42.7252 12.4124 0.787432517744
-42.2053 13.0038 22.6480287127
-23.7717 26.1619 0.292959331649
-24.0606 26.1133 8.30236485647
-17.4241 31.1019 6.6273448273
-10.9802 32.6504 0.461786931387
-10.5188 32.6315 1.27614950927
-9.2679 32.3789 8.39714574662
-10.2917 24.0444 0.605580217643
-9.7165 23.855 3.18865824133
-6.5572 23.4233 11.1204810584
-0.0591 32.4477 1.19922265656
0.9472 33.1 1.03046252237
0.3698 32.2465 8.35751695721
-2.1265 24.2705 0.428788479323
-2.3185 24.6539 0.0945937101503
-2.4011 24.6078 1.08334206048
-1.989 23.6059 17.3943519166
-6.0494 6.6921 1.13723696739
-4.9148 6.6147 1.04426160037
-4.3978 5.7074 11.0520974851
1.9861 -3.3145 0.187826009913
1.883 -3.4715 1.294791852
2.0865 -2.1928 13.1136722336
4.8149 10.6339 0.498914231106
5.0259 11.086 0.59269460939
5.3592 11.5761 0.263277800052
5.6224 11.5825 1.55430121276
7.1759 11.6324 2.08605320402
9.0673 12.5123 1.27137972691
9.7469 11.4378 1.32183783045
10.2403 12.6641 13.2588835465
13.695 25.465 7.28190115904
17.8118 31.4715 2.38405719101
20.0231 32.3625 0.771565013463
20.7755 32.5334 2.32180496166
23.0973 32.5382 1.16296834867
24.259 32.5925 2.86380316537
27.0326 33.3056 4.6598565171
31.6902 33.4506 2.33570339941
34.0171 33.248 3.23373454229
37.2474 33.099 3.67315449444
40.1479 30.8453 1.33450253278
40.2854 29.5179 0.347950628682
40.3546 29.1769 0.518440170126
40.4536 28.668 2.03581931664
39.9363 26.699 1.27915531895
40.007 25.4218 1.71533631105
40.4449 23.7633 1.04998061887
40.152 22.755 0.641837432688
40.0293 22.125 0.613252655926
39.6772 22.6271 0.86094560223
40.0199 21.8373 5.77367622317
40.3016 16.0705 0.944778519019
40.2087 17.0107 0.359667360209
39.8956 17.1877 0.21204237784
39.733 17.3238 1.55950097467
40.023 15.7915 0.345161310115
39.7437 15.9943 1.21923921361
40.2372 17.1092 1.29788456343
40.4537 15.8295 0.633779906592
39.8201 15.8144 0.364776493212
39.6668 16.1454 1.18950361496
39.6825 17.3348 1.1893428858
41.8164 -25.1322 1.08419022777
40.7327 -25.0996 23.0288565248
18.1227 -29.4718 5.46241664101
12.6747 -29.0752 4.94921938895
7.7281 -28.9142 3.08061676941
5.6209 -31.1614 1.18504476287
4.7962 -30.3104 4.0102805251
1.8429 -27.5974 3.28685506373
-1.2721 -26.5485 3.15227612052
-4.3414 -25.83 3.01581161879
-6.4758 -23.6994 0.96612763132
-6.75 -24.6258 1.27745718128
-7.0067 -23.3744 21.1654756065
-5.5589 -2.2585 3.57563907854
-9.133 -2.3634 6.83493793461
-13.6506 -7.4925 0.415369149071
-16.0484 -9.3307 1.2316785985
-15.6563 -10.4983 7.58328459178
-16.6477 -18.0165 0.49085737236
-16.1613 -18.0825 1.11568673022
-15.0555 -18.2307 0.489545850764
-14.566 -18.224 1.29306892701
-13.277 -18.3265 0.576095842721
-12.7021 -18.2894 2.82992917579
-10.0538 -17.2919 1.0931422826
-8.9881 -17.0485 13.0886664508
4.0074 -15.4896 0.327003440349
3.7467 -15.687 0.459826923962
3.7015 -16.1446 1.93662208239
4.8612 -17.6956 0.99136324826
5.0422 -18.6703 0.653380027243
4.3927 -18.7414 9.13082445839
-4.1758 -21.8962 1.10539759815
-3.5294 -22.7929 1.07231792394
-4.2081 -21.9627 5.31904479489
-5.4468 -16.7899 0.965686584768
-6.1155 -16.0932 0.995413823493
-5.6673 -16.982 5.79529766707
-6.4602 -22.7228 0.237906389153
-6.5799 -22.9284 1.42503643813
-6.1856 -21.559 1.64434928467
-4.68 -20.8979 0.231595552634
-4.5597 -20.7 0.397706223235
-4.9557 -20.7368 0.0575808996109
-4.9423 -20.6808 0.592547044546
-4.4763 -20.3148 1.32145747188
-3.2544 -20.818 1.07800906304
-4.2029 -21.3303 0.708646837289
-4.8082 -20.9618 0.930360559138
-3.8953 -20.7824 0.605703533092
-3.4607 -21.2043 0.505910713466
-3.9664 -21.1897 0.46285294641
-3.6766 -21.5506 1.11757115657
-2.7189 -22.1266 4.65567398558
-0.034 -25.9301 4.78289485563
2.7804 -29.7973 3.49027528141
4.3099 -32.9346 3.53727959455
7.8457 -32.8323 5.97565159711
13.7257 -31.7674 1.16712076924
14.8765 -31.9619 0.718689654858
15.0156 -32.667 0.310209251957
14.7649 -32.8497 1.44042859247
13.5967 -32.007 7.92896179837
5.8103 -30.5102 0.782727091648
6.4914 -30.8959 1.15407821225
5.6368 -30.1203 17.7923351556
-9.5482 -20.8476 0.857784990543
-9.9217 -20.0754 0.949578453841
-9.1585 -20.6404 13.5784100884
0.2533 -30.4277 0.815704419505
0.9202 -30.8974 3.51477689761
3.831 -32.8674 1.79013198675
5.6052 -33.1057 0.487375512311
6.0917 -33.0765 1.27083275454
7.3484 -32.8875 1.32046160489
8.6673 -32.8233 9.14051034243
12.6097 -24.5767 0.476251246718
12.8671 -24.9774 0.557083925455
13.423 -25.0137 1.34822523712
14.7585 -24.8289 1.30887072318
16.0669 -24.864 0.600271480249
16.6533 -24.7357 0.449640300685
17.0419 -24.5095 4.8934258848
20.8659 -21.4562 1.4380059979
22.1889 -20.8927 1.8323483075
23.7825 -19.9883 0.739039985386
24.5142 -20.0922 9.07468854893
28.7977 -28.0923 3.90144106325
32.6991 -28.1102 1.28985101853
33.846 -27.52 1.21255964389
35.0452 -27.3405 1.03774406286
36.0695 -27.174 2.26567719898
38.2381 -26.5179 0.532618972625
38.6905 -26.2368 0.326961358573
39.0063 -26.1521 2.11298350443
40.0403 -24.3094 0.870881765798
40.106 -23.441 0.443015812359
40.213 -23.0111 0.332549439933
40.2913 -22.6879 0.278342037788
40.3186 -22.4109 1.99043398785
39.9747 -20.4504 6.45258166395
39.7994 -14.0002 4.85147383998
39.6185 -9.1521 0.873860131829
40.1432 -8.4533 6.40680469813
41.0742 -2.1145 0.503439470046
35.9197 -10.6554 23.2671068734
19.6932 -27.3305 5.90549863263
13.9163 -28.5562 3.16687281241
10.9293 -29.6083 2.97877170995
8.0092 -29.02 3.05702583077
5.6435 -30.9562 5.77330537301
1.3868 -27.056 5.06396784844
-3.2366 -24.9901 1.32524767874
-4.3537 -24.2771 3.55197489997
-7.6724 -23.0111 9.49867939505
-13.7624 -15.7216 0.243606650156
-13.7642 -15.9652 1.22119945136
-14.6133 -15.0875 15.5683674475
-17.5347 2.1704 0.546169735522
-17.9204 2.5571 1.23873224306
-17.011 1.716 0.963286359293
-17.2729 2.643 0.155564070402
-17.2272 2.7917 0.527343957963
-17.7533 2.7555 1.35620931275
-16.8596 1.7354 6.5353440774
-18.4511 8.074 3.11389619609
-16.4997 5.6474 0.591344637246
-15.9109 5.7022 1.07105824305
-15.0785 5.0282 4.18747327394
-10.9954 5.9573 1.16975519661
-11.2343 4.8122 0.879530022228
-10.4334 5.1757 2.45769375025
-8.2933 3.9673 11.9388920173
-3.6839 -7.0459 45.4603427979
35.4362 -30.2032 10.1482472344
44.5974 -25.8375 5.80639338747
46.619 -20.3944 1.44708151118
46.965 -8.9259 0.945134932166
46.0402 -8.7309 0.970976832885
46.6526 -9.4844 0.330608000508
43.5123 9.4349 10.4345916552
33.1758 8.0075 0.270496136756
32.9062 7.9855 10.2738067609
22.7792 9.7161 1.08892825292
21.9797 10.4554 20.3064270282
8.9421 26.0237 5.44231264078
5.2229 29.9969 7.67784879312
-2.3271 31.3922 3.04544113882
-4.7384 29.532 1.2464862053
-5.6329 28.6639 3.58166432821
-8.3785 26.3639 2.0358277825
-9.7911 24.8979 0.992269242696
-8.9363 25.4018 10.9871474938
1.673 28.2584 11.0084387399
-9.2785 27.1402 0.764683575082
-8.5184 27.0566 11.0854900212
2.5631 27.354 2.59544904978
-0.0278 27.2004 3.54821047995
-2.7909 29.4264 3.02595429245
-5.8136 29.5667 2.92471266623
-8.1723 27.8374 2.02724722222
-9.9384 26.8421 3.02399877811
-12.5978 25.4026 1.42112386863
-11.5002 26.3053 0.229906785459
-11.7169 26.2285 18.4040886381
-29.5083 30.9377 13.3150067176
-42.5833 28.421 8.21826927339
-47.5481 21.8719 9.60399120835
-44.7929 12.6716 0.521792161689
-45.2004 12.3457 1.02190509344
-44.5695 13.1496 0.824505239522
-45.21 12.6304 18.9985547632
-34.637 -3.1543 19.1542931219
-21.4188 -17.0167 0.637289926172
-20.803 -16.8526 0.492399644598
-20.3355 -17.0072 1.31805957756
-19.0319 -16.8125 5.5608952202
-13.4713 -16.8698 11.7944730667
-6.6777 -7.2284 0.242578337862
-6.5397 -7.4279 1.30903798646
-6.0208 -6.2261 1.0911173814
-6.4741 -7.2186 10.6104140277
-8.4063 -17.6516 9.04275948259
-5.3508 -9.1407 2.41057390884
-4.4912 -11.3928 23.6425864034
2.4288 -34.0 10.2983255047
-4.9546 -26.8208 19.6969813327
-10.2497 -7.8489 0.943369757836
-9.4714 -7.3158 9.7841438486
0.31 -7.0841 0.497361327407
0.693 -6.7668 0.124478110526
0.7308 -6.8854 10.431523916
-9.4477 -4.6018 0.626958571199
-10.0745 -4.5877 1.11661827408
-9.0119 -4.2446 6.6974952109
-2.3158 -4.1079 0.704045999918
-2.8732 -3.6778 0.963306166284
-2.1883 -3.0004 0.0698090252045
-2.1496 -3.0585 7.42339632917
-9.5705 -3.251 6.63093500044
-2.9588 -2.7463 1.38617934265
-1.8949 -1.8577 8.67003502703
10.1752 10.7221 6.30514470968
8.6686 16.8446 11.8432955992
1.6403 26.377 1.13507112112
2.4122 27.2092 2.75921365791
0.6282 29.3141 3.83476765659
-3.0431 30.4218 0.885556694967
0.8324 13.5871 1.08806111961
-0.2432 13.4229 16.0316969688
-14.2085 21.296 0.99373349546
-13.255 21.0161 1.22669001789
-12.0336 20.9023 0.560488715319
-11.4754 20.9529 1.02064570248
-10.4633 21.0847 2.66513593274
-7.8606 21.6582 1.48868474836
-7.4978 20.2144 0.896090871508
-8.158 19.6085 0.87741705021
-7.3242 19.8817 1.67001308977
-5.8586 20.6823 0.317708199454
-5.5719 20.8192 1.21890223152
-5.8498 22.006 1.13672196249
-6.9379 21.6771 0.102690067679
-7.0405 21.6728 2.44466591787
-5.1832 23.2624 1.18527226408
-4.5085 24.2369 0.57387525648
-4.0669 24.6034 0.375419232326
-3.7643 24.8256 0.335289621074
-3.9675 25.0923 0.30532888825
-3.7598 25.3161 0.721651390908
-3.0411 25.3813 1.1212424002
-3.9697 26.0097 1.07188501715
-2.8979 25.9962 0.507845970743
-2.4586 25.7414 0.417140455962
-2.1976 26.0668 0.221421972713
-2.0839 26.2568 3.26374600881
0.9916 27.3492 4.03216520619
5.0236 27.3127 7.95109910453
12.662 29.5206 0.939292803124
13.5356 29.8657 3.90444545742
16.5148 32.3894 5.01236014368
21.4418 33.3105 3.79677482345
25.2377 33.229 0.8625408628
26.0982 33.1697 0.788489524344
26.704 32.665 2.87757448209
29.5809 32.6027 2.09451295054
31.6594 32.3442 3.66679844687
34.9911 30.8128 1.80040513496
36.7567 30.4605 4.2930478835
40.3305 28.0818 3.47934405312
39.9457 24.6238 1.75943396011
40.7126 23.0403 1.48480019531
40.3707 21.5954 12.0902244814
41.0783 9.5259 0.266985486497
41.2113 9.7574 1.22498930608
40.0527 9.3596 0.0
40.0527 9.3596 1.5128959019
41.5403 9.0841 0.719913085032
41.4865 9.802 1.32910000376
