0.0 0.0 7.51711657087
-2.8873 6.9405 1.23366190668
-2.4374 8.0892 13.5273848544
3.7176 20.1352 0.792982786698
3.6847 20.9275 1.20311204798
3.2001 19.8263 15.5753639781
-3.1806 5.6179 0.427051530848
-3.6032 5.5564 0.673194949476
-4.017 6.0874 1.17315386885
-4.7056 5.1376 28.939079832
-33.5462 2.7522 0.56739704793
-33.0141 2.9492 0.439363095856
-33.3904 2.7224 0.0173933895489
-33.3731 2.7242 0.0229836898691
-33.3503 2.7213 8.89496059575
-25.0515 5.9229 12.9582463667
-24.3292 18.861 0.351322216775
-24.0361 18.6673 0.425339440917
-23.8553 18.2823 1.00340730015
-23.7603 17.2834 1.57196806583
-22.7165 16.108 0.971223321384
-23.2972 16.8865 1.05554772512
-23.3312 17.9415 2.12290358943
-21.2085 17.9709 1.54917227254
-19.6617 17.8852 2.28414459262
-17.5553 18.7686 2.62471006018
-15.0474 19.5429 0.614361335046
-14.4891 19.7993 0.711209519059
-14.0954 20.3916 0.907382047431
-13.4417 21.0209 0.482050754589
-13.1499 21.4046 0.778315212494
-12.661 22.0102 0.508441943588
-12.265 21.6913 0.366011051746
-11.913 21.591 2.95169833147
-9.875 19.4558 1.1301278556
-10.4589 20.4234 0.650778871814
-10.0444 19.9217 2.2199365081
-8.5735 18.259 12.8067595624
-10.7642 5.641 1.23238315876
-9.8711 4.7918 9.8287619902
-2.3816 -1.5731 0.531051937196
-2.0436 -1.9827 3.35986496455
0.2081 -4.4764 1.00102772189
0.8344 -3.6955 0.887616814847
0.7589 -4.5799 16.9506075894
6.1355 -20.6552 0.620095807114
6.712 -20.8836 0.932112359107
5.7916 -20.7363 14.2779877241
-8.4531 -19.7619 0.52984912947
-8.1104 -20.166 1.25282142782
-6.8892 -20.4457 0.420970604674
-6.5079 -20.6241 0.481202421025
-6.1868 -20.9825 1.76879866576
-5.1874 -22.4419 2.00212473138
-3.9412 -24.0089 3.0998649777
-1.594 -26.0337 5.36180251501
3.1055 -28.6151 2.68644077731
5.0189 -30.5008 0.358017038701
5.3531 -30.6292 0.260776417645
5.5984 -30.7177 0.540526502588
6.1021 -30.9138 0.573676816683
6.6666 -31.016 0.160095127971
6.7705 -31.1378 0.187027832153
6.8176 -31.3188 0.101081402839
6.9033 -31.2652 2.66225826696
8.8131 -33.12 4.94329821071
13.4573 -31.4266 0.569054970983
13.7839 -30.9606 1.7626675041
15.3642 -31.7414 1.84364328437
16.9508 -32.6804 1.03070879011
17.9602 -32.8889 0.551570929256
18.5095 -32.9389 0.333183462975
18.8374 -32.998 0.858361520573
19.6939 -32.9415 0.635962467446
20.1924 -32.5466 0.403914013127
20.5906 -32.6143 0.114908659378
20.705 -32.6035 2.7359508201
23.439 -32.5002 0.713494730184
24.1222 -32.7059 1.99884781061
26.0081 -33.3683 3.1724450145
29.1805 -33.3852 0.819373236077
29.965 -33.1487 4.27600494036
34.2114 -32.6464 6.52864044806
40.6843 -31.7951 3.81276454164
39.9172 -28.0603 0.778260945956
40.0165 -27.2884 2.0560702809
40.0335 -25.2324 1.53945581619
40.216 -23.7038 8.52423182463
40.4196 -15.182 0.927606689282
40.8572 -15.9999 1.05383657177
40.7628 -14.9503 2.42169697733
40.5463 -12.5383 1.2451086057
39.7925 -11.5473 0.617099489548
39.5882 -12.1296 1.19965832219
40.3957 -11.2424 13.1767625842
39.1761 1.8778 0.146341313374
39.2644 1.9945 1.14973449544
38.1809 1.6099 1.23006406337
0.0 0.0 2.04429669324
1.7096 1.1209 0.140876470711
1.6433 1.2452 2.15648984463
-0.5053 1.4295 4.15190562995
-4.5783 2.2351 4.20382504155
-6.5166 5.9654 17.9937476044
-10.3959 23.536 2.96800130054
-13.2695 24.2786 9.74283350828
-27.2922 32.7537 0.502914356526
-26.7893 32.7499 0.484399680016
-27.1097 32.3866 0.330019469123
-26.8784 32.622 8.80840871724
-28.2947 23.9282 0.501282485232
-27.795 23.8884 0.407114050359
-27.3881 23.8752 0.993532787582
-28.3493 24.1266 1.44066203185
-27.7963 22.7963 14.7767681071
-18.99 10.9303 1.16073267379
-18.0455 11.605 12.1927555581
-9.8376 20.6213 10.2518785366
-14.0384 11.2696 1.0256963342
-13.018 11.3737 1.07311902881
-12.0001 11.0339 0.403843781678
-11.6183 11.1655 0.285741491562
-11.3395 11.1029 0.533805254751
-10.8636 11.3447 0.911670757456
-10.057 11.7696 0.830332180516
-9.3747 12.2428 2.61233421484
-7.0209 11.1097 0.29681593623
-6.7702 11.2686 1.32243321192
-7.8118 12.0834 5.25674665168
-11.1424 16.1504 2.15545649225
-9.0262 16.5599 0.295811088366
-8.7378 16.6257 0.915253516792
-8.101 17.2831 1.56561824529
-6.5865 16.8863 1.00080145883
-7.0275 15.9879 1.32719663954
-6.7681 17.2895 9.96541051638
-5.9601 27.2221 0.544971054277
-5.4418 27.3905 12.3069274122
6.7194 29.2788 5.51332415517
11.2076 32.4808 0.63032595536
11.8356 32.5349 0.454735637486
12.2899 32.515 0.627958278869
12.9141 32.4464 2.1870929427
15.0506 32.9141 1.0339343306
16.0824 32.9805 1.23042263064
17.2996 33.1604 2.49841220178
19.7944 33.2947 2.85677409852
22.6385 33.0259 3.15795289705
25.791 32.8404 0.660915463581
26.4012 33.0943 0.658056904834
26.6752 32.496 3.24886102196
29.7577 31.4697 1.16455535291
30.9183 31.5656 2.7659831959
33.6735 31.3216 3.69524885495
37.2814 30.5229 0.746756298936
37.9218 30.1388 2.62171501884
40.2126 28.8638 1.63235543311
39.9525 27.2523 0.406148987442
39.9415 26.8463 0.321339337772
39.9291 26.5252 0.377268313008
39.9498 26.1485 1.42387697502
40.4978 24.8343 1.33544996162
40.4106 23.5017 1.49112802938
39.4744 22.3411 5.79870778191
39.4839 16.5424 8.08080645975
40.9869 8.6026 0.0
40.9869 8.6026 0.558918401916
41.2312 8.0999 0.563495669904
40.7471 8.3883 0.0
42.6259 -9.9091 10.9969819119
31.636 -9.5145 9.65712185902
22.1418 -11.2809 0.403493308495
21.8364 -11.0172 1.16612284945
21.3099 -12.0577 16.3370875449
9.2452 -23.0733 3.19255100821
7.4715 -25.7278 4.9961752181
2.8999 -27.7433 3.2620917599
-0.1388 -28.9297 2.98942040035
-2.8841 -30.1129 1.80608395431
-4.6312 -30.5707 1.81965100225
-6.4433 -30.7363 2.50605787044
-8.9239 -31.0926 2.9916628169
-11.9118 -30.9426 2.6014463381
-14.1727 -32.2294 2.51496198381
-16.687 -32.2871 2.65439501582
-19.3351 -32.4698 3.64311599733
-22.9292 -33.0654 1.70041215298
-24.6067 -32.7872 2.52507608796
-27.131 -32.7246 2.20247617013
-29.3298 -32.5974 3.31996832816
-32.6497 -32.5761 4.01841674917
-36.6643 -32.7512 11.0920574295
-47.7444 -33.2661 3.72211536092
-49.3924 -29.9287 1.16368214303
-50.5401 -29.7365 1.11730168263
-50.0077 -30.7188 0.724042408979
-50.7298 -30.6658 0.927950731451
-50.3428 -29.8224 27.2303165066
-32.3367 -9.3952 14.6266429587
-19.4677 -2.4434 0.99766850707
-18.5111 -2.1601 1.52685461325
-17.2686 -1.2727 0.478606727909
-16.794 -1.2109 0.399513729426
-16.4271 -1.0528 1.65880885578
-14.773 -1.1777 0.759636893522
-14.0635 -0.9063 1.94540502724
-12.4861 0.2323 0.860648174343
-11.6263 0.1941 0.446082290615
-11.3417 0.5376 1.72102158034
-10.6059 2.0934 0.278123012352
-10.4438 2.3194 0.864322312566
-9.5979 2.1419 4.27311377101
-5.9406 -0.068 2.89607530979
-4.347 -2.4862 0.453291341192
-4.7668 -2.3152 1.02428818211
-3.7776 -2.0494 1.02750778586
-4.5972 -2.6691 9.57646322449
-12.5722 -7.9708 1.25349162343
-13.824 -7.9057 1.03804202709
-12.8225 -7.6327 8.02717675213
-6.6794 -2.4657 1.16865924033
-5.8323 -1.6606 6.85772750771
-2.6154 4.3958 19.6606317327
4.4368 22.7481 5.37130436486
7.9791 26.7858 4.2493539203
11.1698 29.5923 1.10117739261
11.9485 30.3709 2.34838682078
13.353 32.253 2.95894696134
16.0816 33.3976 3.20336844275
19.1463 32.4653 0.845720580334
19.9792 32.612 2.55641562544
22.4351 33.3218 3.62319555089
26.0545 33.156 1.90591534439
27.9552 33.2969 0.555003603592
28.5006 33.1941 0.524441207382
29.0233 33.1514 0.473946252227
29.3657 32.8237 0.377032107386
29.7302 32.7273 1.09269663677
30.7515 32.3388 4.80188430723
35.5228 31.7977 0.510124229968
36.0325 31.8185 0.407176878027
36.4374 31.8615 0.373267263499
36.7976 31.7636 0.701770860039
37.4171 31.4339 0.769197568899
38.1512 31.2042 0.667385323483
38.7318 30.8751 7.00364466546
36.576 24.2115 0.215605055599
36.3837 24.114 4.76588020936
38.6738 28.2936 0.693163191464
39.1393 27.78 0.546339857598
39.4325 27.319 0.508590601565
39.7063 26.8904 0.331685302659
39.8788 26.6071 0.857772429028
40.2165 25.8186 1.15698116234
39.7595 26.8815 0.648111757338
40.3253 27.1976 1.2680548884
40.3817 25.9308 5.179078977
39.1993 20.8885 1.39630593353
39.3308 22.2786 2.09641965265
39.4228 24.373 1.18032014725
40.5425 23.9996 4.39166201113
39.7684 19.6767 9.72576295465
39.8247 9.9511 0.926565923181
39.4727 10.8082 1.0724115115
45.01 2.6567 1.34817107594
44.4567 1.4273 5.50177331503
41.9462 -3.4683 1.69533966213
41.4043 -5.0747 24.8538852522
23.2646 -22.0649 0.323902346395
23.5523 -22.2137 0.100543970481
23.652 -22.2007 1.63637220705
22.4086 -21.1369 18.023130057
9.3722 -8.6916 5.23267000775
4.1476 -8.4011 3.80423185413
0.3436 -8.3591 1.4888449382
-1.1269 -8.1261 2.87398758696
-3.9933 -7.9174 3.80874484312
-7.5505 -6.5562 2.15160943714
-9.6699 -6.1853 2.87274241797
-12.5379 -6.0203 25.1169185644
-3.056 17.2381 0.963520280015
-3.5933 16.4383 1.91712435695
-5.3621 17.1777 12.4886057528
-14.7782 8.9739 1.78556210757
-16.5632 8.9291 3.30907037248
-18.8145 6.5039 1.25031847543
-17.6135 6.8516 0.60956930697
-17.7342 6.2541 0.818662305227
-18.5528 6.2642 0.243220085519
-18.7652 6.3827 1.82822008522
-20.1584 5.1989 1.00702137515
-39.7521 15.9743 1.11035242153
-39.7086 17.0838 1.23779261995
-38.8317 16.2102 1.41404206444
-39.6503 17.3632 6.43366171709
-34.3581 21.0217 11.641157479
-26.3049 12.6156 1.95861028538
-25.3456 14.3232 0.357922896725
-25.4472 13.98 10.1383630617
-32.2683 21.4806 0.910167572483
-31.5234 20.9576 7.56631529412
-32.0077 28.5084 0.312942119249
-31.7826 28.7258 4.08309006758
-28.6991 31.4023 2.76919333381
-25.9695 31.8689 0.62761563078
-25.5348 32.3216 2.22720741962
-23.5553 31.3008 16.7722819229
-6.7844 31.0855 6.16220018581
-1.0497 33.3407 1.73080814939
0.6745 33.1896 3.99263847224
4.6491 32.8105 8.09289239395
6.3352 24.8952 1.86730612916
8.1469 24.4429 0.3783363715
8.3894 24.7333 0.606699019284
8.8405 25.139 6.52754311284
13.5102 29.7 1.38968307538
14.549 30.6231 3.84535077724
17.3746 33.2313 4.35472814881
21.6572 32.442 0.620558216447
22.1961 32.7497 1.11863722895
22.2566 31.6327 5.72367593859
25.0078 26.6136 0.447041832494
25.1166 27.0472 0.346536073158
25.4631 27.0522 0.204198432903
25.6209 27.1818 1.00144681337
26.3225 27.8964 0.583080869177
26.7438 28.2995 0.33988130281
26.9067 28.5978 0.52324927138
27.1379 29.0672 1.24706395185
25.8914 29.0297 3.45369351564
28.7121 31.0226 0.781385519446
29.4894 30.9428 0.584558722457
30.0685 30.8631 0.524251628514
30.5904 30.8135 1.20266707779
31.7855 30.6788 2.06726385592
33.8503 30.5779 2.9483518328
36.741 31.1581 3.47955135757
40.0268 30.0132 1.67069543604
39.9786 28.3432 1.2630209539
40.6049 29.44 1.06723551759
39.8331 28.7029 2.96141488144
40.868 25.9282 0.655340293283
40.6851 25.2989 1.33750712895
40.2735 24.0263 7.80717721395
40.0062 16.2237 1.60133880238
41.1322 15.0851 6.12845241884
0.0 0.0 4.02524925439
3.9716 -0.655 2.96890806358
1.0594 -0.0775 3.19888119348
-1.0771 -2.4583 2.56223504972
-10.3609 -9.0475 0.822948995989
-9.7876 -9.6379 2.21756237793
-7.6393 -10.1878 0.506614103633
-7.2446 -10.5054 3.62138270416
-3.6933 -11.2144 1.4852221955
-2.7174 -10.0948 16.3094349997
-0.4425 6.0552 0.617905656229
-0.0009 6.4874 1.06999460279
1.0218 6.802 2.74270341452
3.7229 6.3261 0.645196187218
4.3493 6.1715 0.546444251502
4.8927 6.1139 2.59680972926
7.4868 6.2325 5.60168776084
12.5789 3.8981 0.392892071694
12.8962 4.1298 0.289825343957
13.127 4.3051 0.562484355338
13.4759 3.8639 1.0253824506
14.024 2.9973 1.4029189606
12.748 3.5804 5.14056810965
14.1612 8.5229 0.245923931328
13.9409 8.4136 16.1864573962
1.1057 -1.4484 8.2599779007
6.6023 4.7172 0.729196941848
5.8746 4.7639 13.211122905
-7.2958 3.7274 7.08966169292
-9.0602 -3.1392 5.85667801147
-9.878 2.6601 0.562116366956
-10.336 2.986 0.858950900809
-10.0727 2.1684 20.9058368295
-29.1152 10.7961 0.41312928969
-28.7082 10.867 0.284515201703
-28.7269 10.5831 0.0777489549769
-28.664 10.6288 9.31461799592
-23.9736 18.6763 1.12224515147
-23.0053 19.2436 15.8023705013
-10.2692 28.5981 1.47118655853
-8.8737 28.1323 16.295104814
-0.232 14.3174 0.71944890715
0.3457 14.7462 0.784511363844
3.2034 8.8697 0.457525267062
3.3343 8.4313 10.5006507194
4.3875 -2.0164 18.5179306125
7.3686 -20.2928 6.57768003554
12.5035 -24.4036 1.70368484468
13.9424 -25.3158 1.55508981734
14.0127 -26.8693 0.376193952636
14.241 -27.1683 1.44639766662
14.3871 -28.6073 3.62697280111
17.1834 -30.9172 0.310474862106
17.4404 -31.0914 0.444082030711
17.8157 -31.3288 0.438841497582
18.2438 -31.4253 0.448862384256
18.6426 -31.6313 2.19783490053
20.789 -31.1586 0.0840575992995
20.8408 -31.2248 0.421966373068
21.2579 -31.2887 0.325235299437
21.5793 -31.3385 1.04074108692
22.6198 -31.3609 2.57294482063
24.8281 -32.6813 1.3734950455
26.1989 -32.5953 5.6121081645
31.7386 -33.4939 2.03240451928
33.5844 -32.6432 2.63151022799
36.1076 -31.896 0.547957826844
35.7753 -31.4603 7.40695287686
34.3699 -24.1879 3.4083626817
37.7243 -23.5838 1.19217249171
37.9212 -24.7596 1.79436017845
39.3001 -23.6114 0.158039235635
39.4487 -23.5576 0.0
39.4487 -23.5576 2.45071756431
40.768 -21.4923 1.15441970271
40.2913 -20.4409 12.6574869804
0.0 0.0 5.9269630613
1.1632 -5.8117 5.14541968939
-1.7465 -1.568 1.39432709577
-3.0167 -2.1431 3.01337124331
-4.1367 -4.9406 3.12829040372
-5.9664 -7.478 20.0844558547
-10.5761 -27.0263 2.46389107105
-12.1472 -28.9243 3.46437377458
-14.7266 -31.237 2.84948168796
-17.4151 -32.1812 2.25835448945
-19.6579 -31.9166 2.69989096076
-22.3555 -31.8054 2.66176763073
-25.0151 -31.698 0.749757414101
-24.6144 -32.3317 0.199019019192
-24.5635 -32.5241 0.79384473293
-25.285 -32.193 0.62058341905
-25.8463 -31.9283 2.67221696911
-28.167 -30.6035 9.36533212438
-37.4852 -29.6651 11.4580461659
-48.7337 -27.4838 2.91363689742
-50.7908 -25.4204 0.646784639583
-51.0394 -26.0175 2.18742178146
-51.4661 -23.8721 2.28387397419
-51.4149 -21.5888 1.71253358507
-41.6168 -6.9546 0.302971021717
-41.8806 -7.1036 1.30039312517
-40.5954 -6.9054 1.03834641618
-40.8372 -7.9152 1.84987448223
-40.8538 -9.765 0.320683800651
-41.1477 -9.6367 0.641173151341
-40.7578 -10.1457 0.278362533398
-40.9769 -10.3174 3.539327891
-39.3445 -13.4578 22.8061279204
-19.1109 -23.9802 3.18414926786
-15.9709 -24.5086 8.41459825363
-7.557 -24.617 3.33093801954
-4.2367 -24.351 0.687513876224
-3.5645 -24.2067 4.13541289474
0.5025 -23.4576 4.96129240622
5.44 -22.9723 1.87461614738
7.0343 -21.9862 0.559363075292
7.4767 -22.3285 0.230384027224
7.6923 -22.2473 1.542316498
9.1676 -21.7976 3.85710981176
13.0247 -21.7889 2.25695023428
15.2767 -21.9383 1.11579715899
16.3144 -21.5282 2.40017419576
18.7 -21.7923 0.534969251453
19.2297 -21.8672 1.36706554342
20.5903 -21.7344 1.82180987208
22.4118 -21.768 1.86360518619
24.2753 -21.7482 2.50114010803
26.5323 -20.6704 0.737709705779
27.0103 -21.2323 1.2808032831
22.5075 2.7285 1.13096610471
22.3562 3.8493 0.915846024177
22.7997 3.048 1.0123525868
22.2721 3.912 25.5346955936
9.8976 26.2479 0.827199038926
9.1049 26.4843 3.75447523097
6.6724 29.3442 4.54176925878
2.1356 29.5566 2.77172815406
-0.6004 30.0002 4.36319452924
-4.9581 30.2191 2.9587859081
-7.9067 30.4644 1.83542426975
-8.7858 32.0756 0.530988455618
-8.3903 32.4299 0.0585649212413
-8.4482 32.4387 0.960125991732
-9.4058 32.3691 0.750223699972
-28.7327 17.5979 0.390086977481
-32.3096 32.7892 6.21898803987
-26.2514 31.3842 2.83412718487
-23.6073 32.4045 2.25093371071
-22.0144 30.8141 2.24883191902
-19.8572 30.1787 2.45469173828
-17.4995 30.8619 2.89701311181
-14.6139 30.605 1.74447980212
-12.9186 31.0163 0.604405509571
-12.5195 31.4702 0.570775621414
-12.1375 31.8943 0.336418935258
-11.8336 32.0386 0.681299589021
-11.1913 31.8114 0.613506193938
-10.615 31.601 0.724531828148
-10.0329 32.0324 0.940901721754
-9.1071 32.2003 3.17128341528
-6.022 32.9346 0.874796902144
-5.1639 32.7645 1.89173943237
-3.3891 32.1097 4.08394136221
0.5597 33.1516 0.694867037641
1.2499 33.0712 3.30896120406
4.0926 31.3776 0.540928035879
4.6293 31.4451 2.32752021044
6.4101 32.9438 8.94620262346
11.7114 25.7375 0.291029706388
11.4604 25.5902 4.22519063002
13.5123 29.2837 0.832491885846
14.3366 29.4002 2.62594159303
16.2971 31.1472 0.542030672564
16.8309 31.2413 0.547425246038
17.3177 31.4917 0.837322219937
18.1484 31.5968 1.28168770767
19.2917 32.1761 1.79401709301
21.05 32.5323 1.04655102599
22.0904 32.6456 0.214928127522
22.2911 32.7225 2.09335773579
23.8401 31.3144 4.08769990215
27.5933 32.9339 4.32461187738
31.9063 33.2506 0.808821593431
32.7142 33.2892 2.58152328093
35.2896 33.4669 3.36112681701
38.3878 32.1637 0.569276821942
38.6465 31.6566 2.40381629914
40.6297 30.2982 2.97562615427
40.6571 27.3227 0.293495775097
40.5627 27.0448 0.216849671432
40.49 26.8405 0.37561715882
40.4073 26.4741 0.357926878007
40.3551 26.12 0.283752656375
40.3085 25.8401 0.42575233411
40.2593 25.4172 1.53943299302
40.8306 23.9877 1.44696838943
40.53 22.5723 1.37523458726
39.8136 21.3984 5.25253654914
39.6638 16.148 1.3343104961
39.9137 14.8373 7.12665593669
42.5077 8.1995 0.294963082436
42.3136 8.4216 0.562347979458
41.7775 8.2518 0.30092583804
41.7915 7.9512 0.274646044938
41.9193 7.7081 1.02466082681
41.5584 8.6671 0.186489275831
41.3724 8.6536 0.592559684758
0.0 0.0 3.88842747136
3.8866 0.1192 0.647239932328
3.4098 0.5569 6.19898934101
0.3544 5.9506 3.48828219042
-2.8264 4.5186 0.690862996549
-2.6532 3.8498 0.540940005916
-3.1735 3.7018 0.0
-3.1735 3.7018 1.36987907861
-4.2422 2.8448 9.97809663864
-5.442 -7.0609 19.7588325366
-11.2384 -25.9504 7.57727960485
-18.0198 -29.3309 6.33252897506
-34.6832 -26.509 0.916598739907
-34.1147 -25.79 2.28391429349
-32.7098 -27.5907 0.951168344721
-32.1599 -28.3668 0.536804340519
-32.0302 -27.8459 1.11530414238
-32.3284 -28.9206 7.70103102967
-38.1168 -34.0 14.6856430659
-37.0317 -19.3545 1.80939709848
-35.6892 -18.1414 0.218163104122
-35.8325 -18.3059 0.906924748808
-35.8392 -19.2128 0.13890129589
-35.7003 -19.2122 0.217114186547
-35.5379 -19.0681 0.848505992908
6.0919 -7.4473 0.876578906887
6.8836 -7.071 1.07289783297
6.2212 -6.227 9.72963062917
-3.3411 -4.4303 1.38224530746
-4.5983 -5.0048 2.20403034916
-6.649 -5.8125 1.04739328335
-6.6777 -4.7655 0.657696989502
-6.021 -4.7293 0.184530349807
-5.8453 -4.6729 0.082996445707
-5.8857 -4.7454 0.120451317967
-5.9673 -4.834 0.081478156582
-5.9198 -4.7678 0.00857962703152
-5.9133 -4.7622 0.126618995415
-5.9779 -4.8711 0.209355319971
-5.8636 -4.6957 0.0423426498935
-5.8963 -4.7226 0.0880142033992
-5.9412 -4.7983 0.25950138728
-6.1131 -4.6039 1.23682071457
-7.0089 -5.4567 5.87104725241
-8.2517 -11.1947 1.16676074668
-8.9087 -12.1589 17.5437150228
-16.4495 -27.9993 4.67676976128
-20.7293 -29.8849 7.28374253389
-27.9772 -30.6066 2.95693438886
-30.9325 -30.7049 11.8842750847
-42.6935 -28.9976 10.3458947206
-51.8549 -24.1907 0.982146267111
-52.3509 -25.0384 1.23269039909
-52.041 -23.8453 1.1362982223
-51.3667 -22.9307 1.12197807911
-50.9408 -21.8927 0.95405922248
-51.846 -22.1941 1.05308024386
-50.879 -22.6111 0.643334889463
-50.2357 -22.6178 0.208935683884
-50.3631 -22.7834 1.41455504311
-19.4981 12.978 11.8769853671
-10.0527 20.1785 3.01151674908
-7.0419 20.2442 0.304349305897
-6.9544 20.5357 1.30620000383
-7.7382 19.4908 10.3545560315
-16.6927 14.2914 1.32033878228
-17.9966 14.0837 7.81914680896
-18.6927 6.2956 0.963301500051
-17.7294 6.2973 2.37630311619
-16.0487 4.6174 12.7299895228
-7.3165 -4.6455 16.9774471726
-0.1848 -20.0524 0.918927037365
-0.4827 -20.9217 0.500840263956
-0.7003 -20.4706 11.7792533889
-12.2915 -18.3742 1.09120735426
-11.9458 -17.3392 8.1820343595
-11.4259 -9.1737 16.1408886636
3.7935 -14.5494 0.892801724909
3.5701 -15.4138 0.392020012244
3.8789 -15.6553 3.46445673808
6.1657 -13.0528 4.82513508308
10.4318 -10.7984 0.81767896512
9.921 -11.4369 1.29334722329
10.1758 -12.7049 0.552827278632
10.6976 -12.8875 1.28152211062
11.6152 -13.7821 0.90918141754
10.723 -13.957 17.3138973131
-6.4326 -11.6211 0.132798343363
-6.5642 -11.6389 4.86048747452
-3.0199 -14.9649 1.48559371296
-1.5347 -14.9307 0.604870977978
-1.0676 -14.5464 1.4685918834
-0.8712 -13.091 0.893637717422
-0.4078 -13.8551 8.40364172785
7.2472 -17.3224 0.268053166368
7.3159 -17.0633 0.466272023609
7.7115 -16.8165 0.263596244283
7.9152 -16.9838 0.393230784655
8.1185 -17.3204 1.28280199563
9.0949 -16.4884 0.216152746918
9.2314 -16.3208 0.546397748897
9.5109 -15.8513 1.02102670876
8.6682 -15.2748 1.06372827357
9.2912 -16.137 14.2608491087
16.1581 -28.6357 0.837654105225
16.6215 -29.3335 0.447307556386
17.0453 -29.4766 3.51203927655
19.3715 -32.1078 0.778194686438
18.7904 -32.6254 0.389488947212
19.1734 -32.6962 0.300521230531
19.2999 -32.4236 0.556123088893
0.0 0.0 3.85428240273
3.824 0.4822 0.502332011721
3.6632 0.9581 3.57242944927
0.1968 0.0942 3.8708221814
-1.1526 3.7222 1.06991473492
-1.8371 2.8999 0.851818507665
-2.0845 3.715 1.69378026025
-3.7036 4.2124 1.64575393057
-5.3334 4.441 1.14980000435
-4.2368 4.0953 2.23020032284
-4.7966 6.2541 0.749770931685
-5.1488 5.5922 1.46026343171
-6.0388 6.7499 19.0121619881
-9.3449 25.4724 5.18204228562
-12.3664 29.6824 2.76620643662
-15.0522 30.3445 2.89177637448
-17.9 30.8469 2.33025966793
-19.6536 32.3815 0.714392399176
-19.9287 33.0408 1.52122224872
-32.648 31.6735 0.977042153645
-32.1551 32.5171 5.24415835764
-26.9253 32.1293 0.476984800596
-26.5312 31.8606 15.8075249527
-23.3724 16.3719 19.1555978495
-11.2043 1.5775 9.34346305446
-2.076 3.5711 0.823842145074
-1.3088 3.8713 4.37089340181
3.0585 4.0485 0.688876658046
3.7472 4.0641 2.56390112329
6.3111 4.0617 0.675438886947
6.9099 3.7492 0.486419006619
7.3411 3.5241 0.557527263907
7.7754 3.1745 1.48304323942
9.1508 3.7292 2.0217599907
11.1697 3.8367 0.762831698345
11.6853 3.2745 0.870893684671
12.5183 3.5286 1.34370268289
12.1502 2.2363 10.5114335892
10.1579 -8.0846 14.4142399748
16.1945 -21.1739 0.51660992054
16.6986 -21.2869 0.204375267584
16.9023 -21.2703 1.00361829896
17.546 -22.0403 0.6674624334
18.0441 -21.596 0.299196941829
18.2625 -21.3915 0.956360402777
18.5714 -20.4864 1.10758492225
19.6714 -20.357 0.594129447175
20.2602 -20.2776 0.916929402953
21.1409 -20.0224 0.431710273216
21.5409 -20.1848 0.417264005157
21.9371 -20.3157 1.80449710446
23.5809 -21.0601 0.412664754977
23.9083 -20.8089 0.786399415056
24.6803 -20.6591 0.58276404316
25.177 -20.3543 0.906274836901
26.0198 -20.6875 1.87373924547
27.8872 -20.5335 1.81869717105
29.5426 -19.7803 0.337427399599
29.5176 -20.1168 0.364856273072
29.8657 -20.2261 0.512488097423
30.3455 -20.4062 1.23367013825
31.5556 -20.1662 0.502463152878
32.0577 -20.1471 0.814632002809
32.7984 -20.4862 0.583922546234
33.3807 -20.5297 2.74920857339
34.3284 -23.1104 0.90638378185
34.0374 -23.9688 0.897886212167
34.5788 -23.2525 1.76258710139
36.3336 -23.418 0.893873285203
37.1944 -23.6589 0.586258048985
37.7019 -23.9524 0.419940341001
38.0734 -23.7566 0.336184250077
38.365 -23.5893 0.487987561317
38.8115 -23.3924 0.519187721349
39.293 -23.1982 1.60779013867
40.2018 -21.8719 0.608290432277
40.3671 -22.4573 0.715771262346
40.0294 -21.8262 8.03048647592
40.1344 -13.7964 1.0971185214
43.2851 -8.292 6.80953644384
42.6274 -1.5143 0.192733806064
42.818 -1.4857 4.51237338105
38.3728 -2.2614 8.85688388091
33.081 -9.3636 20.9126456205
15.8796 -21.2569 4.18296697094
11.6978 -21.1581 0.896850517087
11.6289 -20.2639 13.7688605462
5.2546 -8.0594 0.913425711265
4.4413 -8.4752 2.57088309341
2.1665 -9.673 2.94949925411
-0.7683 -9.3789 2.78738307557
-3.5208 -8.9393 3.09897687149
-6.575 -8.4144 3.08455664561
-9.6421 -8.0867 2.36032610035
-11.537 -6.6794 2.97257818232
-14.0706 -5.1247 3.44964964163
-17.4263 -4.3251 1.48847864614
-18.4735 -3.2673 3.50906218953
-20.6552 -0.5189 0.685687574629
-21.138 -0.032 0.724769542682
-21.6315 0.4988 1.98078932247
-22.942 1.9841 1.94411365923
-24.0864 3.5557 1.66398707026
-25.0728 4.8958 2.02603421985
-27.0749 5.2063 1.942571749
-28.0789 6.8693 2.51968930228
-30.5956 6.992 1.07039403959
-30.194 5.9998 8.6786691376
-22.8714 10.658 0.521087257568
-23.3637 10.8288 5.93014593075
-28.8717 8.6314 0.990309143652
-29.8489 8.792 18.4363606628
-38.5321 25.0555 11.6665832209
-50.1655 25.9348 1.81794524945
-51.2852 24.5026 2.01188470843
-50.9774 22.5144 1.43109842079
-51.0636 23.9429 0.436578984836
-51.4951 23.8765 1.32775113632
-51.2309 22.5753 1.22544238951
-50.2968 23.3685 8.14304017244
-45.7583 16.6075 0.941791893148
-46.1069 15.7326 3.35589506689
-48.6226 13.5115 0.626905319805
-49.0268 13.0323 2.16311400069
-50.9785 12.0996 1.1378902803
-51.2808 13.1966 0.756756301593
-51.6715 12.5485 0.373801578381
-51.7306 12.1794 1.33029539953
-50.4709 11.7518 0.39866146039
-50.0823 11.8408 0.654041543023
-41.2311 13.1057 1.00590001988
-40.2562 12.8579 17.2466340696
-26.703 2.1922 0.715072758536
-26.6147 1.4826 1.20167744424
-25.8559 2.4144 22.4000616073
-17.1639 23.0593 3.68667682337
-13.4773 23.0831 5.31665312955
-8.1872 23.6138 3.1048326219
-5.0832 23.6857 4.31679236702
-0.7679 23.5722 4.74413498649
3.3647 21.2423 2.79397229227
6.1576 21.3197 0.643334508635
6.6196 21.7674 1.16814280377
7.4931 22.543 3.49851259966
9.5052 25.405 3.2385823766
10.8986 28.3285 0.67518729994
11.1916 28.9368 4.40159883338
12.4166 33.1645 0.710044540856
13.1256 33.203 0.48392677132
13.2472 32.7346 0.216706714248
13.2404 32.518 3.02394000106
16.2357 32.1028 0.373235274324
16.2008 31.7312 0.322568814364
16.515 31.6582 2.46047966868
18.9754 31.678 0.219106663523
19.0971 31.4958 0.172319615831
19.2257 31.3811 0.116735641515
19.3042 31.2947 1.90598097839
21.1992 31.0904 2.43239485693
22.8135 32.9099 1.09565087961
23.9004 32.7717 1.29069845433
25.1843 32.904 0.688707434256
25.873 32.9072 0.481064590258
26.3535 32.8839 1.98847022608
28.3345 33.0561 2.58285464748
30.9112 33.2343 2.86209803466
33.7558 32.9183 3.49765844101
37.2519 32.8139 0.699601315036
37.7937 32.3713 0.544851410937
38.2512 32.0754 12.8844312769
33.5809 20.0672 6.88664418276
30.7372 13.7951 1.10155955354
30.6963 12.6943 7.94070718324
32.4167 20.4464 0.549268786661
32.7749 20.03 6.12238863517
33.1973 13.9222 1.00304289539
33.8337 13.1469 0.257652498532
34.0728 13.2429 0.196864725129
34.2492 13.3303 0.277935909879
34.5133 13.4169 0.640153926802
34.8437 13.9652 0.0176459627111
34.827 13.9595 1.36359513786
34.1781 12.7602 1.13010481815
33.4974 11.8581 0.672091095016
33.0562 12.3651 0.784398859
33.6416 11.843 0.382827128088
33.8546 11.5249 0.222059383949
34.058 11.4358 1.13460941738
33.1182 12.0715 0.50473052216
33.5415 11.7966 0.85783898256
34.3319 11.4632 0.2208810766
34.5025 11.3229 0.164085892142
34.6572 11.2682 1.14648440897
33.5147 11.1727 0.377427834162
33.7611 10.8868 2.39025943571
34.6122 8.6532 0.914440594025
42.0595 3.2027 0.37139383409
42.4258 3.1414 1.61902472186
41.1006 2.2113 14.8359556676
27.8347 -4.4311 1.8335173438
26.7539 -5.9122 17.3796708844
15.5442 -19.1936 6.15228384261
9.453 -18.3288 3.82708112927
5.7444 -17.3839 2.80492646784
3.0944 -16.4646 2.92536142212
0.2992 -15.6017 3.5546693714
-3.0805 -14.5002 0.635917958545
-3.6794 -14.2864 5.5767915525
-7.9753 -10.7303 0.211105494955
-8.0036 -10.5211 3.70836833392
-10.7685 -8.0498 0.878235424018
-10.3224 -8.8063 0.719522876634
-10.0913 -8.1249 1.00388836531
-10.78 -7.3945 0.775793303658
-11.0631 -8.0343 8.69986087532
-10.2729 0.6296 4.78477473346
-10.2055 -4.1547 0.311400722543
-9.3676 -0.742 1.12787324199
-8.3583 -1.2454 1.03917337341
-9.0962 -1.9771 0.701834432042
-8.5088 -1.593 1.12935724197
-9.5975 -1.8933 1.71657255017
-10.2769 -3.4697 8.55885510626
-12.7782 -11.6549 21.4729382899
-22.0128 -31.0407 8.28574804589
-30.2876 -31.4665 15.5938693829
-45.8168 -30.0478 3.89594482122
-48.8106 -27.5547 2.86822234319
-50.8577 -25.5457 0.599249672507
-51.0216 -26.1221 1.16649099868
-51.203 -24.9698 0.748161593508
-51.2126 -24.2217 1.21531041302
-51.097 -23.0119 1.22003239711
-50.8521 -21.8167 1.09522647886
-40.2852 -10.2476 19.7707415106
-23.4334 0.0916 7.91559707034
-16.8801 -4.3481 18.4120982251
-12.3622 -22.1973 0.580208281568
-11.7893 -22.2891 0.523881599219
-11.2816 -22.1599 2.66268859802
-8.7705 -23.0455 6.44626129241
-2.6429 -21.0438 4.05734311219
1.3539 -20.3455 4.01119540412
5.3128 -20.9911 0.869222836792
6.1803 -20.9364 1.9669014744
7.3318 -22.531 2.853678696
8.9961 -20.2129 2.57051841658
9.3623 -22.7572 2.74229703716
11.5373 -24.4274 4.09786486478
12.7039 -28.3557 5.62373756589
16.7928 -32.2167 1.82568722677
18.0244 -30.869 0.239048321475
18.2497 -30.9489 0.525318379652
18.7115 -31.1993 1.21598229017
19.6857 -31.927 0.628108302763
20.2137 -31.5868 2.17400600275
22.3778 -31.7941 0.552931840284
22.4877 -32.336 2.19632317522
24.6647 -32.6267 0.595063374776
25.2416 -32.4808 0.464361550949
25.695 -32.3805 1.26363895556
26.8496 -32.894 3.59708583439
30.4083 -32.3699 0.718713990402
31.0339 -32.0161 0.460296795557
31.4056 -31.7446 0.308279483586
31.5306 -31.4628 0.447760840181
31.9635 -31.3484 1.89720924518
33.6731 -30.5258 0.668500201945
34.2565 -30.8522 0.50918763732
34.6806 -31.134 0.688157692684
35.2455 -31.527 1.44545201927
36.6832 -31.6765 1.12018084254
37.7928 -31.5229 0.902450957116
38.665 -31.2912 0.458695509025
38.9616 -30.9413 0.334665459825
39.1712 -30.6804 0.757478745576
39.5406 -30.0191 1.25286159252
39.897 -28.818 1.48182767217
40.0908 -27.3489 0.479236319575
40.0849 -26.8697 0.368312435305
40.0758 -26.5015 1.16583280105
40.1294 -25.3369 0.872918810658
40.0916 -24.4648 0.882263390377
39.6171 -25.2086 0.924534531535
40.45 -24.8073 2.2087151763
40.7392 -22.6176 1.11345128766
41.5648 -23.3647 0.459398313014
41.1864 -23.1042 5.49547861519
40.4075 -17.6642 9.98099847961
38.9891 -7.7845 1.01134457531
38.1543 -8.3554 1.15852227428
39.2498 -8.7323 7.71808065519
34.846 -15.0707 21.342752981
16.9451 -26.6927 6.88732553681
10.1535 -25.5484 3.92748865434
6.2287 -25.4031 2.68114367015
3.552 -25.5574 0.976225895989
4.3202 -26.1598 1.52377677171
2.8359 -25.8152 15.8573362864
-5.7028 -12.4531 1.32427792023
-7.0252 -12.3826 0.606796769932
-6.6558 -12.864 2.70467252362
-9.0669 -11.6385 1.98301855009
-11.0313 -11.3674 1.10713563758
-10.1269 -12.006 0.671123334418
-10.7506 -12.2538 0.854831784622
-11.5359 -11.9161 0.25317095015
-11.5496 -12.1689 14.0027741716
-13.7011 -26.0054 1.35421023848
-14.9792 -25.5578 3.06946719155
-17.3314 -27.5298 3.55094005863
-20.1021 -29.7507 2.60132445112
-22.5364 -30.6678 2.93230836373
-25.3429 -31.5175 2.86466727038
-28.1188 -32.2251 2.96495960849
-30.451 -30.3943 2.94678300015
-32.5217 -32.4909 1.10516627708
-32.2432 -31.4214 6.84934302543
-26.031 -28.5366 8.7655063864
-34.7624 -27.7641 0.977140343042
-35.7182 -27.561 2.79525894686
-38.4785 -27.1203 3.79565254732
-44.4946 -34.0 14.5883982959
-44.3868 -19.412 0.497004678046
-43.8901 -19.3946 6.62851836235
-45.7549 -25.7554 2.68014896041
-44.774 -28.2496 5.41917452201
-39.5483 -29.6847 1.2540713935
-38.5542 -28.9202 18.8386937817
-19.7224 -29.4298 18.3120796757
-7.7565 -15.568 0.338665218173
-8.0572 -15.4122 1.33622277334
-8.7651 -16.5455 13.214459278
-16.1551 -27.5004 0.917596910413
-16.5679 -28.3199 0.273453323256
-16.5285 -28.5905 0.665459517927
-15.8631 -28.5994 1.57561820566
-14.2879 -28.6357 1.4589154602
-12.8693 -28.9763 2.52714311823
-10.344 -28.8798 1.92106886134
-8.4331 -28.6824 1.65962392125
-8.5961 -27.0308 8.00464977935
-10.8114 -19.3388 0.485382581064
-10.6106 -18.8969 0.32845628324
-10.2834 -18.9256 0.84989508176
-9.4355 -18.8674 7.07124691833
-6.9332 -12.2537 15.5654624811
2.8068 -0.1122 0.463446620443
2.6522 0.3247 14.517674405
-4.3276 13.0544 1.14705441894
-5.0298 12.1474 0.854189721315
-4.392 12.7156 23.1814248419
10.8967 30.1407 0.806179465132
11.7024 30.1685 4.36210995276
15.9464 31.1767 5.3544243855
21.1903 32.259 2.51549382031
23.6933 32.5094 4.14384612769
27.837 32.4746 5.19112262425
33.0141 32.0933 1.77426031066
34.6264 31.3527 0.739768402948
35.2809 31.0079 3.76217578005
38.9101 30.0165 3.16870758828
40.2538 27.1468 0.382725606669
40.2258 26.7651 1.32510348275
40.1548 25.4419 0.269712328231
40.1441 25.1724 3.19245568959
43.2943 24.6547 0.745312907442
43.413 23.9189 1.00125763418
43.8908 24.7988 0.986035217424
43.0315 24.3152 19.0098472064
30.0915 10.3893 0.815426078808
29.426 9.9181 0.68837183266
29.8443 10.4648 1.58762162999
30.5381 9.0368 0.571180969571
31.0828 9.2087 1.24976404573
29.8969 8.8143 0.745273755073
20.3501 34.0 18.6416224112
20.6967 15.3616 3.73985163476
17.0584 14.496 5.69445798825
12.2577 17.5587 3.23629626889
9.6112 15.696 3.00796205096
7.3571 13.7043 1.98625107426
5.4313 14.1906 1.64191393806
3.8166 14.4883 0.898456298325
4.3182 13.7429 1.29247379857
3.6076 14.8225 15.3337411511
-5.9084 26.8462 0.900393358483
-6.807 26.903 1.87233717583
-8.6731 27.0557 1.87896455794
-10.0161 28.3698 9.953607113
-9.4661 18.4314 0.444593229818
-9.2378 18.0499 0.752101921285
-9.9767 17.9096 1.72950612893
-11.5023 18.7243 3.17541955181
-14.395 20.0341 1.34543791012
-15.7404 20.0442 1.8252289555
-17.5611 19.9157 1.93022229031
-19.4906 19.9685 19.3683783446
-34.8875 31.7188 11.7034769488
-46.5362 30.5878 2.82748185494
-48.8782 29.0036 2.76056454552
-50.1172 26.5367 1.97366290181
-50.8838 24.718 1.70650187225
-51.4518 23.1088 0.640296095568
-50.8253 22.9766 1.5588454221
-51.8097 24.1853 0.502937182956
-51.3087 24.1412 0.523138002825
-51.6191 24.5623 0.738399735915
-52.121 24.0207 1.04828141737
-51.8502 23.008 32.9765481665
-25.4139 3.2957 2.16126207805
-24.0443 1.6238 0.511712819851
-23.5528 1.7662 2.81393654513
-21.406 -0.053 1.32297850701
-20.1577 -0.4912 2.65092488954
-17.9011 0.8999 0.594748224041
-17.3515 0.6726 0.448699676844
-16.9773 0.9202 1.7105552578
-15.2768 1.1054 0.896423393269
-14.8061 0.3425 2.95992206992
-11.8982 -0.21 0.612210372339
-11.3005 -0.0775 0.664697953961
-10.7469 -0.4454 0.101880714564
-10.8057 -0.3622 0.549384027798
-10.2841 -0.1897 1.69452035987
-8.7083 0.4334 0.0958106987763
-8.802 0.4134 1.41122477303
-9.1564 -0.9526 8.44803523312
-13.2953 -8.3173 0.584620432417
-12.7396 -8.4989 2.66188260635
-10.0801 -8.6115 0.437048738701
-9.7047 -8.8353 1.26631744835
-8.4405 -8.9085 1.48724684232
-8.9591 -7.5146 8.49638694799
-12.5732 0.1748 0.840887679777
-11.996 0.7863 11.872397976
-1.1171 5.5406 0.383490078099
-0.8671 5.2498 0.180053880825
-0.6915 5.21 0.165438236209
-0.798 5.3366 1.69681201375
-2.4879 5.4896 0.379960682176
-2.4305 5.8652 1.3816825757
-1.056 5.7245 2.7719179389
1.6875 6.1204 1.32995014944
2.0937 7.3868 6.09750149897
5.8459 2.5805 0.92912509922
6.7655 2.4478 0.202856599597
6.5973 2.3344 10.268292696
10.079 -7.3256 1.61973494745
10.5631 -8.8713 13.5496293399
11.4201 -22.3938 1.27372741982
12.2578 -23.3533 0.917967477637
12.2928 -22.436 0.294682473181
12.2304 -22.724 1.66222382669
13.8598 -23.0527 2.21707223608
13.6395 -25.2588 3.54042195932
16.0921 -27.8121 2.57937749273
18.4361 -28.8886 3.80202228294
21.4081 -31.2598 1.77971066469
23.0843 -31.8579 2.15981888593
25.1662 -32.4328 2.53947003329
27.6936 -32.6801 2.63175312102
30.2591 -33.2669 0.242749912461
30.5007 -33.2905 10.0824372495
27.9682 -23.5313 0.803401400298
27.9697 -24.3347 5.442338366
30.8152 -28.9739 0.437999691781
31.1374 -28.6772 0.342256468164
31.3881 -28.4442 2.13780478997
33.5255 -28.4858 3.46676251999
36.2964 -30.5692 2.44730043109
38.6932 -30.0746 2.75800206128
39.7083 -27.5102 0.456071628146
39.7741 -27.0589 1.01846011213
39.9051 -26.0489 0.370061751604
39.8758 -25.68 0.631354646772
40.0903 -25.0862 1.30795569115
40.4423 -23.8265 1.35403941597
41.123 -22.656 7.81112224267
41.1667 -14.845 1.07367656676
40.9406 -13.7954 4.25124674066
41.0515 -9.5456 0.188561104155
41.2392 -9.5276 0.152102366845
41.346 -9.4193 0.0737214351461
41.2738 -9.4342 0.0473570480499
41.2328 -9.4105 0.154310498671
41.231 -9.2562 0.120444842148
41.21 -9.1376 1.24664662595
39.9959 -9.4206 0.25649298236
39.9632 -9.1662 0.847563012407
39.9041 -10.0117 1.33043122333
40.2973 -8.7407 8.88322705158
0.0 0.0 3.9068871458
3.8781 -0.4734 4.14250493542
1.4926 -3.8601 0.877647263996
0.8292 -3.2855 0.579486988637
0.2546 -3.3606 1.13734107461
-0.828 -3.7092 2.15232380696
-2.3911 -5.1888 0.836100962803
-2.748 -4.4327 2.03707129232
-3.6524 -6.258 0.93927470955
-3.8901 -5.3493 1.00620644005
-3.8937 -6.3555 26.7001516649
-15.6264 -30.3397 3.76426076142
-19.3866 -30.1649 11.987512513
-31.2546 -28.4764 15.020782893
-46.265 -29.0348 4.24655644493
-49.0042 -25.7898 2.59206000123
-50.7386 -23.8635 9.1681711486
-50.7993 -21.1442 0.842561125379
-50.0326 -21.4936 2.76423349593
-51.5997 -23.7707 1.11048337223
-50.8683 -22.9351 1.44209636641
-51.2711 -24.3198 2.44000430327
-49.8637 -22.3266 8.56724418293
-44.6677 -15.5149 0.517497294679
-45.0261 -15.8882 0.580209083004
-44.4464 -15.9125 0.177834220554
-44.5649 -15.7799 1.17049120031
-43.4706 -16.1953 21.0416728498
-24.3582 -24.9969 1.19016941651
-23.5714 -24.1039 19.9649141811
-9.4813 -9.9594 0.993028952247
-8.5484 -10.2997 0.977506511487
-9.4347 -10.712 0.729039505102
-8.7243 -10.5482 2.26864199467
-7.0968 -12.1287 12.6320092717
-10.56 -24.2767 0.869212482653
-9.7645 -24.627 3.59102861169
-6.1905 -24.9763 2.35839936398
-3.8325 -25.0197 1.00328861251
-2.8523 -25.2337 0.493359595022
-2.5058 -24.8825 1.56361343688
-1.9005 -26.3242 3.07910882724
0.6816 -28.0016 2.00702287232
2.4336 -28.9807 0.696008333283
2.9554 -29.4413 2.62633136142
5.0203 -31.0642 2.47486622871
7.4949 -31.1005 0.639619214846
8.0942 -31.324 0.915513391491
8.7768 -31.9341 2.44267777859
10.8641 -30.6653 0.759870633727
11.4744 -31.118 0.7378268225
10.7885 -30.8461 1.12809792571
11.8267 -31.2874 0.869623395499
12.5066 -30.7452 0.441521211268
12.8833 -30.5149 0.335294810577
13.1658 -30.3343 0.400387524781
13.1407 -29.9347 0.185158526674
13.2159 -29.7655 0.097632627743
13.2586 -29.6777 1.05886733824
14.1234 -29.0667 2.54448246408
15.3799 -31.2793 0.365734452848
15.7186 -31.4173 0.864935379089
16.5226 -31.7362 0.411214493908
16.842 -31.9952 0.145106340316
16.8704 -32.1375 1.23906927974
18.0396 -31.7273 0.575002278256
18.4087 -32.1682 1.94167275564
20.3157 -31.8029 0.388295686301
20.7034 -31.7814 0.298396548237
21.0015 -31.7681 1.98797724333
22.8741 -32.4355 1.54466000466
23.8008 -31.1997 1.59963106059
24.8321 -32.4225 0.480969323346
25.3078 -32.3515 1.35890883432
26.6667 -32.3564 1.29364355214
27.9597 -32.3972 1.21251495661
29.1393 -32.1166 1.67459668279
30.8014 -32.3208 1.93049890443
32.7115 -32.6007 3.42193478751
36.111 -32.2095 3.76558474875
39.6195 -30.842 0.618436172939
39.8662 -30.2749 1.32687894323
40.3744 -29.0492 0.779431857188
40.5125 -28.2821 2.71451841954
40.5225 -25.5676 0.6653854522
40.4863 -24.9032 0.245528918867
40.4001 -24.6733 0.184421799145
40.3373 -24.4999 0.727307472806
40.2373 -23.7795 0.946605519739
39.7778 -24.6071 0.936647318899
40.3594 -23.8729 2.01922918214
39.9462 -21.8964 1.06351154202
40.4138 -20.9412 13.4718099738
40.3087 -7.4698 0.822127216433
40.9783 -6.9928 2.9491785992
47.0 9.16 18.2420174899
39.1251 25.6147 0.898813846133
40.0183 25.5144 1.11432385329
38.9902 25.9442 19.2072428656
20.1921 29.8875 2.22866832436
18.0076 29.446 2.7190444829
15.3225 29.0177 4.47620075064
10.8529 28.7747 3.90099017687
6.9573 28.9797 3.84201356062
3.1175 28.8493 2.83202562842
0.2979 29.1143 2.68507804914
-2.3739 29.381 2.90965637834
-5.2829 29.3192 2.08657919572
-7.3672 29.4167 3.03961556286
-8.3246 32.3016 0.882656292109
-7.4519 32.1694 0.553400623419
-7.9034 32.4894 1.19460251548
-7.4485 31.3848 0.788479936333
-20.5208 24.3674 0.4792198869
-20.1925 24.7165 1.51336576544
-19.309 25.9452 1.385059598
-18.0862 25.2947 1.82516686908
-16.5243 24.3504 0.433398407934
-16.1226 24.1877 0.871407671529
-15.2568 24.089 2.83487924963
-12.4228 24.0184 2.68144461998
-11.7626 26.6173 0.412117774429
-11.3617 26.7128 1.15364169914
-10.2243 26.9057 1.29284924489
-9.1769 27.6636 1.4407302211
-7.9538 28.425 1.22978701408
-6.8475 28.9621 1.9624894522
-5.2378 30.0847 4.19692339935
-1.0567 30.4488 2.56333047811
1.4788 30.8255 2.5212177633
3.7313 31.9581 1.51828142978
5.2406 32.123 1.93123661937
6.9998 32.9198 2.54437238037
9.0683 31.4382 6.28462361801
15.2322 32.6641 0.821537339383
16.052 32.7175 1.45065037139
17.4759 32.9948 1.89077540972
19.3301 32.6247 0.602293782136
19.9315 32.5919 1.30709231503
21.1381 32.0893 0.59010677
21.7263 32.0419 1.04113519775
22.6898 31.6474 2.49658034319
25.1727 31.3864 2.55328976225
27.6522 30.777 2.57738582482
29.6885 32.357 4.08011550939
33.7289 31.7891 4.77982688599
38.5084 31.7332 4.36863490464
40.2237 27.7154 1.11168945754
40.0284 26.621 0.455600010975
40.0285 26.1654 1.87796846086
40.3762 24.3199 0.467168417169
40.293 23.8602 0.373314358149
40.3685 24.2258 1.00132562136
40.5529 23.2416 8.02077583342
40.841 15.226 5.89700392064
40.8478 9.329 0.562327955912
40.4846 9.7583 0.633786060118
40.6985 9.1617 0.380458105447
40.8591 8.8168 0.292093443952
38.9129 3.7357 11.1470399443
28.3205 0.2633 0.245761937655
28.5198 0.1195 0.189209434226
28.3959 -0.0235 0.367576889916
28.6053 0.2786 1.4550674383
27.2035 0.6687 11.8726246066
15.3516 -0.0325 1.01944202876
14.3399 0.0929 4.24703861179
10.1088 -0.2747 5.62457166814
5.0479 -2.7289 4.53342833626
0.5191 -2.5241 2.88775138992
-2.3124 -3.0913 0.875527658044
-2.3762 -2.2181 0.954361697681
-2.8217 -3.0621 18.104518961
-5.6101 -20.9506 1.23675478572
-5.2297 -22.1274 1.25361354492
-6.1403 -22.989 2.55934344901
-8.682 -23.289 1.33752404464
-9.7851 -24.0454 5.56404538623
-11.5966 -29.3063 0.90462792904
-10.7751 -29.6851 5.21451493526
-16.4836 -18.828 0.124641766676
-16.599 -18.8751 1.77460540403
-16.8587 -20.6306 1.25178727426
-17.6564 -21.5953 2.01949951226
-19.3942 -20.5665 3.47468016658
-22.5391 -22.044 0.718243893117
-22.1189 -21.4615 38.2650869045
-13.5504 15.8319 0.15031809605
-13.6161 15.6967 0.958454683331
-14.5714 15.619 3.3966056954
-17.9555 15.3278 2.46758889607
-18.7345 12.9864 1.695199708
-20.4247 12.8563 6.91594627293
-23.6289 6.7274 1.20300050291
-24.7575 7.1439 0.406257184552
-24.4394 6.8912 1.15885587111
-24.9376 5.8449 3.78328579544
-27.7486 3.3128 0.173316963971
-27.8925 3.4094 1.50316054365
-29.3466 3.0285 0.323711013097
-35.4476 3.4987 0.56507744602
-35.919 3.8103 1.00016461145
-35.1816 3.1346 0.616817914785
-35.6551 3.5299 0.668433339982
-35.5203 2.8752 0.097035457437
-35.4821 2.9644 1.1546544115
-34.4901 3.5553 8.43917785569
-33.5549 11.9425 0.472086623407
-33.3746 11.5062 0.930833567293
-34.1279 10.9594 0.73361222727
-33.5008 11.3401 0.732229267375
-34.1977 11.1154 0.289534125795
-11.0724 -11.0099 0.167593705132
-11.229 -11.0696 0.21761511896
-11.4437 -11.1051 0.107253904358
-11.5389 -11.1545 1.37246104863
-12.2751 -9.9962 0.111136852574
-12.2895 -10.1064 0.909961521164
-12.5049 -10.9905 15.5583339111
-17.1469 -25.8402 6.0772364838
