0.0 0.0 8.74615703552
-3.3708 -8.0705 13.2084324377
4.4337 -18.7266 26.488695435
28.0713 -30.6813 5.63408598887
33.5035 -32.176 4.47778873999
37.9091 -31.3752 0.552793351986
38.2346 -30.9284 1.34362323588
39.426 -30.3072 0.863076734711
40.0232 -29.6841 0.750731749695
40.4942 -29.0995 1.01163211199
40.8285 -28.1447 2.23618645242
41.2042 -25.9403 2.55916993574
41.0266 -23.3873 1.44745846227
41.181 -21.9481 5.03391974708
41.1951 -16.9142 7.30974631708
0.0 0.0 2.07237406855
1.7868 1.0498 0.344342765279
1.8381 1.3903 3.15793899878
-1.0823 2.5919 0.869156746508
-1.6235 1.9118 0.579238508734
-2.2024 1.9316 1.70592093897
-3.9065 2.0104 1.31163708776
-2.6576 2.4112 0.429615560705
-2.9659 2.7104 1.55059465045
-3.64 4.1068 2.64639647067
-4.4412 6.629 19.4778605563
-10.1584 25.2489 2.58953633301
-12.6065 26.093 12.7291003818
-24.6887 30.0993 17.6793119351
-42.3584 30.6822 7.72648103214
-48.9739 26.6905 3.24418788759
-50.6791 23.9306 0.764458932841
-50.9852 24.6311 1.18934793059
-48.8168 18.4471 0.444059905869
-48.5314 18.1069 0.266979137762
-48.5249 18.3738 0.618570642692
-49.0907 18.1238 1.14078238503
-48.0408 18.57 25.5379511381
-24.2655 27.8932 0.465333482569
-23.8118 27.9966 9.62023394414
-15.2335 32.3511 5.65031155336
-9.5982 32.7627 5.27973624815
-4.3976 31.852 0.734649664806
-3.6919 32.0562 5.23850430944
1.5027 32.733 2.92397265377
4.3969 33.1492 5.62366119356
9.5548 30.9083 1.63154560463
10.8189 31.9398 1.66462328771
11.6474 30.496 7.37994008987
18.9836 29.6937 0.287237044965
19.1932 29.4973 0.253636294721
19.1236 29.2534 0.522491885104
19.6325 29.135 0.377164963908
19.9904 29.016 0.4241124615
20.4141 29.0347 0.33944027457
20.7472 29.1 0.805882001288
21.352 28.5674 2.45962413795
23.0483 30.3485 0.369602123912
22.756 30.5747 3.68209641509
25.5245 33.0023 2.52477063117
27.991 32.463 1.7922340528
29.7767 32.6159 1.54931270569
31.3048 32.3604 2.65969981953
33.882 31.7031 5.34964251236
39.0694 30.3956 1.38106213112
40.0313 29.4046 1.70299756899
40.3619 27.734 1.18027736147
40.0463 26.5967 0.418570770599
40.1281 26.1862 9.03893999593
39.7817 17.1539 9.94629605079
0.0 0.0 2.05238924183
0.6328 1.9524 1.189380923
1.0931 3.0491 2.24944238646
-1.147 2.8443 3.01423964873
-4.1199 3.3418 2.03805815913
-5.2724 5.0227 1.2289522448
-4.2555 4.3326 0.895211131521
-4.2936 5.227 2.28500578774
-5.5707 7.1218 3.12312868291
-8.1766 8.8432 0.782850796768
-8.559 8.1601 0.324576169797
-8.605 8.4814 1.32419444192
-7.6904 9.439 0.829020144508
-8.5116 9.3254 0.914089754893
-8.6834 8.4276 0.824543134105
-8.5671 9.2439 16.006891141
-13.5827 24.4447 5.66438162027
-17.0994 28.8852 3.45407047554
-20.1031 30.5906 2.35554958555
-22.3663 31.2437 2.70135758832
-24.9354 32.0786 1.15953341047
-26.0332 32.4519 1.29694687632
-27.2944 32.7543 2.47441062275
-29.7596 32.541 11.7637149302
-41.5232 32.489 8.11240172883
-48.1898 27.8665 0.758454936038
-48.2908 28.6182 1.12617161214
-44.7041 3.6096 0.640898010607
-44.1956 3.9997 0.245383821798
-44.4067 4.1248 4.95107476009
-39.5575 5.124 22.9752138108
-22.2489 20.2327 0.503575873131
-21.7464 20.1998 6.08941787037
-16.0826 22.4364 2.86978156834
-13.2202 22.2307 1.02836943751
-12.1925 22.2678 2.62905824393
-9.634 22.8728 2.27781465664
-7.456 23.5397 0.824772089731
-6.701 23.8717 1.20758653934
-5.698 24.5442 5.14629300468
-0.988 26.6179 4.93902891366
3.951 26.601 4.30745622032
7.5188 29.0145 3.1146143726
8.9258 31.7932 0.173051004042
8.953 31.9641 2.27062968579
11.0599 32.8107 9.97546385889
15.1411 23.7083 0.99826852099
14.9801 22.7231 10.9562181961
7.4831 14.7335 1.11006497558
8.1347 13.8348 0.652309895678
8.0875 14.4854 3.82785914579
9.5267 18.0324 3.10422257578
8.3925 15.1428 2.66133111243
10.2225 17.0751 1.9549591121
8.4712 16.2063 0.915333130614
7.8669 15.5188 1.14705529509
8.3542 16.5572 14.5598400764
16.5234 28.6093 0.680225499375
17.1931 28.7285 2.32316201114
19.4734 29.1727 1.9318382981
20.5394 30.7838 0.213807997979
20.7125 30.9093 1.45129840143
22.1637 30.9262 2.14819560096
24.2322 31.5059 2.99589167361
26.9406 32.7865 3.05955451006
29.9984 32.8901 3.52088273023
33.514 33.0829 3.69872662548
37.1524 32.4176 0.979367959451
38.0892 32.132 1.20316646396
39.0565 31.4165 2.8902860291
40.1887 28.7572 1.54945708234
40.5572 27.2522 0.470543451766
40.4605 26.7917 1.07682284987
40.2288 25.7401 0.314089477697
40.2496 25.4267 0.649768612661
40.1385 24.7865 0.599184654343
40.2501 24.1978 1.26744415656
41.2746 24.944 0.690098869728
41.074 24.2837 1.23614019027
40.5829 23.1493 0.981812456633
40.4976 22.1712 0.894905721291
40.5008 23.0661 0.8648840905
40.2063 22.2529 5.97485407102
40.1512 16.2783 1.10811078868
40.6438 15.2857 8.26427312472
41.2336 7.0425 0.0
41.2336 7.0425 1.24210194831
40.1646 7.675 0.300851624559
40.4383 7.5501 1.46659493044
41.5238 6.5639 0.0
41.5238 6.5639 0.642714003271
41.4461 5.9259 0.724490448522
42.1636 5.8255 0.620256503392
32.0747 -24.4997 0.653332419217
31.4245 -24.4358 1.77637326033
29.6559 -24.6018 2.70390138319
26.9522 -24.5688 17.7387302468
16.8356 -9.9977 3.3850370899
16.6899 -13.3796 2.84252192428
14.5484 -15.2488 4.92255351825
10.5001 -18.0493 4.8835105457
5.6175 -17.955 0.866999538639
4.7507 -17.9736 4.30755778255
0.4953 -17.3053 2.5190295433
-2.0237 -17.2931 2.08776955864
-4.0655 -16.8574 2.96384706758
-6.1867 -18.9274 2.92534002468
-9.1112 -18.8573 7.37953039698
-8.9514 -26.2351 7.65318069433
-15.3909 -30.3708 4.90843794399
-20.2993 -30.3901 6.97544281748
-27.2708 -30.6246 0.630463393069
-27.8905 -30.5086 3.10524859713
-30.9344 -29.8944 10.7484905289
-32.4792 -19.2575 0.634178287235
-33.0249 -18.9344 0.709012439947
-33.6591 -18.6174 1.32564208216
-34.8168 -17.9716 9.38949487513
-43.9944 -19.9551 3.38059311364
-47.239 -19.0059 3.16544467966
-50.2969 -18.1878 2.68308749391
-47.0 -9.16 12.2097504991
-35.251 -5.8375 7.59649496544
-27.7536 -7.0605 1.26586715338
-26.4995 -6.8883 1.96121858292
-24.8288 -5.8611 0.570067101314
-24.2615 -5.805 0.34979868496
-24.1909 -5.4624 3.28912311262
-23.3808 -2.2746 2.39247352545
-21.3339 -3.5132 0.622080227945
-20.7209 -3.4073 0.631514283291
-20.0911 -3.3608 0.346752303525
-19.7557 -3.2728 0.27805080471
-19.5745 -3.4837 1.01682535865
-18.8815 -4.2278 0.611043059039
-18.2834 -4.3529 0.415519253465
-17.9234 -4.5604 0.473476335206
-17.4906 -4.3684 0.384925148568
-17.1062 -4.3483 0.984908082006
-16.2705 -4.8695 0.699270705807
-15.5949 -5.0499 0.560833272907
-15.0363 -4.9999 0.470818733697
-14.6871 -5.3157 0.758703110578
-14.0267 -5.6892 1.57803121008
-12.6104 -6.3851 2.97418700992
-9.6753 -6.8657 1.69656972742
-8.0025 -6.5827 1.00434618036
-8.7842 -7.2133 0.304639491859
-8.5051 -7.0912 8.86581918663
-10.6614 -15.6908 2.87079462344
-7.839 -15.1659 10.3040803035
-11.6957 -5.6108 0.413712424276
-11.5251 -5.9877 12.7941726114
-1.8711 2.4082 0.922964706801
-2.3054 1.5938 14.2218166955
-10.2638 -10.1928 1.28520049798
-10.0402 -11.4584 1.12082842576
-9.3532 -10.5728 16.183700026
-0.8209 3.179 10.0277682587
8.266 -1.0618 0.430696203837
8.5799 -0.7669 0.30538351298
8.8649 -0.6572 1.11081207231
9.7424 0.0239 1.43931412138
10.6191 -1.1176 0.66973959865
11.2484 -0.8884 0.975994477443
25.6815 -3.0366 0.238485743809
19.4928 -0.8428 1.12875613841
20.0546 -1.2527 12.8290252358
26.8413 -12.1396 0.746948793426
27.4656 -11.7295 1.20883811985
26.748 -12.7023 26.1860300882
8.0583 -31.0436 1.02552389051
7.0328 -31.0366 3.64500272291
3.3895 -31.148 5.43220000092
-2.0314 -30.7978 8.28940103325
-10.3144 -30.4721 6.58495864831
-16.8942 -30.7327 2.44906933548
-19.3348 -30.5292 6.03184449816
-25.3419 -29.9834 1.99199820532
-27.3337 -30.0115 2.6326990656
-29.9603 -30.1906 0.988844952457
-30.9418 -30.3109 2.31989493297
-33.2581 -30.1818 0.469354024165
-33.7059 -30.0412 0.773546772988
-34.4604 -29.8706 0.929919190037
-35.3445 -29.5823 1.49151316789
-36.6533 -28.867 1.87785735347
-38.5115 -28.596 0.907392142351
-39.4112 -28.4781 0.833678331253
-40.2046 -28.2221 1.28596336651
-41.4899 -28.1808 0.958576204587
-42.4204 -28.4111 3.54374592769
-45.7532 -29.6155 0.450305951549
-46.09 -29.3166 0.283442498578
-46.3694 -29.2689 0.632038638059
-46.6154 -28.6867 1.73197188199
-48.2046 -29.3753 0.957381480916
-48.8717 -28.6886 1.76039377697
-50.4213 -27.8533 1.58153509288
-51.1067 -26.428 0.810217581888
-51.3194 -25.6462 1.13636899377
-51.1469 -24.523 0.710466135717
-51.0902 -23.8148 0.427799310425
-51.0742 -23.3873 1.15177679261
-48.1728 -17.5292 0.193137981764
-47.991 -17.464 1.03067872783
-48.8368 -16.875 0.868747126614
-48.1877 -17.4524 23.9218895769
-26.6779 -27.9207 0.305880777428
-26.3762 -27.8703 5.4380279238
-21.4659 -30.2072 8.2238601429
-13.9341 -33.5093 0.405410471004
-13.5875 -33.299 2.3364658033
-11.6913 -31.9339 0.497347926506
-11.1943 -31.9525 1.55635268497
-9.6381 -31.9307 9.0070308937
-5.0835 -24.1601 11.5411477874
-8.1278 -13.0277 10.2368335729
-4.5974 -22.6365 9.78061844926
-6.3168 -13.0082 0.961852280758
-6.5043 -12.0648 1.13905350621
-6.1523 -13.1481 10.0141862615
-2.7041 -22.5499 0.211478273116
-2.575 -22.3824 7.33125452975
-4.3913 -15.2797 0.606124013713
-3.8859 -15.6143 7.27763750815
-1.475 -22.481 6.41291305492
-3.1126 -16.2807 0.778365685266
-3.8901 -16.244 1.21087613322
-3.2275 -17.2575 6.06238600223
-1.1225 -22.9427 9.13194029328
-2.8791 -13.9813 14.1307987106
2.8987 -1.0857 0.341537347885
3.2361 -1.0327 1.17887151548
2.5219 -1.9706 11.883704908
-3.7396 -12.0709 0.928970403188
-4.1647 -11.2449 1.67667804005
-2.5081 -10.9862 11.9337858042
-4.818 0.7219 9.1182671731
3.211 5.0437 20.557824292
8.0751 25.0178 0.370437417117
7.9603 25.37 0.756748260652
8.092 24.6248 2.9901200394
8.7501 27.5416 0.503058962747
8.2805 27.3612 2.40525642084
10.1246 28.9054 3.68043478546
12.5381 31.684 1.80328983805
14.3413 31.666 0.80361874667
15.1116 31.895 0.24482085287
15.3366 31.7985 0.748499632598
16.0637 31.9762 1.27302163768
15.9565 33.2447 0.805788936385
16.6256 32.7957 0.503916441486
16.9569 32.416 1.72883299945
17.4746 30.7665 0.452268681206
17.7956 30.4479 0.881583716955
18.5024 29.921 0.457422211966
18.9462 29.8102 0.911459225638
19.6718 29.2586 2.92903311009
21.2632 31.7176 0.207222489127
21.4702 31.708 1.87559475634
22.6015 33.204 0.230203670692
22.3713 33.2027 0.589455180654
22.9559 33.1272 0.480703338869
23.4332 33.0701 0.548458175251
23.9783 33.0095 0.574721080177
24.5507 32.9579 0.642620712396
25.193 32.9782 0.376612440049
25.4727 32.726 0.980332208999
25.2945 31.762 2.6988231287
27.8013 32.7618 3.00365821125
30.8049 32.7805 2.47546686102
33.1386 31.9548 4.69920217165
37.7263 32.9724 3.02716303492
40.2993 31.3776 0.907370558262
40.1216 30.4878 0.395835534029
40.0292 30.1029 0.3995904153
40.0819 29.7068 0.596066447638
40.0908 29.1108 0.540459924509
40.0641 28.571 0.713437313294
40.0457 27.8578 0.599626166874
40.058 27.2583 0.685188302585
40.069 26.5732 0.596243926594
40.0821 25.9771 0.238993932977
40.0754 25.7382 0.338826976494
40.063 25.3996 0.686463181824
40.1093 24.7147 0.669831262334
40.1269 24.0451 0.649002226498
40.1286 23.3961 1.04986098604
40.5614 24.3526 0.581651665518
40.7079 23.7897 10.0641047714
40.7177 13.7256 0.0997181026695
40.8174 13.7237 1.33070743967
40.1024 12.6014 0.519312237483
39.7326 12.966 0.422091980497
39.7656 13.3868 1.21044999897
33.4541 34.0 13.7992202338
33.0932 20.2055 1.30907862636
32.0294 20.9684 1.49197141058
30.7032 21.6519 1.08149914471
31.783 21.7125 0.519387341009
31.3366 21.447 1.44075144629
30.1553 22.2718 1.37098213701
30.5324 20.9537 1.57825161492
28.967 21.1547 0.830854457772
28.1377 21.2055 1.5486057794
26.5892 21.2236 2.15424752524
25.7584 19.236 2.29790970232
23.63 18.3698 0.506401678512
24.1221 18.2503 3.78935313345
21.338 15.6797 3.19869198267
18.1792 15.1761 0.958073718458
18.9317 14.5831 1.13026386742
-1.2664 23.8174 13.7852323263
7.5438 13.2149 0.786547296734
7.0069 13.7897 10.6200799738
-0.2103 21.5806 1.29440619977
1.0367 21.2335 3.75643504536
2.4439 24.7164 2.59245811538
4.0207 26.7742 1.21185605168
4.4454 27.9092 14.6584791356
18.7278 31.2083 0.797048913179
19.5162 31.0912 0.719281732008
20.2248 30.9677 3.39037036325
23.5984 30.6309 6.97056192355
30.4036 29.1216 8.64698698102
38.4915 26.0628 1.10660143231
39.0087 25.0845 1.85539474237
40.1649 23.6334 1.03123463867
40.9571 22.9732 1.30940519321
42.1335 22.3982 0.767093019131
42.8244 22.0649 2.13346287992
44.8489 21.3918 0.268551019361
43.5318 16.3556 0.444759395629
43.1622 16.1082 0.894447142094
44.0442 16.2569 1.33407113004
42.8925 16.9302 1.0034925062
43.7114 17.5102 1.08692519062
44.192 16.5353 1.21137187106
43.0161 16.8263 0.886337926527
43.8675 16.5799 0.444331520376
44.3038 16.664 1.7420924344
42.6112 17.0763 0.121039208524
47.0 9.16 17.6178835511
40.1529 25.3929 0.678795595154
39.5418 25.6884 23.4889328512
16.0743 26.6916 1.00393945037
15.0704 26.7005 3.28969506186
11.804 27.0913 3.79707647803
8.2663 28.4706 3.57701673605
4.8511 29.5343 2.85013284778
2.1021 30.2868 2.78894668648
-0.6488 29.8277 3.677191707
-4.3226 29.6698 3.58093646411
-7.3186 27.7084 3.19526940335
-10.4202 28.4764 1.32008089525
-11.2941 29.4658 1.86775651786
-17.4337 20.1024 0.734397603482
-17.3037 19.3796 10.2862004982
-12.8172 10.1234 2.3180046635
-10.7811 11.2313 0.465874682721
-10.3202 11.1634 2.06501730743
-9.1094 9.4906 14.9534412992
-2.1457 -3.7424 0.473257012626
-1.7113 -3.9302 1.11360280621
-0.5977 -3.9327 1.0895622699
0.4508 -3.6364 1.94738452803
1.9503 -4.8789 3.49521678012
4.185 -7.5664 0.409235201321
4.3163 -7.1788 1.24019339218
5.1504 -8.0966 16.3467609568
9.8311 -23.7589 1.17245349588
10.8755 -24.2917 0.372280284195
10.5774 -24.0687 0.217245138035
10.7186 -24.2338 2.117668645
12.0326 -25.8945 1.68595327634
12.8135 -27.3887 0.709906360022
13.2083 -27.9787 1.43271673753
14.1821 -29.0296 2.68177683822
16.1091 -30.8947 0.516600212931
16.6224 -30.8364 1.09448121501
17.4697 -30.1436 0.760344987489
18.0662 -30.6151 0.547757610627
18.5966 -30.7519 2.3347203794
19.9644 -32.644 0.913119187182
19.0967 -32.9284 0.705927935416
19.791 -32.8008 0.315314779229
20.0956 -32.7193 2.51923475683
22.2786 -31.4619 1.87142822999
23.9055 -30.537 1.58654844553
25.3341 -29.8469 2.24674566874
27.361 -30.8162 4.64708994964
31.592 -32.7382 3.15432183678
34.7385 -32.9602 4.22284783647
38.8737 -32.1043 3.42658847981
40.5643 -29.1238 1.9530652114
40.7349 -27.1782 1.59367929647
40.507 -25.6009 1.22579023491
40.3297 -24.388 0.253892930189
40.2806 -24.1389 0.188862833824
40.2407 -23.9543 0.119982373705
40.2116 -23.8379 0.330571822756
40.1279 -23.5181 0.880646330828
40.7543 -24.1371 0.541336392643
40.6021 -23.6176 9.61869584143
41.2581 -14.0213 0.984824095968
40.8474 -13.1262 14.1505612617
38.5885 0.8429 1.01320766874
37.5892 1.0102 1.14673219193
44.3154 2.674 0.587588716706
44.7947 2.3341 0.975875094466
44.3305 3.1925 26.2700707157
25.2415 21.2404 0.768686444527
24.5313 20.9463 17.3592392025
11.6518 9.3075 4.42734634403
7.8307 11.5437 3.2030122385
4.6419 11.2423 3.09235665796
1.6408 11.988 2.62657916309
-0.9481 12.4313 3.86065894117
-4.047 10.1288 2.06852637643
-6.1146 10.1907 1.86777184099
-7.9565 10.5005 0.407729824761
-7.9305 10.0936 3.34277662431
-8.1015 13.432 1.31374670694
-8.507 12.1824 1.78351096997
-10.2737 12.4267 0.840240614348
-11.091 12.6217 0.808144498218
-11.8987 12.6485 0.394368672691
-12.2886 12.7077 0.861076355499
-22.9021 34.0 13.1709048045
-22.7565 20.8299 0.291353290697
-22.4658 20.8104 1.03654449012
-21.515 21.2232 2.11297720764
-22.5552 23.0624 0.659044459805
-22.0138 22.6866 0.486740721535
-21.7305 22.2908 0.177073656991
-21.5547 22.2696 0.0404504635326
-21.5229 22.2946 0.616355887455
-21.1802 21.7823 1.40346221182
-20.7015 23.1016 0.427266017839
-20.2791 23.0373 2.18782026913
-18.2578 23.8745 2.4177755086
-16.0974 22.789 1.95749429884
-14.6697 24.1282 1.96714274266
-12.7101 24.3003 0.552071046153
-12.1589 24.3313 2.86231949649
-9.3002 24.4752 1.9385679921
-9.1547 26.4083 0.738606613834
-9.8245 26.097 0.981041507786
-8.8583 26.267 17.3530576041
7.5728 31.848 0.732378317538
8.1198 32.335 2.48657802813
10.5408 32.9023 2.8504686527
13.3785 32.6328 2.27715349505
15.6455 32.418 1.43879289684
17.0811 32.3222 0.878563566283
17.9074 32.0237 0.728663941745
18.6291 32.1242 0.815902010048
17.8291 31.9639 8.19557747203
11.568 26.6756 9.68812500023
7.8761 17.7185 19.5892845127
-0.3905 -0.0411 4.40653901946
3.7768 1.3911 1.16030204688
4.1238 0.2839 0.56880799045
4.5996 -0.0278 0.850766066554
4.5323 -0.8759 0.731176285173
5.1143 -1.3185 0.469094190968
5.2753 -1.7591 3.91251660316
7.5109 -4.97 1.50149372293
6.4433 -6.0258 13.3178289777
-4.6645 -13.373 0.528558814135
-4.3014 -13.7571 0.706122538941
-4.4924 -14.4369 0.937909782442
-3.9464 -13.6743 4.51876368269
0.3477 -12.2672 4.29282840561
-3.7459 -13.5598 0.603301193435
-4.1611 -13.1221 2.52083446501
-2.4903 -11.2345 0.792153425796
-1.8935 -10.7136 1.43991850117
-0.4608 -10.8576 9.99594135087
8.1285 -15.9706 0.298444299661
8.4263 -15.9902 1.05937417375
9.3055 -15.3992 1.42319000137
10.6308 -15.9179 2.36830279525
12.9766 -16.2436 0.201738890648
13.1089 -16.0913 0.250455045867
13.1947 -15.856 1.02682022282
13.9776 -15.1916 0.693688582867
14.6704 -15.2267 1.0003429212
14.534 -16.2177 1.41711803672
13.3213 -16.9509 16.2285051936
24.5602 -28.6578 0.975428280295
25.3894 -29.1715 6.57194503477
30.7517 -32.971 0.592724219178
31.3363 -32.8732 1.54354769606
32.8606 -33.1162 2.52635200437
35.3588 -32.7401 3.63106135586
38.8837 -31.8685 2.90951839657
40.8474 -29.7216 0.384635567778
40.731 -29.355 0.60292012738
40.5398 -28.7832 0.320667382189
40.4229 -28.4846 0.478923302837
40.2612 -28.0338 1.02689085106
40.2161 -27.0079 0.808066661854
40.2779 -26.2022 0.760052504765
40.2045 -25.4457 1.58890702371
40.8093 -23.9764 1.37205666428
40.7483 -22.6057 0.311270380859
40.6278 -22.3187 1.17509070288
40.8832 -21.1717 0.968978843938
41.2372 -22.0737 0.570239703984
41.0816 -22.6223 1.22338101996
40.856 -21.4199 4.99503444032
40.6969 -16.4274 9.73249880555
0.0 0.0 1.95232932161
1.3003 1.4563 1.30768952355
0.8661 0.2228 1.84269589732
-0.965 0.4292 3.99960523052
-4.3564 2.5494 2.56396671195
-6.2545 4.2731 2.80118660571
-8.3209 6.1643 0.645255523029
-8.8139 6.5806 1.60433229102
-10.0808 7.5649 1.03328548814
-10.8559 8.2482 3.01588387376
-13.3082 10.0037 0.927807550088
-13.3888 9.0794 0.533612940248
-13.9119 9.1848 1.20223746822
-13.5877 10.3425 17.9085365837
-19.6966 27.1769 5.34233260384
-24.7423 28.9323 7.52480873511
-32.2398 29.5728 16.7042399324
-48.6694 26.5562 2.42158050248
-50.1211 24.618 3.38084708468
-41.6999 12.3722 0.21572540416
-41.5087 12.2723 3.85273453147
-40.7949 7.2916 2.86835474096
-37.9693 7.785 0.518448309863
-37.47 7.6454 2.74806487733
-34.7369 7.9318 2.96948790871
-32.2707 6.2778 2.2649530547
-30.0062 6.3231 0.66350599093
-29.3434 6.3537 3.00012997885
-26.4092 5.7282 1.55312771529
-25.6575 7.0873 1.15256998486
-24.7169 6.4212 25.6615841276
-13.3982 -16.6093 0.339424925425
-13.5434 -16.3025 0.211548032371
-13.6298 -16.1094 0.74977279892
-12.8931 -16.2488 0.0811529420292
-12.8773 -16.1692 0.634337394452
-13.0625 -15.5625 0.420240038549
-12.7262 -15.3105 0.503888330883
-12.2409 -15.1749 0.15387803612
-12.3946 -15.1823 1.54949006451
-10.8507 -15.3138 1.40718323256
-9.5036 -14.907 12.0154867321
-11.6457 -3.084 0.404938637327
-11.3136 -3.3157 0.350526717955
-10.9799 -3.2084 0.211414971088
-10.8449 -3.0457 0.638256194643
-10.2353 -2.8566 2.04828012
-8.2654 -3.4178 1.16537528719
-8.2088 -4.5818 8.06371770959
-13.0335 -11.0429 0.295597158308
-12.7617 -10.9267 0.394004873066
-12.4817 -11.2039 1.14578142767
-13.3425 -10.4477 0.779169108731
-14.0344 -10.806 8.66607546067
-16.9919 -2.6602 0.873307380021
-16.8562 -3.5229 6.45843644004
-17.7384 -9.9208 2.93860477268
-16.5444 -12.6059 0.459609018623
-16.7297 -12.1853 2.93885219941
-14.3633 -13.928 0.550990562533
-14.1967 -14.4532 1.52750642552
-15.2399 -13.3374 16.745960999
-18.9522 2.9919 0.453539083211
-18.5133 2.8776 1.63436238638
-16.9504 2.3996 0.445695737022
-16.6217 2.7006 0.384924317237
-16.4009 3.0159 1.26333058223
-15.7789 4.1155 0.798173677842
-15.758 4.9134 2.87082085996
-12.9385 5.4538 0.188285421634
-12.7693 5.5364 0.530662840229
-12.3001 5.7843 1.19370747254
-12.3693 6.976 4.67142959061
-13.2994 11.5539 1.6356861924
-11.6648 11.4943 0.764828477503
-11.036 11.9297 0.291576988118
-11.0293 11.6382 0.448276488342
-10.5843 11.6923 0.553992418721
-16.4751 30.681 10.3722422942
-26.8436 30.9596 23.6121926068
-50.0855 26.7943 56.8022167062
0.0 0.0 1.98272612834
1.7459 0.9397 2.4805036666
-0.3479 2.2697 0.736164818502
-1.0749 2.3855 2.96785434447
-3.9884 2.9509 0.855276563458
-3.183 2.6631 0.902768104222
-3.9182 3.187 1.23505184102
-4.3161 2.0178 0.647545056347
-3.8265 2.4416 1.3701744305
-4.5754 3.589 1.00342578201
-7.4816 0.4503 1.52687060683
-8.2653 1.7607 6.32970820496
-13.4017 5.4597 0.524692748187
-13.0275 5.8275 0.819048454
-12.7556 6.6001 0.56256520511
-12.6601 7.1545 0.90767507953
-13.47 7.5643 0.302291812658
-13.4305 7.2646 1.46751946154
-12.7441 5.9675 6.81474055559
-15.4419 12.2255 3.42405858157
-12.0218 12.0609 1.43553817434
-10.5886 11.979 0.169719916333
-10.5912 12.1487 0.0820822148824
-10.6062 12.2294 0.995200844051
-10.8916 13.1828 0.508166035858
-10.4342 12.9614 1.61383273607
-8.8241 12.8517 1.06861031251
-8.2549 11.9473 1.67430698499
-6.5811 11.9885 0.557915809061
-6.0232 11.9927 0.426438741204
-5.625 12.1453 0.328088113165
-5.32 12.2662 0.393518106318
-5.3069 12.6595 0.943238766167
-4.6573 13.3434 1.70672215079
-3.9392 11.7951 14.4970704799
1.8073 -1.5144 5.21241123186
2.158 3.6862 0.988971607277
3.0958 3.3722 1.5094710928
1.5985 3.1809 0.430173383649
1.9968 3.3434 0.961291516659
2.9215 3.0807 1.04560968339
1.8796 3.1687 17.6617748873
-15.5128 0.0958 0.515846924969
-15.2722 -0.3605 13.4176123155
-2.2647 -3.6525 0.302316936343
-2.567 -3.6557 0.881285884376
-2.8055 -2.8073 0.230584648231
-2.5927 -2.8961 0.367034126479
-2.2426 -2.7859 0.665213687472
-1.6135 -2.5697 1.59462711942
-0.0189 -2.579 2.81367025964
2.7434 -3.1142 0.858553446211
3.6015 -3.1421 0.735746865437
3.1719 -2.5448 13.5321882004
7.8664 10.147 0.510771436163
8.0975 9.6915 0.514297550062
8.2806 9.2109 0.338972934023
8.3003 8.8725 0.395988913986
8.6372 9.0806 17.0129410726
17.7909 23.4211 8.50340722593
25.0966 27.7725 6.41546103176
31.4041 28.9445 6.6287096942
37.6855 26.827 4.09854539319
39.4558 23.1305 2.03190941727
40.2296 21.2517 0.731308594234
40.8351 20.8416 4.26061142326
43.8544 17.8355 0.836298726533
43.5704 18.6221 0.964335154394
43.2202 17.7236 10.5610526696
41.752 7.2651 0.0
44.0136 3.1919 1.29594223637
44.0328 1.8961 5.71597568224
43.1174 -3.7461 0.425720589119
42.6985 -3.6702 5.36916037477
40.1033 1.0301 1.25748040939
38.846 1.0088 15.7579674149
23.6049 -2.994 29.4257179328
13.0968 -30.4795 4.35884426196
8.7397 -30.6028 2.19981251247
6.5492 -30.805 4.32508906035
2.2269 -30.9603 2.9561815658
-0.7119 -30.6402 3.77794024569
-4.4834 -30.4197 3.6442000343
-8.1276 -30.4192 2.8758727371
-10.3032 -32.3 3.60706709114
-13.8974 -32.6044 0.510287223042
-13.9578 -32.0977 1.41774980162
-15.2693 -31.5592 6.52900444785
-20.9655 -28.3684 0.550737478296
-21.3116 -28.7968 1.25568679614
-21.9749 -29.863 3.09928704705
-24.6727 -31.3886 4.59324330294
-29.0179 -32.8776 3.94042465351
-32.5692 -31.1702 3.22476681328
-34.1156 -34.0 12.2726354207
-44.8285 -28.0124 4.45637688038
-49.1822 -28.9635 13.0703553004
-49.3338 -18.4302 0.485810353945
-49.4459 -18.9029 0.0880714482679
-49.4976 -18.9742 0.0303151777168
-49.4677 -18.9692 0.333218321825
-49.79 -19.0538 1.3089664969
-48.4915 -18.8886 17.6325225081
-31.4273 -23.3292 2.66744846248
-28.9884 -24.4095 1.84131616242
-27.1824 -24.0506 1.83812225926
-25.3444 -24.0294 2.45226684723
-24.0731 -26.1264 0.333671005633
-23.7986 -26.3161 3.11571508967
-23.3052 -29.3925 0.54629773018
-23.0012 -29.8464 2.56238644431
-20.5902 -30.7141 0.479380902832
-20.1124 -30.753 0.637103460986
-19.4913 -30.8949 1.15301626181
-18.5486 -30.231 0.435167013915
-18.1854 -30.4707 1.86606933419
-17.1478 -32.0217 0.573154333491
-16.5748 -32.0084 1.42995812876
-15.152 -32.1513 0.388968507723
-14.7631 -32.144 1.70151050834
-13.1707 -32.7435 0.457311502151
-12.7141 -32.769 1.79831601227
-11.0293 -33.3978 3.0436374702
-9.481 -30.7774 4.33455271626
-5.8187 -33.096 2.08927342394
-3.7297 -33.1298 2.73003477084
-1.2833 -31.9181 0.507923429269
-0.7919 -32.0466 1.01445335526
0.1212 -32.4886 1.47242222545
1.2976 -33.3741 0.993551513511
2.2906 -33.341 2.44599081356
3.7141 -31.3519 9.42587645262
11.5262 -26.0776 1.04280677501
11.2853 -25.063 0.617326655831
11.5135 -24.4894 2.58832857651
13.6776 -25.9093 0.366901648947
14.0445 -25.9104 1.19779093334
15.2419 -25.941 0.328738741252
15.5665 -25.993 1.1437023083
16.4644 -26.7014 0.204402788631
16.6639 -26.7459 0.426236788652
17.0117 -26.4995 0.191410135573
17.1907 -26.5673 0.130665450675
17.3062 -26.6284 0.363263609518
17.6276 -26.7977 6.84227084308
21.6806 -21.285 0.244242768573
21.7184 -21.0437 1.34044702991
22.2952 -22.2537 0.438858633275
22.3763 -21.8224 1.43955611214
23.8157 -21.8436 2.23197081746
25.581 -20.4778 0.622901035478
26.0997 -20.1329 2.05143154407
27.7524 -21.3482 0.539136392762
28.2093 -21.062 0.344144736993
28.4751 -20.8434 0.467011091945
28.8011 -20.509 0.187452020528
28.7036 -20.3489 0.717728953018
29.407 -20.2062 1.59217577233
30.9605 -20.555 1.15053241588
31.9933 -20.048 0.335414966869
32.2941 -20.1964 0.842221407944
33.0564 -20.5545 0.537908709727
33.5711 -20.7108 1.1783065815
34.4887 -21.45 0.965013041363
35.1836 -20.7804 0.17371853672
35.0514 -20.8931 0.29288484085
35.3166 -20.7688 2.23690719521
37.2892 -21.8236 2.3431427528
39.6056 -22.1766 0.999203647912
39.7723 -21.1914 5.47944880166
39.1624 -15.746 1.21039012719
39.1889 -14.5359 7.04277138135
0.0 0.0 16.023336186
7.0403 14.3938 1.34661351917
6.5789 15.6589 0.623084536801
6.9634 15.1686 0.981480850552
6.2905 14.4541 2.05421699195
4.8982 12.9437 2.80524147445
2.4479 11.5779 0.599773040408
1.9262 11.282 2.14646472135
-0.084 12.0346 0.596824932455
0.0708 11.4582 1.32097862208
-12.1641 26.0398 0.863035630782
-13.027 26.0551 1.31545032974
26.8925 26.286 0.873841822071
27.0897 27.1373 14.0072384894
39.3006 34.0 18.5430280572
33.7833 16.2968 2.14507942277
33.5495 14.1645 3.49875201893
30.5235 12.4082 3.42132807693
27.322 11.2016 2.86984143987
25.3162 9.1491 0.620306899849
25.5779 8.5867 1.45172160554
24.782 9.8008 20.4720555783
12.1674 25.9246 3.21767848767
8.9708 26.2923 6.33636317299
4.1103 30.3574 2.00493815366
2.1061 30.303 2.70012379346
-0.5366 30.8569 2.76196087047
-3.2954 30.989 1.90958890864
-5.202 30.8822 2.0877414519
-7.2771 31.1116 2.52517090511
-9.7922 31.3369 3.64340162211
-13.1585 32.7306 1.81207060845
-14.8927 32.2051 0.956125556609
-15.8425 32.0953 2.54084420026
-18.3422 32.5507 2.79909221356
-21.1363 32.7178 1.8333312003
-22.9688 32.6626 0.513794054072
-22.7055 32.2214 0.103791329118
-22.8075 32.2406 1.72722258265
-24.4939 31.8673 5.07702464835
-27.7921 28.0075 0.963805504238
-27.6337 27.0568 3.48724102121
-31.0572 27.7205 1.54118018739
-32.2906 26.7964 5.08602573824
-28.2172 23.7509 0.341067808507
-28.5109 23.9243 7.84522028499
-35.7963 26.8347 9.03963694514
-44.735 28.1818 3.01192690482
-47.6598 27.4626 4.57828750954
-51.9134 25.7692 0.76618666133
-51.8244 26.5302 1.14329000695
-51.4634 25.4454 12.235284682
-27.4034 -2.0689 0.849641836305
-26.5569 -1.9959 18.7003031647
-17.129 -18.1457 1.84155524761
-15.3653 -18.6755 0.647011970523
-14.7285 -18.79 2.86194412245
-11.8681 -18.884 2.87136352627
-9.1814 -17.8709 8.79615009706
-8.0212 -9.1516 0.228237946012
-7.9446 -9.3666 8.70625835132
-8.2104 -18.0688 12.6016018018
-11.4675 -5.8954 0.685457584392
-11.7214 -6.5321 0.880465655208
-12.1258 -5.75 1.3479015283
-10.8205 -6.0862 7.16586249519
-3.9396 -8.0869 9.64368482791
-11.8587 -13.5904 0.472013357862
-11.3881 -13.5539 0.456517524308
-10.9316 -13.5579 1.99950649161
-9.173 -12.6064 0.66399115958
-8.5181 -12.7159 1.37324824049
-7.1749 -12.4302 0.600809736938
-6.5752 -12.4667 0.742126141569
-5.9463 -12.0727 0.610207980938
-5.3456 -12.18 0.297797800529
-5.0604 -12.2657 0.315094906338
-4.7488 -12.3125 0.647388986622
-4.1663 -12.03 0.63539865439
-3.5447 -12.1617 0.351074536246
-3.1985 -12.22 0.310990884111
-2.9227 -12.3637 0.421726748025
-3.2083 -12.0534 0.793808194717
-2.4464 -11.8306 0.238059593379
-2.375 -11.6035 1.80828025483
-3.4592 -10.1563 0.0912255446681
-3.3911 -10.217 1.08553353242
-2.4179 -10.6979 1.71517286009
-1.9814 -9.0392 1.89033458414
-2.8142 -7.3422 7.90086304969
-9.424 -3.0139 0.825589201722
-9.7493 -2.2551 1.82096928585
-7.9376 -2.0716 10.9067984858
-1.5476 6.7673 17.3473901213
5.8625 22.4524 6.8047915802
9.2283 28.3665 5.64240664699
12.6462 32.8559 2.55774254373
15.1258 33.4833 1.24289952128
14.0407 32.8772 2.58399346942
16.6111 32.6125 3.1420998536
19.7493 32.456 2.26988705666
18.9556 30.3294 0.524604622549
19.468 30.2169 1.17850315655
20.584 29.8382 1.29502741284
21.2668 30.9386 1.379905533
22.6446 31.0148 1.53803551649
23.97 31.7951 2.65125588731
26.5693 32.3174 2.20778914981
28.624 33.1252 3.7514073839
32.317 32.4658 6.07429720791
38.3729 31.9934 0.668721384435
38.7054 31.4132 0.421463224967
38.9204 31.0507 1.33901857343
40.0347 30.3082 1.68174167457
40.1906 28.6337 0.360455267682
40.1486 28.2757 0.54366921009
40.0775 27.7367 0.382527815982
40.0643 27.3544 0.593734351373
40.0095 26.7632 0.706105402897
39.9973 26.0572 0.356085944682
40.0339 25.703 0.260424902803
40.0671 25.4447 1.02721158969
40.4497 24.4914 0.38713027523
40.4121 24.1061 1.09511745489
40.1941 23.0329 0.982779497141
40.2066 22.0502 1.11919286988
39.4578 21.2184 5.50251293229
39.9039 15.734 0.545950299936
40.1316 15.2378 1.3230849557
40.061 16.559 1.20941341567
40.0115 17.7674 1.12964079246
40.0019 18.897 0.893756818156
40.4008 19.6968 0.958266695654
40.5567 18.7513 2.96636748903
40.8845 15.8031 6.7144022906
39.4639 9.2407 1.2860509049
40.4397 8.403 3.00175508828
42.5553 6.2735 10.5628554345
47.0 -3.3087 4.4187542
0.0 0.0 2.0976072559
1.6696 1.2698 0.786050545449
1.2821 1.9537 2.85831614242
-1.2865 3.2076 1.69383877627
-2.9691 3.0128 1.21097414093
-1.7585 3.0429 0.285777710817
-2.0406 3.0886 2.44707684595
-3.5161 5.0408 3.02573903204
-5.5571 7.2745 0.780090078132
-5.9309 6.5898 0.987124313347
-5.8838 7.5758 18.1424748546
-12.3154 23.3946 3.82406566105
-10.3251 20.1293 0.343232763588
-10.6223 19.9576 0.846418076367
-10.5957 20.8036 0.447164779472
-10.1622 20.9133 0.337972321352
-9.8327 20.9885 0.628098399934
-9.2625 21.2519 1.95259645856
-8.3463 22.9762 3.55592084417
-5.6804 25.3294 3.09276066323
-3.321 27.329 1.4705187282
-1.9353 27.8212 0.631489580278
-1.3643 28.0909 3.86620998136
1.7596 30.3688 2.54671648402
3.8813 31.7774 0.558527725364
4.3884 32.0115 0.473146932781
4.8143 32.2176 2.28395145526
6.9927 32.9039 1.87236887925
8.7256 32.1948 0.749658195446
9.4602 32.3443 0.810843838233
10.068 31.8076 1.84045323222
11.8379 31.3029 1.22741885679
12.5647 30.3138 1.97669572013
14.5048 29.9352 2.23049790406
16.6127 29.2059 0.295546223119
16.8373 29.0138 1.21978933427
18.0282 29.2777 0.610661608422
18.1788 29.8695 1.38632164378
19.1315 30.8766 0.892196615102
19.9281 30.4748 0.745042065926
19.7573 29.7496 1.77063732029
21.5269 29.8102 4.743039322
25.7493 31.9707 0.740464192247
26.4892 31.9996 1.56421048456
28.0504 32.0966 2.73230786699
30.7816 32.1744 3.476627045
34.2572 32.0899 6.6751101534
40.5456 29.8509 2.2727099353
39.7982 27.7046 0.402004987531
39.8383 27.3046 0.301292897361
39.8754 27.0056 0.499640050436
39.9237 26.5083 1.14357782857
40.019 25.3687 0.298447466064
40.0807 25.0767 1.25302003974
39.0976 25.8536 0.700653188104
39.4268 25.2351 12.5515059754
38.6525 12.7075 0.434312813534
38.3834 12.3666 1.44743808503
38.9304 13.7067 6.54266290741
39.8508 20.1843 0.158292514037
39.9174 20.0407 0.0983628486777
39.9781 19.9633 0.353415845712
39.9541 19.6107 0.224121440295
39.9572 19.3866 4.88233392139
39.5886 14.5182 5.10200389357
47.0 3.2731 4.19050283618
0.0 0.0 2.00041918857
1.4682 1.3587 0.661799100936
0.9069 1.0081 1.62195576389
-0.7092 1.1458 1.72195442739
-2.4085 1.4242 2.94268188563
-3.9277 3.9444 2.12204184926
-5.5797 5.2763 0.900801831703
-5.5182 4.3776 1.02398961421
-5.663 5.3913 1.38051999623
-4.5469 4.5788 0.0652772548442
-14.7757 16.0519 0.76750407165
-14.3882 16.7144 8.47693202108
-5.9122 16.5887 1.29008007503
-6.944 15.8143 0.154814082047
-6.8078 15.7407 0.808555761837
-7.5897 15.9466 0.966932619162
-7.5107 16.9103 0.502586519915
8.9856 12.6839 0.998079054985
8.4058 13.4963 20.9695129943
-5.7713 28.9472 3.77042947819
-9.5352 29.169 2.90584350921
-10.8793 31.7453 2.58109025995
-13.4216 31.2995 2.69932407836
-16.0334 31.9813 0.601440969672
-16.5374 32.3095 1.74441786852
-18.2815 32.3428 4.25257886229
-22.5338 32.3915 0.763864660787
-23.0127 32.9866 1.39575551226
-21.968 32.061 0.310599581455
-22.2469 32.1977 0.791872931726
-21.8162 32.8622 0.961799776461
-22.5102 33.5281 0.908221123956
-32.402 27.7164 0.965179988396
-33.2641 28.1504 0.99180640248
-32.4346 28.6941 2.68187881904
-29.824 28.0799 2.46915609268
-27.5435 27.1333 3.04107658733
-26.8715 24.1674 0.582264896761
-26.4719 23.7439 12.3539912077
-21.4293 12.4659 1.15681896596
-20.7259 11.5475 13.8415494219
-10.6747 2.0311 9.96362671019
-0.9958 4.396 7.23606713968
-7.4291 1.0834 1.26950012997
-7.8078 -0.1283 0.548591332414
-7.2756 0.0048 0.941326234629
-7.1834 0.9416 0.759912165977
-7.1791 0.1817 2.14556738417
-5.2637 -0.7851 2.5772229725
-3.0022 -2.0211 4.36578273509
0.2818 -4.8978 1.29977930819
1.303 -5.7019 1.39056690957
0.1277 -6.4451 9.97784251028
-9.6377 -8.4931 1.04238693871
-10.0855 -9.4344 0.795974503361
-9.5926 -8.8094 2.79802352563
-7.3713 -10.5108 0.731511811251
-6.6486 -10.3976 0.352315455239
-6.2963 -10.4009 1.74402838566
-4.6113 -9.951 7.46475712465
2.1369 -13.1423 0.123504250939
2.2398 -13.074 0.0397705921505
2.2585 -13.1091 0.115136657933
2.2331 -12.9968 0.954097882819
1.4442 -12.4602 0.208601941506
1.2513 -12.5396 1.18600940974
1.5967 -13.6742 14.917512305
9.0711 -26.5841 2.99708350401
11.5779 -28.2268 4.73629865718
15.5778 -30.7632 4.04903908107
19.409 -32.0734 0.520749152664
19.8538 -32.3442 2.53936032299
22.1159 -33.498 0.357646319707
22.4679 -33.4347 1.24292180365
23.6885 -33.2002 1.63224398299
25.2994 -33.4633 0.441927165945
25.7413 -33.4682 1.01005774092
26.7513 -33.4574 1.87119519292
28.5169 -32.8377 2.74254129048
30.9597 -31.591 2.90366166245
33.2356 -29.7878 0.767815667983
34.0003 -29.8569 0.236340961325
34.2302 -29.8021 0.0643009331192
34.2517 -29.8627 2.40253421412
36.4313 -28.852 3.50234197217
39.7973 -27.8843 0.8440826796
40.1014 -27.0969 1.99412426895
40.2056 -25.1055 0.349942280955
40.1494 -24.7601 0.977038433226
39.1751 -24.8332 8.18079045386
38.9858 -16.6546 7.28608559173
0.0 0.0 2.0918334972
1.1363 1.7563 0.694861317099
0.4491 1.8592 0.503794015447
-0.0538 1.8892 2.29760379744
-2.2243 1.1356 1.70208499494
-3.4241 2.3429 1.23734842708
-4.4453 3.0416 4.33509205669
-7.9936 5.5321 0.53055417254
-8.1774 5.0344 0.567256220768
-8.6329 4.4788 1.03685708273
-9.5339 4.9919 1.61482523203
-8.0346 5.5917 8.79933653522
-13.0335 12.8332 5.95856041758
-7.7592 10.0608 6.58807375566
-13.2926 13.6363 0.528613980141
-13.0141 14.0856 0.401092832147
-12.7602 14.3961 1.01024104549
-11.8198 14.7652 0.480755426386
-11.5031 14.4035 0.536001679102
-12.0049 14.5919 18.1257148516
-0.9357 28.9451 0.68420921508
-0.4292 29.4051 0.535677262911
-0.0309 29.7633 1.91665605156
1.382 31.0584 4.53156461832
5.9078 30.8299 1.56573073036
7.4484 31.1093 0.664283531333
8.1054 31.2074 2.5986802285
10.6296 31.8251 3.39157331338
10.6073 28.4336 0.573952837784
11.1792 28.3851 1.57149767101
11.2794 29.9534 3.04228474177
13.5351 31.9948 3.25722769238
16.6921 32.7966 0.951872391658
17.6332 32.9394 3.31513882213
20.9002 33.5023 1.01843186321
21.3287 32.5784 1.4776573791
22.8025 32.4717 2.46032170661
25.2598 32.5936 0.636014543859
25.8599 32.8043 2.24177833873
28.1003 32.7257 3.87275313053
31.9719 32.8202 2.93816973812
34.9089 32.9031 3.0009239144
37.7454 31.9234 3.31247904295
40.45 30.0109 1.5994433563
40.4221 28.4117 0.26123677
40.3518 28.1601 0.18665572587
40.3024 27.9801 0.222298582991
40.2253 27.7716 0.326364366928
40.1966 27.4465 0.232354492102
40.1681 27.2159 1.00704967603
40.2845 26.2156 9.81462668164
39.9002 16.4085 0.734388589236
40.607 16.6079 0.687449292675
40.1793 17.1461 1.45802734199
40.2415 15.6894 9.40819602527
41.3137 6.3425 1.21500604525
40.3917 5.5512 0.144028122254
40.4394 5.6871 0.498098564543
37.0481 -20.1783 0.956724296754
36.5148 -20.9726 0.718803519747
36.9907 -20.4339 1.28012534152
35.7392 -20.7031 21.4212106028
15.6804 -28.2206 5.24258944034
10.6756 -29.7816 4.74907425611
5.9331 -30.0314 4.49390418233
1.4393 -30.062 3.03102745121
-1.5736 -29.731 3.66323543606
-5.2367 -29.6995 11.5886117219
-8.8197 -18.6787 0.637343376839
-8.707 -19.306 9.81099656763
-12.1383 -28.4974 10.3559433452
-12.4382 -18.1458 2.034538761
-14.1633 -19.2244 8.81238672835
-16.3029 -27.7731 3.10221080683
-18.8139 -29.5948 2.70658096498
-20.9938 -26.6604 0.836674189873
-20.3719 -26.1007 9.3491171872
-24.3206 -17.6264 0.878997440269
-24.9737 -18.2147 1.25234919252
-24.3864 -17.1086 19.3752268905
-13.6155 -1.0031 2.61777321019
-11.3458 0.3012 1.13305710359
-10.2534 0.0004 0.434122678514
-9.8209 0.0379 0.344035245287
-9.4773 0.0552 2.25736964186
-7.8832 1.6535 1.21283069305
-7.2634 2.696 0.446529909413
-7.6994 2.7924 9.9979172011
-14.9684 9.6568 0.30830277326
-15.2252 9.4862 0.89439188838
-15.3861 10.366 1.07297402112
-14.352 10.6522 35.3615322072
13.576 32.3424 11.1570423307
24.4106 29.6795 6.12440392202
30.486 28.9063 9.30290285234
39.2248 25.7161 3.87849623695
40.9157 22.2256 0.873331237275
40.6621 23.0613 1.14696847385
40.5053 21.9251 13.655786572
38.8354 8.3718 1.29505657019
0.0 0.0 2.01727790103
1.3623 1.4878 4.1950623285
-0.9332 4.9991 1.52412178319
-2.4571 5.0251 1.70527947856
-4.0614 4.447 0.442723796514
-4.352 4.781 0.69832969291
-3.9514 4.209 0.0
-3.9514 4.209 0.791786840002
-3.1598 4.2262 1.42659682461
-7.5652 3.8475 1.03536769314
-8.5687 3.5926 0.523642368416
-8.935 3.2184 7.15522297416
-15.2041 6.6674 1.16297109594
-15.469 7.7998 1.10742480106
-15.1602 6.7363 15.424485982
-8.3436 -7.1002 0.223721478629
-8.1383 -7.1891 7.02549934026
-14.996 -5.6628 6.23156292594
-9.3947 -8.3937 12.0586410412
-9.2217 -20.4511 3.6836928265
-5.5645 -20.8921 1.38757607719
-5.1249 -19.576 1.04395786313
-4.3578 -20.2841 2.3883453896
-3.5559 -22.5338 1.08334666658
-4.6179 -22.3198 0.970899304769
-3.7568 -22.7683 0.342219301034
-3.883 -22.4502 2.39384399868
-2.3083 -24.2532 4.29909036425
1.2181 -26.7122 10.7110057889
11.4931 -29.7371 0.598253591715
12.0775 -29.8651 2.61801952819
13.5278 -32.0447 0.344188335073
13.8622 -31.9632 0.44299811512
14.2664 -31.7819 0.533525229019
14.641 -32.1618 0.450766391826
15.0125 -32.4171 0.523553722172
15.3326 -32.8314 1.2613358831
16.5612 -33.1169 0.347807029831
16.893 -33.2212 0.560493577126
17.4346 -33.3655 0.462276562244
17.8937 -33.4196 3.53412477991
21.3901 -32.9046 0.979706292722
22.367 -32.8305 1.34845787847
23.4834 -32.0742 0.674866579407
24.1325 -32.2589 2.13879813447
26.033 -33.24 3.63768576158
29.5951 -32.5023 3.07142593106
32.6532 -32.2165 0.866432051577
33.4617 -31.905 3.07275986696
36.5319 -31.7796 0.75405971249
37.0485 -31.2303 0.705040268354
37.6862 -30.9296 0.528723718023
38.0568 -30.5525 1.28737116637
38.9474 -29.6229 0.601359559665
39.521 -29.4423 0.601398054536
39.0371 -29.0852 8.56813110077
35.1155 -21.4672 0.262869492334
34.8556 -21.5066 0.982084365011
34.7817 -20.5273 0.23107790894
34.5699 -20.6197 9.43308476056
42.0338 -26.388 0.494314484918
41.9758 -25.8971 3.02514641794
41.5272 -22.9054 0.682806707641
41.2208 -22.2952 2.18164082516
40.7721 -20.1602 1.48024271658
40.0506 -18.8677 11.7458405255
0.0 0.0 2.12140143537
1.4127 1.5826 0.191433983399
1.4923 1.7567 0.251718433969
1.2699 1.6388 0.0808740378614
1.2168 1.6998 0.178892845022
1.0629 1.6086 0.145441156486
0.9462 1.6954 2.90576889136
-1.9076 2.2425 1.85418448381
-3.6857 2.7682 2.12102161469
-5.632 3.6112 1.03005640622
-5.4788 2.5926 0.792398296313
-5.9033 3.2617 1.87015721799
-7.2242 4.5856 0.690476248686
-29.3842 2.7811 1.01225009262
-29.9345 1.9315 0.713927062101
-29.5616 2.5403 5.26818451651
-26.2097 6.6046 0.760616887796
-26.3535 7.3515 0.181839709635
-1.6311 12.871 0.430887920462
-1.7553 12.4584 6.81305735848
-5.0352 6.4868 1.71922943495
-3.942 5.1599 0.441748978493
-3.581 5.4145 1.11796376059
-4.3919 6.1841 1.2178895229
-4.3011 4.9696 0.617558620699
-3.8752 5.4168 1.47337784699
-4.8304 6.5386 0.752949566704
-4.0923 6.6874 0.545353701739
-4.3952 6.2339 1.10947966633
-4.8289 5.2127 1.49940229758
-10.8505 2.2469 1.18694418571
-3.7115 -2.8606 19.7486669406
4.0508 -21.0198 0.565227750557
3.6379 -20.6338 1.40160529751
2.8744 -21.8092 0.284402988733
2.7129 -22.0433 0.623966577631
3.3104 -21.8635 9.79218747421
-6.4393 -20.9523 0.390761512946
-6.1709 -21.2363 11.8527637659
5.6399 -20.2398 0.339113211185
5.3063 -20.1789 8.80385085346
-3.3385 -21.8448 2.75496854791
-0.6608 -22.4927 1.10290701784
0.0209 -23.3597 2.47747632279
2.3292 -24.2595 2.14327671569
3.7494 -25.8647 1.48183184606
5.1465 -26.3586 13.179044108
16.8843 -32.3512 0.955651536911
17.8388 -32.3981 5.96314569334
23.6372 -31.0061 5.9213930768
29.4806 -30.0482 5.90248531044
