0.0 0.0 9.30136071873
-9.2749 0.7011 0.730248245462
-8.7008 0.2498 8.96209176588
0.2043 -0.7593 0.358130381286
-0.1466 -0.6877 12.8239252283
-11.6041 5.0724 0.167222516426
-11.6105 5.2395 1.2635657561
-11.6894 3.9784 12.5323841068
-3.268 -5.3028 0.427996179889
-2.8477 -5.222 0.984257938754
-3.0364 -6.188 0.499653049625
-3.487 -6.4039 7.26837134577
-10.7329 -6.975 0.898563264328
-9.8354 -7.0187 6.12004602352
-3.7456 -7.6264 0.205401971753
-3.7447 -7.421 0.138126065607
-3.7388 -7.559 0.588109598629
-3.4239 -8.0557 2.30120837822
-1.4059 -9.1617 0.729317516587
-0.7529 -8.8369 2.02808963313
1.2437 -9.1929 0.44023022386
1.6834 -9.1713 2.41247415945
4.0795 -9.4519 0.522871781606
4.4448 -9.0778 0.369993081016
4.622 -8.753 0.863572886327
5.0938 -8.0297 6.33201424193
8.2478 -2.5391 0.543138085573
7.7711 -2.2788 0.124759969542
7.8899 -2.2407 3.02726203854
10.9158 -2.3315 1.25544193016
11.212 -3.5515 6.01417398235
10.0775 -9.4577 15.0968550927
14.25 -23.9665 0.475448472497
14.4005 -24.4175 3.02605919473
16.4774 -26.6183 2.71017711598
18.9834 -27.6503 3.4516079224
20.5184 -30.7418 2.45516352409
22.7952 -31.6605 4.03423240778
26.8246 -31.4631 3.70636630947
30.5265 -31.2812 3.72066828943
34.0279 -30.0228 0.702701074426
34.6455 -29.6876 3.01939990892
37.506 -28.721 1.28743345459
36.2833 -29.1241 4.41534602268
36.9462 -24.7588 2.46504669327
39.221 -23.8092 0.340664952703
39.5615 -23.8198 0.351778353513
39.856 -24.0122 3.87019179111
32.2541 -21.327 2.07505066203
34.3102 -21.0472 2.85382857404
36.7875 -19.6304 1.50061262156
38.0743 -18.8584 1.77714396153
39.4814 -17.7729 0.280685393279
39.2012 -17.7564 0.88227626059
40.0534 -17.528 2.43505180643
42.2776 -34.0 14.9479727515
39.5863 -19.2963 0.512189076416
39.7894 -18.8261 1.42302531249
40.0896 -20.2171 5.410220587
41.7342 -25.3713 3.63361474292
41.1971 -28.965 2.98476667262
40.3168 -31.817 2.68998856875
37.8307 -32.8443 3.96399026361
33.8782 -32.5427 2.9068023531
30.9748 -32.4021 20.0547479428
10.9709 -30.9749 3.67446651502
7.3225 -30.538 3.69629624895
4.3589 -32.747 0.580982934345
4.2363 -33.3149 1.85854464568
2.5067 -32.6347 1.81148869718
0.8014 -33.2458 1.4999614195
-0.6785 -33.4903 2.10645747405
-2.7 -32.8981 1.1541676568
-3.8267 -33.1484 0.646378720256
-4.4591 -33.2821 0.486450367458
-4.9455 -33.2751 0.973022106635
-5.8926 -33.052 1.26464757541
-7.0861 -33.4702 2.66890360448
-9.5934 -32.5556 0.943500339163
-10.4699 -32.9048 2.57229015665
-12.982 -33.458 4.31061264903
-17.1991 -32.565 1.83975629908
-18.9691 -33.0668 4.22627001622
-23.1931 -33.2053 2.68661045371
-25.6068 -32.0255 1.19848785559
-26.3963 -32.9272 1.84641888259
-28.2301 -32.7117 2.25785960812
-30.4536 -33.1041 2.56850627798
-32.9905 -32.7024 2.6660574675
-35.5384 -31.9175 11.6670421616
-47.0416 -29.9691 3.76203585576
-49.2609 -26.9314 2.0550335715
-50.6946 -25.4591 1.15487579419
-50.7467 -24.3054 3.27377133746
-48.3883 -31.4971 3.15260801877
-45.3617 -32.3795 2.73542891152
-42.6759 -32.8982 2.79766354839
-39.9112 -33.3264 0.556079364839
-39.6313 -33.8069 0.408175354474
-39.2499 -33.6615 0.0924905400568
-39.3312 -33.6174 0.0363044074459
-39.3388 -33.5819 1.16069636426
-40.4957 -33.4881 0.058804251547
-40.5544 -33.4846 0.715488036238
-39.8392 -33.4643 11.6657915312
-34.085 -23.3164 0.636821772555
-33.4891 -23.0918 0.865769443905
-33.3648 -22.235 1.217915814
-34.3335 -22.9732 3.79898555012
-30.608 -22.2296 0.883180944088
-30.8417 -23.0813 1.6544661979
-30.7149 -24.7309 0.427249739614
-30.4102 -25.0304 1.04162922386
-30.4464 -23.9894 17.3221185497
-27.0212 -7.0093 13.4570097247
-16.6264 1.537 0.349133856851
-16.9751 1.5544 1.10642833026
-15.9009 1.2893 12.9851723273
-3.7163 -3.1996 0.536977355202
-3.7025 -2.6628 0.930805726239
-3.8484 -3.5821 19.4718627679
-0.9818 -22.8418 0.201705726245
-0.8024 -22.7496 13.0907042687
2.8236 -10.1711 11.6084274292
5.9933 -21.3384 3.6256131247
9.441 -22.4602 3.60231625763
12.6719 -24.0533 4.20166991683
16.8472 -24.5233 3.86346245226
20.7096 -24.6139 3.54976605567
23.6224 -26.6428 4.27358000042
27.8665 -27.1439 8.29969383351
36.0047 -28.7732 3.65348175033
39.2474 -27.0901 0.580955979399
39.5735 -26.6093 2.63047106428
42.2024 -26.5184 0.818801007571
42.0527 -25.7134 7.71032025924
38.7126 -18.7641 9.75730934274
0.0 0.0 1.98023839474
1.8861 0.6033 0.270723364341
1.7406 0.8316 0.806493459366
0.9947 0.5249 0.517780310557
0.5265 0.3038 0.0
0.5265 0.3038 7.63719190279
1.3561 -7.2882 1.00482442745
0.8678 -6.41 2.46780920859
-1.4377 -5.5298 0.639301470357
-0.9471 -5.1199 1.13827824806
-1.201 -6.2295 1.62289024275
-2.1317 -4.9 6.27730701894
-3.5238 -11.021 0.487491097355
-3.9992 -10.9131 1.22554257372
-3.5126 -9.7883 0.406899152125
-3.106 -9.8039 1.35649673055
-3.8087 -10.9642 16.4346110024
-10.9029 -25.7888 1.52720040925
-12.4176 -25.5938 7.66202484465
-18.6482 -30.0532 11.8157136357
-16.8796 -18.3706 7.24885378319
-20.8165 -12.284 2.26832178052
-20.7362 -10.0171 14.2605463212
-11.0469 0.4462 2.59810608136
-8.5229 1.0623 1.45476575778
-7.0924 1.3269 1.77941316169
-5.3156 1.4233 10.2034127649
3.9933 -2.7545 2.27454466652
5.7621 -1.3245 1.60574359722
7.3412 -1.0332 0.805834902446
8.147 -1.0257 3.54348373779
11.6874 -0.8779 1.22844468333
12.4871 -1.8104 0.900968506664
12.5787 -0.9141 22.0748764964
14.405 21.0851 0.687823560225
14.328 21.7686 1.81010386719
16.0929 22.1706 4.9550743284
21.0217 21.661 1.46927553917
22.2586 22.454 3.29329783803
25.1862 23.9623 1.69614528859
26.8822 23.9401 5.80038945761
32.6447 24.602 7.4844024217
40.0603 25.6145 11.0889447226
47.3162 34.0 6.633320835
48.6081 27.4937 0.602470356117
48.2083 27.9444 2.156144478
47.3608 29.927 4.15563402623
46.5362 34.0 6.79373487634
46.9773 27.2206 1.19209107035
45.8149 26.9562 0.18760010661
45.6387 26.8918 0.343308447318
45.3397 27.0605 0.900838864615
44.6718 26.456 0.352485815317
44.8682 26.1633 0.741334506144
45.1011 25.4595 0.33115087196
45.4172 25.3608 0.12578783725
45.3895 25.4835 0.191202615045
45.3983 25.2925 0.0691209085588
45.3966 25.3616 0.138478662616
45.4261 25.4969 0.293595725446
45.1332 25.4767 1.05469332035
45.3866 26.5005 1.30225487905
45.417 25.1986 6.4801293876
44.3652 18.8044 9.73824111891
0.0 0.0 2.03982044553
2.0387 -0.0676 0.177978678498
2.1862 0.032 1.18059036079
1.461 -0.8996 1.2044501235
0.2901 -0.6173 1.70741419111
-0.8848 -1.8562 8.49416522679
0.1993 -10.2809 0.316343626457
0.492 -10.4009 7.63475629015
1.6364 -2.8524 1.2400259715
1.7585 -1.6184 0.223434666066
1.9789 -1.5817 14.7616512508
8.0267 11.8842 5.28382321619
4.2344 15.5635 11.7813199706
-4.1008 23.8896 2.91623728287
-6.7383 25.1338 2.87959573031
-8.7374 27.2064 3.52871456766
-10.2149 30.4109 3.71701709439
-13.6607 31.8047 0.394309941543
-13.9515 32.071 3.17132137287
-17.1185 32.2365 3.15670193873
-20.2358 31.7393 3.99356190011
-24.2277 31.6241 1.20326287236
-25.4104 31.4026 1.9062557777
-27.3151 31.4796 2.36489100383
-29.6786 31.3985 3.67553752532
-33.3395 31.0708 5.7744515627
-39.0901 31.5951 2.71368098715
-41.7962 31.3924 3.12098273145
-44.9151 31.2784 5.61317104318
-48.2371 26.7538 1.96374006681
-38.9336 6.0244 0.500044168049
-38.4412 6.1115 7.66564302913
-39.0869 13.7499 0.611818804876
-38.5452 14.0343 20.394784255
-20.5811 23.6903 2.32567586091
-18.2556 23.7189 3.13607315285
-15.2887 22.7028 1.82884691814
-13.4599 22.6897 2.06186951333
-11.5282 21.9687 4.70480957744
-6.9352 20.9491 4.85906378225
-2.843 18.3291 5.44708927777
2.4658 17.1095 3.84601963594
4.661 20.2675 2.69665638338
5.7367 33.4723 0.379148229588
5.972 33.7696 0.901326050883
5.0844 33.6129 4.61383327939
0.5296 32.8772 2.40651341363
-1.862 32.6097 2.66457390402
-4.526 32.5544 1.98178970882
-6.3701 31.8286 2.5998296598
-8.7852 30.8661 1.3732955545
-8.596 29.5059 1.45446911964
-9.7711 30.363 1.39810742434
-11.0057 31.0191 3.5830275592
-14.5817 30.7948 0.65032401924
-15.2319 30.7821 0.669725690115
-15.8016 31.1342 1.43395853845
-16.3438 29.8067 6.47619138074
-22.5484 27.9509 1.34724216828
-22.4199 26.6098 1.34827766057
-23.7312 26.2962 3.44269693409
-24.5789 29.6329 0.220711304649
-24.5241 29.8467 0.110683557948
-24.4163 29.8216 1.82525920625
-26.1449 30.4077 0.902962967125
-27.0475 30.4333 3.10548029458
-29.5806 32.2298 0.0779775608749
-29.5051 32.2103 13.3406191629
-31.8117 19.0706 0.764758537056
-31.0656 18.9027 1.24535656741
-32.3083 18.984 3.08397015874
-35.3246 19.6265 8.68139234916
-44.0042 19.8029 4.64948712548
-47.7189 17.0067 1.42602672135
-48.6124 15.8953 1.06656615829
-49.3408 15.1162 0.665094820308
-48.8542 14.6628 0.394335085936
-48.4662 14.7332 10.8532231033
-38.4512 3.7009 0.843372859416
-24.1417 5.2789 0.371709631298
-24.4554 5.0795 1.35929087763
-24.8442 6.382 12.6320151053
-26.1153 -6.1859 0.982567621083
-25.494 -5.4247 6.94369864914
-19.8198 -1.4224 2.21290553346
-18.4601 -3.1683 1.67033472095
-18.0109 -4.7771 1.4329260274
-17.0369 -5.8281 1.22939025537
-15.8791 -6.2415 0.34066413078
-15.5409 -6.2824 0.416017812119
-15.3448 -6.6493 2.37373997102
-13.3832 -5.3126 0.571644172541
-12.9757 -5.7135 0.167757980436
-12.8082 -5.7228 0.206789022919
-12.7635 -5.9247 0.126559906764
-12.7264 -6.0457 2.45672286797
-10.365 -6.7234 0.489831174998
-9.8767 -6.6847 0.941030036715
-9.0695 -7.1684 12.0602159653
-5.4387 4.3323 1.05437085032
-4.6254 5.0033 0.365042531769
-4.6152 4.6384 0.660331015476
-5.0165 4.114 0.0712404379549
-4.9869 4.1788 12.3118414792
-12.9375 -5.2217 15.8859779545
1.9514 -10.7611 1.10399877717
2.9657 -11.197 3.37923478024
6.1674 -10.1161 6.85563183448
2.9878 -4.0424 1.2226226278
2.1581 -3.1444 14.4976793415
-10.3521 4.1821 0.596015511543
-9.8956 3.7989 7.74990251358
-2.1485 4.0073 9.68263212665
5.2812 10.2164 0.500586555952
5.0749 9.7603 1.42758896746
5.4214 11.1452 17.7432147888
12.0662 27.5972 4.91126180324
15.8017 30.7857 4.69676015994
20.2993 32.1389 6.68268463419
26.9169 33.0693 7.76409551847
34.6808 33.0142 1.37503426866
35.8188 32.2424 5.12029826084
40.748 30.8566 2.525295454
42.1577 28.7614 5.79549250539
41.191 23.0471 2.30385628024
42.257 21.0047 10.285349365
38.4554 11.4477 0.153266075829
38.5397 11.5757 0.959890764619
38.2409 10.6635 1.0966869836
38.0224 11.7382 1.15843378749
42.0338 4.9408 0.474396374354
42.4924 5.0622 0.408875983643
42.887 5.1693 0.121776557678
43.0057 5.1965 7.39861832101
50.1452 3.2556 1.35280137493
50.4368 1.9346 0.387790987518
50.6517 2.2574 1.31172191031
49.3843 2.5955 5.53621557564
44.6352 5.4408 0.809161145879
44.3928 6.2128 1.27333333028
45.6647 6.2732 0.805023353699
44.8605 6.3096 1.08573772616
45.7165 5.6417 1.24598477117
44.5666 5.1619 2.99561928489
41.6745 4.3812 15.6797417045
26.8499 -0.7262 0.469933069702
26.4177 -0.9107 0.35890568399
26.2282 -1.2155 3.33749568539
22.9114 -0.8444 2.31156251267
20.5999 -0.8614 2.85402927981
17.7731 -0.4681 0.631474346272
17.897 0.1511 1.49055523212
17.4429 -1.2686 23.2919011386
11.8208 -23.8718 4.14646002392
7.6761 -23.9926 3.47641114513
4.2192 -24.3604 3.64804847144
0.9489 -25.977 3.0957201973
-1.7266 -27.5343 4.48952985735
-5.4521 -30.0396 3.14090802794
-8.5691 -30.4264 1.91220354827
-9.4291 -32.1343 4.44883363703
-13.8779 -32.117 3.81505012942
-17.6504 -31.5488 2.18672709774
-19.7272 -32.2334 3.98683397823
-36.4656 -32.2152 4.86752743084
-40.9941 -34.0 14.1534136207
-39.5505 -19.9204 13.4337530754
-37.467 -6.6492 1.46359831238
-36.0149 -6.4661 7.76825754272
-31.3779 -12.6986 0.529741493561
-30.8896 -12.4932 1.19039506887
-30.5825 -13.6433 0.477781540037
-30.2577 -13.2929 1.94555339685
-28.3738 -13.7788 8.4658530025
-27.7673 -22.2229 0.484083680783
-27.4383 -21.8678 1.12274202291
-26.9261 -22.8669 1.6995194762
-25.8819 -24.2078 0.381891987347
-25.6437 -24.5063 1.00438243712
-25.6095 -23.5025 1.18422783703
-25.5921 -24.6866 12.0145758897
-23.5112 -12.8536 16.7754037713
-11.1687 -1.4924 0.175370921193
-11.1801 -1.3174 0.445438682649
-11.625 -1.2955 0.669577852083
-11.0487 -1.6364 0.104510286575
-11.0211 -1.7372 0.275757139527
-11.1429 -1.4898 0.705693141528
-11.5744 -0.9314 0.282355130996
-11.3553 -0.7533 1.53700327911
-10.8835 0.7095 1.75477602559
-9.1452 0.9494 9.13560678061
-2.3797 -5.1896 1.01461679958
-1.3678 -5.2638 1.25220964698
-2.3328 -6.0618 10.2827002689
-10.1297 -12.7657 2.58411281874
-7.6588 -12.0092 1.50973434749
-6.693 -13.1696 1.07401924098
-6.2443 -12.1938 13.5286714577
-5.9468 1.3316 2.9698564174
-3.3653 2.7999 2.51479963615
-1.1413 3.9738 3.31926898579
1.8753 5.3586 1.37043250472
3.0451 6.0725 1.204222986
4.1963 6.4259 0.319931242613
4.5123 6.3759 0.106176927814
4.6148 6.4036 1.22679944571
5.453 7.2994 0.470795497005
5.9228 7.2688 1.26757078698
7.0801 7.7859 1.33534601508
8.1094 8.6366 0.259889861287
8.1779 8.8873 0.563665512516
8.7374 8.8189 2.56629846472
10.9764 10.073 1.14113214397
10.8355 8.9406 7.35220213269
5.8811 3.5084 1.35679655807
5.6888 2.1653 0.821871729651
6.3583 2.642 8.61305002714
9.8537 10.5139 0.564918436591
9.4337 10.8917 0.230711334789
9.5933 10.7251 0.871481640656
10.4477 10.5534 1.10465127982
9.3484 10.4448 15.5762919891
-6.2154 11.0685 10.7704710041
-6.7716 0.3124 12.8221539333
-9.4551 -12.2258 1.18350721586
-8.4909 -12.9121 0.513769150495
-8.8102 -12.5096 12.7559704942
1.9988 -5.7361 7.97853177596
9.8191 -4.155 1.45682560384
11.2713 -4.039 1.95086180187
13.2162 -3.8866 1.05072304629
13.4818 -4.9032 1.13683631188
13.361 -3.7728 11.5672556974
12.9776 7.7881 0.790461921917
12.1877 7.8179 0.321258104956
12.2503 8.133 0.304260168277
12.5542 8.1478 0.812148342361
13.3204 7.8785 1.23867169177
12.0874 7.7601 17.8334919702
-5.7439 7.4805 8.29209591901
-7.1691 -0.6882 7.55443248034
0.162 -2.5115 0.133783444417
0.2596 -2.42 3.5346106787
3.7917 -2.2868 10.3942503419
11.1041 -9.6739 10.3152092432
4.5499 -1.7086 10.7902474531
10.5546 -10.6737 0.238680120664
10.488 -10.4445 18.3290367237
-7.2991 -14.8686 0.972719538202
-6.9448 -15.7745 24.5000254908
11.9584 -31.3604 0.996523983655
12.8742 -31.7533 4.36132568837
17.0442 -33.0309 2.14247797188
19.1811 -32.8764 4.14946392682
23.3303 -32.9232 2.4919408119
25.8038 -33.2258 0.8942089465
26.698 -33.2298 11.34685167
29.1439 -22.1497 0.489632239543
29.1741 -21.661 0.198699194764
28.9757 -21.6501 1.38238947117
29.703 -22.8257 0.159829471625
29.8319 -22.7312 0.838418368119
29.3513 -22.0442 0.779417384974
28.8224 -21.4717 0.564305112506
29.2975 -21.7762 0.730260953358
29.899 -22.1903 0.516615543707
47.0 -9.16 15.2131355154
41.4014 -23.3055 26.6924020264
15.2049 -28.4268 0.950768115788
14.2589 -28.5219 4.39115671777
9.8715 -28.7035 4.0820626955
5.8107 -29.1196 3.58313372622
2.2726 -28.5533 4.79277462854
-2.0866 -30.5453 4.62401747402
-6.7054 -30.7649 3.17652991171
-8.0706 -27.8967 1.28248440146
-9.1738 -27.2427 1.31033303019
-10.1462 -26.3644 2.7903686674
-11.2749 -28.9163 1.90803449916
-12.5355 -30.3486 2.72738755039
-14.4041 -32.3353 2.57265485443
-16.9767 -32.3521 1.712058565
-18.472 -33.1859 4.6525544489
-23.0631 -32.4322 3.20630096061
-25.9699 -33.7853 2.43772928973
-28.3646 -33.3293 1.20639636936
-29.5484 -33.0969 2.43309876906
-31.9813 -33.128 1.82281344355
-33.7196 -32.5794 14.0712959336
-47.7463 -31.46 3.25333636902
-49.4091 -28.6637 1.27609043958
-49.875 -27.4757 2.00914979531
-51.1373 -25.9126 1.45053321231
-50.9977 -24.4688 0.69810103137
-50.9965 -23.7707 0.784326934384
-50.99 -22.9864 1.33739822043
-50.9334 -21.6502 0.506704035903
-50.4291 -21.6009 1.71738564103
-50.7911 -19.9221 7.81512708662
-46.8154 -13.1938 1.16407639354
-47.9023 -12.777 0.878092341386
-47.1773 -12.2816 5.53445957073
-43.8858 -7.8323 0.729396421708
-44.0213 -7.1156 6.72612741851
-47.0 -1.085 3.68604126537
0.0 0.0 6.96019693543
-1.7967 -6.7243 0.34496563597
-1.7152 -6.3891 9.14738900015
-6.9786 1.0923 1.18203570589
-7.3565 -0.0277 6.8161538605
-10.1777 -6.2326 9.17558969549
-1.2272 -8.2525 0.193548185215
-1.4125 -8.3084 1.00773866652
-0.6894 -9.0103 0.17362793554
-0.5839 -9.1482 0.571415383062
-1.1014 -9.3905 8.52476446889
-9.6256 -9.2924 7.10682414866
-2.5968 -10.3426 0.637188206106
-2.0784 -10.7131 0.472700856779
-1.6997 -10.996 3.02119604296
1.2355 -10.2803 1.43902470097
2.0515 -9.095 1.07308779231
2.7761 -9.8865 1.44502839418
1.7896 -8.8306 14.8537413957
-8.0608 2.2871 0.862709371689
-8.7419 2.8166 1.3154162307
-8.04 1.7041 12.6773970649
0.0597 -8.0484 0.719833265416
0.7549 -7.8617 0.0578789253528
0.698 -7.8511 3.09559868362
2.422 -10.4222 13.5620288397
-3.4832 -22.6311 13.0912894842
8.3478 -28.2355 2.25703743877
9.6916 -30.0489 2.79209839726
11.6591 -32.03 2.0974616683
13.7507 -32.1867 1.77898654576
15.1475 -33.2884 1.52587722311
16.6624 -33.4711 0.551717192047
17.1389 -33.193 1.06577737356
16.2339 -32.6301 15.1308606246
13.3321 -17.7801 0.4292630429
12.9647 -17.5581 0.234329020823
12.7472 -17.4709 0.856500145943
13.1621 -16.7216 0.372259385375
13.4717 -16.5149 1.49981727554
13.8336 -17.9704 8.76968474918
6.225 -13.6096 0.989267208594
7.151 -13.2615 15.4893289219
16.8567 -1.1901 0.183642941601
16.717 -1.3093 9.8945205705
10.9546 -9.3527 7.99527207855
15.6406 -2.8746 1.16651207452
16.7815 -2.6315 6.41830820778
22.3495 -5.824 0.366763479643
22.6243 -5.5811 0.551402303223
27.0568 -5.6042 0.129515443095
27.1616 -5.5281 1.542227574
26.9371 -4.0023 0.0
20.5002 4.8188 0.76972007899
20.7902 5.5318 0.581424913467
21.3364 5.7311 2.30548143562
23.6076 6.1272 1.18195526565
23.886 7.2759 11.6114538991
27.6446 18.2622 0.755265787654
27.9741 18.9418 2.42491276957
29.1504 21.0623 0.484725076719
29.4236 21.4627 2.90961373553
30.0576 24.3024 12.1139647432
22.7978 34.0 7.24149974798
28.8012 14.7481 1.03144592199
27.7867 14.5619 3.10990488118
25.7186 16.8845 3.22939619124
22.546 17.4875 3.2687273135
19.44 16.469 20.66276443
16.9733 -4.046 22.4434072023
9.5235 -25.2169 4.18140275506
5.3673 -25.6753 2.2662355416
3.1241 -25.9976 3.58142744866
-0.4395 -26.3545 3.26415220387
-3.5226 -25.2825 2.45496771669
-5.7866 -24.3332 1.60159383116
-7.2952 -23.7954 1.02247934453
-7.8951 -24.6234 2.25537334603
-8.6314 -26.7552 3.74003887814
-10.723 -29.8557 2.73630651244
-12.1468 -32.1924 1.27509203589
-13.4189 -32.1051 1.49317722994
-14.7357 -31.4011 2.98607250414
-17.6963 -31.7903 12.5804317923
-30.2561 -31.0701 17.3484882119
-47.5831 -30.2069 3.88729592005
-50.6602 -27.8315 3.33649973775
0.0 0.0 2.04266890367
2.0208 0.2981 0.331745761088
2.3258 0.1676 1.44986919755
1.1995 -0.7454 1.26049325266
-5.6383 -0.3545 0.217540731818
-5.8092 -0.4891 10.9933079808
-9.7648 9.7679 0.0959752572281
-9.8559 9.7981 1.22501017955
-10.0834 8.5944 8.72074785383
-13.2222 0.4581 1.44694461539
-11.9756 -0.2765 10.6110865287
-3.235 -6.2929 3.92708381627
0.6501 -6.8656 1.15226613679
-0.4024 -7.3346 0.313122292403
-0.7125 -7.378 1.04841852807
-0.792 -6.3326 13.5635174439
-8.1148 5.0843 0.215011743865
-8.1281 5.2989 12.979151097
-2.5037 -6.3983 0.545032622877
-1.9807 -6.5517 0.363295196775
-1.6301 -6.6469 1.65820448076
0.0078 -6.3882 1.62764716693
-0.6929 -4.9191 10.6035951639
-9.0793 1.5697 1.41747437719
-8.8224 2.9637 0.979616481078
-8.2115 2.1979 11.2606009928
-0.3339 -5.8485 1.40146441268
1.0466 -6.09 1.89781690371
2.775 -6.8738 0.43836155169
3.1796 -6.7051 2.23650549742
5.0046 -5.4123 12.2200948973
9.0499 6.1188 1.07035413299
10.117 6.2022 1.05882967941
9.0605 6.2724 16.0788294997
-7.0183 6.3032 11.7668815941
3.1786 0.431 0.0462130933827
3.1797 0.4772 10.4849623643
6.628 -9.4245 0.811876295996
6.9886 -8.6971 0.790198165019
7.4903 -9.3076 0.930727414445
6.9909 -10.093 0.0953337296029
7.0735 -10.0454 0.736139334637
7.6811 -9.6298 0.996000532128
6.7376 -9.9489 14.7123078315
-7.0762 -15.0116 0.629733030736
-6.8574 -14.4211 12.0545093015
-9.8781 -2.7512 0.279485885153
-9.6125 -2.6642 0.520068937738
-9.4472 -2.1711 0.485153192301
-9.2791 -1.716 1.78171627652
-8.2426 -3.1652 6.22975212749
-13.0052 0.8507 0.317127876416
-12.9712 0.5354 9.19077968945
-6.7823 -6.2593 1.05728541558
-6.9924 -5.2231 0.785852556145
-6.5954 -5.9013 0.516626180134
-6.2073 -6.2423 0.796770380976
-6.7721 -5.6803 7.21283932235
-12.4368 -10.1453 1.37739340059
-11.0601 -10.189 3.17419907693
-8.3214 -11.7937 2.28732591906
-6.1369 -11.1156 14.3085096236
-0.2035 1.9047 4.35254304057
-0.2941 -2.4469 11.6851983261
-8.2447 -11.0103 0.723660832158
-8.5061 -11.6851 3.6317882441
-5.0322 -10.6259 1.52794539824
-3.5227 -10.3892 0.970972466139
-2.5519 -10.3709 1.34125927769
-1.2153 -10.4826 2.10850196348
0.836 -9.9948 0.711960455363
1.2097 -9.3888 1.8082187976
2.2558 -10.8637 2.61673758715
4.862 -10.6291 0.908552436571
3.9717 -10.4479 0.843504030814
4.7481 -10.7776 3.20823265989
7.9293 -10.362 0.466021115401
8.3621 -10.5348 0.336919530452
8.6782 -10.6514 0.710406651151
9.3847 -10.577 6.73973544065
8.8577 -3.8579 0.869509942439
8.4582 -4.6302 19.5254473805
-4.1433 -19.5448 0.742611156663
-4.7815 -19.1651 1.03483228593
-3.962 -19.797 27.9404488418
14.9594 -28.3613 6.51331314847
16.1738 -21.9622 0.869475433811
16.5646 -22.7389 0.938508822548
15.9555 -22.0249 0.988947202837
15.5536 -22.9285 0.124464292068
15.5576 -23.0529 3.05044023052
17.7428 -25.1813 2.45023377864
16.3169 -23.1887 2.00846365414
14.3354 -23.5167 1.65325788672
13.0462 -22.4817 0.947629553148
13.8821 -22.0353 9.75167216943
14.8134 -12.3282 16.3064733876
10.0339 3.2621 1.01353818379
10.6333 4.0794 11.002288826
6.3387 -6.0501 10.0933838538
10.9526 2.927 1.14323335326
10.8423 4.0649 1.03396743662
10.3894 3.1354 1.22836461199
9.2065 3.4665 5.61648045042
14.8049 3.9168 2.60736401179
14.0746 6.4198 0.893468773937
14.7264 5.8087 13.3694092319
21.6844 17.2248 19.3210309883
4.9531 26.8874 4.8722300818
0.2745 25.5275 3.75919762715
-3.0073 27.3609 2.98853533692
-5.4108 29.137 3.3385076067
-7.7518 26.7568 0.669300418347
-8.3799 26.5256 3.45380639874
-10.5841 29.1846 3.39091836528
-12.1685 32.1826 2.13928225814
-14.3008 32.3553 3.63316076303
-17.8596 33.0866 1.72574137692
-19.5835 33.1663 4.84475994968
-24.3911 33.7652 1.31422750694
-25.6786 33.5015 1.55199732603
-27.2265 33.3888 0.664665404546
-27.8694 33.5575 2.53661292672
-30.3177 32.894 2.03234402846
-32.2 32.1276 1.97839245096
-34.1015 31.5814 4.2984186918
-38.3992 31.66 3.87231467342
-41.4059 29.2198 2.14475487177
-43.1548 27.9783 5.4451221327
-48.4128 26.5631 1.48263279675
-37.2929 20.5635 0.712543668837
-37.4371 19.8657 1.44473277806
-36.1335 20.4885 12.3046060002
-25.0806 25.8956 0.930286590251
-24.6571 26.7239 1.34829221239
-23.8556 25.6397 21.0794462472
-12.2584 8.0372 0.957322270711
-11.4376 8.5299 0.872173451786
-10.5678 8.5942 0.529188680907
-10.1357 8.2887 1.43180033873
-8.8542 7.6501 3.41164132493
-5.4759 7.1743 1.61406238107
-3.9303 7.6394 4.59440157148
0.6265 8.226 0.904635755429
0.7622 7.3316 1.2959208695
0.4759 8.5955 19.9474018982
-2.9166 28.2523 0.492439691739
-3.3029 28.5577 7.30264329815
2.5838 32.8792 0.866019041361
3.4291 32.6909 5.81924854341
9.2435 32.4534 1.39141514294
10.6264 32.2997 0.924424280296
11.5508 32.293 1.51389101325
13.0646 32.2764 3.93938440495
16.8816 31.3021 4.22204515608
20.8519 32.7382 1.17713187027
22.0081 32.9592 1.80036672375
23.8084 32.9747 2.71755164256
26.5246 33.0604 3.43974695872
29.9579 33.2709 4.11403570232
34.0703 33.1549 0.427689326498
34.4849 33.0499 0.441241849783
34.9238 33.0045 0.0751002663111
34.9884 32.9662 1.55305080406
33.4362 32.9148 5.72629224717
34.3451 27.2611 2.56304994099
36.0889 25.3827 0.757538995696
36.8447 25.434 0.259491676167
37.0859 25.5297 0.623702276731
36.9217 24.928 1.4432169241
35.9439 25.9895 3.06347545445
34.522 28.703 1.71564591044
36.056 29.4713 3.2399124448
38.8092 31.1792 2.82895136049
38.5946 34.0 5.74573765151
39.9216 28.4096 0.902824772589
40.398 29.1765 0.3961654831
40.187 29.5118 1.22839912488
40.5625 28.3422 0.497486653087
40.1849 28.0183 0.386473931851
40.1548 27.633 1.2568254493
41.4113 27.6616 3.42263165561
40.7789 24.2979 0.652788824966
41.1579 24.8294 1.17062999278
40.9912 23.6707 2.38847272122
41.4675 21.3302 0.848766375394
41.9335 22.0396 0.380216385759
41.57 22.1511 14.1719970795
33.7951 34.0 11.1891759397
43.8362 29.063 7.98881477379
37.5555 34.0 5.76976238159
39.3442 28.5145 1.18184893282
39.3963 29.6952 0.75889501909
40.0634 29.3334 0.33155471645
40.2881 29.0896 0.750436792808
40.6154 28.4143 1.175639762
40.9756 29.5334 0.678301887068
40.3708 29.8405 0.195394012191
40.2079 29.7326 5.29352241896
37.0757 34.0 5.02211612072
38.7229 29.2557 0.319838162201
38.7135 29.5754 0.767088032758
38.9664 28.8512 0.438065931111
38.974 28.4132 0.577271998282
39.1754 27.8722 0.414353665363
39.0186 28.3031 5.41510985392
34.9634 24.7144 0.989419309494
35.5395 25.5188 3.72200324557
38.5915 27.6492 2.38222000034
38.5253 30.0305 0.247801735264
38.7184 30.1858 0.707912423962
39.3816 29.9382 1.16356286036
38.4523 29.238 2.91368197647
36.6418 31.5209 3.50688416832
33.1462 31.2398 2.02335013282
31.1238 31.1778 20.148668492
10.9756 31.0404 3.42106402454
7.5871 30.5695 3.81459643082
3.8603 29.7558 4.12812127971
-0.0288 28.3715 4.47448496366
-3.91 26.145 3.20036806165
-6.5907 24.3968 2.92166239152
-8.1875 21.9501 1.50906657242
-8.9699 20.6597 1.62699412722
-9.7357 22.0952 1.29951740658
-10.7812 21.3234 2.66209293038
-13.4318 21.0763 2.23815367211
-13.2037 18.8498 2.40187917473
-14.8236 17.0764 1.51224413373
-16.111 16.283 1.10595799649
-17.206 16.4383 1.44360396577
-17.4431 17.8623 1.41890837618
-18.7078 18.5056 1.3954543382
-20.0862 18.2881 1.43097407384
-21.5128 18.1763 1.13948615174
-20.4065 17.9033 4.41170606908
-19.5949 23.1101 3.903790458
-15.7012 22.8296 0.287216033675
-15.9863 22.8644 3.04482865528
-19.0268 23.0267 3.10373736002
-15.9232 23.0559 0.478740430714
-15.5198 22.7981 1.88922964724
-13.7013 23.3102 1.19208550868
-12.5194 23.1547 0.695237980838
-11.8611 22.9311 2.24095922765
-9.6412 22.6246 2.78520006463
-10.4578 25.2874 1.07710924701
-10.9065 24.3082 0.700873633403
-10.2432 24.0818 0.446309410611
-9.7979 24.1118 1.9217493515
-7.9115 24.4787 0.758835647555
-7.1742 24.6582 6.11258162481
-3.8838 29.8096 4.01103183857
-1.2638 32.8467 0.940010324411
-1.8503 32.1121 10.4392793046
-5.4249 22.3039 1.27543417706
-4.1496 22.2854 1.80287413316
-2.6071 23.2187 0.839082129472
-1.852 22.8528 1.01608113849
-1.3202 21.987 0.27911361486
-1.5981 22.013 0.427474782882
-1.4376 21.6168 0.999905615546
-0.5344 21.1878 0.526027613344
-0.0156 21.1009 0.422296033607
0.3889 21.2222 0.459056706737
0.6524 21.5981 0.502773557379
0.5199 22.0831 6.18437586503
2.0099 28.0853 0.398247812298
2.2395 27.7599 1.47415440847
3.7104 27.662 1.754046171
3.7738 25.9091 13.486243279
-3.8969 14.8168 0.396911791208
-4.0685 15.1747 11.041111325
-2.277 26.0695 2.73160030934
0.2011 27.2187 1.0190213197
0.9984 26.5841 0.380081701743
1.0923 26.2158 0.348017039813
0.8004 26.4053 0.862146698654
1.1311 27.2015 0.25135731539
1.3656 27.111 0.564882439097
1.7032 27.5639 0.914324286017
0.7901 27.6112 0.506750037
1.2939 27.5566 0.327668933529
1.5997 27.6743 0.106671880081
1.6582 27.5851 0.257675183128
1.8765 27.722 1.07895607418
0.8215 27.4959 0.527553494918
1.316 27.6797 0.206631289983
1.5192 27.6422 0.25968873676
1.7652 27.7254 0.0891449381625
1.7883 27.6393 0.189388410416
1.9512 27.7359 1.20539842376
0.7718 27.4869 0.492960617088
1.0682 27.8808 0.579039359629
1.5449 28.2095 3.32078767765
4.8347 28.6621 0.833965958538
5.6446 28.861 0.457500174863
6.1021 28.8614 0.523530448016
6.6243 28.8241 0.385110906104
6.7803 29.1762 1.87640842036
6.9869 31.0412 2.55678495772
7.9715 33.4008 0.735123676669
8.7066 33.3949 0.639819052545
8.4987 34.0 7.15039953919
13.4953 28.8851 0.402111688465
13.6143 29.2692 0.153158806472
13.6232 29.4221 1.25313075535
14.7662 28.9084 2.30371175714
17.0487 29.2203 10.425687985
27.4257 30.2267 1.44929072308
28.8599 30.4353 13.3911119557
41.9094 33.4407 6.98566867809
45.2322 27.2959 1.09181098181
44.6653 26.3628 15.7826117389
40.574 11.1197 2.39565423215
39.9276 13.4265 0.950414546395
40.6735 12.8375 7.98588106348
43.5087 -9.5087 11.1391605218
32.3879 -8.8694 0.351740600443
32.6795 -9.0661 3.31802291282
29.4757 -9.9292 3.35235936319
27.4978 -12.6359 1.33932989215
26.2144 -12.2529 2.11855105674
24.8181 -10.6596 11.7381048573
14.4171 -5.2188 0.539607422114
14.4867 -4.6837 2.2597318248
13.8313 -6.8463 2.33191698394
11.6822 -7.7514 2.14067507343
9.6671 -7.029 2.88537949324
8.218 -9.5241 0.513530145172
8.1175 -9.0205 0.89842708107
8.0094 -9.9124 20.3510744566
-1.8421 -27.7201 3.61225265589
-5.1888 -29.0795 3.74301568257
-8.8616 -29.8011 3.61802905599
-11.8999 -31.7655 1.47837849349
-13.3615 -31.9876 2.49143801448
-15.7268 -32.7703 3.85708718335
-19.5833 -32.8376 2.57344788562
-22.0322 -32.0467 1.60473594713
-23.5807 -32.4678 4.36460307932
-27.9409 -32.2718 1.92144083698
-29.8449 -32.0135 3.56668325759
-33.411 -31.949 10.3695495047
-43.6952 -30.6213 1.8695424253
-45.5294 -30.2595 3.05309430742
-46.9671 -27.5661 5.57741890483
-49.8061 -22.7653 1.91228861838
-48.6126 -16.5242 0.23098495622
-48.7867 -16.3724 1.10547146955
-49.2838 -15.385 1.22018881326
-48.2053 -15.9557 24.9243067757
-26.7705 -28.6746 0.994399054706
-25.8587 -29.0714 4.58706866092
-21.7404 -31.0915 6.77059404336
-14.9701 -31.1546 18.2921999292
-2.5404 -17.7342 0.412392870937
-2.4692 -18.1404 0.648646128486
-1.9014 -18.454 1.11552807674
-1.3519 -17.4832 1.36193812268
-1.9803 -18.6915 11.8698160967
-5.1872 -30.1199 7.87722262984
2.5934 -31.3499 2.97689343612
5.3451 -32.4857 1.27073662102
5.0131 -31.2591 7.08371001453
4.4837 -24.1952 0.593779487689
5.0349 -24.416 1.55707999152
4.4526 -22.9719 7.56462271432
1.8741 -15.8603 0.819196026602
1.9539 -15.045 1.33476417393
2.8055 -16.0728 8.18731972015
7.8511 -22.5206 0.407962596325
7.9323 -22.1208 0.261070354502
7.9536 -21.8606 0.207017801167
7.865 -21.6735 0.229860588183
8.06 -21.5518 1.44096617934
6.6912 -22.0021 13.5321241452
-5.8426 -16.9009 8.54507328289
1.7284 -20.863 3.67992363236
5.1547 -22.2055 1.53500491856
5.102 -23.7396 10.4907859768
2.9155 -34.0 6.70658290413
7.4235 -29.0345 0.442153468832
7.8447 -29.169 1.18751320414
7.8391 -30.3565 1.01644690958
7.3547 -31.2501 0.747832280662
8.0491 -31.5277 1.39186060365
8.1996 -30.144 6.56375921938
1.6386 -30.3343 0.460482192924
2.099 -30.3256 6.5651651769
8.6082 -29.4702 1.15216579102
9.2882 -28.5401 1.17990191118
8.1606 -28.1927 8.6774418281
8.0138 -19.5165 0.959498285564
8.1718 -18.5701 0.731343585464
8.428 -19.2551 1.60430871406
9.2729 -17.8913 1.22065140806
10.3944 -17.4094 0.356670492191
10.6166 -17.1304 1.38293545764
11.9684 -16.8386 1.6923447787
10.3553 -17.3504 5.03540141101
7.1672 -13.4528 4.07561723546
9.3383 -16.902 0.356501346421
9.6947 -16.9105 0.567619943272
10.1941 -16.6407 5.2698810812
8.2622 -11.7377 0.443041138045
8.6693 -11.9125 1.40300080185
10.0723 -11.914 1.11581412879
10.8809 -12.6829 8.19696833348
18.1278 -16.5134 0.13952383309
18.0475 -16.6275 0.774911040056
18.7009 -16.2109 1.55218647398
19.1187 -17.7058 7.46820837417
20.3283 -25.0754 5.60890816202
25.9194 -24.6288 1.28431166389
25.8592 -25.9117 1.38915125526
26.1928 -24.5632 2.74914013648
28.7746 -25.5077 3.24470500662
31.9423 -26.2104 3.84798417097
35.51 -27.6521 2.76304347595
38.2721 -27.5799 1.36859637585
39.3201 -26.6997 4.59111395742
40.4512 -22.2501 4.36784259103
42.9913 -18.6968 0.924946490344
43.4238 -19.5144 0.494374807206
43.4324 -20.0087 0.455770227198
43.7475 -19.6794 4.10373941668
41.5729 -23.1596 0.370999191374
41.7263 -23.4974 0.542998821362
42.0057 -23.0318 5.31020722854
47.1337 -21.6527 1.08556453977
46.6396 -20.6861 7.48128070386
43.418 -13.934 1.0959928695
44.2154 -13.1821 3.08566378596
0.0 0.0 1.96856244249
1.86 0.6447 0.293645994354
1.5941 0.7693 0.78318018361
0.8809 0.4457 0.557415294013
0.3718 0.2187 0.971448696535
0.0342 1.1296 6.56525267831
0.0605 7.6948 1.3619451127
0.321 6.358 0.935992077958
-0.4924 5.8949 2.09766659172
-1.0021 3.8601 1.0312314968
-1.8729 4.4125 1.49786712695
-0.3757 4.4572 0.3846178493
-7.3853 23.4662 4.55464724101
-3.8603 20.5819 3.80489404057
-0.2888 19.2698 1.51786677281
0.7639 20.3633 10.8531365734
9.2991 27.0671 1.13788704624
9.8389 28.0688 6.21113036814
13.1143 33.3461 1.91259892555
15.0194 33.1769 2.20503280021
17.2227 33.0895 3.00331820825
20.2252 33.1596 4.6867990996
24.9118 33.1164 4.42042662421
29.3143 32.7187 4.89404499468
34.1847 32.2382 4.56957468699
38.7226 31.7011 2.29901605475
38.7457 34.0 5.62330134796
40.2255 28.5749 2.06413704245
40.3513 26.5146 0.212556180809
40.3636 26.3024 0.0
40.3636 26.3024 1.11856966703
39.4959 25.5965 0.586849520746
39.6615 25.0335 0.159721163282
39.8212 25.0309 1.15558008377
40.7835 25.6707 12.2091284816
43.0293 13.6699 0.447258638821
43.2298 14.0697 1.30741556133
41.9365 13.8781 0.511186629324
36.0043 16.776 4.85816566412
31.1732 16.2639 4.16133308568
27.0916 17.0746 2.93947221283
24.2116 17.6629 0.935735395291
24.4984 16.7722 1.1052512565
23.6639 17.4969 17.7914859323
9.6751 28.4901 4.36061390403
5.3242 28.781 2.25498361857
3.1308 29.3044 2.62700223449
0.5315 29.6849 1.26339245288
-0.702 29.9581 3.52382649119
-4.2105 30.2864 4.76762119405
-8.8914 31.1916 1.16451990108
-8.0338 30.4038 16.722123468
1.0074 16.3366 2.83640661754
-1.8181 16.0881 3.36635518328
-4.291 18.3722 2.83562956854
-6.8466 19.6009 1.78269421102
-6.6213 21.3693 0.82588949624
-7.2778 21.8704 10.1779196032
-14.6591 28.878 4.99836408838
-19.1575 31.057 3.02786309136
-22.1226 31.6703 2.78262427575
-24.7601 32.5572 0.749292639761
-25.5012 32.4467 1.99928022298
-23.7982 19.7193 0.96704933173
-24.6122 19.1972 2.87692869915
-27.1779 20.4987 2.1978207047
-29.362 20.2535 2.86909191209
-32.1658 19.6449 2.66227599245
-28.0274 14.6628 12.6050751164
-15.9344 18.2191 1.16083978653
-14.9943 18.9001 8.89871838694
-9.9921 26.2598 4.35375669623
-8.01 30.1362 0.821927253472
-7.238 30.4183 0.641828793371
-6.6242 30.6059 3.4277193482
-3.3954 31.7566 3.96796003634
0.52 32.4003 1.91674918808
2.4308 32.5512 0.461209117429
2.8015 32.2768 1.19812966327
2.4978 33.4358 0.240409255229
2.6984 33.3033 0.467788007542
-8.3211 18.8892 1.11259711486
-9.4336 18.8745 0.561173003627
-9.1321 19.3478 1.47770702441
-7.67 19.1336 12.9458482302
-14.1544 7.9288 0.297272837642
-13.8761 8.0333 10.608306723
-7.7073 16.6636 0.633063472331
-7.0867 16.5386 0.380610299388
-6.7185 16.4422 0.996978921542
-7.7006 16.6138 4.96728810117
-12.6614 16.36 2.02522619231
-10.7607 17.0592 1.94827320979
-8.815 16.9591 1.32234386602
-7.4963 16.861 0.491527618756
-7.0049 16.8498 0.409161679535
-6.6361 16.6726 0.327208633749
-6.4016 16.4444 1.94410919704
-4.7787 15.374 1.32278080573
-3.7196 16.1665 0.873045302376
-4.0255 15.3488 10.1591905583
-7.4651 5.7896 0.198761062585
-7.4201 5.9832 2.37850360101
-5.3344 7.1265 6.32184611644
-8.197 12.7631 0.717951335398
-8.5714 12.1505 7.38773174188
-10.1924 4.9428 12.3397210155
-1.2867 -3.5987 0.860077560456
-1.7913 -2.9022 1.45121799879
6.3325 -18.9022 7.86087959709
-0.9873 -16.0362 1.08429156595
-1.7501 -15.2656 3.43366238439
-4.8762 -16.686 12.757483135
-11.6807 -27.4773 4.33948727156
-15.244 -29.954 3.09110747953
-17.7852 -31.7139 3.37620969284
-21.1219 -32.2289 0.99130962368
-21.9953 -32.6978 3.62394374818
-25.3078 -31.228 11.0640433138
-36.3655 -31.6026 1.74169421254
-38.0758 -31.9318 1.55053162818
-39.6111 -32.1486 0.905003801097
-40.4923 -31.9424 5.93966517912
-45.5235 -28.7854 3.09404057019
-48.0103 -26.9445 2.82734647505
-49.8575 -24.804 0.827034279822
-49.0316 -24.7607 16.6730367495
-32.5342 -22.347 1.26675456976
-32.2875 -23.5895 2.89301317142
-34.8415 -22.2306 2.76618744303
-37.6014 -22.417 2.64334842577
-40.2107 -22.8399 0.879312714567
-39.5201 -22.2956 1.0779088134
-39.248 -23.3386 1.99056101137
-41.1025 -24.0619 8.90710435158
-50.0057 -23.7982 0.95233796522
-50.6623 -23.1084 1.12272779426
-51.1976 -22.1215 1.40808643201
-50.0884 -21.2541 1.2130678629
-51.2614 -21.5633 0.957528871627
-50.5691 -22.2248 0.231323172207
-50.7962 -22.2688 0.635199574937
-48.7912 -34.0 7.49793997375
-43.1408 -29.0713 0.970403364586
-42.2045 -29.3263 17.3889126
-24.8175 -29.5842 1.04761730608
-23.7884 -29.7803 10.6123148135
-13.2921 -31.3452 5.67112677517
-7.6362 -31.7605 4.96045570991
-2.8803 -33.1703 0.893115054178
-1.9938 -33.2788 0.611188686086
-1.3838 -33.2407 2.23969643032
0.7951 -32.7224 2.27965636445
3.0746 -32.6957 2.83113210041
5.9002 -32.8726 2.28677807625
7.5388 -31.2775 2.26557808076
9.7378 -30.7323 2.36688570066
11.8024 -29.5749 1.44596620292
13.0723 -30.2664 0.925016805253
12.5078 -29.5336 6.24361754114
9.0586 -24.3292 4.24729839427
13.2783 -24.8126 6.23399455325
18.4855 -21.3851 0.480922654904
18.0091 -21.4509 1.89683722285
19.7447 -22.2162 7.29504934733
25.9074 -26.1199 3.73626933317
29.6321 -26.4137 6.62576897273
36.2079 -25.6015 0.73494835873
36.8474 -25.2393 2.25756510648
38.776 -24.0658 3.1401198337
40.4131 -21.3862 0.970743658233
40.3533 -22.3551 0.421441538057
36.4203 -34.0 15.4172768393
37.2798 -18.6067 0.296691085137
37.243 -18.9011 7.82405603571
36.8524 -26.7154 2.77851238255
35.5465 -29.1679 3.28243088275
34.1968 -32.16 3.50955393889
30.7266 -32.6841 16.9244908751
14.0373 -29.8724 3.78386736025
10.7435 -28.01 5.20250991926
5.5624 -28.4815 2.95222109267
2.6211 -28.2278 3.64230249842
-1.0207 -28.2883 5.73841781766
-5.7679 -25.0644 3.84979278403
-9.2887 -23.5072 2.86961896077
-11.751 -22.0335 3.51669204225
-11.9206 -25.5461 0.478843962059
-11.6879 -25.1276 5.96285970403
-14.5627 -30.3517 4.45970180617
-18.3163 -32.7599 1.95859764628
-20.2048 -32.2406 1.5110677053
-21.4592 -33.0831 4.4016275399
-25.8534 -32.8275 1.43229817077
-27.278 -32.9758 0.651914181469
-27.9299 -32.9801 1.13248841495
-29.0534 -32.8377 4.6427204288
-33.6557 -32.2264 9.56447987504
