0.0 0.0 8.2249945927
-5.3546 6.2433 1.20811802817
-5.348 7.4514 0.903034512076
-4.8733 6.6832 12.6019637486
-3.3259 -5.8234 0.191506971152
-3.1555 -5.9108 1.01285993602
-2.8801 -6.8855 15.9350876157
5.9263 -20.1661 0.54744589687
5.6073 -20.611 1.18054982529
6.7803 -20.4777 1.13097839502
5.715 -20.0979 39.3465614016
-29.8328 -3.2306 0.667747152746
-29.2023 -3.0107 8.37997647073
-22.4769 1.9886 0.502913839539
-21.9917 2.1209 1.80008653681
-20.3794 2.9214 2.2918427542
-18.0899 2.8178 0.250083386094
-17.8508 2.8911 0.669913763107
-17.2002 3.0508 0.670433412055
-16.5562 2.8644 0.43169605048
-16.163 3.0426 0.512654708356
-15.6593 2.9472 1.78190940567
-14.4106 1.676 0.490950964965
-13.944 1.8287 0.283745836974
-13.6661 1.886 2.5997275588
-11.2104 2.7393 0.500111837492
-10.7567 2.5289 0.602997462681
-10.238 2.2214 0.307411288017
-9.9313 2.2005 0.45606192562
-9.5885 2.5013 9.30991503291
-13.0721 -6.1323 1.98144175791
-11.3771 -7.1585 2.41625769528
-9.0153 -7.6686 1.38724208774
-7.6372 -7.5096 1.57357369703
-6.0835 -7.2603 0.40713448638
-5.683 -7.3335 0.746709716021
-4.9518 -7.1821 0.457425360032
-4.5008 -7.2585 0.859399616011
-3.6725 -7.0294 0.970736266964
-3.0244 -7.7521 1.09271978567
-1.9322 -7.7858 9.27782323716
2.0009 -16.1887 18.917678491
12.2891 -32.0642 0.857266691293
13.1454 -32.0235 4.44447310938
17.5825 -31.7676 5.78580841197
23.3678 -31.6909 0.4049041615
23.7471 -31.8326 0.941825912789
24.687 -31.7724 0.921566600957
25.3728 -32.388 1.13095232879
26.4689 -32.6666 1.31802103549
25.1677 -32.8765 4.22829444812
21.0914 -34.0 19.7901930514
16.414 -14.7705 0.766261163051
15.6636 -14.6154 0.817632252299
15.2321 -15.3099 0.209355893158
15.4404 -15.2889 1.34796863836
16.7628 -15.5502 0.733966770365
16.1199 -15.9043 17.8520007856
-1.6715 -17.374 1.22550940021
-1.6763 -16.1485 14.1473744504
-7.2991 -3.1665 0.0949292894738
-7.2065 -3.1456 1.58455819079
-6.864 -4.6927 6.92012320122
-6.5636 -11.6063 0.255855681977
-6.7994 -11.7056 8.50953794398
-9.5815 -3.6637 14.4886418635
-6.5094 10.4955 1.44272850183
-5.3147 11.3043 25.8292402447
10.8884 31.4192 1.07543007676
11.9505 31.588 6.94943095512
18.7879 32.8308 6.61658504064
25.3655 33.548 2.96929095913
28.3323 33.6696 1.25519211677
29.5861 33.6105 1.66720241423
31.2491 33.4922 1.39978761961
32.6308 33.2679 1.77518490868
34.3743 32.934 3.7487788425
38.0898 33.4324 0.471985391723
38.5612 33.4089 0.428741134019
38.9826 33.4879 0.416956232715
39.3921 33.5664 0.267502710267
39.6032 33.4021 0.864193456351
40.2085 34.0189 0.565723969794
39.7665 33.6658 1.40976823982
38.766 32.6726 7.76846903128
36.8738 25.1381 0.897135892716
37.7558 24.974 0.79516913924
37.7722 24.179 13.9431885034
25.2114 18.126 1.94090312226
24.8136 20.0257 1.5064763025
25.8005 21.1639 0.651890052079
25.2565 21.5231 16.0053372779
9.9398 26.1674 15.9354002953
-1.7666 15.3555 12.8752366914
-6.1061 3.2336 17.6207534473
4.713 -10.6746 0.800737472584
5.3417 -11.1705 0.163765991586
5.191 -11.1064 18.9104223464
24.0766 -12.075 1.11674143829
25.1904 -11.994 8.67710679028
33.866 -11.8323 2.73343188318
36.5979 -11.9238 1.18724184562
36.6675 -13.109 1.48411997493
38.1516 -13.1013 3.55703348452
41.588 -12.1828 1.06288586876
41.2794 -13.1999 0.922096242265
41.8692 -12.4911 0.977635770622
41.6605 -13.4462 0.500803244798
42.1038 -13.2132 0.335460429857
42.4105 -13.0773 0.289836039857
42.6887 -12.996 0.2265711588
42.9052 -12.9292 0.848372795415
42.295 -13.5186 1.73702341377
44.0125 -13.7783 1.30285589763
47.8273 -29.9441 3.33010126272
44.8532 -31.4422 14.6606622395
33.7351 -21.8859 15.3299802087
22.6377 -11.3097 3.42314036668
19.5306 -12.7463 3.49030498524
16.0446 -12.9196 3.42030315615
12.7844 -13.9538 4.52205207511
9.4553 -17.0142 2.9800611336
6.5047 -17.4322 2.30279943764
4.3001 -18.0975 1.99605637696
2.3076 -18.2166 1.04439643814
2.9602 -19.032 3.04032759419
-0.041 -19.5182 2.78469715589
-2.7481 -18.8654 1.92786465552
-4.5834 -19.4556 1.58117794697
-6.1363 -19.1579 2.65389197218
-8.6167 -20.1017 2.43216068548
-10.8063 -21.1605 2.79211936887
-10.8167 -23.9526 0.633995977905
-10.1894 -23.8607 8.68455804575
-4.4747 -30.4001 6.21162597715
-10.6615 -30.9549 7.51869880232
-11.7547 -23.5161 0.260167715138
-11.5065 -23.4381 6.63294175536
-12.1737 -30.0374 0.393414844661
-12.1867 -29.6442 7.2906702113
-12.5865 -22.3645 0.456637503935
-12.4699 -22.806 8.38031613962
-13.9353 -31.0572 0.466331148434
-14.2798 -30.7429 9.26754617901
-13.1201 -21.5482 0.593686870328
-13.2042 -22.1359 8.64528112672
-14.0642 -30.7383 0.352214323956
-14.3609 -30.9281 1.32315777593
-14.6784 -29.6436 9.94761217228
-14.0051 -19.7188 0.775810086297
-14.3178 -20.4288 9.66516659349
-16.4226 -29.862 0.523844413925
-16.5315 -29.3496 8.58489435753
-14.0712 -21.1248 7.56740331818
-16.7989 -28.1835 0.389427335969
-16.6695 -27.8162 5.52394057354
-14.933 -22.5723 0.587730584537
-15.2162 -23.0873 8.49798124027
-20.2658 -29.9223 0.254285272873
-20.515 -29.9729 1.20371955621
-19.8531 -28.9675 6.01900181758
-16.5523 -23.9343 0.511340610552
-17.0612 -23.9842 6.24081338609
-20.8428 -28.9488 0.284575771983
-20.6612 -29.1679 6.59422747333
-17.6423 -23.3053 0.0255196003103
-17.6262 -23.3251 8.80882240711
-23.1036 -30.2239 0.617889974025
-22.8537 -30.789 0.760149255081
-23.5617 -30.5123 10.0058827881
-18.2548 -22.0297 11.3101166581
-26.7917 -29.4486 18.5449411131
-45.3312 -28.9994 5.50229620886
-48.1833 -24.294 16.1592390368
-37.5853 -12.0955 3.37120516285
-34.2141 -12.0896 0.77832195138
-33.4482 -11.9511 8.4557186921
-38.4924 -18.7375 0.937466906083
-37.921 -19.4807 21.4639618524
-18.4614 -28.5375 0.429342287691
-18.1736 -28.2189 2.59815359438
-15.6467 -27.6146 0.723221107269
-15.0461 -28.0175 2.65399722117
-12.4176 -27.6505 0.559306043236
-11.8583 -27.6531 0.9037980416
-10.971 -27.825 0.472455765125
-10.5116 -27.9353 2.80859337926
-7.8305 -27.0987 1.33102922582
-9.1611 -27.1325 8.84004536018
-17.993 -26.7531 0.213819035635
2.6684 -34.0 10.2028697865
-6.6824 -29.9182 5.918283796
-1.2794 -27.5029 4.93811350315
-5.7558 -29.5878 4.07920342346
-3.7019 -26.0634 4.38663277811
-7.3471 -28.5037 4.11068660202
-10.6674 -30.9272 3.05065176151
-13.4398 -32.2001 0.675145317691
-12.8752 -32.5703 1.31155591951
-12.7514 -31.2646 7.91274737876
-8.8502 -24.3804 8.09509509333
-14.0051 -30.622 1.46425651441
-15.2618 -29.8705 1.76392120005
-16.5496 -31.0759 2.55432678606
-18.2249 -33.0041 2.91144775842
-21.1226 -32.7215 0.526792226594
-20.6348 -32.5226 8.56608156685
-14.6694 -26.3751 14.5493876744
-11.5393 -12.1664 1.1022139266
-12.6388 -12.0891 2.50772951691
-13.7166 -9.8248 0.858119455554
-12.8638 -9.9202 1.20836550762
-14.0046 -9.5218 0.651248355084
-13.3535 -9.5357 1.51338189827
-13.2509 -11.0456 7.4242580727
-8.5242 -16.7708 0.850452232639
-7.7668 -16.384 1.13266681774
-8.8734 -16.6256 1.10022075058
-7.8363 -16.2583 0.0207713745332
-2.7147 -29.9167 0.61140997702
-2.1101 -30.0077 2.31342331837
0.1743 -30.373 0.970610678903
0.5146 -31.282 0.405184525864
0.6511 -31.6635 0.523081733575
0.1796 -31.89 0.513169728258
-0.2655 -32.1454 0.565370851742
0.2569 -32.3616 0.588892825563
0.8195 -32.5356 0.429418211072
1.2403 -32.6212 1.1331809829
1.1786 -31.4897 2.75868484789
2.3226 -34.0 11.6474444991
-7.1234 -27.1856 1.29697081694
-6.4817 -26.0585 2.38908009284
-5.0005 -24.184 7.43172440622
-1.2139 -17.7893 1.39255192004
-1.4221 -16.4124 11.7435474163
-6.0257 -5.6088 0.906287730249
-5.2 -5.2352 3.94930807611
-35.8049 -1.4393 0.836515152284
-35.3645 -2.1505 0.137249918033
-35.273 -2.2528 0.108573707683
-35.3554 -2.1821 0.0236839608174
-24.9847 -23.3666 11.630674667
-36.2327 -26.3255 6.28890088092
-42.4817 -25.6182 1.13405857432
-43.4376 -25.008 2.39748549943
-44.599 -22.9106 1.80552157561
-46.2186 -22.1126 1.42944003722
-47.6065 -21.7705 0.466482250466
-47.9377 -21.442 1.04906198578
-48.9578 -21.1972 15.8087287142
-35.2828 -13.2656 0.206003932001
-35.4457 -13.3917 1.41586050513
-36.0032 -9.5731 11.4194794842
-25.2144 -5.8306 0.627633690938
-24.917 -6.3833 1.31434535036
-24.7773 -5.0764 23.6899409683
-13.8781 15.9574 0.543222569487
-13.3391 16.025 1.48067638598
-11.8751 16.2466 0.448788959312
-11.4288 16.1994 0.858201310882
-10.5706 16.2009 1.49001174828
-9.0816 16.146 4.99446987077
-4.1393 15.426 5.02572268435
0.494 17.3729 1.19279587944
1.3116 18.2414 3.02404586275
3.5409 20.2847 0.513542296213
3.0444 20.1535 9.56551433641
1.5408 10.7069 7.32773455373
3.3845 17.7989 12.867311256
-1.3541 5.8359 0.422562527917
-1.0363 5.5574 7.61383415632
-4.4043 -1.271 0.386961755216
-4.0641 -1.0866 9.39756108786
-7.5797 7.6286 0.96468665379
-7.0802 6.8033 9.51577922085
2.0251 4.0386 11.4362984715
-6.6855 -4.4287 1.82848665841
-8.4994 -4.6592 16.4000939744
-11.9308 -20.6963 0.20098450189
-11.7747 -20.8229 1.68513084358
-11.6433 -19.1429 14.6595223285
-10.3336 -4.542 0.640694006527
-10.182 -3.9195 1.11817283995
-10.2067 -5.0374 15.3516902395
-10.9006 -20.3734 1.21771353364
-11.9591 -20.9754 1.03141758759
-11.1159 -20.3814 4.92613719054
-7.2288 -17.3553 7.17977173175
-12.2444 -22.4927 5.07514899289
-9.1815 -18.446 1.16550123981
-8.982 -17.2977 0.69920189502
-8.2897 -17.3957 1.38849024483
-9.0757 -18.5403 16.5753550484
-3.0974 -34.0 4.10841546706
-4.6768 -30.2073 2.43527554293
-5.7744 -32.3812 2.3975690793
-8.1719 -32.363 12.0753152315
-20.2456 -32.5605 13.3524927808
-33.5851 -33.1494 17.5496863439
-50.789 -29.6828 0.95111257483
-50.5287 -28.768 17.6396404195
-47.8574 -11.3318 8.43831320585
-41.8074 -5.4494 0.575835749151
-41.329 -5.1289 0.378904539429
-41.0057 -5.3265 2.75234680409
-38.5059 -4.1748 1.2350194209
-37.2835 -3.9987 0.714695697482
-36.589 -4.1674 4.06542244053
-24.7876 -14.3987 1.08355952767
-25.7697 -14.8565 3.58557736634
-27.8065 -11.9056 12.7238124967
-41.9102 -18.4395 6.15553281934
-36.0 -20.16 5.38651439059
-35.4388 -14.8028 3.40568410308
-34.3558 -18.0317 9.83615945225
-24.8617 -20.6031 0.723703178105
-25.4712 -20.2129 1.19732430026
-24.4684 -20.8671 17.6714358537
-8.8332 -29.1024 5.25731227244
-3.5845 -28.8016 2.85402521362
-0.8439 -29.5982 0.177388415631
-0.7602 -29.4418 1.07476923104
-0.8359 -28.3697 1.21802657196
0.3253 -28.7374 3.43992759953
2.8343 -31.0907 0.935956163503
2.1556 -31.7352 0.417172110765
1.7552 -31.6181 8.23903999565
-4.913 -26.779 0.960602024774
-4.173 -26.1665 8.45345172577
-4.7282 -17.7313 10.1546132856
-6.8489 -7.8006 15.1262771418
-5.1353 7.2283 1.13175086039
-5.9929 7.9668 0.872685263998
-5.897 7.0994 7.30935648399
-6.818 -0.1517 0.536852847622
-6.6873 0.369 1.38833728611
-7.2974 -0.8781 8.26130149613
-13.5095 -6.3241 1.02371033501
-13.0801 -7.2534 12.2731397959
-4.0884 -15.6068 18.933941236
9.2149 -29.0796 0.831918728002
9.6735 -29.7737 4.22255245675
11.9452 -33.3331 3.41458906752
15.3065 -32.7322 0.302320161418
15.5593 -32.898 0.364806811888
15.8153 -33.1579 0.356814811912
16.1713 -33.182 8.59221735817
10.5276 -26.7032 0.305121254586
10.2883 -26.8925 0.511026075656
10.7889 -26.9952 0.590908791608
11.1763 -26.549 0.239536636029
11.1289 -26.3142 0.348695354142
11.4695 -26.2395 2.10775067074
13.166 -24.9887 1.51303410404
14.4022 -24.1163 0.496094718779
14.8973 -24.0849 0.37046086163
15.2675 -24.071 0.782393788319
15.9485 -23.6858 1.22700588426
15.9523 -24.9128 4.73675872829
17.4244 -29.415 2.88797136066
19.8127 -31.0387 2.47024109754
21.4369 -32.8999 0.83506191986
22.2709 -32.942 0.626146340722
22.8949 -32.9938 0.880900051084
23.4232 -32.2889 1.34906430536
24.6249 -32.902 1.15498177042
24.2666 -34.0 13.6236981066
12.1765 -27.7203 0.771162680632
11.4437 -27.4801 10.591638825
14.8745 -17.4595 0.577536457724
15.2245 -17.0001 2.89489760786
16.6841 -14.5001 0.598677425664
16.7726 -13.908 1.38112152977
16.7428 -12.5272 1.59613360656
17.7313 -13.7804 1.04930156295
18.6794 -13.3308 1.73681965097
20.3839 -13.6643 0.576289597338
20.8918 -13.9366 0.364191213513
21.2486 -14.0096 0.635109455134
21.7785 -14.3597 1.41587655535
20.3724 -14.5258 0.943313760103
20.7226 -15.4017 1.01460646558
21.6724 -15.0449 1.00249832419
20.6707 -15.0049 0.560232594553
21.0257 -15.4383 0.813558233933
21.7245 -15.0217 0.333118432393
21.455 -15.2175 1.2232658133
20.4919 -14.4633 14.5217048372
27.1996 -27.343 4.73931447047
31.5114 -29.3101 5.8946177569
36.6895 -32.1268 3.23529145673
39.729 -33.2352 0.379975222876
39.3496 -33.2143 0.322684396896
39.1457 -32.9642 0.919388497861
38.3218 -32.5562 0.83645639456
37.5585 -32.2141 8.75687047752
39.0951 -23.5931 2.23687115633
40.314 -21.7175 0.497185377902
40.7477 -21.4744 0.476007741534
41.1593 -21.2353 1.02997953863
40.5516 -22.0669 3.67035735862
37.6749 -19.7874 0.223776786106
37.6895 -19.5641 8.86843339999
37.4996 -10.6977 8.51724011227
38.9479 -2.3045 0.382348532101
39.1123 -2.6497 0.409321450696
39.2372 -3.0395 0.968573218709
0.0 0.0 11.8957445904
11.8756 0.692 4.76013558315
7.117 0.5711 2.23284239704
4.8844 0.5382 2.98098118243
5.006 3.5167 2.59631611519
4.2559 6.0023 2.31187427426
2.0134 6.5644 0.680586408915
2.1869 5.9063 1.64800209345
0.8402 6.8562 2.3646386299
-1.3422 7.7665 1.23625847217
-1.9827 6.7091 0.796399328227
-1.1969 6.5796 15.7747327439
11.1664 -3.2179 0.557502520174
11.1049 -3.772 2.72691676807
8.4024 -3.4079 3.34311630219
5.9959 -5.7285 4.00677172048
2.848 -8.2074 3.21788805896
-0.241 -9.109 1.31007893655
-1.5181 -9.4011 6.52039248205
-33.8305 -34.0 15.8716442894
-32.6719 -18.1707 5.55537553006
-32.1131 -23.6979 0.31706341637
-32.0926 -23.3815 1.27049232977
-32.875 -24.3825 1.21136872174
-32.3317 -23.2998 9.33543102861
-23.0149 -23.8893 13.3699939417
-10.6219 -28.9063 0.473836438025
-10.2043 -28.6824 0.3103967139
-9.9399 -28.5198 2.02935331571
-8.0467 -27.789 0.751582344125
-7.3508 -28.0729 2.61447256822
-4.9263 -29.0513 1.016498485
-3.9589 -29.3634 2.31046780761
-1.6679 -29.6627 4.56372655842
2.0504 -32.3088 2.1614458795
4.0739 -33.0686 0.176050106504
4.2489 -33.0878 0.557692567639
4.7639 -32.8738 1.73958975049
3.2184 -32.0753 13.5348461129
-6.5995 -22.7586 8.51346841951
-0.0962 -28.2528 0.865602460717
-0.9111 -27.9609 8.50550549703
-5.2041 -20.6183 0.34571771722
-4.8584 -20.6148 1.82991307444
-3.1429 -19.9779 1.03456524685
-3.0367 -18.9488 0.372640309145
-2.8135 -18.6504 0.472291964784
-2.3636 -18.5067 0.0606845120274
-2.3301 -18.4561 0.264536292406
-2.2098 -18.2205 0.9252048638
-1.2846 -18.2175 1.40496263296
-1.5798 -16.8439 0.188442060061
-1.4013 -16.7835 0.364810978453
-1.431 -16.4199 0.019760819821
-1.4153 -16.4079 0.0101257098517
-1.4095 -16.4162 0.0359050135775
-1.4089 -16.4521 1.34744087069
-0.971 -17.7264 0.300058610941
-0.9156 -18.0213 1.5031255869
-1.4094 -16.6016 14.8319583987
-8.8381 -3.7641 11.5073400858
-5.7309 -14.844 1.25357385502
-4.5939 -15.3719 0.858266683496
-4.6966 -14.5198 1.09826816853
-4.4005 -15.5774 12.7620048445
4.4917 -24.7315 0.559896142155
5.0437 -24.6378 11.7045481117
14.4912 -31.5473 1.37923112639
15.8137 -31.9388 1.56976302989
17.3243 -32.3657 2.74687997918
19.9082 -33.2978 0.506523602609
20.4092 -33.3724 0.728467713766
21.0728 -33.6729 0.873198728813
21.9377 -33.5528 0.685489022523
22.6121 -33.6756 0.189323955167
22.7855 -33.5996 0.265024621498
23.0489 -33.6289 0.130815786509
23.1558 -33.5535 1.39896516397
21.7605 -33.4523 0.982286277009
22.4333 -32.7366 1.13872357049
23.1549 -33.6175 0.225287815916
23.3727 -33.5599 0.177940917161
23.3011 -33.7228 1.51355888554
22.1916 -32.6933 13.2533919511
14.7855 -21.7023 10.6209056285
23.4536 -27.8397 1.27813202761
24.2798 -28.8149 0.658428621796
24.3363 -29.4709 2.31253714349
26.0561 -31.0169 0.800078846115
26.8215 -31.2499 2.66409052399
29.0309 -32.7385 0.584287711663
29.6146 -32.7647 2.34996129543
31.8626 -33.4494 0.196071033047
31.9155 -33.2606 0.257934449037
32.1682 -33.2089 0.297720002687
32.4404 -33.3295 0.957181205415
31.7573 -34.0 14.3996845083
18.0958 -29.4487 0.537651076443
18.185 -29.9789 10.308366339
28.3753 -28.4232 0.436155350764
27.951 -28.5242 12.4927231543
15.538 -29.9333 11.985289135
17.9121 -18.1855 0.160511339163
17.8354 -18.0445 10.8526987399
13.9379 -28.1732 1.05866331758
13.013 -28.6883 0.445016190717
13.4401 -28.8133 1.51771552341
12.3446 -27.7629 1.48962049529
13.8195 -27.554 9.70609224817
4.1692 -26.5148 23.6785225225
-5.9826 -5.1229 0.515899069586
-6.423 -4.8542 0.0640541177443
-6.4328 -4.7909 7.44644580991
-7.6 -12.1453 14.080859663
-3.1207 -25.4947 1.12407360079
-4.1196 -26.0102 0.754711733048
1.4363 -27.479 2.00201087909
3.4383 -27.4856 0.863827436471
2.5761 -27.4326 3.20378534237
-0.3433 -28.7522 2.72630094084
-2.9742 -29.4671 2.42722218596
-5.3965 -29.3126 0.841217653167
-5.158 -28.5059 7.44610165456
-1.7024 -21.9102 0.507134104552
-1.9664 -22.3432 9.82406754099
-7.7908 -30.2545 0.377473932875
-8.1589 -30.1709 9.33610412645
-5.6138 -21.1884 0.671144641638
-6.1301 -21.6172 8.8143062824
-10.1583 -29.4572 2.03051489037
-10.1367 -27.4268 3.38774319717
-9.9908 -24.0422 5.16939737784
-12.5778 -28.5177 1.10130310088
-12.0442 -27.5543 7.0731100663
-9.4293 -20.9823 0.679061779222
-9.702 -21.6042 9.87604152381
-15.5997 -29.5259 3.40726506307
-18.7161 -30.9034 2.96189769067
-21.6729 -31.0771 14.8193028341
-36.2736 -28.5411 12.7840484624
-48.7186 -25.6164 3.61003083782
-49.8538 -22.1895 0.601223361156
-50.1741 -22.6983 1.25468068448
-49.163 -21.9554 17.7929435451
-35.9074 -10.0862 0.746125545736
-35.3612 -10.5945 1.1446306828
-35.5744 -9.4699 8.43073834608
-42.6789 -4.9308 1.04779002668
0.0 0.0 7.39416071302
-2.5329 -6.9468 1.14118126956
-1.7379 -7.7655 1.08599024397
-1.7519 -6.6796 16.3475544477
-2.3078 9.6585 0.269113693446
-2.4565 9.8828 0.592502928263
-2.5841 9.3042 1.31765262873
-1.4183 9.9183 1.03199852713
-1.7919 8.9563 13.4650953216
-10.2924 2.9102 1.12845757563
-9.8263 3.9379 0.95747169671
-39.4327 -34.0 14.5111891756
-40.7387 -19.5477 12.1972502295
-37.2257 -7.8673 3.1461172912
-26.6637 3.0204 1.3782027028
-26.04 4.2494 5.79818772808
-42.627 -9.9046 13.0568784853
-30.1447 -13.7353 2.72771095426
-27.4211 -13.5856 8.5301614674
-19.029 -15.1141 1.33616739221
-17.6949 -15.0398 13.4040882737
-8.8267 -25.0909 2.48051610759
-6.3463 -25.1149 3.04213076971
-3.4004 -24.3558 10.335495128
2.1121 -15.6131 0.205945478222
1.9586 -15.7504 6.14456281927
-3.8832 -17.6554 1.17276649423
-3.1997 -18.6084 1.23784400471
-3.755 -17.5021 14.9861168209
-9.9474 -3.8552 0.609029555933
-9.4566 -3.4946 15.4702144358
-11.4496 11.8467 27.9797130373
8.843 31.11 0.931668959449
9.7517 31.3156 4.6517895449
14.1843 32.7267 3.92339880461
18.025 33.528 1.31650750093
19.331 33.362 2.28568905366
21.6044 33.5987 0.308387953721
21.9032 33.5224 0.148925518297
22.0516 33.5349 0.256956688957
21.9461 33.7692 0.0101980390272
21.9393 33.7616 0.0486483298788
21.9772 33.7311 0.105387380649
22.0697 33.6806 0.185722911888
21.9463 33.8194 0.149459593202
22.0379 33.7013 1.0521207963
21.0168 33.9549 1.77627264236
19.2411 34.0 13.9805528503
22.2685 14.3832 1.14481805105
22.6844 15.4498 0.953055717154
22.0736 14.7182 26.5305338846
0.0 0.0 13.0479811481
13.013 0.9548 0.410524664302
12.6873 1.2047 12.0885516163
5.506 10.929 1.92079484849
4.1354 9.5833 2.5852435746
1.5701 9.9038 1.51266097986
0.0641 10.0456 0.827064840263
0.6581 9.4701 0.167506716283
0.5858 9.319 1.1150357214
1.2937 10.1805 0.709298272943
0.8985 9.5915 8.26097622863
-0.5578 1.4599 14.9492774942
-3.235 -13.2477 8.58620642018
-7.2663 -20.8287 2.76196953278
-9.493 -22.4628 7.60151486547
-11.5181 -29.7896 0.690683697506
-11.1655 -30.3835 3.7504076925
-13.875 -32.9766 4.70602839877
-18.5577 -32.5086 0.802857552745
-18.703 -33.2982 1.15587979479
-19.7317 -32.7711 3.44450834953
-23.1753 -32.8502 8.52974946877
-17.0327 -26.932 3.81561786478
-17.7567 -30.6783 1.02778288077
-16.731 -30.7437 2.55820050035
-19.2374 -31.2559 4.95160103401
-24.189 -31.2591 4.96653039656
-19.3303 -30.2298 4.7782098583
-24.0926 -30.6194 3.74092475867
-20.4488 -29.7725 0.876600279489
-21.3009 -29.9783 5.16372717037
-26.4394 -30.4881 1.61935135471
-28.0578 -30.5436 2.15713913552
-30.1424 -31.0983 2.61798894574
-32.7578 -30.9819 8.54226492799
-41.2987 -31.1346 9.04199268137
-49.7949 -28.0407 3.63626035647
-51.4292 -24.7924 0.664579844714
-43.3331 -17.0044 16.9755691902
-34.4589 -2.5331 15.1294021524
-19.6559 -5.6588 7.60401393607
-12.1172 -4.6643 0.968023868507
-11.1511 -4.7253 0.485296043668
-10.81 -5.0705 0.495748746847
-10.3319 -5.2016 2.8239894759
-7.6085 -5.9486 1.24550767561
-7.9201 -4.7427 0.943788646891
-7.5627 -5.6162 21.1044757777
-3.3331 -26.2925 0.208593695974
-3.4053 -26.4882 0.182520848124
-3.3672 -26.3097 0.75174630029
-2.6189 -26.3816 4.72010752526
1.9343 -25.1375 0.555097126636
2.3084 -24.7274 1.91458164882
3.9099 -23.6782 10.1265276146
9.0976 -14.9814 0.823452463716
9.2246 -14.1678 1.36619321108
7.9429 -14.6408 14.50873609
-4.5908 -21.949 0.834713274125
-4.6253 -21.115 12.1631973231
-1.4909 -9.3626 1.2938506328
-2.1454 -8.2465 9.45599714996
-8.6057 -1.3414 1.11762441366
-8.7105 -0.2287 6.35368913624
-6.5245 -6.1945 11.0426235153
10.5318 -17.0549 0.610123143308
10.7693 -16.4929 6.23810916384
10.5348 -10.2592 2.52944424133
8.5387 -8.7056 8.02050490306
3.3456 -14.8179 1.13777479758
2.3138 -14.3384 9.91846954424
-6.4051 -9.6101 1.06949835437
-6.8948 -8.6593 0.334190514527
-7.2285 -8.6774 0.424728854683
-7.3939 -9.0686 0.808900203981
-7.2574 -9.8659 8.61940775286
-1.3498 -16.1424 0.977817861363
-0.8022 -15.3323 0.133077571363
-0.8964 -15.2383 1.25415733064
-0.937 -16.4918 14.349595511
-9.8903 -27.7056 8.64390824222
-17.3056 -32.1475 3.09770738612
-20.3892 -31.8522 7.81056583354
-28.105 -30.6392 23.670073514
-51.741 -31.9088 0.678877198026
-51.3066 -31.3871 16.5172666564
-49.4064 -14.9795 2.61753153372
-51.2786 -13.1502 0.217619139783
-51.0833 -13.0542 0.948975284188
-51.9573 -13.4239 0.698902918866
-51.3238 -13.1287 0.572240902068
-51.1376 -12.5876 1.50380097087
-51.477 -14.0526 0.528843606371
-52.0 -13.9742 0.356785215501
-47.0 -9.16 9.94854206655
-45.1605 0.617 38.2103484445
-22.7953 31.5981 0.452072571608
-23.2473 31.6062 1.04158942487
-22.2296 31.828 7.20411507126
-15.1432 33.125 4.80349209742
-10.3415 32.9938 0.795990357982
-9.7782 32.4314 18.8840865559
-3.6521 14.5686 0.109859046054
-3.7071 14.4735 0.685595449226
-3.0295 14.5779 2.42264062956
-0.6134 14.4 2.76442111481
2.0855 13.8017 3.9753513568
5.5384 11.8317 0.69974099494
5.1195 11.2712 1.51958455507
5.9966 12.5121 1.10926808752
6.6854 13.3816 2.7850606313
8.365 15.6032 2.89538182802
11.0477 16.6924 0.496574767784
10.601 16.9093 0.320002124993
10.8516 16.7103 0.156600159642
11.0041 16.7459 2.341395082
11.9898 18.8697 1.6869013753
13.511 19.5988 0.633664335433
13.3342 18.9903 2.71244945575
12.1276 16.561 1.20462718714
11.2761 15.7089 0.904266890912
11.8936 16.3695 2.37764897535
13.2068 18.3516 1.15879099496
13.8097 19.3412 1.08735363613
13.2885 18.3869 12.758215666
4.9932 8.6936 1.08197144602
5.8118 7.9861 0.918975652561
5.2158 8.6856 17.7989662183
-8.5082 20.0194 15.4137323699
-6.5701 4.728 0.739769862863
-6.488 5.4632 16.0853737143
-5.9912 21.5409 0.77793456023
-6.7515 21.7056 0.512769236597
-6.2888 21.4846 0.356562827563
-5.9664 21.3323 0.371003638796
-5.8177 21.6722 0.378455175681
-6.0001 22.0038 0.759608221388
-6.6224 21.5682 1.13984574834
-5.7127 22.255 20.9746616995
11.6652 34.0 17.5068883929
-3.7326 25.6694 2.90448504214
-0.912 24.9764 12.111031042
5.3081 14.5847 1.44722173146
6.7546 14.539 8.5253651523
14.1853 18.7183 0.801388420181
13.7877 18.0225 5.85431330303
10.4297 13.227 1.00653048141
9.6102 13.8114 14.2115176867
-1.2512 22.9764 0.525380414557
-1.1715 22.4571 0.848488355842
-1.7515 23.0764 1.1146474465
-0.7522 22.5826 13.2659242128
5.7749 11.0335 1.06101322329
5.4708 12.05 13.4160100988
-2.0591 23.1536 0.684237422245
-2.1965 22.4833 12.5547599619
3.5026 11.2966 1.23404995847
4.5187 10.5963 1.07357319266
3.6821 11.2691 14.0912287161
-7.0676 20.3799 1.20156591579
-6.4388 19.356 9.11935344254
0.9976 14.0775 12.5666449401
10.8222 10.2201 7.1055481569
6.2757 4.7595 1.17591857711
6.1094 3.5954 21.5598952428
-0.2754 -16.9974 0.371886703177
-0.119 -16.66 3.71462521663
1.2815 -13.2195 0.856270103414
0.7458 -13.8875 5.27262884907
-2.4255 -18.0998 2.92459980168
-1.1147 -15.4854 1.15398114803
-2.2604 -15.3474 0.905659566283
-1.7307 -14.6128 11.652676302
-4.9099 -3.4022 0.322321888801
-4.9517 -3.7218 11.445889802
-2.0311 -14.7888 4.87484986948
-5.1106 -18.5678 1.63684385327
-6.49 -19.449 8.62685731017
-11.0948 -12.1539 0.345624073236
-10.926 -12.4555 8.89570987443
-8.1081 -20.8931 0.969657527171
-8.3437 -21.8337 2.73262450037
-10.6862 -23.2408 4.57890558977
-11.54 -27.7394 0.305310481314
-11.5732 -28.0429 0.137745889231
-11.698 -27.9846 7.47947868838
-7.7859 -21.6098 8.81571955316
-13.5639 -28.268 0.764191402726
-14.1942 -28.7001 2.03850914396
-14.2234 -30.7384 0.306670670264
-14.0547 -30.9945 1.20057590347
-13.7056 -29.8458 6.89748725407
-10.0417 -24.0019 0.510862055745
-10.5519 -24.0279 8.20293178077
-16.5937 -29.5763 3.06724066548
-15.174 -26.8574 7.40434652079
-8.8448 -23.0148 1.37831786247
-9.2131 -21.6866 13.8708653533
-10.7252 -7.8984 3.22284525536
-13.9375 -7.6379 7.3078268295
-21.0671 -6.0338 1.91743201705
-22.9844 -6.0563 29.7596808521
-42.3533 -28.6502 5.98986600267
-47.783 -26.121 0.678105869315
-48.2199 -26.6396 1.44297842326
-47.1056 -25.7228 18.9647113978
-33.9952 -12.0196 0.836863190731
-33.182 -12.2172 0.260937252994
-32.9535 -12.3432 1.64727637025
-34.0965 -11.157 4.2584648936
-37.7878 -13.2804 3.11756088152
-40.5906 -11.9153 7.8849784838
-47.3343 -16.0013 1.19620081926
-48.1885 -15.1639 4.03415973159
-50.078 -18.7282 0.674926699724
-50.5414 -19.2189 1.7531836213
-48.7898 -19.2934 1.3976374351
-45.9523 -34.0 5.89444190827
-41.2833 -30.4021 0.268024252634
-41.5405 -30.4775 2.08763721465
-39.639 -31.3392 0.787354818363
-40.3634 -31.6477 0.264458106323
-40.6014 -31.763 0.0618520816141
-40.5716 -31.7088 1.17153527049
-39.7524 -30.8713 0.522400086141
-39.5512 -31.3534 2.69890129497
-40.8946 -33.6942 0.930579502246
-40.1821 -33.0956 0.430907159374
-39.7594 -33.1793 6.71791987448
-42.9256 -27.2543 8.01745669461
-36.3252 -22.703 11.9918345327
-27.0113 -15.1495 20.4441141175
-6.6771 -13.0324 0.921369415598
-22.8055 -20.4031 3.27422318421
-22.6494 -17.1326 1.91566806363
-23.2136 -15.3019 9.99711257964
-17.5019 -7.0971 1.18624089038
-18.6387 -6.7582 12.8854810116
-26.1704 -17.2133 1.18732818125
-27.3239 -16.9319 0.967439491648
-26.717 -16.1785 12.8412168808
-22.4493 -4.0672 20.283853201
-27.1745 15.6586 0.611005155461
-26.6164 15.9073 3.93870436184
-28.8003 19.1851 3.65294099733
-31.5275 21.6154 13.5217027585
-42.8282 29.0404 1.10362385802
-43.1583 30.0935 5.57437639382
-48.731 30.2302 2.50292623343
-50.9087 28.9964 2.03442824646
-49.9232 27.2166 1.71548122986
-50.6776 25.6759 1.72032215878
-51.3609 24.0971 1.24853566229
-51.169 25.3308 0.328724109247
-51.4845 25.4231 1.52758659656
-50.2761 24.4886 12.6365091085
-45.0143 12.9997 9.22669438152
-38.8148 6.1661 1.05450809859
-39.1105 5.1539 0.0920844177915
-39.07 5.2366 10.3995208592
-35.2979 14.9279 0.297046275856
-35.1011 14.7054 17.6944873817
-19.2254 22.5193 5.34930292655
-13.98 21.4701 0.583178917657
-13.4601 21.2059 0.539607264592
-12.9205 21.2087 1.68521873061
-11.4176 20.4463 0.84641271257
-10.5718 20.4141 2.34108869759
-8.2513 20.7239 6.13335613592
-2.4431 18.7534 8.76041311412
3.2861 12.1261 0.268271150145
3.4831 11.944 7.6901679338
1.2313 19.2971 0.10840152213
1.1293 19.3338 1.18085525362
0.1641 18.6535 12.1243689423
-6.5363 8.5488 0.369086344911
-6.2486 8.78 1.07303723141
-6.4317 7.7227 1.11141007733
-5.9973 8.7457 10.6798081972
-0.1081 17.655 0.304106560271
0.1635 17.7918 10.2473151298
-5.7849 26.1359 0.423977971126
-5.5733 26.5033 9.30876674807
1.9256 20.9879 1.52545076944
1.1337 22.2917 6.41523388584
-2.1408 27.8083 1.01563409257
-2.6078 26.9064 10.0470604363
-3.2408 16.8793 0.544692959382
-3.1687 17.4192 8.95646127664
-0.4763 25.9614 0.371548785491
-0.2772 25.6477 9.35096253548
8.2675 21.8492 6.32066723693
8.8321 15.5538 3.4551827969
11.1917 13.0298 2.01879473201
13.0318 12.1994 1.85817220408
14.1303 10.7007 1.61411028124
13.3771 9.2731 2.72437319764
11.7357 7.0987 20.0733117758
2.5171 -10.7326 0.475709081267
2.2359 -10.3489 1.30227767392
3.0434 -11.3706 0.777734639835
2.6613 -10.6932 8.62440995141
-5.8336 -9.2042 4.47176931986
-1.3754 -8.8561 0.891088126955
-1.1492 -9.718 0.601369279229
-1.4557 -9.2006 2.83089081739
1.3612 -8.9195 0.24140231979
1.557 -8.7783 0.299177171589
1.8027 -8.6076 1.34699145135
3.1213 -8.3325 1.44210355037
4.3621 -7.5976 0.656329917039
4.9585 -7.3236 0.300260170519
5.2274 -7.19 0.975761758833
6.1629 -6.9126 0.833926735391
6.9241 -7.2532 0.241074677227
7.1133 -7.4026 0.936169989906
8.0244 -7.6178 1.44615353611
6.9046 -8.5329 15.807627488
-5.4368 -18.4107 3.29086979384
-4.1312 -15.3899 14.2702443742
-13.5603 -4.6786 0.790711028126
-14.1731 -5.1783 0.334635951446
-12.1441 -4.8391 0.455853803319
-35.4722 6.7101 0.503883488517
-35.2203 6.2737 0.28130127977
-24.9402 34.0 4.5939790215
-27.686 30.3169 0.858687754658
-28.5385 30.214 2.45801057158
-30.6324 28.9266 2.69743378232
-33.2173 29.6976 3.587698991
-36.7439 30.3569 5.27265331688
-42.0159 30.4399 3.79862763245
-45.8126 30.3189 3.23313658852
-48.2952 28.2477 1.99688025179
-49.0909 26.4162 1.92910781451
-50.9049 25.7598 2.2208858818
-51.2236 23.5619 0.777962293431
-50.4843 23.8041 2.06428626406
-48.4226 23.9074 11.1846266277
-45.3322 13.1582 10.6869478173
-38.1523 5.2424 4.18106203972
-36.646 1.3421 0.750837079532
-36.9476 2.0297 0.612102230024
-36.5343 2.4812 3.66206486698
-33.419 0.5562 1.67089765096
-32.074 -0.4352 1.04607418953
-31.0315 -0.5216 0.0986734513433
-30.9454 -0.5698 1.61759689045
-31.7405 0.8389 6.87408266607
-35.793 6.3914 0.538100752648
-36.3311 6.3905 0.454272528335
-35.8823 6.3202 2.73440888128
-35.801 9.0534 2.96276684368
-32.8451 8.8518 1.42303541769
-32.2067 7.58 0.840711151347
-31.8137 8.3232 10.5911644067
-24.9332 16.375 9.16506917595
-17.0662 21.077 1.58445940939
-15.4823 21.0349 2.65668422098
-12.847 21.3713 0.631393324323
-12.2387 21.2021 0.555850789331
-11.686 21.143 0.84748699695
-10.8455 21.0344 1.34898401028
-9.504 20.8925 5.20450000096
-4.2995 20.8926 2.46533098184
-1.8377 21.0245 1.28051035529
-0.5906 21.3151 1.5865198423
0.9958 21.2956 4.58947429233
5.495 20.3898 8.3369879321
10.1797 13.4935 7.97303216161
4.0469 18.5884 7.58987662416
11.5363 19.8193 0.304337477153
11.823 19.9214 0.14533636847
11.9351 20.0139 0.742393157296
11.8125 20.7461 1.44232238421
13.226 20.4592 0.37645596024
13.5957 20.3882 0.194954866572
13.7759 20.3138 0.410564306778
13.8755 20.7121 1.55652901675
15.4318 20.6854 1.27414098513
16.6687 20.3796 1.20232924359
17.8556 20.5716 1.67719571309
19.5191 20.3577 0.689915248418
20.2075 20.312 0.400700049913
20.6082 20.3122 0.121416473347
20.7182 20.2608 1.48874471955
21.0852 21.7036 12.3591403702
29.7865 30.4806 6.90555551784
36.4339 32.3511 2.68544551983
38.7731 31.0321 0.406135605432
39.1244 30.8283 0.304678535509
39.387 30.6738 0.198866236451
39.5557 30.5685 0.695205638642
40.2305 30.7357 0.350979101942
39.3529 28.9623 1.24980202032
40.3876 28.2613 1.38372971711
40.2444 29.6376 5.10909362803
36.2487 26.4537 0.486675846945
36.658 26.1904 1.23573042772
36.4743 27.4124 1.57792325859
36.2313 28.9715 0.954919158882
37.1821 29.0601 1.37187661617
36.6197 27.8088 0.0
19.7647 12.3148 1.1683393899
18.9565 13.1585 17.6447631041
10.4375 28.6105 0.690887110894
10.7157 29.2429 1.23268433104
10.4678 28.0354 18.5479311278
-5.64 11.1135 18.6030071945
-5.5522 -7.4893 0.898773263955
-6.3769 -7.132 11.8336851885
-8.2674 4.5497 12.188815426
-5.4524 -7.3096 0.704957672488
-6.024 -6.897 5.44671831106
-11.4534 -7.331 0.541483610094
-11.1399 -7.7725 2.49380045713
-8.7153 -8.3559 0.780189207821
-7.9941 -8.0583 2.63361169689
-5.5545 -7.0662 0.535802771549
-5.1126 -7.3692 0.492900091296
-4.6575 -7.5585 0.327465921891
-4.4272 -7.7913 0.585110792927
-4.003 -7.3883 5.74874769841
1.5969 -8.688 10.7786632242
-7.6538 -14.2201 4.37230047115
-4.0467 -11.7491 0.834449525136
-4.4127 -12.499 4.03382802063
-7.1496 -15.4623 0.679009455015
-6.5046 -15.2501 0.370694227093
-6.2332 -14.9976 0.243972334497
-6.2513 -14.7543 0.963036458292
-5.8644 -15.6362 0.650769767276
-6.4996 -15.4947 0.674243909872
-7.1338 -15.2658 1.1614095617
-6.1574 -15.8947 0.29922802342
-6.3929 -16.0793 1.04074227838
-5.5797 -16.7288 0.912371311474
-6.4343 -16.4093 0.646964063917
-6.0818 -16.9518 0.229265130362
-5.9743 -17.1543 2.57422513778
-3.4048 -17.3102 0.526996442113
-3.2398 -17.8107 1.04375312215
-4.2695 -17.64 0.844166743008
-3.4405 -17.7993 6.53435967483
-8.8911 -21.4033 5.06027962172
-5.2663 -17.8724 3.74237938483
-8.2024 -20.1929 2.59352328696
-7.1164 -17.8377 0.60036530546
-7.4381 -18.3446 0.0991841217131
-7.5356 -18.3264 0.105864536083
-7.6237 -18.3851 0.220560921289
-7.6011 -18.6045 0.348176621846
-7.5725 -18.9515 1.11698573849
-6.5842 -19.472 9.48302547977
2.8358 -20.5635 0.657673574047
3.4345 -20.8357 1.1074284311
4.3687 -21.4304 9.79975675872
9.6069 -29.7127 0.498006947743
10.0355 -29.9663 0.334241604233
10.3124 -30.1535 1.92603653133
11.413 -31.7341 2.53429886556
13.3673 -33.3476 0.410171988317
13.7598 -33.4667 0.194371860103
13.9459 -33.5228 1.14669512077
12.829 -33.7825 0.263029903243
13.0242 -33.6062 0.411714075543
13.4314 -33.5454 1.58244369568
13.186 -31.9821 6.31055385842
19.327 -30.5291 0.51911465015
19.3309 -31.0482 1.76585509032
20.8435 -30.137 0.889573482069
20.3262 -30.8607 0.284236591592
20.075 -30.7277 0.647048452591
20.7191 -30.666 0.906545994421
20.4791 -31.5402 0.224092413972
20.2581 -31.5773 0.34466002089
20.0344 -31.8395 1.8546409356
19.9564 -29.9865 5.17874844436
25.1351 -29.9641 0.822083529819
24.7869 -30.7088 0.434816110557
25.097 -31.0136 1.59363780389
26.6522 -31.3615 2.78351014548
29.3234 -32.1442 1.97308833305
31.2095 -32.7236 1.49682985673
32.7016 -32.8425 0.460644950043
33.1617 -32.8649 0.41739451362
33.5594 -32.7382 0.462323177009
33.9098 -32.4366 0.16810359901
33.9967 -32.2927 0.407467900576
34.3995 -32.2312 0.631560076319
34.3008 -32.855 1.7352757994
35.9341 -33.4411 0.615580514636
36.5225 -33.2602 0.531959434544
36.9375 -33.593 0.446507838677
36.5252 -33.4216 0.878312074379
35.6471 -33.4023 0.405551525703
35.8319 -33.0413 0.760648124957
36.3588 -33.5899 0.568495532084
36.9199 -33.4985 0.238749492146
37.1143 -33.3599 0.334077550877
37.0822 -32.381 8.0922070673
32.7993 -25.5151 0.983131573087
33.0058 -24.5539 4.20303595512
36.5276 -22.2599 4.90120416326
39.286 -18.2086 0.392971818328
39.1553 -17.838 0.214668209104
39.3291 -17.712 0.292447072134
39.0711 -17.5743 0.570437630245
38.5014 -17.5453 0.61269735596
22.4526 -34.0 7.81887004944
22.7943 -26.1886 4.94351331342
18.7311 -29.0044 1.07688963687
17.9836 -29.7796 0.575790595616
18.5191 -29.568 1.01998218122
18.3172 -28.5682 1.27586508691
17.1676 -29.1216 12.4234983624
18.1192 -16.7346 0.179004608879
17.9853 -16.6158 7.49684447018
18.9879 -24.0453 0.176587428771
18.8145 -24.0787 7.32677354502
12.3962 -20.545 0.483336942515
12.7886 -20.8272 34.2307333889
46.5839 -15.3847 0.730518671904
47.2706 -15.6339 1.01161736838
46.2659 -15.5158 12.9235123589
37.4396 -6.0758 0.68141752986
37.0905 -5.4906 17.7873074593
19.9313 -0.8055 0.493513576308
20.4142 -0.9073 0.785263076937
19.9213 -1.5186 1.48800629703
18.962 -0.3811 25.3874688994
11.5376 23.8965 3.50385452038
8.0473 24.2044 3.47450465246
4.975 25.8271 0.571604627343
4.5191 25.4823 1.00641930129
5.1557 26.2618 1.01983481506
4.6844 25.3574 16.3512172513
-6.0632 13.0346 0.414107969013
-6.4653 12.9356 1.17181954669
-5.7321 13.8497 14.8970879141
-0.0537 27.6221 5.06531540775
-4.3734 30.2674 0.923666519909
-4.4134 31.1902 0.181010635047
-4.2327 31.2008 1.51057294097
-4.0421 29.7023 16.5939005833
-4.0465 13.1084 18.4665673177
-7.72 -4.9891 37.40581948
-38.2941 -26.5395 0.580058790124
-38.2327 -27.1163 1.3957694258
-38.0954 -25.7273 14.8785719167
-37.9902 -10.8491 1.10471987852
0.0 0.0 2.03195142905
-2.0194 0.2255 0.99403848014
-1.8559 -0.755 1.11494333937
-1.7868 0.3578 0.109527348183
-1.7698 0.466 0.889580738326
-1.4893 -0.3782 1.08317755701
-2.1464 0.4829 15.7657050413
-9.0587 14.6525 1.09433192862
-10.0053 15.2016 0.778186224499
-9.2325 15.1102 0.700585790607
-8.7167 14.6361 0.972520560194
-9.2037 13.7943 12.9108344521
-14.9093 2.2126 0.48726380945
-14.8372 2.6945 4.51767830749
-13.8749 7.1085 0.767691708956
-13.7665 7.8685 3.50037810101
-14.7108 11.2391 1.40527253229
-13.5708 12.0608 0.336764383509
-13.24 12.1239 0.266005808207
-13.0015 12.0061 1.8383624153
-11.8961 13.475 0.249193619501
-11.6672 13.3765 1.26127770138
-10.6172 14.0753 1.22208895339
-9.4343 14.3823 1.47431031333
-7.9622 14.3016 0.529237489224
-7.4346 14.26 1.31807523685
-6.1663 14.6188 0.717916325208
-5.4542 14.71 0.6390494973
-4.9393 15.0885 0.505549859064
-4.6548 15.5064 0.749820351818
-5.1832 14.9744 1.33773619223
-4.2438 15.9268 17.976203039
8.6905 28.4107 0.97629201062
9.5233 28.9202 1.40314192083
10.5976 29.8228 3.38199340774
13.3906 31.7299 1.66552625317
14.8569 32.5198 2.17761834351
16.8807 33.3237 0.856284187639
17.7313 33.2252 2.26035666655
19.9778 32.9753 0.469705748315
20.4223 33.1271 0.611492289404
20.9812 33.3752 0.354132814068
21.3265 33.4538 0.12235068451
21.4478 33.4698 0.177391798007
21.6206 33.4297 0.0463482470003
21.6402 33.4717 0.329586892943
21.9406 33.6073 0.38273934995
22.1756 33.3052 0.388647320845
22.5301 33.4645 0.284636469905
22.7865 33.5881 1.05917240334
21.7358 33.7218 0.191256058728
21.917 33.6606 1.24938924679
38.5493 24.9641 0.37720701213
38.6965 25.3114 0.654474216452
39.229 24.9309 1.03223478434
38.2723 25.3185 5.8983501973
32.4819 26.4418 0.864364188291
31.9703 27.1385 1.05578494969
32.9888 27.4166 1.04647620613
31.953 27.2675 0.963094642286
32.229 26.3448 0.149719237241
32.2266 26.1951 0.32677553458
32.4739 26.4087 0.737718001678
31.8175 26.7454 13.7748260708
18.0427 26.7186 2.54594279983
15.4982 26.6329 0.939055536164
15.4143 25.6976 18.5562013149
9.9493 7.9644 0.980395726225
9.786 6.9977 1.04693087642
9.5505 8.0178 20.7048101988
4.6054 28.1234 4.02483060637
1.1483 30.1844 0.671245297935
0.8372 29.5896 17.4607398194
-6.7528 13.8648 0.454487425569
-6.7297 14.3187 1.38114707399
-7.5365 13.1977 0.837826861589
-7.6122 14.0321 16.5663585489
-6.6331 30.5695 0.350231237899
-6.7155 30.2291 9.88867580468
-3.9586 20.7325 0.46460698445
-3.9104 21.1946 8.38104867543
-8.6777 28.0877 0.211244337202
-8.5673 28.2678 6.88954802581
-7.5633 21.4518 0.153657866704
-7.6376 21.5863 11.0124927142
-12.2529 31.585 0.592003733096
-12.4228 31.0179 10.5871080282
-7.9982 21.3997 0.770863321218
-8.5133 21.9732 10.956468118
-14.5852 31.0933 0.440266385271
-14.9345 30.8253 9.91372584904
-10.8584 21.7883 0.287846643197
-10.5772 21.8498 1.45185632898
-11.265 23.1284 7.31511465392
-13.6202 30.054 6.93710460134
-11.9446 23.3223 5.93407806234
-13.9709 28.8997 8.43234253633
-12.0286 20.6941 0.934057412582
-12.4375 21.5339 8.79199178571
-16.4441 29.3599 2.91547500247
-18.3934 31.5279 3.11044029198
-21.4993 31.6959 1.41792685284
-22.8663 32.0725 2.56909275232
-25.3914 32.5459 1.12286469354
-24.3138 32.2303 0.728776563838
-25.0396 32.1645 3.01617559834
-22.7428 30.2095 8.63439897735
-15.9545 24.8736 0.192093128456
-16.0361 25.0475 1.22785537015
-14.8866 24.6159 1.1874675785
-15.9211 25.1989 13.5233625157
-28.0848 31.1087 11.8565740672
-39.5858 28.2268 7.55664494137
-44.2278 11.7641 0.48530366782
-44.3745 11.3015 0.527545040731
-44.0929 11.7476 0.490539672198
-44.005 12.2302 1.36765333692
-44.9509 11.2424 0.334906330188
-44.6172 11.2708 1.4930818129
-39.2283 5.7233 0.803716125258
-39.1743 4.9214 2.00938540355
-37.4062 3.9667 9.43676497217
-31.9079 -3.7028 0.52955684303
-31.951 -4.2306 20.1536601651
-19.4868 -20.0677 6.07942239362
-13.4076 -20.0157 0.54988847051
-12.8859 -19.8419 2.93559817754
-9.9584 -19.624 1.75929345477
-8.8345 -18.2705 10.2110901989
-4.5469 -9.0032 0.676054213802
-3.9416 -8.7021 0.406649357555
-4.2825 -8.9238 11.6590856884
-4.2378 -20.5828 1.12972358566
-4.2305 -21.7125 0.634555600401
-3.6005 -21.7884 0.999505122548
-3.6037 -20.7889 11.0872603685
1.4941 -10.9431 4.54425872943
3.1253 -15.1845 0.718062532096
2.6107 -15.6853 14.7012039279
-10.7011 -21.924 0.951219412123
-10.5697 -22.8661 2.87926854774
-8.0113 -21.5452 0.894197875193
-7.3463 -20.9474 0.454840851288
-6.9525 -20.7198 0.28552444729
-6.7015 -20.5837 0.309130926955
-6.5688 -20.3045 0.222369444843
-6.4767 -20.1021 1.2118083058
-5.9043 -19.034 1.53362505196
-4.3809 -19.2108 0.353150973381
-4.719 -19.1088 0.691614184354
-4.0323 -19.1911 0.036391894702
-4.0369 -19.155 1.18635450014
-5.2229 -19.184 0.739224871064
-5.9079 -19.4619 0.0603526304315
-5.8579 -19.4957 0.344866727882
-5.6088 -19.2572 0.226041810292
-5.8085 -19.1513 0.238394651786
-5.591 -19.0537 0.078463048628
-5.5472 -18.9886 0.300181311877
-5.7903 -19.1647 0.297413718581
-5.5349 -19.0123 0.511404692978
-5.0349 -19.1197 0.285288660833
-4.7558 -19.0606 0.453871743998
-4.4474 -18.7276 0.747046718753
-4.2772 -18.0002 0.91421100956
-3.4736 -18.4361 11.4865716752
3.0766 -9.0002 1.06357655108
3.7394 -8.1684 1.23852486854
4.0521 -9.3668 16.3462425496
7.3139 -25.3843 0.405032838175
6.9345 -25.2425 1.91037337973
6.2599 -23.4552 0.94304086868
7.1367 -23.8024 0.508814789486
7.231 -23.3024 0.368295547081
7.5991 -23.2904 0.273612664181
7.8721 -23.2721 0.743581306919
8.6075 -23.1621 1.03493741357
9.6424 -23.1709 2.89852246843
12.5335 -22.9636 1.52155142207
13.6848 -23.9584 0.524102136992
13.6025 -23.4408 0.0831194922987
13.5224 -23.4186 0.0550726792521
13.5728 -23.3964 2.26208002732
13.0661 -21.1918 0.744996060392
13.8093 -21.1401 0.274608266445
13.9772 -21.3574 1.37857694744
14.932 -22.3518 1.28767693542
15.987 -23.0901 0.45781975711
16.1733 -23.5083 1.09453831363
15.8019 -24.5379 3.72292902162
16.8302 -28.116 3.89854440529
18.923 -31.4052 0.187236107629
19.0036 -31.5742 0.942569493459
19.8946 -31.8817 1.08756298668
20.9804 -31.9436 0.519659042065
21.303 -32.351 0.519256824702
21.6112 -32.7689 2.43323643323
23.9467 -33.4516 3.10316039708
27.0496 -33.4114 1.42962790264
28.4783 -33.4629 4.11437671829
