0.0 0.0 18.2254220522
-7.0713 16.7977 1.02254062022
-7.8087 16.0893 1.02595817654
-6.9724 16.6836 25.9082331134
14.9285 30.5251 7.6732669053
22.2075 32.9531 8.3835674793
30.5247 34.0059 6.37766932743
36.5701 31.9742 2.03599552062
37.9161 30.4466 3.58499051603
40.0317 27.5524 2.3526609318
40.2706 25.2119 1.22501061628
40.2757 23.9869 1.12632752785
40.5146 22.8862 0.886165633502
40.8474 23.7075 0.781703997687
40.8499 22.9258 0.272779563017
40.8969 22.6571 0.760643549897
41.0119 21.9052 1.01091673742
40.4622 22.7536 1.26620189938
40.9196 21.5729 5.57565956367
40.7442 16.0 0.402727016725
40.6031 15.6228 4.51944261386
40.5108 11.1043 2.06349164767
40.4035 9.0436 0.0
44.3461 7.7023 6.11372201609
43.4541 1.654 3.63154873436
42.9727 -1.9455 1.09963210211
42.5903 -2.9765 26.6504047296
23.4515 -21.5224 6.37789316389
17.1079 -22.1829 14.5089681373
9.3839 -9.9008 0.36230622407
9.0697 -10.0812 1.63877371836
9.2218 -8.4495 6.33862642297
6.922 -14.3562 2.02295526891
5.6511 -12.7823 1.9064628032
3.7602 -13.0254 1.2057172015
2.5571 -12.946 2.40603278656
0.161 -12.7276 0.485233933273
-0.3241 -12.7162 0.833204056639
0.3739 -12.2612 0.633143727759
-0.2588 -12.2849 1.2172163037
-1.476 -12.2912 1.86207332294
-3.3319 -12.4427 6.67145969635
-9.3057 -9.4725 1.49430612995
-10.7942 -9.3409 0.580840124303
-10.7775 -9.9215 1.10117861403
-9.99 -9.1518 0.92035350817
-9.6283 -9.9981 0.881095045951
-9.6055 -9.1173 1.1749656378
-10.4475 -9.9368 14.988750602
-12.5405 -24.7787 5.28958673338
-16.7671 -27.9592 1.1783035687
-17.4764 -27.0183 6.24090971974
-23.6066 -28.1886 2.3097662306
-25.6814 -27.1736 0.475730060013
-25.2367 -27.0046 0.0506502714702
-25.2856 -27.0178 0.0395251818465
-25.3088 -26.9858 1.14385273528
-25.0726 -28.105 1.0398032939
-25.9086 -27.4867 0.874967822265
-26.3311 -26.7205 0.930643411839
-27.0741 -26.1601 8.13808705102
-30.0863 -18.6 0.0817178683031
-30.0654 -18.679 2.22819386275
-32.0071 -19.772 1.08448256786
-32.6409 -18.892 0.972659056402
-32.7689 -19.8562 13.8657283419
-41.6463 -30.5075 0.233149501393
-41.8193 -30.6638 7.22351325672
-49.0374 -30.9434 3.85266819231
-51.2846 -27.814 0.753139781183
-51.7678 -28.3917 1.12853656122
-51.3877 -27.3291 14.9435125151
-44.715 -13.9581 20.2146031524
-47.5639 -23.2985 1.47481735818
-48.4071 -22.0885 10.915472102
-46.0886 -11.4221 0.370028012453
-45.7873 -11.2073 8.66851046605
-37.7736 -14.5124 0.50481889822
-37.323 -14.2848 0.316970818846
-37.0153 -14.3609 5.94407150024
-36.2139 -8.4711 3.47992607967
-32.7433 -8.7257 0.460194969551
-32.2962 -8.6167 3.67487103991
-33.4858 -5.1397 8.50182348088
-37.0159 2.5946 0.41788655159
-36.5998 2.6332 0.326994464785
-36.2735 2.6545 6.15541012444
-38.7013 8.3109 0.150564570866
-38.6088 8.1921 8.91735552336
-32.2731 1.9169 12.6287604087
-25.5042 -8.7446 17.5479772501
-14.5821 -22.4792 0.64536805003
-13.9475 -22.5966 3.21324907843
-10.8417 -23.4206 14.5288635306
-1.5299 -12.2681 0.383369025875
-1.3464 -12.6047 0.957817936771
-1.01 -11.7079 1.1631455326
-1.5732 -12.7256 10.7618477159
-7.5231 -21.6931 0.719388997692
-6.9753 -22.1594 3.75169864062
-5.1915 -25.4599 7.1618236295
-0.6612 -31.0068 3.04362122643
2.2224 -31.9807 5.38768395602
7.4945 -33.0907 1.66926254676
9.1457 -33.3356 1.08782190638
8.8632 -32.2851 0.426112496883
9.2763 -32.3896 0.159305524072
9.3935 -32.2817 1.04265553756
10.4184 -32.4733 2.06999841546
12.0096 -31.1493 0.714371450997
12.7127 -31.2757 0.910131995921
12.6972 -30.3657 0.626638468337
13.2036 -30.7348 2.23467724739
14.5724 -32.5012 1.8899183104
16.3835 -33.0413 0.670451974417
17.0448 -33.1517 3.73050003351
20.7731 -33.2798 4.72249960296
25.4948 -33.3667 0.555901295195
26.0504 -33.3484 1.27657301005
27.3267 -33.322 3.50742748606
30.8268 -33.0954 0.999487918886
31.7769 -32.7851 5.89487852631
37.6189 -31.9973 1.60054728765
38.6298 -30.7564 0.783596586261
39.2098 -30.2295 0.598212955393
39.5043 -29.7088 0.665209816524
39.887 -29.1647 1.85487021918
40.4502 -27.3974 1.18266439872
40.175 -26.2472 0.489307285864
40.3909 -25.8081 0.246327586762
40.3177 -25.5729 0.900375532764
40.4796 -24.6872 1.49191378437
40.1703 -23.2277 5.68413557632
40.2553 -17.5442 0.565619174003
40.3822 -16.993 0.893346903504
39.6935 -17.562 1.34673858636
40.0766 -16.2709 0.424603556273
39.7589 -16.5526 1.05021563976
40.2506 -17.4806 1.08486230002
39.7876 -16.4995 5.86099681965
43.3975 -6.6799 5.42885692757
42.2748 -1.3684 3.00959544125
42.1974 1.6402 3.71157879345
39.6919 4.3785 0.7717352007
39.023 3.9936 3.22008256571
37.5087 1.1518 0.720756990948
38.1937 0.9276 1.00614521815
37.4341 1.5874 24.0492966361
20.8891 19.0411 6.65482540793
14.2371 19.235 4.89631134325
9.3622 18.7776 5.84082462671
3.7098 17.306 5.30107980415
-1.4892 18.3413 3.36359440034
-4.8527 18.3161 3.1624366634
-7.988 18.7295 19.053037625
-6.7877 28.0235 10.4325449417
-8.0687 17.6699 1.30261783344
-8.4456 16.423 8.33680406931
-10.6503 8.383 0.671700171207
-10.0259 8.1354 8.05569388011
-2.7076 4.7684 2.17996854335
-0.8042 3.7057 0.748753964931
-0.5759 2.9926 0.270445502828
-0.7978 2.838 1.36686346063
-0.2742 1.5754 0.581751639448
0.1934 1.2293 2.10043291728
1.3104 -0.5495 1.59106201325
2.6832 -1.3538 3.3030884033
5.2912 -3.3808 2.92605222954
6.8754 -5.8409 13.3037838114
-4.8603 -12.107 0.653340783971
-4.8676 -11.4537 1.0866383253
-5.0289 -12.5283 2.14621901958
-3.5827 -10.9425 9.15702521128
2.3777 -3.9909 12.0796748301
6.9385 7.1947 0.799260082827
6.9483 7.9939 15.4778310192
11.3258 22.8398 5.24938436009
14.9662 26.6218 0.86373040354
15.5217 27.2832 6.30654256626
18.9602 32.5699 0.818918463585
19.0814 33.3798 1.48250806406
20.5568 33.2348 0.755234248429
21.2937 33.0694 0.315450313045
21.55 32.8855 1.03543908561
22.5667 32.6894 3.22511643976
25.7509 33.2015 4.14955558223
29.8982 33.0647 1.15405055782
31.0469 32.9537 2.78261705774
33.7957 32.5212 4.61823972202
38.3279 31.6339 1.29489407289
39.0064 30.531 0.76492473486
39.5685 30.0122 0.849103533145
39.8694 29.2182 0.766959008031
40.1298 28.4968 2.11642173964
40.0225 26.3831 0.534101188915
40.1987 25.8789 0.291350047194
40.1933 25.5876 0.0993289987869
40.1957 25.4883 0.716407258478
40.1617 24.7727 1.88660207781
39.9165 22.9021 0.421808262129
39.9426 22.4811 1.32944695268
40.5484 21.2977 5.40285295006
40.4524 15.8957 0.450577229784
40.4752 15.4457 1.02803373972
39.9083 16.3033 0.700975548789
40.1647 15.6509 8.17397302968
0.0 0.0 1.94213137558
1.4192 1.3258 1.58333382456
-0.1634 1.374 3.33292923717
-3.4935 1.2367 1.76708842167
-4.867 0.1249 4.56449885091
-7.3346 3.9649 0.861766656352
-8.1787 3.7913 0.955286438719
-9.1194 3.9576 0.688320405044
-9.1721 3.2713 1.28066056783
-8.8539 4.5118 1.83739106888
-9.0626 6.3373 0.876654458724
-8.4678 5.6933 0.985901749669
-9.1429 6.4118 17.9029700511
-13.1153 23.8685 9.04523011205
-19.905 29.8448 4.95666360468
-24.8122 30.5433 13.5815829435
-38.3931 30.6795 10.6259365728
-48.8938 29.0529 3.57487871822
-51.3402 26.4462 1.68469025343
-51.3629 22.3771 23.2462927816
-34.3282 6.5591 0.908044409707
-34.931 7.2382 4.39478073401
-39.1507 8.4663 0.332605727551
-39.2428 8.1467 1.49325853421
-37.8151 7.7091 0.91188083103
-38.2498 8.5107 2.31272307248
-40.3363 9.5083 26.0093861246
-51.218 21.3723 0.925433633493
-52.0434 20.9538 3.78580457235
-50.2239 24.2737 1.13423193836
-49.8592 23.1997 0.636603243787
-50.3729 22.8237 2.24922233672
-50.6925 20.5973 0.930790040772
-49.8684 21.03 0.263098498665
-49.8913 20.7679 0.933208068975
-50.796 20.539 1.55216994237
-51.3977 21.9698 0.626817876261
-50.8213 21.7235 0.409479779721
-50.5213 22.0022 1.13783929445
-49.3888 21.8921 0.426515193164
-49.8153 21.8957 3.02180930239
-49.0608 18.9696 0.866376015365
-48.1982 19.0504 1.71733246927
-46.5166 18.7019 1.3828858015
-46.2283 20.0544 0.861829588724
-46.8851 19.4964 0.785027547287
-46.2686 19.0104 0.41134068605
-46.6756 19.07 29.2531177022
-42.6277 -9.9017 9.91254857693
-32.8152 -8.4969 12.6071225472
-20.7376 -12.1123 1.54012360868
-20.0124 -13.471 0.377530833178
-20.2412 -13.1707 0.950050846008
-20.7606 -12.3752 1.07492327633
-20.1264 -13.2431 14.4751953527
-11.9569 -25.1926 3.71622354548
-8.5481 -26.6726 3.94003407726
-4.6168 -26.9348 5.20433210797
-0.0393 -29.411 0.794220907557
0.5884 -29.8976 3.57000363585
3.0934 -32.4412 3.13409049167
5.9054 -31.0573 1.18342555744
6.9588 -31.5966 0.529700717387
7.2599 -32.0324 1.4042085066
6.7626 -30.7192 0.697670552625
7.079 -31.341 1.87572821325
7.7738 -33.0833 1.63159795599
9.3896 -33.3098 0.474264757282
9.7437 -32.9943 0.831790225958
10.4704 -33.399 0.531673819179
10.0941 -33.7746 1.37941030879
9.2817 -32.6598 19.1309716016
-5.7232 -20.7919 0.522617230868
-5.2038 -20.8498 11.6779853965
-6.6714 -9.2644 0.563980301074
-6.1317 -9.4281 2.95740190032
-3.2167 -8.9291 0.814493173698
-3.7259 -8.2934 0.756217812538
-3.1562 -8.7907 1.1816004824
-2.8079 -7.6616 0.212487858477
-2.6032 -7.7186 14.9526900861
2.6263 6.2898 22.6641919355
12.2483 26.8101 0.858245198064
12.9804 27.258 5.68508350071
17.2533 31.008 1.14000267544
18.3354 31.3667 2.2113968278
20.1646 32.6094 1.23444595669
21.3335 33.0063 0.802101402567
22.1356 33.0048 1.24942966589
23.3849 32.9868 0.883299496207
24.2679 33.0098 2.93837106234
27.1814 32.6283 3.09924885416
30.2803 32.5818 3.41732711048
33.6376 31.9441 4.15768003218
37.6686 30.9256 0.814649280365
38.3647 30.5024 0.558158991686
38.8772 30.2813 0.912942676185
39.47 29.587 0.615063866602
39.891 29.1386 2.09516182907
40.5 27.1339 0.854199332709
40.3743 26.289 0.591142639301
40.2034 25.7231 0.654230517478
40.2768 25.073 1.47555319118
40.2329 23.5981 6.05824762865
39.8672 17.5509 2.7777314377
40.9717 20.0996 0.599737217454
40.8409 20.6849 0.985582188354
41.2153 19.7732 12.59896024
41.4486 7.1764 0.0
0.0 0.0 7.29098698394
2.7988 -6.7324 0.456736269635
2.3427 -6.7083 7.21421846218
-3.3284 -2.2492 1.00958322094
-2.4182 -2.686 0.865943242944
-2.2731 -1.8323 1.25127639233
-3.5225 -1.9008 5.87787642351
-5.4962 -7.4374 0.625382323063
-6.0675 -7.183 1.32238049366
-6.3579 -8.4731 15.2599709567
-11.1355 -22.9659 1.69697359437
-12.2752 -24.2232 6.75988311437
-15.6666 -30.0708 3.65925687811
-19.2559 -30.7829 3.50980767137
-22.4017 -32.3394 3.48818302989
-25.888 -32.2248 12.7758023251
-38.5837 -30.7964 13.5828877997
-50.6304 -24.5217 0.69282310152
-50.88 -25.168 1.20579769862
-50.488 -24.0277 13.0453400638
-45.6843 -11.899 8.59813558395
-39.1647 -6.2934 13.6830081141
-25.808 -3.323 0.613835499136
-25.1989 -3.3991 1.1590877318
-25.2748 -4.5557 0.645819425227
-24.9765 -3.9829 24.5732751494
-14.9259 18.441 0.879678037693
-14.0892 18.1694 1.41486418429
-12.6921 17.9459 0.551251467118
-12.1598 18.0892 0.982135453998
-11.1864 17.9585 1.44653772851
-9.7582 17.7289 4.68114201558
-5.0773 17.7765 5.05110543644
-0.027 17.8667 3.04212667718
2.7734 16.6783 0.754173063693
3.4884 16.9182 0.577950041094
3.9595 17.253 0.937750723807
4.7386 17.7749 1.47879581417
6.1095 18.3294 1.80887635011
6.6552 20.054 0.899026834972
7.3907 20.571 0.99902962919
8.3795 20.7136 0.433487254715
7.9947 20.9132 4.8706542733
10.7904 16.9248 0.432347938587
11.0519 17.2691 4.7191164565
11.5362 21.9633 1.02692185681
12.3537 22.5848 1.09055546397
12.0696 21.5319 12.4237305609
7.4139 10.0135 1.16122020737
8.5153 9.6456 0.531689006845
8.0259 9.8534 2.5508102105
10.4971 9.2211 0.187221900428
10.5751 9.3913 0.55409719364
11.1104 9.5344 0.189601397674
11.2167 9.3774 0.490340473549
10.866 9.0347 7.98518024343
14.9724 15.8831 9.78928409895
15.521 25.657 4.40548620926
18.5965 28.8113 4.80437434116
22.0981 32.1008 0.497418505888
22.5915 32.1639 2.16992909101
24.733 32.514 2.3315304523
27.0641 32.5588 4.3314092268
31.2983 31.6463 4.01494846418
35.3042 31.9157 0.757791660023
36.0204 31.6681 4.6921675716
40.459 30.1465 8.33470940225
38.0339 22.1724 13.052260151
39.3748 9.1892 0.626040453964
39.1004 9.7519 0.982335691095
0.0 0.0 5.56423730802
1.0571 -5.4629 2.93160305123
-0.6803 -3.1016 2.46275709318
-2.3142 -4.9443 19.5592216297
-6.8852 -23.9619 2.90860275906
-8.7497 -26.1943 2.84490453267
-10.3543 -28.5435 3.44681975305
-13.7223 -29.2764 3.41059868352
-16.944 -30.3957 4.17207669393
-21.1153 -30.4762 1.70047105533
-20.2123 -29.0353 4.06127603716
-24.273 -28.9669 4.35026741707
-23.2928 -24.7285 0.271220832533
-23.4721 -24.525 3.29712536765
-25.6984 -26.957 1.82238846024
-27.0997 -28.1221 4.04231469581
-30.7826 -29.7884 3.0076119497
-33.7336 -29.2076 3.12750174101
-36.8611 -29.2109 8.13703258258
-44.917 -30.3571 3.76453434703
-48.1583 -28.4425 2.95533283743
-50.6296 -26.8218 2.21358000081
-51.2395 -24.6939 1.56915558502
-51.4246 -23.1357 1.58272555423
-51.1533 -21.5764 1.03609529002
-51.2997 -20.5507 1.36599924597
-50.8192 -19.272 0.99568383034
-51.7694 -18.9745 1.11464597519
-50.9505 -19.7307 0.860497530502
-50.1901 -19.3279 3.08268949134
-49.1916 -16.4114 6.51577445435
-45.3131 -11.1757 12.3100861224
-40.6686 0.2246 1.14877299759
-41.4838 1.034 1.48101037133
-41.1804 2.4836 0.651490237839
-40.6796 2.9003 1.45378739849
-46.2897 -1.2519 3.86774102804
-48.6126 -4.3444 1.14412422839
-47.5706 -4.8169 4.95120814751
-42.62 -4.8945 8.13013986719
-35.7705 -9.2744 18.0631145855
-21.3882 -20.2026 8.15870134396
-13.3671 -18.7105 2.3539761851
-11.0133 -18.6817 3.11675329149
-7.9155 -18.3385 2.62812908739
-5.288 -18.396 4.83128301075
-0.5028 -17.7303 8.47805743906
6.0547 -12.3566 0.619012318133
6.6587 -12.2211 1.50640512479
11.0767 -23.4398 0.270715736521
11.3252 -23.3324 1.12550266548
10.2792 -22.9169 15.0780601952
-4.3978 -19.4624 1.17369633637
-4.2803 -18.2946 6.04149260117
-16.3524 -5.2939 0.538506248803
-16.0401 -5.7326 2.10018978428
-14.0973 -6.5303 9.42785150551
-4.6873 -7.1102 12.4234921793
-2.5105 5.1211 19.1803688416
4.6806 22.9024 5.75603558189
7.8037 27.7375 2.95375904569
10.0956 29.6008 1.45042275217
11.1802 30.5638 0.495651530816
10.6872 30.5126 3.26262819365
13.6444 31.8909 0.992316768981
14.5448 32.308 0.243589018636
14.7067 32.49 0.193019429074
14.8312 32.6375 1.5441248298
16.3702 32.5118 2.10886275751
18.47 32.7071 0.600607492461
19.0706 32.7101 1.18351159268
20.2491 32.8189 1.06214259401
21.3066 32.9181 1.22060595198
22.5083 33.1321 0.257231491074
22.7531 33.2111 0.197239346987
22.9375 33.2811 0.282140408308
23.1635 33.1122 0.348632327818
23.51 33.0737 1.07480713154
24.5846 33.0948 0.210060110445
24.7884 33.0439 0.179878736931
24.964 33.0049 0.469213320357
25.4307 32.9564 0.594906127049
26.0256 32.9537 2.51684616137
28.5422 32.9185 3.27820138796
31.7475 33.606 5.39222124546
37.0661 32.718 3.73347077798
39.8187 30.1957 2.70901486338
40.3455 27.5384 8.47795768154
39.4961 19.1031 8.83513932544
40.0604 10.286 1.46087683944
44.7974 -3.0507 1.09842189071
44.0297 -3.8363 24.8924437533
23.4273 -17.8068 0.899598099153
23.853 -18.5993 1.06881239701
22.7843 -18.5838 18.2184831841
11.6515 -4.1625 1.06268107163
10.5906 -4.224 7.07879221407
3.5251 -4.6576 2.73572674257
0.8111 -5.0017 4.23394405726
-2.9967 -3.1505 3.1922480621
-6.0152 -2.1117 2.02104765406
-8.0351 -2.0436 0.816074138789
-7.7111 -2.7926 0.868118517254
-8.5235 -2.4866 2.25533405951
-10.2109 -3.983 3.07893480607
-12.7636 -2.2615 1.26147952817
-13.6102 -3.1967 0.846696781617
-14.3432 -3.6205 3.19708594974
-17.0408 -1.9046 2.73574049391
-19.607 -0.9565 2.21212735845
-19.5587 1.2551 0.723610171294
-18.9975 0.7983 1.06104503674
-25.1003 14.0819 0.303930666436
-25.3592 14.2411 1.51963612092
-24.4897 12.9948 16.997628181
-12.246 1.2045 12.5633914927
0.2066 -0.4603 0.514004717877
-0.1072 -0.0532 0.474349449246
0.2056 -0.4098 1.06225569897
1.2582 -0.2669 1.12781414249
0.5375 -1.1344 23.38394351
-19.3457 -13.4416 0.960010546817
-19.3412 -14.4016 0.785068563885
-18.984 -13.7025 16.4868139132
-8.393 -1.0674 12.0146492104
0.3683 7.154 0.806858860024
1.0684 6.7529 1.46171149684
1.9923 7.8856 2.56967065983
4.167 9.2545 1.10011862997
4.3338 8.1671 1.02110756534
4.5059 9.1736 0.225804871515
4.7031 9.0636 0.646901306228
5.2214 8.6765 0.18974177189
5.3727 8.791 0.197278483368
5.3933 8.5948 12.6623069028
9.791 -3.2793 1.79444302501
10.4119 -4.9629 14.4569964809
11.5592 -19.3743 0.686353881026
12.1866 -19.6526 0.404261722155
12.4301 -19.9753 0.65292821198
12.8099 -20.5064 0.792351563386
13.4785 -20.9316 1.28897953436
14.6703 -21.4226 0.506948715355
15.1763 -21.3916 0.98217685271
16.1164 -21.676 0.905080488134
16.9934 -21.8997 0.72396702273
17.5566 -22.3546 1.09382106855
16.7213 -21.6484 0.936035821964
18.6918 -21.3973 0.546710316347
34.4624 -33.3445 9.12347970568
34.5961 -24.222 16.69160973
50.0214 -30.5993 8.07240077362
44.5282 -24.6842 0.327277695543
44.6519 -24.9872 1.49508436217
44.4169 -23.5107 15.9937086944
38.2707 -8.7451 0.124182526951
38.1786 -8.6618 0.795128366995
38.085 -9.4514 0.120472610995
38.0547 -9.568 1.15386381345
39.202 -9.6909 3.4951690374
41.5224 -12.3047 0.737489159242
41.7959 -12.9896 0.379068991082
47.0 -9.16 17.7998603466
40.106 -25.5706 0.298690475242
39.826 -25.4666 0.798977771906
40.5508 -25.1304 0.496536524336
40.6132 -24.6378 1.4780368128
39.1463 -24.4567 18.7151185369
20.7907 -28.1074 0.228134280633
20.5709 -28.1685 4.83771411826
15.7951 -28.94 4.98068005497
10.8261 -28.5991 4.89301353054
5.9531 -29.0412 3.15532501179
2.7984 -29.104 4.1421329095
-1.3414 -28.965 2.22618279798
-3.5675 -28.9842 2.86793571232
-6.4353 -29.0121 2.13061992153
-8.5636 -28.9127 3.75750825016
-11.1735 -31.6159 3.36121504816
-14.3577 -32.6923 1.9833735755
-16.332 -32.5028 2.96817714599
-19.3001 -32.4814 3.11870959212
-22.4115 -32.268 4.94894556244
-27.3532 -32.5357 3.05620672894
-30.3826 -32.1318 14.4331312143
-44.8138 -31.8957 6.32302254622
-48.2722 -26.6023 1.97696383376
-50.23 -26.3277 1.07237005273
-49.8953 -27.3465 2.58165249792
-50.8264 -24.9386 1.29306799512
-51.2004 -23.7008 1.12180205473
-50.958 -22.6055 1.75237147888
-50.7732 -20.8629 1.18799960438
-50.8606 -18.3243 10.8563317751
-43.3801 -1.4173 0.220851194246
-43.4687 -1.215 2.3549908641
-41.4088 -2.3564 1.53578031307
-39.8807 -2.203 18.3715454301
-36.0 -20.16 8.71131925026
-30.6222 -13.3068 1.07988749877
-29.8197 -12.5842 0.527581131202
-30.1906 -12.209 0.434094482803
-18.5241 -10.5083 0.590009254165
-19.0757 -10.7177 9.33235492949
-26.8619 -5.573 0.533545883688
-26.5683 -5.1275 1.1029695644
-25.5518 -4.6994 0.728711170492
-25.7377 -5.404 1.18629106041
-26.7455 -6.0298 8.33275241262
-24.6486 2.0348 0.944540274419
-24.8818 1.1195 4.2719015087
-28.1563 -1.624 0.776358377297
-28.9266 -1.5272 0.0258373760278
-28.902 -1.5351 0.750294748749
-28.713 -2.2612 0.45074979756
-28.2623 -2.2545 0.723239282672
-24.8523 -11.5432 5.73219147011
-24.1175 -5.8583 0.581954336697
-20.6399 -20.67 1.55396052717
-21.8823 -19.7366 1.15923155582
-23.0165 -19.497 0.971348341225
-23.9401 -19.1962 1.91004117757
-25.3818 -20.4491 2.42437017182
-26.6811 -18.4023 7.01474920578
-29.987 -12.2154 1.47009666689
-31.0725 -11.224 0.77203797834
-31.2375 -11.9782 1.31489044791
-30.0283 -12.4947 0.513816095505
-30.531 -12.3884 0.3982617481
-30.9229 -12.4593 0.28441380065
-31.194 -12.3733 0.25529396781
-31.4366 -12.2938 0.321293386175
-31.4078 -11.9738 0.155850826113
-31.433 -11.82 0.142003521083
-31.4406 -11.6782 0.035557418354
-31.4754 -11.6855 0.13496940394
-31.5011 -11.553 0.50172001156
-31.0075 -11.4631 0.136228778164
-31.1433 -11.4739 0.12218813363
-31.2298 -11.3876 0.145378712334
-31.3357 -11.288 14.5853261122
-39.4905 -23.3806 8.51618912249
-47.7464 -25.47 8.9055814521
-46.9161 -24.7594 9.23931504496
-39.7738 -18.8983 1.41019413203
-38.3895 -19.1673 1.86622234742
-38.1322 -21.0157 1.07351401481
-37.8877 -19.9704 7.69908927731
-33.5586 -13.6037 1.07256947561
-33.8878 -12.5829 1.02946207798
-33.3909 -13.4845 17.040120406
-20.5861 -24.7274 0.426084522131
-20.168 -24.8095 0.811839257489
-19.3783 -24.9978 7.56462001161
-11.8137 -25.0152 0.629433594591
-11.1985 -24.8821 0.532273773541
-10.6664 -24.8685 2.06820019582
-8.5982 -24.8676 4.8758979009
-4.0729 -23.0521 0.194054425355
-3.8913 -23.1205 0.92773282792
-3.4525 -23.9379 1.06993368953
-4.1484 -23.1252 11.5805637393
-11.197 -13.9368 0.155289053059
-11.3125 -14.0406 11.2052759828
-2.7984 -21.3254 0.890183604657
-2.079 -21.8497 1.23571893649
0.0 0.0 1.79987856535
1.7958 -0.1211 1.3438866098
1.0937 -1.267 1.00114602831
0.2006 -0.8146 4.06063350969
-2.4981 2.2195 1.1528160044
-3.5088 2.774 0.913061252053
-3.8809 1.9402 1.75005737335
-5.5768 2.3722 1.19344808433
-6.1565 1.329 15.5242841542
-11.619 -13.2025 16.8534018714
1.306 -24.0183 1.27255444677
2.0251 -25.0682 1.12230822861
1.1225 -24.4012 0.280684894499
0.8626 -24.5072 0.445910775829
1.0697 -24.9021 0.701951059548
0.9537 -24.2098 0.487702962878
0.952 -24.6975 1.10195115137
1.4835 -23.7322 1.21019471574
2.237 -24.6792 0.491387840712
2.4646 -25.1147 0.645812457297
1.8584 -25.3374 1.85005224251
3.1305 -26.6807 2.86949538595
5.5006 -28.2983 5.42832512844
8.5573 -32.7842 0.488047425974
9.0175 -32.9467 0.768660054901
9.7443 -33.1969 1.21519250327
10.9524 -33.328 1.81228297183
12.6958 -32.8331 0.705286331925
13.3893 -32.7047 0.240399771215
13.4902 -32.4865 0.190884389095
13.6725 -32.4299 1.46934881155
15.0622 -32.9071 0.0527281708387
15.0573 -32.8546 0.516767065514
15.5731 -32.8862 0.594752065991
16.166 -32.8393 0.494660782759
16.6587 -32.7953 0.848926439687
17.2688 -32.205 1.64253697066
18.7955 -32.8109 1.39171215774
20.1287 -33.2102 1.7888754121
21.8367 -32.6784 0.612340509847
22.4344 -32.5453 1.58780865661
23.9631 -32.1161 1.75545709432
25.6731 -31.7192 2.06627344754
27.6095 -30.9982 1.38157100795
28.9544 -30.682 0.637542688767
29.5292 -30.4062 2.62523062796
32.004 -29.5303 0.787803915959
32.7739 -29.6973 0.487472512046
33.2451 -29.5724 0.405358606668
33.5917 -29.3622 0.41133170313
33.9468 -29.1546 0.624939101033
34.5066 -28.8768 3.486009967
37.5048 -27.0983 2.27070753951
39.7125 -26.5671 0.807696044314
39.9992 -25.812 0.401977636194
39.9913 -25.4101 0.293106977058
40.1936 -25.6222 7.91655648941
42.6254 9.9111 12.4015489827
30.2308 9.496 9.91978455411
20.42 10.9624 1.11988318141
19.6997 11.8199 19.7074054297
6.2768 26.2493 4.87909509745
1.9257 28.4569 4.73776785522
-2.3772 30.4397 3.59058720128
-5.9569 30.1603 3.67222578963
-8.6629 32.6428 3.22422570085
-11.8553 32.1909 2.06762928254
-13.9115 32.408 2.91602061893
-16.8155 32.6725 1.53036845563
-18.344 32.7481 0.987766657668
-17.5104 32.2182 0.623218821924
-18.0731 31.9503 1.33170659306
-19.0452 32.8605 1.53436327511
-20.0917 31.7384 4.93888097143
-24.3008 29.1546 0.370382774977
-24.0386 29.4162 0.0629139094319
-24.054 29.3552 1.3703590223
-25.0548 28.4191 1.90353309664
-26.8608 27.8176 1.05361116642
-27.8988 27.6369 1.962358321
-29.7971 28.1342 2.81534833546
-32.5847 27.7399 3.79433444625
-35.833 29.7009 5.03439061854
-38.4527 34.0 12.7782768107
-49.5616 27.6852 1.28238702816
-49.8809 26.4432 3.4732366015
-50.8989 23.1225 1.0200760805
-51.1174 24.1189 1.09298600631
-50.0253 24.0749 0.824659553998
-43.2777 16.507 0.582190364056
-42.7038 16.4091 8.48094571908
-37.2265 9.9341 17.407270988
-21.1256 3.3179 0.831999350961
-20.8822 2.5223 0.560476243921
-20.5523 2.0692 0.592425699983
-20.0028 2.2906 1.56644071066
-18.5017 1.8429 0.358053208336
-18.1786 1.6886 0.183777963859
-18.0211 1.5939 2.62279445249
-15.4156 1.2932 0.677612315413
-14.8254 0.9603 0.157542787839
-14.6952 1.049 0.301443195312
-14.398 1.0994 0.635711577683
-13.9265 0.673 2.30920634201
-12.1888 -0.8478 0.752060137223
-11.4406 -0.7717 3.13826866919
-8.3038 -0.8677 1.60088331867
-9.4504 -1.9849 9.18142497709
-16.7898 -7.5014 2.94153773731
-15.8433 -10.2865 2.3809714362
-14.309 -8.4658 8.44724071221
-10.9637 -0.7092 3.22762007213
-8.7435 1.6335 4.68980769329
-6.1109 5.5147 4.8535984187
-3.9094 9.8403 2.50915586802
-2.2643 11.7349 16.480438931
6.1097 25.9293 0.409495604372
6.5126 26.0025 0.922969739482
7.2251 26.5892 3.16548718683
10.3743 26.9099 1.0169976647
11.1751 26.283 0.760310357683
11.6191 25.6658 0.767268193007
12.3083 26.003 1.36338534905
13.3923 26.8299 0.558511235339
13.7345 26.3885 2.50280069722
14.6727 24.0682 0.509767800082
15.0927 23.7793 3.38298267953
17.9277 21.9334 3.86558466082
21.3471 20.1305 0.649733152917
21.9425 19.8704 1.92567819742
23.4311 18.6488 0.625634437991
23.8905 18.2241 1.75397756257
25.564 17.6989 4.12632706532
29.1684 15.6902 1.16735136527
29.6704 14.6363 0.688769526039
29.5679 15.3174 6.53435775268
29.4449 21.8506 2.55300995885
30.584 24.1354 2.01902588641
31.7493 22.4866 0.410666738366
32.0727 22.7397 1.08219348085
32.9775 23.3334 1.17652484887
34.0819 22.9278 1.40346392187
35.4846 22.9741 2.47395036733
37.5675 24.309 0.659092747646
38.2065 24.4705 1.74140018376
39.8929 24.9047 0.61958964646
40.0767 24.313 1.12329481883
40.3337 23.2195 5.07924166092
37.9904 18.7131 1.29106612147
38.3742 17.4804 9.08152101137
0.0 0.0 1.96308843408
1.8928 0.5206 0.818154080843
1.0781 0.5957 2.01005672059
-0.9318 0.5706 3.32023735296
-4.218 1.0448 1.65836332871
-5.0303 2.4906 2.75450505536
-6.5194 4.8079 3.25968285114
-8.0784 7.6706 0.97383044212
-8.4982 6.7919 1.25259569295
-8.3708 8.038 18.4202221173
-12.8815 25.8974 7.91029587816
-18.5997 31.3632 4.01709246346
-22.6152 31.2501 3.42359217197
-26.0196 30.8881 16.8075744431
-42.7667 29.4636 7.53547473554
-48.7577 24.8929 10.8850022935
-45.0714 14.6511 5.4430343192
-50.351 13.3273 0.821697639038
-50.4736 12.5148 16.4299089763
-40.5105 -0.5496 2.83528231575
0.0 0.0 8.90718312936
-8.9023 -0.2949 0.87796813154
-9.2293 -1.1097 0.978366194224
-8.9938 -0.1601 21.1847761985
-0.4595 19.2296 0.58818272671
-0.9869 19.49 1.03661588836
0.0038 19.7951 1.01364195848
-0.6611 19.03 18.0704840561
-9.626 3.3401 0.324437744413
-9.8764 3.5464 7.23990798008
-13.3964 9.873 2.57301376988
-10.8433 10.1925 8.11978024949
-4.047 5.7494 11.019765419
0.144 -4.4423 0.647840204063
-0.4667 -4.6585 13.1372724308
-13.6031 -4.8099 0.639028864763
-13.1773 -5.2864 1.2828471499
-2.5227 -7.6725 12.5158643753
9.0768 -2.9716 3.07961257304
12.1564 -2.9804 3.2586107991
15.3379 -2.2757 3.35166759838
18.6724 -1.9369 1.78492354178
20.2707 -2.7315 0.112440739948
20.1923 -2.8121 0.0126589889012
20.2048 -2.8101 0.436691802076
20.5671 -2.5663 1.25186478902
21.1008 -1.4339 1.76649479478
22.4689 -0.3164 1.29844006408
31.0697 3.8914 0.30735258255
31.0272 4.1958 0.195456516903
30.857 4.0997 13.5224103151
18.4357 9.4445 18.867246465
5.9343 23.5756 0.989257549883
6.3412 24.4773 0.578542833332
15.525 24.098 3.75040291169
18.2812 26.6414 4.28710590725
21.7271 29.1919 4.34508726034
24.77 32.2936 0.694745197896
25.4325 32.5028 0.610802815973
26.0083 32.7066 1.26678620532
27.2143 33.0943 0.703949976916
26.8317 33.6852 0.545745911574
27.2803 33.3744 0.655439981997
27.9229 33.2453 2.36996918123
30.2565 32.8317 4.41832414384
34.6455 33.3399 3.87647904676
38.2299 31.8637 1.83976143019
39.5263 30.5583 1.59131973217
40.0995 29.0738 1.51732235863
39.969 27.5621 1.30133365821
39.8513 26.2661 0.404644485938
39.9373 25.8707 0.412023494476
40.1273 26.2363 6.11775693535
39.8529 20.1247 11.6072171363
40.901 8.5649 0.0
42.6246 -9.9146 12.9295622992
29.7171 -9.1596 1.51568433719
28.2086 -9.0122 13.915444686
17.0831 -0.6538 0.646277742151
16.9825 -0.0154 3.59792975195
13.4374 -0.6297 2.90710083244
10.6472 0.1864 0.770746294185
9.8971 0.3636 1.37385746349
8.5618 0.6868 3.30708878018
6.3932 3.1836 2.01612432156
4.8104 4.4324 2.06711750996
3.189 5.7146 2.85806451467
0.9056 7.4335 3.97865336515
-3.0128 8.1233 0.814193766864
-2.781 8.9038 0.737801084304
-2.1772 8.4798 0.146305331413
-2.1967 8.3348 1.08969541616
-3.2184 7.9559 5.87256695577
-4.6488 13.6516 2.12444364482
-6.5312 12.6668 1.17450808852
-5.5571 12.0106 0.312496303978
-5.8536 11.9119 1.20965453333
-6.5408 12.9074 18.5353869612
-14.6594 29.5702 8.61978418523
-23.2568 30.191 17.493405693
-40.5693 27.6817 10.3093979926
-48.6922 21.3333 2.99323894803
-50.2626 18.7851 1.56250778558
-51.1903 17.5278 0.130249760077
-51.3091 17.4744 0.284611173358
-51.0355 17.396 0.0287327339458
-51.0169 17.3741 0.0473016913017
-51.0165 17.3268 7.60993084068
-46.2301 11.4106 0.540082456667
-46.1142 11.9381 1.47388675617
0.0 0.0 9.33297074945
-3.7726 -8.5365 1.00274233979
-2.9928 -9.1669 1.16468851201
-3.1995 -8.0207 8.20141367448
-4.868 0.0092 1.14267638901
-5.7858 0.6899 0.249011525838
-5.6701 0.9104 1.35896930429
-5.473 -0.4342 9.67208855625
-4.3528 -10.0412 0.916949535144
-3.7666 -9.3361 12.0125609314
-9.2728 1.3402 0.68490795002
-9.2761 2.0251 9.59170820292
-11.9841 -7.1764 0.915380188774
-12.4521 -7.9631 1.59835375934
-13.0714 -6.4896 0.605581456123
-12.4961 -6.6787 10.0227533433
-3.2318 -10.5034 0.3015242113
-3.3264 -10.7897 0.521403356337
-3.0259 -10.3636 0.402660849848
-2.6233 -10.3706 7.23412823359
1.5168 -4.4383 7.35217266187
-2.7013 -10.4601 0.533210811968
-2.3477 -10.061 0.634380091113
-2.9568 -9.8837 0.446779733202
-2.8606 -10.32 7.34738455574
-8.6796 -14.8059 1.41442986747
-8.2163 -16.1423 0.36606918745
-7.8539 -16.194 1.56592403392
-6.8231 -17.3728 7.04519654375
-0.2778 -14.7663 0.77973165897
-0.8533 -15.2924 3.98132440904
-4.7142 -16.2642 0.21765385363
-4.514 -16.3496 0.118783374258
-4.5222 -16.2311 0.0864459368623
-4.5815 -16.1682 0.78903673552
-3.9899 -15.6461 0.57582147407
-3.4248 -15.5355 0.654218617895
-4.0554 -15.7097 0.0681487343976
-4.0343 -15.6449 1.43608214598
-2.8935 -16.5172 14.9980404087
6.6488 -28.0881 0.60368476045
7.2323 -27.9333 1.4420245837
6.4824 -26.7016 3.91159070073
9.4874 -29.2057 0.780019006179
9.5825 -29.9799 0.0961674581134
9.6502 -30.0482 0.170463661817
9.6321 -30.2177 0.0969845864042
9.6521 -30.3126 0.195939914259
9.791 -30.1744 0.871879125797
10.5974 -29.8429 1.1161008019
11.4272 -30.5893 0.336621523376
11.729 -30.7384 0.504947571536
12.1857 -30.9538 0.319674662743
12.4824 -31.0728 0.502101682929
12.9485 -31.2595 2.29566736484
14.2749 -29.3858 0.190642099233
14.4489 -29.4637 0.180446584894
14.4133 -29.6406 0.559453349262
14.9659 -29.7279 0.638138676151
15.5815 -29.5598 0.264835647147
15.7499 -29.7642 0.597763598758
16.3425 -29.6858 0.242930627958
16.5798 -29.7378 0.184358346706
16.7578 -29.7858 1.37688274374
17.6083 -30.8686 1.64797986942
19.1964 -31.3088 2.6285137892
21.5669 -32.4445 1.34569105667
22.8938 -32.6686 1.2537578913
24.132 -32.8655 1.91752766342
26.0495 -32.8552 2.16847327168
28.2063 -32.6305 3.52084813646
31.7249 -32.5047 0.292258943405
31.9997 -32.6042 0.333996901183
32.3105 -32.7265 2.50873405725
34.3784 -31.3061 4.70343671904
39.0015 -30.4405 0.629344365193
39.1427 -29.8272 0.408727745572
39.2353 -29.4291 0.568899077166
39.2983 -28.8637 0.810194205114
39.6411 -28.1296 1.58217429192
40.0768 -26.6086 9.22206317588
39.7397 -17.3927 1.00820828205
40.1492 -18.314 1.30812440158
39.8876 -17.0323 7.33126109002
39.9362 -9.7012 0.923264539555
44.5806 -5.3999 2.88508278044
46.5354 -3.278 4.62457181261
44.3127 0.7774 2.07530061678
44.0678 2.8382 1.24318205425
43.0057 3.4843 8.39213364288
35.7389 7.6821 21.7023143754
16.2559 17.2426 5.44542932008
3.9617 9.2594 0.884950919543
3.2655 8.7131 14.2527827827
-7.1836 -0.9801 0.782673495143
-7.3282 -1.7493 10.855425029
-5.2092 -12.3959 12.3139870797
-8.0878 -0.4231 1.25297269723
-8.7915 -1.4598 8.32443454236
-11.2594 -9.41 1.37692101807
-10.2287 -10.323 1.46226997849
-9.2632 -11.4212 1.21680695675
-8.2058 -10.8191 1.78767931129
-6.4534 -11.1725 2.06969091412
-4.4326 -10.7253 14.7506245949
1.3837 2.8302 0.905079676051
1.4258 3.7343 3.09923121435
4.5012 3.3507 1.99002522848
6.2432 4.3128 5.04078832128
10.9971 2.6365 0.966488784208
11.7967 3.1794 0.665808681229
11.3945 2.6488 2.80254690237
9.4328 0.6473 6.39237035301
6.3415 -4.9479 1.03771803974
7.3438 -5.2167 0.336270977041
7.1734 -4.9268 0.650889007435
7.5817 -5.4337 0.919927241688
6.9139 -4.801 17.8326222315
-7.7512 5.3448 15.0756155513
-9.5468 20.3131 0.960856019391
-8.5866 20.3486 27.3378393985
16.1431 32.0019 4.40192652937
20.5417 31.8308 10.2140878575
30.7497 31.4782 1.06953816201
31.6359 30.8794 6.66993022602
37.621 27.9355 0.728028193135
37.9613 27.2919 3.20269376775
39.4737 24.4688 4.16814570883
40.7398 20.4976 1.06211337436
41.7789 20.7175 2.43079612062
43.0462 18.6432 1.85234377479
42.3751 16.9167 14.0234627054
36.9071 4.0032 1.33966473791
37.9115 3.1167 6.10022674415
43.9718 2.4199 0.0
43.9718 2.4199 0.83593221017
43.5683 1.6878 0.0
42.6257 -9.91 12.3843856953
30.254 -9.3496 1.66356191649
28.5909 -9.3104 7.94276495183
21.1521 -12.0946 0.407810556509
20.8914 -11.781 1.20451857603
19.6904 -11.689 0.894606516855
19.2765 -12.4821 21.7042781792
5.0227 -28.8499 4.9899556491
0.335 -30.5602 3.76728407742
-3.4244 -30.3166 3.1403596052
-6.3947 -31.336 2.00965468924
-8.3686 -31.7134 2.87538199897
-11.1828 -32.3034 1.40979726557
-12.5851 -32.1582 1.35008223824
-13.9038 -32.4476 12.7817684238
-16.3258 -19.8974 1.55710378909
-17.8368 -20.2735 14.5915041997
-27.7877 -30.9455 17.0198575981
-44.7756 -29.903 5.52576136383
-48.6108 -25.9249 0.656097744242
-49.0265 -26.4325 3.28360105524
-50.9835 -23.7958 1.47596488102
-51.0738 -22.3226 1.18712014977
-50.9369 -21.1434 9.31498250186
-45.6694 -13.4608 20.3905917766
-51.5 -33.0 12.248953788
-51.4637 -20.7511 9.28704857153
-42.7171 -17.6292 0.678601061007
-42.3109 -17.0856 2.90331211722
-39.4539 -17.6021 6.32465607365
-37.9506 -11.4587 0.402820183208
-37.7623 -11.8148 0.202032175655
-37.5761 -11.8932 1.27239217618
-36.3054 -11.9588 1.28968375969
-36.4582 -10.6782 0.173938293656
-36.3 -10.6059 1.51452791985
-35.9921 -12.0888 2.91846761503
-33.5442 -10.4997 18.7068653178
-23.7433 5.4342 2.67035213034
-21.0838 5.1937 1.21621662955
-21.7546 4.1792 0.207097899555
-21.9591 4.2119 1.47314021396
-21.3163 5.5374 21.4259966156
-10.3299 23.9323 0.494977342916
-9.8975 24.1732 0.389361336036
-9.5327 24.3093 1.21146042857
-8.3213 24.2972 0.723623244513
-7.6017 24.3734 1.67971992011
-5.9287 24.5235 3.84586485982
-2.1321 23.9099 1.24610823366
-1.3999 22.9016 15.7945105733
9.2749 11.2605 0.268880214966
9.1133 11.0456 1.08354907595
8.9639 12.1188 11.9502398892
8.5229 24.0609 0.275054176482
8.7703 23.9407 2.01237507687
9.2527 21.987 3.31019061838
12.5579 21.8053 0.264199356547
12.7232 21.5992 2.33524382025
14.9711 22.2319 0.897044759195
15.8668 22.1828 2.02145176791
17.8603 21.8478 2.37741077014
20.0602 20.9464 0.407558057214
20.4593 20.8638 0.902207586978
20.463 19.9616 0.511804728388
20.9748 19.9594 0.362000055249
21.3368 19.9592 0.687613845119
21.5184 20.6224 0.59827794544
21.8525 21.1187 1.66008465146
20.6521 19.972 10.0334340303
26.5609 28.081 3.0389278718
29.5978 27.97 1.78142068305
31.2136 27.2199 0.895255254104
32.1062 27.2888 0.959282784167
33.0467 27.4777 2.532767972
35.5383 27.0229 0.716880492132
36.2523 26.9587 1.85094683068
38.0004 27.5671 0.522919965195
38.4099 27.2419 0.858025110355
39.0849 26.7122 1.10452206859
39.6729 25.7772 1.90468837346
40.2623 23.966 0.850708628145
40.6089 24.7429 0.877142280363
40.2292 23.9522 8.18970565527
40.1876 15.7626 5.94515807191
40.3099 9.8187 0.493217882887
41.1434 9.7128 2.3501198012
40.5066 7.4506 1.24795196222
45.2627 2.6726 0.744252443731
45.9528 2.3939 0.258060768037
46.1888 2.4983 0.531268086751
45.9781 2.986 1.40522477206
44.9552 2.0225 7.39164112021
44.617 -5.3614 1.19344574238
45.7745 -5.0707 0.161070947101
45.9317 -5.0356 1.38611631907
35.6578 -11.4551 14.6314524235
22.5027 -17.86 4.59268373067
18.4015 -15.7929 4.66356363739
13.7581 -16.2261 4.91932309165
8.8389 -16.2609 4.06515685552
4.7738 -16.2394 4.34131377005
0.4364 -16.0551 3.00773106012
-2.5678 -15.9094 3.02330236662
-5.5884 -15.7816 1.1217682693
-6.6915 -15.5778 1.86695500749
-8.5555 -15.4728 1.77290519769
-9.7415 -16.7906 2.73346898464
-11.6785 -18.7193 2.23164483061
-13.9069 -18.8396 3.31306632593
-15.8481 -21.5244 0.769787308287
-15.0796 -21.5689 0.225670401249
-15.0463 -21.7921 1.10684906378
-20.2926 -15.1404 2.66058413511
-17.6811 -14.6317 0.599396438094
-17.0966 -14.7645 0.503052840167
-16.5956 -14.8099 0.408037694337
-16.2306 -14.9923 2.59608108502
-13.951 -16.2345 1.76812093761
-12.1971 -16.4583 0.657413720575
-11.6075 -16.1675 0.430775533196
-11.2295 -15.9609 1.25656638504
-10.3847 -15.0307 0.967085870024
-9.4245 -15.1459 0.324076487885
-9.1019 -15.115 10.6749059696
-10.778 -4.5725 3.09430672041
-8.9052 -7.0357 2.35747882705
-7.1041 -8.5568 0.50075076635
-6.7599 -8.9205 1.10758463785
-6.3337 -9.9428 0.896316489863
-5.445 -9.8262 1.36031705863
-4.7343 -10.9861 0.163626037048
-4.8105 -11.1309 6.84207436162
-8.2796 -17.0283 12.0985726117
-3.1596 -27.9901 11.1915533314
7.949 -29.3502 2.79939269307
9.9733 -31.2838 0.603078444317
10.5713 -31.3619 0.359629837472
10.9192 -31.2708 0.160281751925
11.0624 -31.1988 0.0567250385632
11.0302 -31.1521 1.7435953573
11.0041 -29.4087 2.90446756739
12.385 -31.9639 0.246445653238
12.5545 -32.1428 2.17980416093
14.0378 -30.5455 6.53595169046
16.6259 -24.5438 0.0826871815942
16.6738 -24.6112 1.21257283905
17.1823 -23.5104 0.982539698944
17.5122 -24.4359 6.79267620677
17.4031 -31.2277 0.624793381847
17.9742 -31.4811 3.40602684957
21.2541 -30.5628 0.371113796564
21.5317 -30.8091 0.703965375569
21.758 -31.4757 2.96369984985
24.5724 -32.4045 0.895782216836
25.3941 -32.7612 0.374273162276
25.4543 -33.1306 1.29330952985
26.6818 -33.5379 1.32261791913
28.0028 -33.4725 0.787188802004
28.6714 -33.057 2.30147935902
30.9704 -32.9502 2.03770913037
32.9439 -32.4427 2.15301323034
35.0893 -32.2618 1.98671991987
37.0413 -32.6316 3.75749262408
40.5494 -31.2855 2.85112114965
40.7099 -28.4389 0.576490693767
40.4845 -27.9083 0.391480433738
40.4347 -27.52 0.322607439468
40.2267 -27.7666 0.415532549868
40.2406 -27.3513 1.03776878446
40.7007 -28.2815 0.862093341814
40.2034 -27.5773 7.8763153238
39.1082 -19.7775 1.0003455453
39.4182 -18.8264 1.07778815173
39.4785 -19.9025 2.96906909317
40.4367 -22.7127 1.11976034043
41.0438 -23.6536 1.08178075875
40.6669 -22.6396 5.76667227524
40.5366 -16.8744 5.05640556918
40.1714 -11.8312 5.08215412006
41.9491 -7.0701 0.490549090306
47.2695 -1.0786 0.392427547453
47.5168 -0.7739 0.244227291677
47.4472 -0.5398 4.3550809097
45.3334 3.2679 10.563206099
36.6589 9.2957 0.869115285794
36.0146 9.879 1.2255820658
35.984 8.6538 1.11436920722
35.4513 9.6326 22.2230154356
15.2456 18.8842 2.33417029799
13.9353 16.9525 2.9891966312
12.4424 14.3628 3.14371592864
9.6402 12.9378 2.44489595893
7.2367 13.3858 3.39486286026
3.8597 13.7336 3.15919643264
0.7946 14.4989 10.9799357903
-8.3724 8.4553 0.770424194843
-8.8664 7.8641 1.09492008841
-8.4814 8.8891 0.796452384013
-8.168 8.1569 0.628941984606
-8.1199 8.784 0.469430388876
-7.8116 8.43 0.975381017859
-11.5433 -10.1361 16.9065079768
-0.5427 2.702 0.164922678853
-0.4102 2.6038 1.51010624792
-1.5744 1.642 0.415567202748
-1.3163 1.9677 0.421808345105
-1.5825 1.6405 0.619727891901
5.2704 -17.6113 1.28373643712
4.5344 -18.6631 14.5452538874
-5.9835 -28.7099 1.43592619936
-6.7949 -29.8946 4.06395324407
-10.7443 -30.8527 0.925097897522
-10.5989 -29.9391 15.2809344381
-14.6756 -15.212 0.428568454275
-14.2952 -15.0146 1.04529232753
-14.7055 -15.976 1.20064400219
-13.5424 -16.2739 4.38699122976
-16.2055 -19.7601 2.46938875838
-18.6227 -19.2551 23.598918261
-38.4517 -32.0504 11.8124802214
-48.906 -26.5511 3.97438724837
-51.0666 -23.2153 0.565029317823
-51.1904 -23.7666 1.0968502587
-51.1799 -22.6698 10.6533274807
-46.8495 -12.9363 1.0641656356
-46.977 -11.8798 20.194991306
-31.3743 0.9418 1.12851198044
-42.0897 -11.5259 0.730966654506
-43.3801 -7.4659 4.7259922482
-40.8304 -3.4867 2.48525910118
-38.7508 -4.8475 0.977939880565
-38.6304 -3.877 0.998280541732
-39.5406 -3.467 0.578670769955
-39.9871 -3.8351 2.47134344436
-42.1762 -2.6882 7.23272491735
-42.6264 -9.9069 10.1073702559
-32.5446 -9.1884 2.95434984557
-29.7745 -10.2154 0.6358064564
-30.4084 -10.1662 10.095529471
-32.0733 -20.1235 0.515016058002
-32.561 -20.289 0.530995913355
-32.1089 -20.0105 0.517006769782
-31.6441 -20.2369 15.9741647747
-17.1572 -26.9677 17.4495914488
-4.611 -14.84 0.78680246568
-4.2074 -15.5154 12.3532577727
-10.7558 -25.9902 0.590326562167
2.7318 -16.5096 0.701430203228
3.3981 -16.2904 1.00709610266
2.4661 -16.672 20.8192046018
-13.0387 -30.5659 2.76105165653
-15.7802 -30.8939 4.13373292074
-19.8933 -30.4814 2.18359522119
-21.2848 -32.1642 3.2878522625
-24.5657 -31.9505 2.65769495052
-27.2024 -32.2839 3.08497309227
-30.1647 -31.4226 1.70002942622
-31.7645 -30.8475 16.8529627915
-48.5687 -32.1286 3.96376191263
-51.519 -29.4815 0.816744813268
-51.3945 -30.2887 1.33993053924
-24.9623 -20.498 12.8451596942
-13.3429 -25.9741 2.53282140902
-10.8304 -25.6539 5.32825373364
-5.5456 -24.9748 0.68278444622
-5.4352 -25.6486 1.36687585391
-4.9228 -24.3814 13.8216417816
1.5587 -12.1737 1.06045171979
2.3355 -11.4518 1.31124103429
1.8787 -12.6809 13.8199568672
-1.1968 -26.1543 0.802480062058
-0.4135 -26.3287 11.6290233468
5.3917 -16.2523 0.433082267012
5.2522 -16.6623 7.96717959695
5.531 -24.6246 3.88953220066
9.4203 -24.5821 0.457670023052
9.8776 -24.5637 1.66017103938
11.4404 -25.1239 2.19471679494
13.0579 -23.6405 2.2020824258
15.1774 -23.0431 3.16957825112
18.3149 -22.5933 3.3038520215
21.5916 -22.1706 0.601833631496
22.1562 -21.9622 1.10924400382
23.2211 -21.6517 1.09982694093
24.2482 -22.045 1.26656408049
25.4026 -21.5239 0.761268894675
26.0094 -21.9836 1.22247613065
27.1511 -21.5466 0.455322149692
27.591 -21.4291 0.268629056507
27.8161 -21.2825 0.55819725904
28.2088 -20.8858 0.31233746173
28.3498 -20.6071 0.247675372211
28.4795 -20.3961 0.625514348357
29.0891 -20.2559 0.116494334626
29.1853 -20.1902 0.61003640875
29.1724 -19.5803 8.74642453406
32.1766 -11.366 7.21436965299
31.2781 -18.5242 7.08423200989
33.7335 -11.8791 0.517195088917
34.2475 -11.8217 0.185032375545
34.3722 -11.9584 0.324414010178
