0.0 0.0 6.88192672004
-1.6127 -6.6903 0.476343489512
-1.4133 -6.2577 12.348977401
-0.8951 6.0804 0.488171056086
-1.3438 5.8881 1.30314478091
-0.0792 6.2027 0.996458498885
-0.3719 5.2502 20.3874050651
-5.2142 -14.5538 0.613836932744
-4.6819 -14.8595 0.144451548971
-4.7459 -14.73 1.33113360712
-5.4687 -13.6122 15.4357471517
-10.4105 1.0111 2.36586860371
-8.1602 1.7415 1.59429435802
-7.7503 3.2822 0.920646647743
-6.9223 3.6847 0.168979318261
-7.0447 3.8012 0.676017669887
-6.903 4.4622 1.4231724913
-7.5843 3.2127 0.315355941755
-7.3512 3.4251 0.666553291193
-6.696 3.5476 0.448442147885
-7.0716 3.3026 1.31676611439
-7.5596 4.5256 0.322026101427
-7.5555 4.8476 0.43637378473
-40.268 33.7729 6.59874902159
-46.8337 33.1133 2.97702517625
-49.303 31.4504 3.03092837428
-51.093 29.0045 2.35461488996
-51.4312 26.6743 14.6611919277
-48.7855 12.2538 0.0260449611249
-48.811 12.2485 2.04382800891
-50.8073 11.8103 0.597271973225
-50.3258 11.4569 5.94490295043
0.0 0.0 7.37880190275
-2.8134 -6.8214 1.15425846759
-2.5809 -7.952 0.928620449915
-2.3622 -7.0495 22.7153411971
-5.2959 15.4756 0.673871738538
-5.1845 16.1402 0.981381215431
-5.5115 15.2149 13.6219079769
-10.3577 2.4842 0.926786410129
-11.2558 2.713 20.7112861969
-13.515 23.3007 1.0472795854
-13.6003 22.2569 8.56203438734
-15.9706 14.0295 0.39571314105
-16.3598 13.958 10.6469950939
-18.8661 3.6102 0.488575654326
-18.601 3.1998 2.52575850785
-18.2412 0.6998 12.1271749789
-6.5181 -2.4046 7.95436305495
0.9974 0.201 1.69103426636
2.6241 -0.261 1.91472088044
4.5115 -0.5833 0.643166074976
12.3007 -4.1098 1.39716005168
12.5093 -5.4913 4.68477637033
8.4035 -7.7473 2.68102299319
6.0305 -8.995 0.637520399674
5.4656 -9.2905 1.63410122391
3.8315 -9.2925 0.9113
4.4827 -8.655 1.74564067895
2.8264 -9.2063 2.48744089578
0.3469 -9.4049 1.46658223431
-1.1048 -9.6133 0.805059904603
-0.5879 -8.9961 0.8506403823
-0.9134 -9.782 0.546331803943
-1.4596 -9.794 0.744529092783
-2.2035 -9.7634 0.895445347299
-1.5134 -9.1928 1.36742444764
-1.8595 -10.5157 16.9576381433
-8.6199 -26.0675 4.94556805736
-11.6509 -29.9754 3.51110476773
-14.9179 -31.2617 2.17243027276
-17.0402 -31.7257 3.58142811739
-20.5246 -32.5537 3.61961967754
-24.1301 -32.2343 2.36554478503
-22.5559 -34.0 7.77768323153
-27.5148 -28.0082 1.20175332327
-28.6725 -28.3306 2.15472192173
-30.5241 -27.2286 8.74717442835
-35.3375 -19.8642 1.08378494638
-34.3984 -20.4052 0.589560514282
-34.1236 -19.8836 0.323778504537
-21.262 -17.8845 0.258385835525
-21.0502 -18.0325 1.23176482333
-22.0309 -18.7778 22.9378557936
-40.8184 -31.9374 1.1041226834
-41.0023 -33.0261 0.978400557032
-41.2829 -32.0888 17.196362188
-43.4116 -15.0247 9.71036116991
-43.945 -5.329 6.37340593168
-37.5744 -5.5181 16.5930065136
-25.2498 5.5919 14.22909118
-11.2832 2.8714 0.685649509589
-10.6177 3.0364 0.805607156125
-9.881 3.3624 2.16698251031
-7.7172 3.245 0.938100767508
-6.78 3.2861 0.978326331037
-5.8204 3.0956 0.606475102539
-6.303 3.4629 0.770821853608
-7.0377 3.2297 0.367637049276
-21.0378 33.1776 0.239953703868
-20.7985 33.1953 4.18837993024
-21.9323 29.1633 0.105727243414
-21.8563 29.0898 0.570202814795
-21.9229 28.5235 4.18223696124
-25.1207 31.2189 3.14683505923
-28.1024 32.2249 2.92377797379
-30.4734 30.5141 2.72514751894
-33.1504 31.0241 2.68422966417
-35.8187 31.3161 5.80632428994
-41.6107 30.9085 6.50206986274
-47.6562 28.515 3.10440735246
-50.0977 26.5976 1.92775361496
-51.0063 24.8974 0.799490969305
-51.2438 25.6608 1.20116798575
-50.7094 14.7913 15.6585244532
-36.0 20.16 7.87041830972
-30.1449 25.4194 1.25010573153
-29.1652 26.1959 0.376839939497
-28.9657 26.5156 0.60167300089
-29.5313 26.7208 0.740686337123
-28.8229 26.5045 0.886556585898
-28.3282 27.2402 0.123632560436
-28.2492 27.1451 1.15725305789
-27.4702 28.0009 1.42967160215
-28.301 29.1644 0.233984037917
-28.4993 29.2886 0.403228967213
-28.8445 29.0802 0.547801314347
-28.2967 29.079 0.754410935764
-27.6622 29.4871 0.953678908229
-26.9611 30.1336 0.316957741663
-26.8621 29.8325 0.695707553502
-26.6623 30.4989 2.71693136461
-25.0683 32.6991 1.52280668504
-23.7011 33.3697 0.320456377687
-23.3936 33.4599 15.8135493059
-8.0718 29.547 1.89525880027
-6.1894 29.7674 0.652129511677
-5.5533 29.9111 2.80607160457
-2.7729 29.5324 1.44553539216
-1.3308 29.632 1.45572984101
0.0623 30.0544 1.88240381693
1.7361 30.9157 1.41027587727
3.0699 31.3738 1.9435266965
5.009 31.5049 0.771273155244
5.5998 31.0091 0.495752196163
5.843 30.5771 1.62774796882
7.1794 29.6478 0.455368916374
7.5067 29.9644 0.894555587988
7.7136 30.8347 1.14291928411
7.3376 29.7554 10.284387517
4.56 19.8532 0.391423721816
4.8798 19.6275 4.77731927863
5.8416 24.307 0.842426738654
6.5525 23.855 0.308708600463
6.8075 23.681 0.438167205528
6.3696 23.6657 0.700822659451
6.6178 24.3211 12.040046127
15.9385 31.9426 0.644610052668
16.5741 32.05 2.45969642436
18.983 32.5473 1.26004763799
20.2423 32.5907 0.825056222327
21.0667 32.6236 3.21351110158
24.1863 33.3948 0.53299186673
24.7191 33.4091 0.320029139298
24.8748 33.6887 0.333641873871
25.0627 33.9644 0.431388050368
24.8136 33.6122 15.3519652582
17.2263 20.2662 3.28193348501
20.5081 20.2366 3.11598306799
23.6179 20.4328 0.842006585485
24.3076 19.9498 0.91771959225
25.209 20.1221 0.96934382445
24.3438 19.685 1.96044763256
25.9334 18.5376 0.851651413432
25.7312 17.7103 5.66653986133
20.133 16.8329 5.06032200655
25.1165 17.7113 19.4518895684
43.1172 25.0836 7.7685163532
49.2264 20.2849 0.853819102621
49.6419 19.539 7.38560873591
44.3081 14.4304 0.297618295809
44.4893 14.1943 9.39044973257
0.0 0.0 11.6050222525
7.9632 -8.4418 10.0830582226
-1.1894 -4.2112 3.22081123321
-10.4205 -23.2181 8.12323226924
-3.0188 -26.565 0.965279591621
-2.4873 -27.1353 7.03255179078
-4.5911 -20.4248 9.11844668899
-7.3442 -11.7319 1.31698443802
-7.5222 -10.427 8.73591670347
-12.0534 -2.9581 0.44605309101
-11.6178 -2.8621 2.51512875416
-9.331 -1.815 6.06199682118
-5.3015 -6.3439 4.6261342447
-8.0914 -2.6537 1.04207497331
-8.9325 -3.2689 5.78195942999
-11.9136 -8.2231 3.1013752111
-8.8478 -7.7547 0.2349605286
-9.0284 -7.6044 11.8461450679
-15.9008 2.0445 1.72889610156
-15.1635 3.6083 0.693662569265
-14.4761 3.7013 0.624459646414
-13.875 3.8705 2.04933741975
-11.9115 3.2836 0.313327592146
-11.6518 3.4589 0.134119536235
-11.5181 3.4483 0.319428004408
-11.7969 3.6042 0.747089767029
-11.2283 3.1196 1.45467373662
-12.4235 2.2904 8.53889169038
-16.1622 9.9673 4.02565447226
-12.1914 9.305 2.44562451124
-10.5108 11.0817 4.90908134991
-13.2247 15.1724 0.576478707326
-12.952 15.6803 1.49095175643
-14.4425 15.6436 0.543459520112
-14.266 16.1576 0.442389116051
-14.0662 16.5523 1.64586879793
-13.4799 18.0902 1.49478132514
-12.5939 19.2941 1.56799510203
-11.6099 18.0733 0.425345530128
-11.2298 17.8824 1.79585961868
-10.0117 16.5628 0.354796645982
-9.6892 16.4149 1.51885862739
-8.2029 16.7277 1.19652191371
-8.0737 -1.3804 2.87115461966
-9.9079 -3.5893 0.691378224997
-10.464 -4.0001 0.969804444205
-11.2465 -4.573 0.949060867384
-11.3263 -3.6273 1.08528297692
-11.5668 -4.6856 20.432820076
-14.4743 -24.9105 6.61910173437
-18.9004 -29.8321 3.45695966421
-21.917 -31.5205 4.04384323386
-25.9389 -31.9412 2.62778454216
-28.5507 -32.2306 3.12542711481
-31.4659 -31.1037 3.72640709665
-35.0783 -30.189 2.71374391202
-37.6074 -29.2051 7.39432826226
-44.9857 -29.6917 5.39568882072
-50.0881 -27.937 2.68938526991
-50.5648 -25.2902 1.52164485015
-50.8164 -23.7895 0.979369695263
-50.8498 -22.8107 1.45229829581
-51.0001 -21.3662 1.20167140683
-51.17 -20.1766 1.60027068023
-39.4451 -8.5891 15.3535239698
-24.2549 -6.3556 9.94668892496
-15.149 -2.3532 12.3713947916
-3.954 -7.6185 0.879530243937
-4.5853 -7.0061 1.14838308068
-4.3926 -8.1382 17.0701111751
0.2777 -24.557 1.14507460456
0.116 -25.6906 0.875924608628
0.6486 -24.9952 12.5428223969
3.9144 -12.885 0.697619530977
4.0745 -12.206 1.0288717753
4.0557 -13.2347 0.684215148912
3.8951 -12.5696 12.0307218208
5.6584 -24.4704 1.22630081954
6.1803 -25.5801 1.09073876799
5.8388 -24.5442 5.97534950442
6.2365 -18.5821 10.4546923288
1.5565 -9.2334 10.5250844676
-4.0372 -0.3178 14.0035601134
-7.8701 13.151 4.39699639413
-7.7078 8.757 0.639001424099
-7.0839 8.6189 2.26968459703
-4.8568 9.0565 8.59170585681
3.4624 11.2032 1.79209165502
5.1219 11.8797 0.968363779785
4.219 11.5297 0.399034146409
4.3626 11.1574 0.335977380191
4.6758 11.279 8.11839454572
-2.9324 8.4464 0.606453831714
-3.286 8.9391 7.93413944546
-5.2567 16.6246 2.99246240578
-4.2142 13.8196 1.02483338158
-4.6577 12.8957 9.25307328405
-8.4179 4.4411 0.532753986376
-7.9984 4.1127 9.79916631658
-6.1121 13.7286 1.15084817852
-6.3818 14.8474 0.323167278665
-6.1343 14.6396 0.256772467371
-5.887 14.7087 0.546464454471
-5.4292 14.4103 0.700401370644
-4.734 14.3251 0.177243391978
-4.5669 14.3842 0.379071549974
-4.6537 14.7532 0.27631738997
-4.817 14.9761 1.26964097287
-6.0674 15.1963 0.351121460466
-6.1126 15.5445 0.50489983165
-6.3898 15.9665 0.123543028941
-6.399 16.0897 0.737407139917
-5.9967 16.7077 0.0871408629748
-6.0835 16.7154 0.349991385608
-6.4029 16.5723 1.18013442031
-6.0131 17.6862 0.698463528039
-5.3432 17.8839 2.23102791108
-4.1377 16.0066 1.96783531069
-2.1918 16.2996 0.0789446008287
-2.2142 16.3753 0.331138113179
-2.4483 16.1411 5.38370068262
-7.4085 18.2341 0.438765199167
-7.0028 18.067 0.218595608373
-6.7926 18.007 2.52829661432
-4.2995 17.5866 1.16940072259
-3.1808 17.246 1.96966047074
-1.4382 16.3279 2.59821207756
0.974 15.3625 1.30115419532
2.15 14.8057 10.100607257
-3.2986 6.3007 2.70709438328
-1.8102 4.0395 1.31290191941
-0.7385 3.2811 4.89829042014
3.3817 0.6321 15.6733213037
-5.8118 -12.0617 0.583826044297
-5.2284 -12.084 0.393140076817
-4.8358 -12.0634 0.925841293095
-3.9135 -11.9825 0.447021621401
-3.4803 -11.8722 0.300551775906
-3.4444 -11.5738 0.979918491508
-4.1519 -10.8958 1.02692264558
-5.0195 -11.4452 0.828249147298
-4.4588 -10.8356 11.5727346276
6.8488 -8.3726 0.449517163187
7.1606 -8.6964 8.5299431868
7.0272 -17.2253 33.4137275323
37.9434 -29.9007 0.887548770491
37.7085 -30.7566 0.585622147805
38.0708 -30.2965 11.4613407977
44.223 -20.6263 4.37481804536
45.6993 -16.5081 0.720302880738
45.6443 -17.2263 1.0873015865
45.005 -16.3468 9.22615982357
41.7365 -7.719 1.23125049442
42.6257 9.9098 12.8485648202
29.9182 8.0111 8.24817887536
21.9412 10.1087 17.0822210459
10.7393 23.0052 5.77986635313
6.5334 26.9697 4.54061480419
2.3 28.6115 3.0196095592
-0.6758 28.099 3.03336395772
-2.9581 30.0971 2.88090126523
-5.839 30.0944 2.32465569279
-7.397 31.8197 1.91002249463
-9.1642 32.5444 1.97182385877
-11.136 32.5541 1.88176239201
-13.0143 32.44 0.566818851133
-13.5748 32.3556 3.12705536248
-16.6988 32.2174 12.4143497264
-17.4631 19.8266 2.58419501586
-19.2289 21.7134 18.4561498642
-35.8998 29.6324 11.2020997911
-47.1 29.4261 2.9247320732
-49.2029 27.3934 2.82851555591
-50.337 24.8022 2.77456132929
-51.5739 22.3186 10.5167852888
-47.4124 12.6602 2.17501912635
-49.578 12.8624 0.772349584062
-49.7028 12.1002 0.488169335375
-50.1639 11.9399 21.10244003
-51.5 33.0 8.61682713358
-48.8861 24.7892 2.46864134495
-51.3526 24.892 1.62307103049
-51.3135 23.2694 11.7384087103
-51.0807 11.5333 5.327830322
0.0 0.0 7.15564899223
-1.7925 6.9275 15.0276825865
0.6889 21.7489 11.3909417139
-1.9678 10.6721 1.14956806671
-2.2535 9.5586 10.0182718335
-6.8418 0.6528 9.54601873296
-10.0192 9.6545 0.350849041612
-9.9396 9.9962 1.02413474211
-10.949 10.1693 0.489007453931
-10.46 10.1666 1.5712539992
-9.0517 10.8634 1.0027359822
-9.2153 9.8741 1.17995018963
-9.5264 11.0123 14.8271621037
-11.9327 25.6429 0.319875757131
-11.9482 25.3234 1.96133185871
-10.3507 24.1855 1.28718723191
-9.2591 24.8676 7.06272562825
-11.844 18.2949 2.69560896459
-10.2977 20.5029 2.19280359358
-8.4039 21.6083 0.584281961043
-7.8244 21.5337 1.31539658278
-7.3923 20.2913 12.5879883353
-13.6416 9.3641 4.42174105529
-12.9136 5.0027 12.6373926223
-2.3706 -1.965 0.657599916363
-2.2865 -2.6172 18.4939557375
0.9084 -20.8331 1.70582726265
2.0953 -22.0583 1.32246359496
3.3539 -22.4643 1.6077900858
5.2765 -23.2746 10.3644355124
5.2235 -12.9103 1.26510483755
6.4874 -12.9655 1.20567843142
5.9302 -14.0347 16.3167608811
-7.8307 -22.8025 5.55311395345
-2.7484 -20.5648 9.99120938125
-0.5667 -10.8147 13.8220319451
-9.6197 -0.37 9.92675665512
-7.1109 9.2345 1.8492863191
-5.2651 9.121 2.2643987723
37.3621 34.0 9.36584778864
29.0065 29.7688 1.30491023446
28.2989 28.6724 0.29653067295
28.2849 28.9686 1.39832142585
29.3789 29.8395 0.796093216904
28.6593 30.18 15.4542881874
13.212 30.6447 1.56193370218
12.0925 29.5555 3.58013216655
8.6082 30.3783 3.59362272088
5.0381 30.7888 2.79377212027
2.2506 30.9759 3.44064089524
-1.1863 31.1363 2.18949281798
-3.3637 31.3661 2.19464310083
-5.544 31.6166 3.52837408022
-8.9886 32.3809 2.96717136175
-11.9328 32.7494 0.672975281864
-12.6006 32.8327 0.759368066223
-13.3531 32.9346 1.07341314041
-14.3302 32.4902 1.54171178889
-15.8684 32.5942 2.08145793616
-17.9389 32.8075 1.98085039566
-19.9099 33.0048 1.78826629449
-21.5996 32.4193 1.73257565491
-23.33 32.3325 2.91784427617
-26.2471 32.3984 2.70817329578
-28.9543 32.471 3.06866766692
-31.8121 31.3531 3.71520758505
-35.2553 29.9577 4.47523756353
-39.6851 30.5938 11.5208079165
-51.1879 29.9499 3.228279929
-51.016 26.7262 12.3469005345
-49.388 14.4871 0.867596709307
-50.0433 13.9185 1.19365443911
-48.8497 13.9071 1.82530612227
-50.1009 12.5781 1.66705405131
-51.2245 11.3466 1.2913543317
-50.6769 12.5161 0.317161551894
-50.9697 12.3942 20.612622631
-51.5 33.0 8.36521801868
-49.8235 24.8045 1.53260899776
-47.513 13.9944 5.8756962013
-41.6474 13.6501 7.17510447659
-36.7294 8.4256 0.919020701617
-37.1583 7.6128 1.19461242669
-36.0634 7.135 0.353985451678
-35.7173 7.0607 0.713485542951
-35.7462 7.7736 6.84914436773
-37.0821 14.4912 0.885588640397
-36.2381 14.7594 19.1685676964
-19.1684 23.4806 7.04494899911
-12.1268 23.2634 0.544783736909
-11.5874 23.3398 1.0158140381
-10.5904 23.5344 1.42696687067
-9.1718 23.6887 3.07944070247
-6.1038 23.9539 1.59244479339
-4.5237 23.756 2.76920002889
-1.9369 22.7676 3.81044173948
1.7707 23.6469 2.67313686144
3.9825 25.1481 3.2076860819
6.1275 27.5331 3.91546954145
8.2453 30.8264 0.652738615374
8.7632 31.2237 2.1111179266
10.4153 32.538 0.762865977744
11.1738 32.6195 1.77559320792
12.9456 32.7355 1.41550251501
14.33 33.0306 0.661540875532
14.7612 32.5289 0.291306453756
15.006 32.371 1.90720348416
16.8883 32.6782 0.461350235721
17.3335 32.5572 0.86508404794
18.1639 32.3147 0.922053019083
19.0855 32.3436 1.21490602929
20.2926 32.4811 1.52290224571
20.2576 30.9586 12.9689378702
14.2074 19.4874 0.4596165467
14.2035 19.947 9.15824303019
20.4211 26.6712 0.547250966194
19.99 26.3341 8.56880254178
13.8654 20.3413 0.451711058089
14.3142 20.2901 0.544229041856
14.8544 20.224 0.357603201887
15.2111 20.1986 0.391609307857
15.6023 20.2165 0.830923690841
16.1976 20.7962 2.51200953223
18.6106 20.0979 1.20302231484
19.8056 20.2366 0.555418130781
20.3467 20.3619 1.34780391749
21.4339 21.1585 1.28245366388
20.2641 21.6841 0.74051498972
19.9515 21.0128 0.326793512788
20.2101 21.2126 17.9108008746
7.669 34.0 8.43059031148
12.131 26.847 14.502025462
-1.9655 23.4415 3.84736696716
1.6812 22.2152 0.527798493745
2.2077 22.2522 1.75385769377
3.8822 21.7306 0.514658877316
4.3362 21.4882 0.161256844816
4.4591 21.3838 0.223430638007
4.6356 21.5208 0.713975237666
5.1748 21.9888 0.506333615317
5.3305 22.4706 1.03302031442
4.3374 22.755 0.385209163962
3.9663 22.6517 1.16689393263
4.5227 21.626 0.496522637953
4.1564 21.9612 19.1433836677
-10.7277 34.0 15.3424110703
-21.4861 23.0617 0.454787038074
-21.2614 22.6663 1.57056026946
-20.0044 21.7247 0.282117705931
-19.8268 21.5055 1.76789857741
-18.6371 20.1978 0.398779989468
-18.7733 20.5726 0.312476975152
-18.6108 20.3057 1.3145658637
-19.9173 20.4511 0.277064126151
-20.002 20.7149 0.359559869841
-19.6579 20.8192 1.0189658483
-18.6631 21.0398 2.49179651256
-16.2636 21.7117 0.52368146807
-15.8454 21.3965 0.474535941737
-15.411 21.2055 1.2207433555
-14.2015 21.0402 2.72896354868
-11.4962 21.3988 0.694986855991
-10.9049 21.764 0.523172371212
-10.3826 21.7942 0.35653041946
-10.0801 21.9829 0.337920833924
-10.4169 21.9554 1.61032105184
-9.0844 21.0512 1.0141529717
-8.2244 20.5137 2.96116066771
-7.4253 17.6624 1.3515000037
-6.1778 18.1823 1.01318156813
-6.4786 17.2148 14.2061893898
-14.8119 5.7095 0.352899334088
-14.4956 5.553 1.30473062354
-13.2214 5.2724 2.55131952135
-10.7915 4.4947 0.572609928311
-10.7137 5.062 0.261056794587
-10.0887 4.6589 0.537233673554
-10.2308 5.177 8.36478247476
-13.2399 12.9818 0.349884795326
-12.9023 13.0737 1.13600581425
-12.0634 13.8397 2.17741962194
-10.9945 11.9427 0.439261072712
-10.6047 12.1452 0.337885084015
-10.2775 12.2295 2.87369014683
-7.5934 13.256 13.1928403689
-12.1106 25.6514 0.422095581593
-11.6974 25.7376 0.981781900424
-11.0553 26.4803 0.559285660463
-11.2579 27.0016 0.687295751478
-11.1696 26.32 0.857916435325
-11.8306 26.8669 0.929010236757
-12.3517 26.0978 0.944786774886
-11.7375 25.3799 0.544030045126
-12.2688 25.4969 19.337790298
-29.6368 34.0 11.2765204722
-20.5418 27.3336 0.389892318468
-20.8567 27.5635 0.942148507402
-20.3497 28.3576 5.9536894788
-26.0312 30.1372 2.51208589821
-24.8812 32.3706 2.32271145862
-24.2166 30.145 0.938619928406
-24.9495 29.5586 0.562865712226
-24.6161 29.1051 0.403003287828
-24.6627 28.7048 0.584024554278
-24.3945 28.186 0.5262718119
-24.4296 27.6609 1.06793275537
-24.1497 26.6303 1.03512553828
-23.4515 27.3945 1.62893865139
-23.0682 25.8113 0.350865002529
-22.7177 25.7953 1.10006352998
-21.7356 25.2997 0.548219892014
-21.5985 24.7689 0.893929326066
-20.9685 25.4031 0.258149433468
-20.7417 25.5264 1.60667909055
-20.093 24.0565 0.413185527336
-19.8178 23.7483 0.333895567506
-19.5769 23.5171 0.262088267574
-19.377 23.3476 0.448568668099
-18.9286 23.3599 2.52217671863
-16.9704 21.7703 1.85208226599
-15.685 20.4369 0.455963200269
-15.292 20.2057 2.84888195789
-13.58 17.9286 0.554272000014
-13.0612 17.7335 0.412720062512
-12.78 17.4314 1.47489260626
-11.3192 17.6348 0.256321536356
-11.0789 17.724 0.459038843672
-10.6554 17.5469 0.357063761813
-10.3277 17.4051 1.35720047893
-10.1592 18.7518 1.76101381312
-8.4041 18.896 0.344010595767
-8.0601 18.8933 1.2912837953
-7.0379 19.6823 0.792173699387
-6.4765 19.1234 2.42922780529
-5.0068 17.1892 2.84479328775
-4.0299 14.5174 1.53385634921
-4.613 13.0987 10.2572293179
-1.1188 -3.7873 0.540198898555
-1.4961 -3.4007 0.977581428833
-0.5829 -3.0518 1.17376660798
-1.2955 -3.9845 18.1719131092
-7.0046 -21.2363 2.80772377737
-9.5005 -22.5223 9.07658312032
-16.68 -28.0756 15.5575659587
-32.2184 -27.3036 19.1094072731
-51.0547 -30.5228 0.45321148485
-51.2444 -30.1112 2.33195695501
-51.3112 -27.7802 2.61333156335
-50.4487 -25.3133 12.2457269453
-47.5384 -13.5717 13.2868495683
-36.0 -20.16 10.3592672101
-29.7208 -11.9207 18.1691113426
-21.8021 4.432 19.6038014847
-12.1334 21.4856 0.631340985522
-11.5164 21.3518 2.80409945794
-8.7373 20.9782 14.3535859108
-3.1288 7.7657 7.11702917586
3.8035 6.1547 14.217103928
-0.3714 19.745 1.02780358046
0.222 18.9058 10.2031151895
4.2254 9.5209 1.05571758061
5.1729 9.0553 0.901186262656
4.6267 9.7721 18.3669018566
-9.1167 21.9566 1.29191170751
-8.0248 22.6471 8.25158197257
-2.1004 16.9034 12.2831023085
7.8502 9.702 0.59210499069
8.4118 9.5144 1.33470771332
7.3736 10.3532 10.141849043
-0.6988 16.4927 3.97537375853
-4.6562 16.1151 0.92166538939
-5.1259 16.9081 9.77692641785
-6.5766 26.5768 0.91579651124
0.0 0.0 3.89938584139
3.8937 -0.2105 2.8701974514
1.0247 -0.1276 2.62329115616
-1.5813 0.1731 0.601428108754
-2.1754 0.2667 1.34467318334
-3.4633 0.6533 1.03282224995
-2.4325 0.7179 0.366041432081
-2.6848 0.9831 13.0878782176
5.7802 -8.9987 0.602851764533
6.1482 -9.4762 0.97941287004
5.1893 -9.6756 1.28901036846
5.235 -8.3874 15.3672752774
2.7389 6.7758 0.876437333755
3.1705 6.013 0.344143356757
3.5013 6.1079 1.60781245486
2.4821 7.3514 26.0742850122
-10.493 29.9681 2.46507187928
-12.8406 30.72 3.04517895205
-15.8832 30.8453 1.10659669709
-15.0724 31.5984 0.831565661869
-15.8732 31.3743 2.68552033133
-18.4904 30.7724 11.2196176196
-29.6801 29.9536 18.9813150951
-48.5626 28.0193 5.66837234133
-49.3558 22.4067 2.99706505935
-50.5297 19.6491 1.3359122314
-51.0615 18.4236 9.61812040734
0.0 0.0 6.83850521752
-1.904 6.5681 1.14302177145
-1.6889 7.6907 14.6236401877
-0.2892 22.2472 0.892004226447
-0.4177 23.1299 1.28231712926
-0.8448 21.9208 19.2359774761
-5.8213 3.3397 14.0039246963
-5.8476 17.3436 1.82958708183
-4.1368 16.6951 0.566033161573
-3.6863 16.3524 1.85396485943
-2.4966 14.9305 1.91270235269
-0.8436 13.9682 2.74287106697
1.2464 12.1919 1.3935483917
2.0028 11.0215 0.345034027307
2.042 10.6787 3.41759562851
3.4328 7.5569 0.955665595279
4.3776 7.7006 0.732511112544
3.6849 7.9388 0.377324184224
4.0322 7.7913 0.629919812357
4.1413 7.1709 0.193353381144
4.2085 6.9896 0.980877739578
3.9168 7.9261 0.63342615197
3.4393 7.5099 22.9883521726
-9.5682 -11.4445 0.976429808025
-8.6191 -11.6739 0.425063254116
-8.2272 -11.5093 0.637985775704
-7.642 -11.2552 1.23274672987
-6.5405 -10.7017 0.9713735018
-5.5967 -10.9315 2.35748434777
-3.2409 -11.0206 1.20247113895
-2.1079 -10.6178 7.85279326673
-7.4779 -16.3475 3.81739205872
-4.6297 -13.8058 2.23492052655
-2.9273 -12.3578 10.079055736
-6.9311 -3.1081 1.72366035227
-5.876 -1.7451 2.14904165618
-4.2862 -0.2991 13.4570893543
-5.6112 13.0926 0.706171721326
-5.7887 12.4091 9.59521680109
-6.6498 2.8526 0.549058439513
-7.1964 2.9045 8.99805357841
-13.452 9.3723 0.603913280198
-12.8705 9.2093 0.387710613731
-12.4849 9.2497 0.337798786262
-12.2228 9.4628 0.322725719458
-12.0886 9.7563 1.04440731518
-11.3376 10.4821 0.423917468383
-11.0777 10.817 0.709933046139
-10.6839 11.4077 0.439863490188
-10.3406 11.6827 0.233644687506
-10.2016 11.4949 0.145785870372
3.6406 9.2654 0.493244138333
3.2559 9.5741 1.38070799954
4.5892 9.2154 6.30492096382
2.3848 15.1224 2.66095764153
-0.2271 14.6138 0.508175914423
-0.6561 14.3414 11.239525131
-10.4482 8.824 3.03890930598
-13.4558 9.2591 0.638008032865
-19.8402 9.808 0.686944138923
-20.0966 9.1707 9.31557677066
-20.2885 -0.1429 0.479963331933
-20.0093 -0.5333 1.63610814129
-19.0041 -1.8242 1.98733128592
-17.6199 -3.2502 12.5547678214
-16.4931 -15.7543 0.602634590776
-16.3302 -16.3345 1.88843308857
-17.0229 -18.0913 0.621018679268
-16.4023 -18.0685 0.504265822756
-16.0192 -17.7406 0.497711321953
-15.5222 -17.714 0.385243676132
-15.1372 -17.7003 1.31069279772
-14.3241 -18.7283 2.51932040439
-11.826 -18.402 0.611276933967
-11.2553 -18.621 0.464220906466
-10.8209 -18.7847 0.298945229097
-10.7422 -19.0731 1.74300689901
-9.027 -18.763 0.736933572312
-8.924 -18.0333 2.31761723544
-7.5601 -16.1595 1.00874274223
-8.1357 -15.3311 9.45684749639
-9.2573 -5.941 2.90149968465
-6.4092 -5.3869 1.44067184674
-6.1188 -3.9758 1.01855604657
-5.1409 -4.2607 0.153410592855
-4.9893 -4.2842 1.90435323667
-3.0912 -4.4384 0.698763837072
-2.9935 -3.7465 0.926734875787
-2.5602 -2.9273 0.38837663421
-2.7277 -3.2777 11.5371411103
-8.8877 -13.0327 10.8440981718
-8.2377 -23.8573 0.145226788163
-8.1898 -23.9944 1.08239885902
-7.4978 -23.1621 7.18739914086
-11.2307 -17.0201 0.463220249989
-10.9937 -17.4181 1.90432867174
-9.3557 -18.3894 0.723627148468
-8.6337 -18.3409 0.725917488424
-8.1215 -18.8553 0.231657009391
-7.8911 -18.8794 0.162487322582
-7.7288 -18.8872 0.877413254972
-7.0467 -18.3353 1.96344347767
-5.1897 -17.6976 1.9040266516
-3.8427 -19.0433 10.1917335802
-11.1243 -26.1742 1.9310622077
-9.1961 -26.2793 12.5096713582
2.8689 -29.585 3.08003222061
5.2707 -31.5132 1.92716351667
7.0298 -32.3003 1.16554982733
8.0794 -32.8071 0.491995701201
8.5405 -32.9787 1.10906895187
9.5692 -33.3932 0.821437033497
10.3906 -33.3854 0.694752401939
11.0835 -33.4361 0.196724426546
11.2238 -33.574 0.277901799203
11.5017 -33.575 0.403110716801
11.9025 -33.6181 0.0497113669094
11.9496 -33.634 0.0948119190819
12.0423 -33.6141 0.0045
12.0468 -33.6141 0.00596824932455
12.0417 -33.6172 0.0164003048752
12.0266 -33.6236 0.00734982993
12.0195 -33.6255 0.334771578841
11.71 -33.7531 0.0578674347107
11.764 -33.7323 0.282069796327
12.0279 -33.6327 0.0392210402718
11.9981 -33.6072 1.27701207903
10.783 -34.0 13.5404483862
0.1987 -25.5551 11.55650893
6.2115 -15.686 0.899343371577
6.8926 -15.0987 1.0783135212
6.3804 -16.0476 11.4732225835
3.4282 -27.1345 0.360814772425
3.2045 -27.4176 8.29519425029
-3.7358 -22.8742 4.43844977554
0.6071 -21.9582 1.04581100587
1.3636 -22.6803 5.84277849828
0.1283 -28.391 0.551520017769
0.5696 -28.0602 0.453588591126
1.019 -28.1217 0.713354231781
1.7239 -28.2312 0.967460283423
1.1521 -27.4508 1.40299581254
2.4686 -27.9358 7.88832130431
9.3356 -24.0538 1.31034180655
10.0329 -22.9444 0.86297287327
9.1702 -22.9661 1.80443366462
10.7605 -23.8187 0.210727715311
10.9421 -23.7118 1.20188356341
11.9802 -24.3175 0.446461330912
17.0661 -24.1114 0.757964972805
17.812 -23.9767 0.919274028786
16.8977 -24.0722 1.08191963195
17.9605 -24.2747 1.07834544558
17.0044 -23.776 24.3094074683
6.6533 -1.7805 22.9927999461
3.1027 20.9365 3.36598002519
-0.168 21.7317 9.68481004512
-4.5936 30.3462 2.73126597936
-7.3243 30.2906 2.54886635585
-9.8524 30.6153 1.58952415836
-11.4416 30.6474 3.43345040739
-14.8625 30.9407 1.04202411201
-15.0794 29.9215 9.65489113869
-24.1337 33.2736 1.13996595125
-24.2023 32.1357 1.26761913839
-25.3605 32.6509 2.67075818823
-28.0022 33.0438 3.14796420723
-30.3369 30.9322 2.76721568549
-33.083 31.2734 4.0153038565
-37.0825 30.9175 4.72757087731
-41.7897 30.4791 7.42628598022
-49.1482 29.478 2.83734049596
-50.7312 27.1233 3.43430204408
-51.1059 23.7095 10.3645957857
-47.7017 13.9199 3.69174402417
-40.8239 6.1897 15.0923081035
-25.9024 3.9255 1.26727242533
-24.6356 3.9601 10.5671754244
-14.0762 4.3654 5.7291000384
-8.352 4.1285 4.79502002081
-3.5698 3.7781 6.12779640817
2.5251 3.144 0.912212003868
3.4358 3.1965 2.00118708021
5.434 3.3058 0.864899213782
6.2127 2.9294 0.578158499029
6.6361 2.5357 0.632845273349
6.5266 1.9124 1.1408696376
6.5883 3.0516 21.319036091
7.9779 24.3253 3.36804730519
10.0383 26.9896 3.49706534111
12.4097 29.5598 2.94072100003
13.9241 32.0806 2.73179452375
16.4227 33.185 1.22408738659
17.5834 32.7962 1.01641516124
18.5997 32.8115 0.451199379432
18.9819 33.0513 0.291881928183
19.2084 33.2354 0.354285209965
19.556 33.3039 0.151026918131
19.7063 33.2891 0.450719569134
20.1506 33.3649 9.88052422597
22.8673 23.8652 1.33914129202
24.1635 24.2016 2.60202623546
26.6978 24.7914 15.8797851598
41.9892 29.074 7.33360934943
45.0492 22.4093 4.07402059519
47.4758 19.1368 1.21138311446
46.6467 18.2536 11.6173241261
40.0703 8.6769 1.29910466476
40.8845 7.6646 0.60209182024
40.7229 8.2446 0.790804564984
40.4648 8.9921 0.532998949342
39.977 9.2069 1.2138836394
40.9788 8.5214 5.94872511552
0.0 0.0 10.6582136636
7.7625 7.3035 0.55168179234
7.3293 7.6451 9.20448527621
-0.9873 3.7009 1.12326811136
-1.952 4.2763 2.96356729804
-3.9323 6.4811 3.66418041313
-6.1322 9.4114 16.7754654543
-9.0847 25.925 2.95699182278
-11.2755 27.911 1.9229883827
-12.4931 29.3994 2.54377881114
-14.5721 30.8652 1.39238253724
-15.6218 31.78 3.28363919151
-18.8103 32.5647 1.75620121854
-20.5579 32.7383 3.98059674923
-24.5381 32.6821 12.7263495948
-37.2101 31.5072 14.5822734702
-51.1021 27.0738 0.892463943249
-51.3054 27.9428 0.993542842559
-51.3927 26.9531 13.2053485558
-36.0 20.16 6.70560274994
-31.8882 25.457 0.541577039764
-32.4282 25.4983 2.71208339842
-30.6388 27.5363 1.73183584672
-29.8756 29.0909 1.96803400631
-28.9284 30.816 0.50319877782
-28.4458 30.6735 17.0236620517
-11.4284 31.1352 0.603333779926
-10.8358 31.2485 0.509740522227
-10.3276 31.2881 2.10191235783
-8.2726 31.7297 4.13099583394
-4.2809 32.7934 0.303906449422
-4.4337 32.5307 2.43471112866
-2.0825 33.1629 2.88355354554
0.7287 32.521 0.891479489388
1.6195 32.5558 0.386134497293
1.9999 32.4895 1.32637067594
3.034 33.3201 2.78073363162
4.8008 31.1728 2.17421169622
6.6799 30.0791 0.296005168874
6.919 30.2536 1.03376791399
7.9371 30.0743 1.26188979709
6.6996 30.3212 9.76176932528
-3.056 29.9742 10.1357568124
-7.9806 21.1152 0.649001733434
-7.4416 21.4767 0.284081291183
-33.081 34.0 13.50556856
-29.5147 20.9738 0.251810742424
-29.5044 20.7222 3.31218556243
-32.1666 18.7516 1.28121223847
-33.3514 19.2392 5.97625839468
-35.4152 13.6306 13.2110529198
-44.5222 23.2011 5.05568689794
-49.5523 22.6931 3.14317983259
-51.2084 20.0216 0.922326910591
-50.2862 20.0369 0.335274693349
-50.5078 19.7853 0.131937636783
-50.6305 19.7368 1.25510592382
-51.8017 19.2856 0.098559728084
-51.7046 19.2687 0.298687344894
-51.9808 19.155 1.12513599622
-50.8557 19.164 1.47413461054
-51.4084 20.5306 0.262168209362
-51.3208 20.2835 0.741182251541
-51.9816 19.9478 0.571958914608
-51.7064 20.4492 0.620390820371
-51.9098 19.8631 1.59955041809
-45.8591 6.3527 2.5919070373
-23.7483 19.8544 12.0479644243
-13.0229 25.3425 0.765611663965
-13.7048 25.6906 1.22633902327
-12.0573 15.0247 0.917373844188
-11.3187 14.4806 14.553189952
-4.903 1.4179 20.1328202408
-2.8689 -18.6119 5.26838151997
-0.3961 -23.2639 3.06348272722
1.6678 -25.5278 0.803181928333
2.3114 -26.0083 0.503582307076
2.6889 -26.3416 4.16052459313
5.2181 -29.6451 0.626047442292
5.6829 -30.0645 0.499233061806
6.0622 -30.3891 0.301436643426
6.3636 -30.3938 0.214000584111
6.5776 -30.3943 0.344560662293
6.7949 -30.1269 0.245359837789
6.9446 -29.9325 0.190703565777
7.0687 -29.7877 0.136825618946
7.1498 -29.6775 1.88618995067
9.0001 -29.3113 0.693004184692
9.1327 -29.9915 1.05229810415
8.17 -29.5666 0.406687127901
8.4639 -29.8477 5.77013334768
12.4705 -34.0 18.3004820857
11.6134 -15.7196 0.587417892135
11.7321 -16.2949 15.0001275601
5.7002 -30.0288 0.694471540094
6.3926 -29.9752 0.611267576434
6.9413 -30.2446 1.15264076364
5.873 -29.8118 15.9607456599
-6.4839 -19.7097 13.0501552224
-7.6857 -6.715 17.1983528412
1.3997 7.8877 1.18754516967
2.5244 8.2689 1.57264935698
2.3578 6.7051 19.5650168725
-4.4943 -11.6208 0.125635544334
-4.5393 -11.7381 0.212490988044
-4.4234 -11.56 1.5591792328
-5.5296 -10.4612 3.65191858754
-7.9947 -7.7668 0.381821489704
-7.8286 -8.1106 3.4959276437
-6.1151 -11.1578 0.844583731787
-6.5189 -11.8996 1.14122195913
-5.4223 -11.5836 0.194056924638
-5.5895 -11.6821 1.06205243279
-6.2944 -12.4765 0.157749484944
-6.4115 -12.5822 0.694477645429
-5.7551 -12.3554 0.282375158256
-5.4768 -12.4032 5.22675695245
-7.3178 -17.295 1.0783651747
-7.5669 -16.2458 12.7068382322
-12.5488 -4.5563 0.566891956196
-12.0556 -4.8358 0.89526014655
-12.1163 -5.729 0.523968825409
-12.6401 -5.7157 1.20283896262
-13.0372 -6.8511 4.82731703641
-12.8556 -11.675 10.0740745664
-7.2057 -20.0156 14.4355919522
4.4394 -28.5466 0.720518660411
5.1589 -28.5083 0.299050497408
5.4133 -28.6655 1.77262680788
6.5845 -29.9961 3.80473057653
8.9215 -32.9985 0.168343102027
9.0347 -33.1231 0.48805902307
9.4947 -33.2862 11.6824953691
-0.8656 -27.8876 9.55394239097
-4.0036 -18.8637 8.26072816766
-4.9451 -27.0706 1.79039437555
-3.8242 -25.6745 0.220424431495
-3.6289 -25.7767 0.971833879837
-3.7654 -24.8145 1.44105773653
-5.0302 -24.1239 5.07663196421
-4.1869 -19.1178 0.55229455909
-4.3817 -19.6346 0.276709305951
-4.6577 -19.6544 3.40857167887
-5.1577 -23.0261 0.879642131779
-5.6619 -23.7469 0.995004929636
-4.6984 -23.9953 0.722810694442
-4.0917 -23.6024 2.06882599558
-2.1285 -22.9498 0.261134543866
-1.91 -23.0928 0.383697302571
-1.6241 -22.8369 0.115412520985
-1.5535 -22.9282 0.159947022479
-1.4371 -22.8185 0.317226559418
-1.1701 -22.9898 1.60276610895
0.4247 -23.1494 1.3696324507
1.757 -23.467 0.412325078063
2.1381 -23.6244 0.366026911579
2.4592 -23.8001 0.776810305029
3.2335 -23.8625 0.509689415232
3.7312 -23.7526 0.917515307774
4.6487 -23.7579 0.514866992533
4.7186 -24.268 0.405499704069
5.1237 -24.25 22.9932377383
-15.7 -34.0 6.61943572897
-17.7156 -27.6949 0.359729912573
-17.3656 -27.6118 1.34653322276
-16.4352 -26.6384 1.08728576281
-17.3029 -25.9832 0.867694992494
-16.6617 -26.5678 0.932586124709
-17.3495 -25.938 0.775206146776
-16.5771 -25.8721 0.156080107637
-16.4237 -25.9009 0.482314720903
-16.828 -26.1639 1.7752673179
-15.8467 -24.6845 1.90620488406
-13.9652 -24.3786 0.363819433236
-14.1535 -24.0673 0.426689078838
-13.8581 -23.7594 0.0168047612301
-13.8585 -23.7426 1.18437631266
-13.0483 -22.8787 0.601484671459
-12.5542 -22.5357 0.386381689525
-12.1947 -22.3941 1.11614917462
-11.108 -22.1394 1.25081092496
-9.8589 -22.074 9.48497565838
-8.7171 -12.658 0.205169978311
-8.6835 -12.8604 1.58014823672
-7.1089 -12.9927 0.762990039253
-6.8181 -12.2873 1.21033050445
-7.2349 -13.4236 13.0805403963
-6.0964 -26.4545 1.03258365279
-5.5368 -27.3223 1.1547053044
-5.5333 -26.1676 11.1177805024
-4.432 -15.1045 0.518860462938
-4.0103 -14.8022 12.098018689
-10.3819 -4.518 1.96234664624
-8.5525 -3.808 3.95898704216
-4.6309 -3.2652 1.3558173402
-3.2838 -3.4187 0.868974798254
-2.552 -2.9501 1.35811270519
-2.2426 -4.2725 1.12926240086
-1.136 -4.0474 0.722601916687
-1.6692 -4.5351 0.354345946781
-1.656 -4.181 11.8522067418
-11.0552 -11.4011 3.39657557696
-7.6671 -11.6409 12.9780069179
-11.9481 -23.8925 1.69760683905
-10.8584 -22.5908 0.554911812814
-10.877 -22.0362 0.947261531996
-10.1591 -21.4182 0.166316445368
-9.9991 -21.3728 0.0254466107763
-10.0139 -21.3521 1.0536725535
-9.7571 -20.3302 0.792759887986
-10.4741 -20.6684 0.645717190417
-9.9728 -20.2614 0.347608299671
-9.7735 -19.9766 0.156595338373
-9.6964 -19.8403 1.43027053735
-10.1773 -21.1873 0.586986763053
-10.1534 -21.7738 1.01802382094
-9.1919 -21.4393 1.11854661503
-9.6276 -20.4091 2.68440439018
-10.3714 -17.8298 1.17710919205
-9.854 -18.8871 2.16377834586
-9.6672 -21.0428 0.480584154961
-9.5119 -20.588 1.70404963543
-8.2829 -21.7684 0.632017824116
-7.6592 -21.6662 0.438359897801
-7.244 -21.5256 0.21770186035
-7.2449 -21.7433 0.501824929632
-6.9554 -21.3334 0.37768692061
-6.7708 -21.0039 0.633023704138
-7.2593 -20.6013 0.568663002137
-7.6962 -20.2373 0.337911290134
-22.893 -34.0 6.57913217985
-27.8612 -29.687 2.43199674547
-29.9763 -30.8874 2.08872206145
-32.065 -30.8778 0.603627600429
-32.5022 -30.4616 6.31073948282
-38.5771 -32.1707 10.3719208568
-48.9426 -31.8058 3.68813354015
-51.09 -28.8073 0.825727763854
-24.9256 -2.0834 0.683655476099
-24.2561 -1.945 7.72426802357
-28.6832 4.3847 1.38305931182
-28.5991 5.7652 20.1173696193
-12.8313 18.2586 2.09470121974
-10.8299 17.6404 0.930979940708
-9.9566 17.3178 1.3683710754
-8.7588 16.6562 1.21450864139
-7.6056 16.2752 3.5992189875
-4.124 17.1878 0.866002794453
-4.1218 16.3218 6.38934103801
-4.0989 9.9325 16.185616683
-1.9859 -6.1146 0.386054206038
-1.895 -5.7394 9.02763350275
-2.5735 3.2627 0.495071732176
-2.8796 2.8736 20.2562531444
-14.7428 -13.5453 1.55697410704
-13.4147 -12.7327 0.53954960847
-12.9174 -12.5234 0.0
-12.9174 -12.5234 0.690363998192
-12.9268 -13.2137 0.0
-12.9268 -13.2137 1.82980320527
-11.9177 -14.7401 0.547712524962
-11.3776 -14.6491 2.11504178919
-11.4297 -12.5347 1.09687277749
-12.3007 -11.868 1.37707239098
-12.0798 -34.0 4.94614417097
-16.6728 -32.1646 2.95221659944
-17.3899 -29.3008 2.20036266556
-19.5804 -29.5089 1.01380126258
-20.5634 -29.2609 1.64635627979
-22.1584 -28.8529 1.00472268811
-21.1956 -28.5657 7.96835594147
-25.8636 -22.1078 0.540279279632
-25.3319 -22.2037 13.2056347704
-19.3959 -34.0 7.15336631314
-24.8704 -29.3956 2.18901731606
-26.8369 -28.434 4.15875320258
-30.7763 -29.7668 1.13853885748
-31.7356 -29.1536 3.45403312231
-35.1547 -29.6436 4.83713199427
-39.9899 -29.5069 8.60334759033
-48.5723 -28.9069 1.14227733935
-48.7609 -30.0335 4.09648055897
-50.6476 -21.9018 0.41698414838
-50.5179 -21.5055 0.684145613156
-51.202 -21.5134 0.678000737463
-50.536 -21.3864 0.746838382784
-49.9321 -20.947 8.91032577687
-44.2768 -14.0614 8.68144966293
-37.6264 -8.4811 1.11803331346
-36.5284 -8.6918 19.3285801819
-17.3988 -5.9255 3.17397005814
-14.2676 -6.4448 5.00742586365
-9.3043 -5.7815 7.7565476573
-1.5527 -5.5045 1.0035001146
-1.6455 -6.5037 18.7917901931
3.0624 -24.6962 0.697151518682
3.5906 -25.1512 0.474665124061
3.9049 -25.5069 3.51759033004
5.6646 -28.5527 3.84670685132
8.0778 -31.5483 0.621131910306
8.6984 -31.5226 0.292016455016
8.7015 -31.8146 1.23052994275
7.946 -32.7859 0.49778686202
8.441 -32.7333 0.413587536079
8.7597 -32.4697 0.534738160224
8.8576 -31.944 10.258488299
14.5433 -23.4053 0.550639855078
15.0878 -23.4873 0.495638779758
10.2417 -30.0083 0.717570177753
9.5247 -30.0369 9.99054185217
-0.4044 -28.9306 3.90645510022
-4.0305 -30.3838 4.02659433517
-8.039 -30.0025 3.47384628618
-10.1061 -32.7944 1.11389519256
-9.8184 -33.8705 1.31765557336
-10.7873 -32.9775 4.45138770722
-15.2339 -32.7711 11.205896625
-26.3718 -31.5385 9.46148329175
-35.813 -30.9193 2.07217717631
-37.8646 -30.628 1.8125562612
-39.677 -30.6042 1.78499761905
-41.4133 -30.1901 1.09554606019
-42.5044 -30.0915 1.67250086398
-44.1461 -29.772 0.818132244811
-44.9007 -29.4559 2.14224301609
-46.8274 -28.5194 0.993757138339
-47.2509 -29.4184 1.08803165855
-42.6266 9.9064 10.2207472706
-32.4227 9.3198 2.82960464553
-29.6148 9.6696 1.02448203986
-29.9081 8.688 0.897548773048
-29.5495 9.5108 0.082287301572
-29.6231 9.474 11.1003062057
-30.83 20.5085 19.3465778788
-14.6891 31.1744 0.247567788696
-14.8657 31.0009 0.5643283087
-14.3995 30.6829 0.494366766682
-13.9116 30.7626 0.853883610336
-13.0717 30.9165 1.390661713
-11.9097 31.6805 1.44561353411
-10.5454 32.1585 2.63568933109
-7.9098 32.1802 1.60348921106
-7.7624 30.5835 1.49686670081
-7.528 29.1051 0.791153695561
-7.8076 29.8452 0.861747178702
-7.556 29.021 2.73474756605
-6.3813 26.5514 1.98223668617
-4.4135 26.3126 1.07493520735
-3.3386 26.3213 2.08085392568
-1.2627 26.1778 2.17855298995
0.9156 26.211 8.02526362246
8.5186 23.6421 0.871710760516
8.9964 22.913 10.3030776494
7.662 12.6967 0.552081533834
8.2129 12.7328 1.76786856129
9.4863 11.5065 0.732085514131
10.1549 11.2083 0.752567937133
10.4274 10.5068 0.73209466601
10.734 9.842 0.636360212458
11.2434 9.4606 0.208070084347
11.2488 9.2526 0.337982913769
11.5755 9.166 0.245413467438
11.8119 9.1001 0.784063269131
12.5958 9.1161 0.8222000973
12.8264 8.3269 1.12149923317
13.3217 7.3207 1.58595723145
13.0952 5.751 24.6004572417
-1.9473 -13.7145 8.66768833081
-8.3557 -7.8783 13.5068378835
4.6962 -4.4023 0.218734268006
4.9124 -4.3691 0.828968913772
5.0579 -3.553 1.37039130543
3.9916 -4.4138 13.9310846742
-5.0118 -15.0446 1.06312964873
-5.8742 -14.4229 0.905513566988
-6.1391 -15.2888 0.361541546714
-5.8961 -15.0211 0.290684794924
5.1649 -3.3059 23.0867806307
-3.8393 17.9526 3.82878018434
-6.713 20.4827 2.17877975252
-8.049 22.2038 1.82158242471
-9.3647 23.4636 1.38107106986
-10.479 24.2795 1.75282789229
-11.8781 25.3354 1.62453048294
-13.1429 26.3549 3.81234850715
-15.9694 28.9132 2.01466721818
-17.4914 30.2332 3.54506928
-20.0448 32.6924 4.24319940847
-24.2179 31.9243 5.22269842227
-29.3499 30.9552 8.99840086349
-38.2652 29.7351 1.32705955028
-39.5629 29.4575 2.54001865544
-42.0043 28.7566 1.07041816595
-43.0675 28.6325 0.940970801885
-43.9856 28.4263 1.00601563606
-44.9891 28.3552 3.50440355267
-48.479 28.0367 0.1995732447
-48.4912 27.8375 0.0836465181583
-48.4269 27.784 0.199634190458
-48.4764 27.5906 0.09517236994
-48.4311 27.5069 0.594134908922
-48.6501 26.9546 1.58304872003
-49.9383 26.0345 0.752221144345
-50.2979 25.3738 0.720240529268
-50.5928 24.7167 0.736618897395
-50.8976 24.0461 0.657043940692
-51.1981 23.4618 0.633557613797
-51.1292 22.832 1.02125513463
-51.1114 21.8109 0.572167082241
-51.5735 21.4735 0.123164808285
-51.4781 21.3956 0.756131370861
-51.9865 21.9553 1.7488660612
-51.3484 20.327 0.958577200856
-51.0323 18.3238 20.2088866126
-36.8887 3.8892 0.0989954544411
-36.925 3.9813 0.0840457613446
-36.9563 4.0593 10.2571902181
0.0 0.0 10.1363140885
-3.1357 9.6391 0.273474386369
-2.9627 9.4273 0.248641830753
-3.0051 9.6723 0.946162739702
-3.8779 9.307 0.0976238700319
-3.9008 9.4019 7.4121326054
-11.1028 7.6495 0.601851975157
-10.6456 8.0409 7.77996619594
-3.0957 9.9189 0.622971588437
-3.6745 10.1493 7.01377995449
-10.6675 9.6098 0.440222046245
-10.2702 9.4202 0.80490660949
-9.5938 8.9839 4.09660017576
-5.4972 8.9851 0.913990552468
-5.9485 9.7799 17.0423717801
-19.9427 19.5064 0.374389970485
-20.2971 19.6271 0.149970563778
-20.1472 19.6317 0.533294824651
-19.9436 20.1246 1.30391256225
-19.5722 18.8747 17.9194245089
-19.639 0.9554 0.654891418481
-19.0109 0.77 2.35387806821
-16.7145 1.287 1.15847294315
-15.6011 0.967 0.916437368291
