0.0 0.0 7.5296718129
-2.804 6.9881 0.655351508734
-2.3388 7.4497 1.3439062951
-2.2711 6.1075 12.2046045884
-2.8761 -6.0821 0.361255159133
-2.7434 -5.7461 11.0090663819
-7.654 4.1071 0.802423553991
-8.2556 3.5761 9.76866460167
-9.3127 -6.1352 10.0098710626
-11.7564 3.5718 0.784501249202
-11.755 2.7873 8.83971949612
-12.9291 -5.9741 1.72733506014
-11.2036 -5.8945 2.09012854389
-10.1149 -7.6787 2.67440558069
-7.6024 -8.5951 6.31288982717
-2.6078 -4.7342 0.296425538711
-2.3325 -4.8441 1.47078527665
-1.2028 -3.9023 9.08927652676
-10.1741 -5.362 7.08551994211
-3.2038 -4.0894 0.392946739394
-2.9105 -4.3509 0.0583216083454
-2.8559 -4.3304 7.90451343031
-10.213 -7.2208 2.33563442773
-8.0137 -8.0071 0.489835339681
-8.0572 -8.495 1.38022265233
-6.6771 -8.5134 8.98843832765
-0.4842 -15.028 1.18621976042
0.3152 -15.9044 20.7703112093
13.8279 -31.6782 8.68618809951
22.5122 -31.4971 13.2345428002
35.2845 -28.0299 4.92207666844
39.9492 -26.4591 1.60668847011
41.242 -27.4131 0.439409262533
41.5551 -27.7214 1.34769850115
40.331 -27.1576 8.60548059843
33.1693 -22.3864 2.50804139719
35.1282 -20.8202 0.316757273003
35.3071 -20.5588 0.673476428689
33.0796 -24.0164 1.21384447109
31.9868 -23.488 25.0161171444
13.4815 -6.6547 0.208207300544
13.4107 -6.8505 3.78705380474
9.6453 -6.4461 6.20619913071
4.6616 -2.7475 4.75566248172
-0.0892 -2.5325 3.19682933702
-3.2582 -2.1116 3.49695854422
-6.2791 -0.3501 2.13133584871
-8.0596 0.8214 0.201223184549
-8.1642 0.9933 1.15611610576
-7.0756 0.604 4.78298263534
-2.3371 -0.0468 0.682746292557
-2.4036 -0.7263 1.31352256928
-2.4113 0.5872 21.9899535843
-9.0655 21.5462 8.10473796862
-1.7282 18.1037 9.70269348583
-9.9184 23.3059 0.98349111333
-10.5345 24.0725 2.30699771998
-9.8407 26.2727 4.52233977605
-12.8148 29.6795 2.95677776811
-14.2802 32.2476 2.86417340432
-17.1347 32.4828 8.92772623348
-11.922 25.2349 0.297214165208
-12.1971 25.1224 10.812037352
-20.3144 32.2645 2.35026535098
-22.6633 32.3446 2.69701095474
-25.3461 32.6211 4.68403044503
-30.0297 32.5576 0.931818356763
-30.9168 32.8428 2.26691104589
-33.1363 32.3816 14.0747485509
-47.0009 29.9585 3.7336011209
-47.723 13.6868 19.6014567829
-32.4954 1.3443 0.876880436548
-41.1097 -0.7453 0.967282673266
-41.2441 0.2126 0.223770283997
-41.1006 0.3843 1.10359695995
-40.4591 -0.5137 15.5019883579
-29.4483 -11.4258 0.382557041498
-29.0816 -11.3168 0.316399762958
-29.3976 -11.3327 8.76186622359
-22.0372 -16.0861 0.936712447873
-22.3383 -16.9731 0.961919019461
-22.2609 -16.0143 17.511275572
-9.5269 -3.9939 25.785413902
-8.1328 21.7538 0.191497519566
-8.0571 21.5779 1.23582275833
-8.0496 20.3421 15.0000222307
-4.885 5.6797 9.01969542058
-2.1038 14.2599 4.51687319393
-1.3457 18.7127 1.06034796176
-0.5851 19.4515 1.18638619345
-0.7909 18.2831 11.8598363888
-4.1503 6.909 0.774688195341
-3.6261 7.4794 1.20066030167
-3.6511 6.279 0.945408112933
-3.3264 7.1669 15.3593081696
1.7755 21.6541 1.15961204288
2.0555 20.5288 10.8056261147
1.6417 9.7311 1.04003419655
1.7469 8.6964 0.846694496262
1.9543 9.5173 12.5149941594
5.1027 21.6298 0.982699801567
5.2164 22.6059 1.41306493128
5.3461 21.1988 7.21318982143
6.7279 14.1192 6.48192130853
3.8827 19.9433 0.994885420538
4.8655 20.0979 0.355048898041
5.1579 20.2993 1.15175737462
5.5695 21.375 0.839999505952
5.9084 20.6064 14.6898236375
-8.7441 21.6529 0.65748129251
-8.6795 20.9986 4.85077536483
-8.2225 16.1694 1.18910764862
-9.1641 15.4432 0.355241959796
-9.0635 15.7839 0.644654799098
-8.4369 15.9354 0.316718486988
-8.1251 15.991 0.275155029029
-7.8749 16.1055 2.18686209213
-6.9583 14.12 0.355037040321
-6.6232 14.2373 0.124546938943
-6.7469 14.2228 14.37981781
-8.6681 28.4737 0.614053947141
-8.772 27.8685 8.98810364871
-10.6468 19.0781 0.174018677159
-10.7261 19.233 1.24733213299
-9.6617 19.8833 8.77243155003
-9.4428 28.653 1.21615436931
-8.8137 29.6938 0.646295319494
-8.6977 30.3296 0.445756446953
-9.1062 30.1512 0.792180598096
-9.5905 29.5243 1.4157427344
-8.1748 29.5353 8.83108813511
-10.7022 21.0736 2.86241427645
-7.9297 20.3618 9.27450845328
-7.628 29.6314 1.21524226803
-7.1376 30.7433 0.98529135285
-7.4552 29.8106 10.5435870372
-6.8821 19.2826 6.31859019481
-2.081 23.3904 0.67795016041
-1.4561 23.6533 11.6652736967
7.7928 30.7622 0.882497847023
8.569 31.1821 0.755806284705
9.2407 31.5286 0.421259741727
9.6471 31.6395 1.68730798908
10.8207 32.8518 1.21923584675
11.9861 33.2101 0.813145067008
12.7988 33.237 0.365480286746
13.106 33.039 0.211990683758
13.2718 33.1711 0.324396316255
13.5237 32.9667 0.466262211636
13.7266 32.5469 0.334513019179
13.888 32.2539 3.40937033776
10.9597 34.0 16.181079747
-1.85 24.1137 0.663347751937
-1.3432 24.5417 2.63540638233
0.7686 26.1183 0.500662800695
1.2018 25.8673 0.0609013136147
1.2014 25.8064 17.7217869914
-14.5125 34.0 18.4215765666
-18.0517 15.9216 0.799830944638
-17.2594 16.0311 0.588429452016
-17.0505 15.481 3.12512227761
-15.1035 17.9255 2.22141495673
-13.0735 18.8276 2.75017793788
-10.9348 20.5566 1.34490574019
-9.9329 19.6594 1.09156976873
-8.9999 20.226 0.429161624566
-8.6018 20.0657 0.276898898517
-8.3848 19.8937 1.37545665144
-8.737 18.5641 0.777350017688
-8.3914 19.2604 11.7684037839
0.5487 26.9135 1.35856633993
0.9032 28.225 2.73336370064
1.8916 30.7734 1.60676672233
1.4753 29.2215 19.1835546041
-3.6182 10.7265 0.932310945983
-3.5179 9.7996 1.0121732905
-3.4713 10.8107 16.8061514553
-4.1918 27.6014 0.680649763094
-3.5491 27.8255 0.363829108236
-3.311 28.1006 2.01847348509
-3.967 30.0095 1.0681289248
-4.3978 29.0321 0.347772066158
-11.716 34.0 3.85940071125
-12.5496 30.2317 1.08096520296
-12.8887 31.2581 0.231013527742
-12.9598 31.0383 0.880231390033
-13.7017 30.5646 0.880972247009
-12.984 31.0755 0.0548730352723
-12.9364 31.1028 0.298496532643
-12.9631 30.8055 7.14639722518
-5.9792 32.3208 5.13889469244
-10.7267 30.3537 5.93415225706
-4.8441 31.1342 1.0136822875
-5.7168 30.6185 4.22403861843
-9.4569 28.6553 4.90104075988
-5.0976 30.8951 4.13363865499
-8.8919 29.2549 5.37930667744
-3.5247 29.6156 5.0052837462
-8.5174 29.2609 0.440137364921
-8.0865 29.3506 4.49217358191
-3.6915 30.2799 0.194484189589
-3.8764 30.2196 2.97332237741
-6.8378 30.4856 7.68551347146
-14.5204 30.274 7.42322601367
-7.1385 29.4918 1.22432061569
-8.3489 29.6759 2.13043544141
-8.5703 31.7948 0.129164236536
-8.6267 31.911 1.26395433462
-8.3233 30.684 7.52223932749
-5.7448 23.6175 6.65474428735
-7.3156 30.0842 2.09260158893
-9.2671 30.8396 2.86501526698
-11.9323 31.8908 3.33452052625
-15.2506 31.5623 1.07781917778
-16.1803 32.1076 1.16147881599
-15.0313 31.9378 4.63118736935
-10.6166 30.5384 16.0188420537
-1.0511 17.6891 1.04764513553
-0.4739 16.8148 0.975891433511
-1.0867 17.5743 11.1497549031
-6.9351 27.0671 3.72433914943
-10.2238 28.815 6.04333995486
-15.7773 31.1984 12.7654180758
-28.3072 28.7576 18.2280854513
-46.5023 29.8537 1.12425381476
-46.8565 28.7867 13.8954390402
-46.5659 14.8943 10.0948238365
-38.3582 9.0173 1.16810464
-37.2588 8.6226 2.25499525942
-35.0219 8.9077 2.75042239847
-32.2715 8.8966 1.17753274689
-31.9339 10.0247 10.3486351511
-24.0321 16.7072 12.2037926601
-13.8773 23.4757 1.13017446883
-13.7565 24.5994 0.721130952047
-13.2753 24.0623 0.439241391492
-12.8373 24.0953 0.706277707421
-12.1319 24.1305 0.852191674449
-11.2835 24.2108 0.884254607
-10.403 24.2922 0.929852332363
-9.4736 24.3212 1.0906854817
-8.3857 24.3991 4.16406580159
-4.2261 24.2063 4.42347595563
0.0851 23.216 0.435631794065
0.5192 23.1795 0.445748909141
0.9027 23.4067 0.672859569301
1.5747 23.3727 0.838263979901
2.4126 23.348 2.98940593597
5.3919 23.5936 0.739732938296
6.005 23.1797 1.80713977877
7.4763 22.1304 2.29402856347
9.5027 23.2057 0.99445714337
10.1476 22.4487 2.02410159083
11.9843 23.2993 2.19426605725
13.7255 21.964 0.603572870497
14.287 21.7426 0.760092954842
15.0389 21.8539 0.0
15.0389 21.8539 0.573822150148
14.5264 21.5958 0.585574674999
13.9515 21.7071 0.592725568877
14.5441 21.7193 1.54354011934
16.0434 21.3524 1.38242072105
17.4178 21.2037 1.81444068793
19.1727 21.6647 1.16558840935
18.838 22.7812 6.60168611568
22.7259 28.1166 3.39384917903
24.6915 30.8833 2.36335714186
26.1298 32.7586 0.450991718328
26.5781 32.8078 0.318876433748
26.7944 33.0421 0.344063090145
27.1279 33.1267 0.414927234585
27.5373 33.1942 0.252083517906
27.789 33.2081 0.465047879255
28.2502 33.2678 0.467511850117
28.7105 33.3496 0.42257175722
30.3015 31.2289 1.21393108948
29.2005 30.7176 5.2754721656
23.9606 30.106 1.56524659399
22.4099 29.8931 2.39781506585
20.0121 29.9016 11.1674290909
12.1476 21.9731 16.8566497086
-1.2922 11.7987 3.88876873702
-4.4987 9.5985 3.11925361906
-7.4004 8.454 0.760896214999
-6.688 8.1867 1.03940647006
-7.2305 9.0733 1.14502604774
-6.9282 7.9689 18.566409399
1.6279 -8.5085 0.264955279245
1.8752 -8.6036 1.02905804015
1.2826 -9.4449 22.2829155471
-10.6466 -28.2657 0.784678386347
-11.3715 -28.5661 5.83666481477
-16.6919 -30.9661 5.3585064197
-22.0488 -30.8349 19.8388221631
-47.0 -9.16 15.5667729886
-46.0672 -24.6988 0.761662983215
-45.3245 -24.5299 0.877222189642
-45.4606 -25.3965 8.27216058476
-46.3361 -33.6222 4.89480295211
-41.4524 -33.2927 0.593930341033
-41.5527 -32.7073 10.0097272256
-40.8524 -22.7221 13.3973306662
-29.6807 -15.3274 0.56580038883
-29.2659 -15.7122 3.03432921253
-28.2938 -12.8378 1.1257550222
-27.9904 -13.9219 17.9785696539
-15.5146 -26.8673 0.398103265498
-15.206 -27.1188 0.136449038106
-15.1207 -27.0123 1.79551521854
-13.326 -26.9582 0.968545946251
-12.3846 -27.1859 1.37850203119
-11.0063 -27.1623 3.80671646698
-7.8362 -29.2698 0.970722560776
-8.4372 -28.5075 11.2922683248
-15.6586 -19.8261 0.939321164459
-16.1029 -18.9985 0.582628869865
-15.5463 -19.1707 0.45988412671
-15.1068 -19.3061 1.63318742341
-13.6558 -20.0557 1.32312561006
-12.4855 -20.673 11.6302082703
-3.3884 -27.919 0.313113988828
-3.3018 -28.2199 1.67480454083
-3.767 -26.611 8.96731287733
-7.854 -18.6292 0.37404043899
-7.5416 -18.8349 11.3442708029
1.8238 -12.4332 8.88274287481
-6.7309 -14.8249 0.266686501346
-6.5749 -14.6086 1.42950840851
-5.7326 -15.7636 15.7363524659
4.3316 -27.8609 0.983526918798
5.1278 -28.4383 1.47815014799
4.6063 -27.0552 4.71145009631
3.8387 -22.4067 0.0807297962341
3.8016 -22.335 0.227906318473
3.7368 -22.5535 0.202186967928
3.5494 -22.4776 13.6638219434
-6.0727 -12.7763 1.03344904567
-6.4645 -13.7326 16.2725850131
-11.4096 -29.2356 3.02972284541
-10.6402 -32.166 2.90518000991
-7.8387 -32.9352 0.517042212977
-7.382 -33.1776 0.523416134639
-6.8742 -33.3045 0.569282082978
-6.3702 -33.0398 1.28648979786
-6.7158 -31.8006 11.9822587107
-10.8267 -20.5456 0.426286757946
-10.4233 -20.6834 1.20469347554
-9.5587 -21.5223 8.2929206158
-7.769 -29.6198 0.601402735278
-7.346 -30.0473 0.582790271024
-7.3699 -30.6296 1.17290245971
-8.3022 -31.3413 0.410151801166
-8.0157 -31.6348 0.619974354308
-7.4703 -31.9296 1.26226251232
-8.6626 -31.5152 0.149047240833
-8.8004 -31.4584 1.66257825079
-7.1666 -31.1504 10.2911085258
-14.1231 -23.5666 5.15421420296
-9.8998 -26.5212 1.05863889972
-10.5674 -27.3428 1.05568520403
-10.1164 -26.3883 12.968896209
-6.1886 -14.0285 0.670859180454
-6.8188 -13.7985 5.86141531032
-9.5828 -18.9673 0.611271003729
-9.1746 -18.5123 6.07632492959
-5.535 -13.6466 6.01432986292
-9.4569 -18.2063 7.07616808873
-4.376 -13.2812 0.929147243444
-4.3506 -14.21 13.9006434995
-9.2957 -27.2013 6.4302533737
-7.9038 -20.9235 8.67302676636
-3.4565 -13.4775 0.972770810623
-2.5493 -13.8286 1.42906351503
-3.629 -12.8924 12.2002482536
-11.9274 -3.9491 2.38334335965
-10.916 -1.791 11.5432381289
-0.5285 3.2435 2.70612517264
1.6811 1.6812 7.79311099497
9.0648 -0.8115 0.555708025855
9.0463 -0.2561 0.784457940236
9.7614 0.0664 1.44939345245
8.3951 -0.4173 2.7752918279
5.7194 -1.1541 1.54840708472
4.2535 -1.6528 0.796979359833
4.1988 -0.8577 3.25747854176
2.4195 1.8709 0.936773724012
2.2425 2.7908 0.831842563229
2.6203 2.0497 0.205997597073
2.5077 1.8772 1.38183350661
1.9697 3.15 14.5659365761
-8.1668 13.6103 4.01915320435
-4.1896 13.0311 1.5747991999
-3.3002 11.7315 0.533299849991
-2.837 11.9958 0.61825607963
-2.4123 12.4451 0.68274898755
-1.8396 12.0734 3.74128318762
1.5259 10.4392 1.03534190005
1.4506 11.4718 9.94230314766
-8.0762 14.316 0.846490785538
-8.1698 15.1573 3.45138754851
-5.7138 17.5822 0.525376246132
-5.3304 17.9414 0.656416118023
-4.674 17.9368 2.34813805599
-2.3597 18.334 18.6751240794
10.638 31.7437 0.931600794332
11.525 32.0285 3.53109926935
14.8768 33.1394 2.75140517554
17.6088 33.4656 2.31038830719
19.9191 33.4858 0.847465710221
20.7653 33.4395 0.532910358316
21.2689 33.2652 0.313937382291
21.5787 33.316 0.865128042546
22.4174 33.5282 0.427565866271
22.841 33.5863 0.243022015464
23.0643 33.6822 0.148880690487
23.2054 33.7297 0.109036691072
23.2822 33.8071 0.294951809623
23.5371 33.6587 0.143062398973
21.3595 24.5687 1.08663408745
22.4065 24.2779 1.77375551021
24.1334 23.8729 1.3650232672
23.916 25.2205 3.16452327689
26.6559 26.8039 4.49457059239
31.0464 27.7655 2.7803135093
32.5689 30.0919 0.48035042417
32.9587 30.3726 3.03917139365
34.7461 32.8306 0.810537210744
35.359 33.361 0.308529577188
35.5595 33.5955 1.07664908396
34.6105 33.087 7.70912118273
34.371 25.3816 1.08448898565
34.9066 24.4386 3.50626541066
37.6857 21.2662 15.2746935462
47.0 9.16 17.1489293896
39.2336 24.4495 23.2059332605
16.4768 28.993 0.808664145366
15.6751 29.0989 0.671580940766
15.0091 29.1853 2.27053969355
12.7446 29.3508 4.92027953881
7.8303 29.5933 4.79961265625
3.0357 29.374 3.6911163799
-0.6525 29.5207 3.73194521396
-2.2363 32.8999 3.50283131338
-5.7127 32.4704 2.01757590192
-5.5861 30.4568 4.3483873482
-9.9164 30.0606 1.39464405853
-11.073 29.2813 5.7567357921
-16.8297 29.3016 4.77479794337
-12.0953 29.9214 5.74987076377
-17.8449 29.8656 0.415730068674
-17.8399 30.2813 4.92121574105
-13.5688 27.8367 0.328300548279
-13.6613 28.1517 2.91124153756
-14.8365 30.8152 4.79120594527
-19.6061 30.3607 0.733303954715
-18.8898 30.2037 4.63099387281
-14.359 29.2456 19.6518027519
1.3562 17.4462 2.3696314819
-0.6188 16.1368 2.76102381373
-3.3403 15.6713 6.25916163875
-3.9924 21.8964 4.57656397311
-2.0472 17.7538 1.09854194731
-0.9487 17.7634 10.1720227728
7.8453 22.8757 3.5670443367
5.1554 20.533 4.29938322321
5.8561 16.2911 9.44462613183
1.796 7.7637 1.57589200138
1.0926 9.1739 2.15643931053
-0.8491 10.112 0.559529266437
-1.2683 10.4826 0.796630830435
-2.0511 10.3348 0.906093245753
-1.3687 9.7387 1.31675803396
-1.7531 10.9981 19.4081475123
-9.8726 28.6262 2.99969195919
-12.1703 30.5546 2.00736671538
-13.964 31.4558 2.08472070312
-15.7875 32.4662 2.02303935948
-17.8091 32.3899 2.87032040198
-20.6491 32.806 5.5435747961
-26.1585 32.1914 10.8486674841
-36.9522 31.1007 12.4253055657
-48.545 26.6291 5.75511711957
-48.8209 20.8806 0.875480125417
-49.2525 20.1189 12.0614292105
-48.4947 8.0813 41.1910795899
-51.5 -33.0 6.71319987487
-45.8066 -29.443 0.697461067014
-47.42 -28.7167 0.471149933673
-47.0301 -28.4522 3.97169869955
-21.1397 -16.6115 0.561683985885
-20.607 -16.7896 1.13493144286
-21.7023 -17.0869 4.0329522933
-25.7341 -17.1833 1.91662407634
-26.963 -15.7125 1.08838497325
-27.7234 -14.9338 1.18960867515
-28.8758 -14.6386 1.63990523202
-30.4664 -14.2395 8.70647996897
-29.3232 -22.8706 6.74824160949
-36.0711 -22.9385 1.88290915341
-37.9403 -22.7117 2.72917284356
-40.5182 -23.6077 2.78737993105
-43.2914 -23.8885 1.53244673643
-42.088 -22.9397 4.16776325863
-43.1817 -18.918 3.50727623235
-40.8901 -21.5731 3.07344805064
-43.9205 -22.0857 2.97786962273
-46.8955 -22.2164 3.09456703595
-49.5138 -20.5669 1.10223563724
-49.2842 -34.0 5.95083703104
-44.4893 -30.4756 2.03625630263
-42.527 -31.0194 2.39205414863
-40.1381 -31.1422 0.353347081494
-40.3827 -31.3972 5.71459907693
-41.8196 -25.8662 5.89862838379
-38.1955 -30.5202 2.19958017131
-36.8833 -32.2855 1.01792292439
-35.8961 -32.5337 15.2965812903
-28.866 -18.9483 0.701950290263
-29.263 -19.5272 1.16009398326
-28.1667 -19.1478 0.212231194691
-28.3075 -18.989 1.07660289801
-28.9641 -18.1358 0.933066021244
-28.3145 -18.8056 17.1971610928
-13.6383 -27.7695 2.09370077136
-11.5619 -27.5009 0.572357720311
-10.9909 -27.5403 1.97405597692
-9.0461 -27.8789 2.05648014092
-7.0357 -28.3118 1.90719975094
-5.1365 -28.1373 0.806141358572
-4.6348 -27.5063 0.604216393356
-4.042 -27.6232 1.12663281064
-4.8165 -26.805 20.2733148984
-12.2524 -7.9446 3.31135600321
-9.0997 -6.9319 4.63203106315
-4.5658 -7.8803 2.6281515196
-3.1558 -10.0982 8.06159500347
-9.2816 -15.3388 0.519805040376
-8.7944 -15.52 2.16588901147
-6.8808 -16.5345 1.14199762697
-6.5975 -15.4282 0.909116961672
-6.1616 -16.226 12.4617587844
-6.578 -28.6808 0.589048215344
-6.6874 -29.2596 0.459375445578
-6.49 -29.6744 11.1981707149
4.5756 -31.3924 1.72508587902
4.4776 -29.6701 1.03440244103
5.2596 -30.3472 0.974298583597
5.0273 -31.2934 0.914018577492
5.9087 -31.0514 5.85056169953
0.8555 -34.0 10.4395423927
-7.1584 -27.3096 0.559331762016
-6.5993 -27.2935 2.38235786564
-4.3293 -28.0165 0.618265905578
-4.6421 -27.4832 19.8578699223
-23.4002 -34.0 12.4663432413
-25.0507 -21.6434 1.99932647909
-23.0766 -21.96 0.756737504026
-22.3259 -22.0554 0.235617847372
-22.0903 -22.0583 0.0660560368172
-22.0797 -22.1235 1.17454758099
-23.0168 -22.8316 1.37383667515
-21.9929 -21.9156 8.17201889193
-15.3495 -17.1567 0.496095968538
-14.9175 -16.9128 0.37246767645
-14.5451 -16.9057 2.31022814891
-12.6768 -18.2646 1.0785380939
-13.3947 -17.4597 0.474594110794
-13.1593 -17.8718 0.657956145955
-13.2423 -17.2191 2.50472370133
-10.9142 -16.2952 0.300864687193
-10.6972 -16.0868 0.446000011211
-10.2621 -16.1848 0.260594781222
-10.0313 -16.0638 0.420230056041
-9.659 -15.8689 1.125015791
-10.1652 -14.8642 10.7301955481
-10.4057 -4.1367 1.1521958731
-9.287 -4.4125 9.36660751019
-10.4518 -13.7064 27.0575630139
9.9341 -31.4976 0.862792309887
10.7565 -31.7585 0.754237555416
11.478 -31.9783 0.862466973281
12.2448 -32.3731 0.56861077197
12.8003 -32.4945 0.786125244474
13.5766 -32.6184 0.560409109491
14.0617 -32.899 0.207748622137
14.2652 -32.9408 0.545196955237
14.6538 -33.3232 0.266616897439
14.8879 -33.4508 1.2540284606
13.6342 -33.4795 18.0469768488
-4.0091 -29.6838 8.00592737726
-2.973 -21.7452 9.90336981689
4.6012 -15.3649 0.452354562263
4.4648 -14.9336 8.53389291297
-2.0637 -20.4296 8.71265855006
-1.2986 -29.1086 0.722553589708
-1.5246 -28.4223 8.23749652807
-3.2494 -20.3674 1.09657259222
-3.7691 -19.4018 0.670572292896
-3.0987 -19.3866 1.70078730299
-1.4999 -19.9667 1.5194519308
-1.9663 -18.5206 16.3771226926
-8.3038 -3.4194 9.41637583203
-5.5133 -12.4128 10.5012008461
-10.8798 -3.3864 0.567925426443
-10.3121 -3.4024 2.76335090967
-7.5829 -3.8355 0.776599832604
-6.809 -3.9002 0.727125993209
-6.158 -4.2241 1.6200553077
-4.9844 -3.1073 0.296823061772
-4.6876 -3.1036 1.29640162373
-5.1987 -1.9122 0.509096896475
-4.7296 -1.7144 0.358575529003
-4.6725 -1.3604 1.36828947595
-5.0328 -0.0404 3.73299967586
-5.0801 3.6923 1.49932373089
-5.963 4.9041 0.610736113227
-6.3724 5.3573 0.719032196776
-6.7451 4.7424 1.90872646809
-5.2303 3.5811 12.2500948441
-7.4288 15.6323 0.860961979416
-7.4121 14.7715 9.88195241691
-9.984 5.2301 0.340170031014
-9.7034 5.4224 7.76555859678
-11.0698 13.0668 0.325858865155
-11.039 13.3912 2.08290004081
-9.2353 14.4329 10.3541006046
-12.8391 4.7262 1.38171178254
-11.5199 4.3153 29.4919883394
-34.1129 23.2714 1.24217303545
-33.6221 22.1303 7.63850037704
-33.6197 14.4918 0.648572833227
-34.0121 13.9754 0.536349289176
-33.5421 14.2338 1.04167731088
-32.683 14.8229 10.3049443405
-23.7325 19.9298 1.05080095641
-22.7037 20.1437 9.89723402017
-14.4402 25.5907 0.522688760162
-13.9277 25.6934 0.388655657363
-13.5768 25.5263 1.26037052092
-12.318 25.5892 1.08819939809
-11.2652 25.3139 2.55921743117
-8.7687 24.7508 0.875837610519
-7.9683 25.1064 0.453793102636
-7.519 25.1701 3.38369002422
-4.2123 25.8878 1.32849858863
-3.3746 24.8567 0.490386306905
-3.0298 25.2054 0.676557994558
-3.2922 24.5818 6.42099228001
-8.7041 21.1263 14.6469233551
-12.4117 6.9564 2.07583763575
-10.3634 6.6194 0.719299728903
-9.6467 6.6805 1.16500579398
-8.7242 7.392 0.316346424035
-8.4651 7.2105 8.88159410129
-13.8874 14.2448 0.547519880918
-13.3433 14.3059 0.447792195108
-12.8996 14.3663 1.3330799826
-11.5764 14.2043 3.24270880901
-8.3523 13.8574 0.817557398597
-8.2232 14.6647 0.835693873377
-8.7389 14.0071 2.21426872127
-6.5515 14.351 0.858643546531
-5.9708 14.9835 8.21462534386
1.4369 18.534 0.374997506658
1.7097 18.2767 0.288260177617
1.9969 18.3014 10.782915934
5.7221 28.4204 8.18042911405
12.3589 33.2029 0.984967370018
11.5283 33.7323 0.188292219701
10.3879 34.0 10.8064456807
-0.2558 32.1316 9.30526222414
8.0101 27.8581 0.596943833204
8.4756 28.2318 0.445710455341
-0.8537 23.804 8.77448774801
-9.3569 21.639 0.354131402166
-9.0093 21.5713 7.20103483952
-1.8083 21.5937 0.527542766039
-2.3342 21.6353 6.84130206613
-9.0762 22.7967 6.57220015063
-6.8121 28.9666 0.388449391813
-6.8694 28.5824 6.96038177186
-6.7965 21.6224 11.2464040889
-3.1543 10.9821 1.14317569078
-2.0322 10.7636 0.587833182119
-2.6078 10.6443 10.333302189
-8.7056 2.302 3.53007061827
-5.4952 0.8341 1.21285189945
-5.8859 1.9823 0.693710580862
-5.212 1.8177 0.574865662568
-5.7867 1.8315 8.2162939973
-8.0223 9.7378 10.5160420558
0.0943 16.4242 0.604851130445
0.4443 16.9175 13.3500458074
9.1934 27.001 0.908065416146
9.6408 27.7912 0.747341595256
9.9769 28.4587 5.15348456581
0.0 0.0 9.37067465341
9.3675 -0.2439 7.96119115774
1.5992 12.8068 0.474217724258
2.0385 12.9854 1.12264163917
2.0793 14.1073 8.60445333824
-2.8892 21.1323 5.16839380949
-6.6011 17.5359 0.685625736098
-6.003 17.8711 6.30773721869
-3.4011 23.6172 0.382513228529
-3.7172 23.4018 6.44413130298
-8.5364 19.1237 1.44051537999
-7.173 18.6587 0.759320044514
-6.9388 19.381 0.143049816498
-6.8382 19.4827 8.08001723018
-8.9792 27.2739 0.840251539719
-8.2944 27.7608 1.26259975051
-9.4337 28.305 0.395180085531
-9.3228 28.6843 0.36105613137
-9.498 28.3686 1.03331359228
-9.4927 27.3353 18.7243619304
-26.9908 34.0 13.124519211
-28.1902 20.9304 13.9609511495
-27.2762 6.9994 0.164494650369
-27.1119 7.0074 8.11747558112
-28.6753 -0.9581 0.896487769019
-28.8859 -0.0867 1.25814627131
-27.9657 -0.9447 11.304169299
-20.638 -9.5522 0.775739782401
-20.2394 -10.2177 15.204297036
-8.8264 -20.2633 0.728416920451
-8.3004 -20.7672 0.612127323357
-7.9985 -21.2997 2.61121101598
-7.4116 -23.8441 4.95695025293
-2.5206 -24.65 2.24428683773
-1.1696 -26.4421 2.4966201313
0.9926 -27.6903 1.35016832284
-0.1891 -27.0372 9.12916917852
-7.6606 -21.7914 1.03191302928
-6.7629 -22.3003 1.04503069811
-6.7329 -21.2557 0.263378833622
-6.7724 -21.5161 0.0784151133392
-6.7042 -21.5548 7.74024213123
-3.5682 -28.6313 0.170319846172
-3.4228 -28.72 0.692000606936
-4.015 -28.362 1.34440037191
-4.016 -29.7064 0.680463195184
-4.629 -29.411 42.1768927364
-46.5161 -24.4753 0.98602087199
-29.6795 -34.0 4.35538095234
-31.9463 -30.281 2.07968311288
-32.9459 -32.1047 0.497592172366
-32.5948 -32.4573 4.20065111263
-36.6132 -31.2334 12.3006706565
-48.9126 -31.0566 0.864953328221
-49.1577 -31.8861 1.12241280285
-49.1057 -23.643 3.16349618144
-50.0604 -20.627 11.7338559344
-38.9259 -16.9248 7.88754106677
-33.6377 -11.0726 3.69337929273
-30.0169 -11.8012 0.509491442519
-29.5101 -11.8535 0.852223873169
-30.2029 -11.3572 1.0076027094
-29.349 -11.8921 14.2587715407
-26.3527 2.0483 0.552013088613
-25.8065 2.1282 8.85321573667
-33.7643 6.008 0.947317739726
-33.0336 5.4051 8.87125714316
-24.7445 8.5658 18.1157171285
-10.8807 20.2266 0.391029423445
-10.6672 20.5542 0.491199613192
-10.2327 20.7833 1.57179943059
-9.38 22.1037 1.79766320539
-8.7258 23.7781 0.76537074023
-8.3652 24.4532 0.576603312512
-8.0775 24.9529 1.86948181323
-6.6871 26.2026 0.765289657581
-7.002 26.9001 1.01522011899
-6.529 26.0018 0.568107208192
-6.4716 25.4366 0.0949207037479
-6.4503 25.5291 0.861719426496
-6.2977 26.3772 1.14887535442
-7.256 27.0109 0.352908175026
11.1111 33.8705 0.787098348366
10.4377 33.463 11.9290993227
5.0165 22.8369 14.5207745472
1.1932 8.8285 1.27739951464
1.0046 7.5651 7.68051252522
8.2935 9.9863 3.77798730808
4.6064 9.1626 16.3922374293
-1.4823 -6.0569 20.0575044534
-6.8472 -25.3836 0.674134852978
-7.017 -26.036 3.51547524241
-9.9597 -27.9593 2.00259936333
-11.5982 -29.1107 1.12601458694
-12.5359 -29.7341 2.61858114253
-14.7591 -31.1177 3.12134581551
-17.3682 -32.831 2.16055663661
-19.5285 -32.8643 1.42956990035
-18.4846 -31.8876 15.9309743748
-17.2844 -16.0019 3.55941618247
-19.7228 -18.5949 2.56203574721
-18.4209 -20.8015 0.500264749907
-18.022 -21.1034 1.89085270183
-19.7483 -20.3319 0.45736025188
-19.6207 -20.7711 9.58975631234
-24.087 -29.2573 8.10324031052
-31.9502 -31.215 12.8325925175
-44.7818 -31.0554 0.456467501581
-45.1261 -31.3551 1.35916065643
-44.0746 -30.4939 19.1021426654
-32.8467 -15.0399 0.957143427079
-32.3744 -14.2074 1.210213853
-33.5845 -14.1908 1.20869888723
-33.3891 -15.3836 0.928718477258
-39.9512 -6.6491 0.97927100437
-42.8303 -4.1322 43.029172371
0.0 0.0 5.6193565548
-5.614 0.2453 0.584889912719
-5.1235 -0.0733 7.31615845236
-1.037 -6.1418 0.0447893960665
-1.0698 -6.1113 6.25156708994
-2.659 -0.0651 15.8349092438
-9.1664 14.3709 1.23826465669
-9.042 13.1389 10.2316744094
-11.6561 3.2468 1.22143039098
-10.5803 3.8252 1.27473280337
-9.3169 3.6556 0.199780079087
-9.4307 3.4914 1.4409975746
-3.9456 2.024 1.19960276759
-2.9102 1.4182 0.781187845528
-3.4784 0.8821 16.2363964949
-12.3959 -12.6862 0.499855099004
-12.8945 -12.6508 3.56380109995
-12.8917 -16.2146 0.243772291288
-13.129 -16.1588 2.52390019811
-10.6051 -16.1578 0.0882637524695
-10.5283 -16.1143 0.293949417417
-10.2378 -16.1592 0.849062376978
-9.3922 -16.2358 0.560885745941
-9.9151 -16.0329 0.183801115339
-10.0882 -15.9711 0.137678829164
-9.9671 -16.0366 0.298829081583
-10.2542 -15.9537 0.109594571033
-10.3633 -15.9433 2.42315661896
-10.6077 -18.3541 0.329312161938
-10.4952 -18.6636 0.270129617036
-10.5328 -18.9311 0.310468951749
-10.5829 -19.2375 0.106858457784
-10.6572 -19.3143 0.110999099095
-10.7108 -19.4115 0.0524218465909
-10.7211 -19.3601 0.0830063250602
-10.7589 -19.434 0.258651986267
-10.8663 -19.1987 0.341828451127
-10.525 -19.1797 0.333576333093
-10.1931 -19.2131 0.250431807085
-9.9431 -19.2278 0.846577875922
-10.5218 -19.8457 0.0536679606469
-10.5663 -19.8757 0.549748788084
-10.2286 -19.4419 1.11682686662
-9.7886 -18.4154 1.05615906472
-9.1337 -19.244 14.0033506598
2.5024 -27.0347 0.63744010699
3.1179 -26.8689 2.41884432943
14.8473 -34.0 4.55374804419
11.4646 -30.9514 1.53144371428
11.8138 -32.4425 0.0607358213907
11.7598 -32.4147 2.82742093966
8.9327 -32.4573 2.696135132
6.2598 -32.8105 10.1217024388
-3.1867 -29.1756 0.875004148562
-2.3118 -29.1621 6.57699115554
4.1937 -30.1292 7.34791097524
-3.1486 -29.8421 1.50896667293
-4.6237 -29.5242 1.14185029229
-3.4934 -29.3622 5.01361255184
0.5437 -26.3893 1.1224288708
1.3748 -25.6349 0.985018598809
0.4728 -26.0307 2.68902661943
-1.5692 -27.7803 6.79378837468
-7.882 -30.2911 6.01159664731
-2.6 -27.4206 1.13180469163
-2.5085 -26.2925 14.8760003378
-3.5471 -11.4528 5.87518027383
-6.9249 -6.6457 0.954358056497
-6.2636 -5.9576 0.567059661764
-6.6407 -5.5341 6.23208013106
-12.8567 -5.0867 1.36576712876
-14.0295 -5.7866 3.34601281827
-16.8952 -4.0593 0.523050303508
-16.7381 -3.5604 1.35006335037
-17.1108 -4.858 40.1311401363
-44.7016 -34.0 3.86182457654
-41.1941 -32.3841 0.417446966692
-40.782 -32.4507 2.77314653237
-43.5135 -31.9719 1.60692225699
-44.6302 -30.8164 3.92287328498
-42.9598 -19.9659 0.761750779455
-42.2018 -20.0414 0.549811549533
-42.0861 -19.5039 3.7281678342
-38.4473 -20.3153 10.3652472908
-31.7351 -12.4169 20.1378100418
-11.8159 -9.4577 0.963235308738
-10.8644 -9.6076 0.843720362442
-10.0245 -9.5274 0.550830064539
-9.4869 -9.4074 4.3728105127
-5.1686 -8.7191 13.6619752628
-4.4264 -22.3609 0.870041987493
-4.2449 -21.51 10.673946986
-1.84 -11.1105 0.491799572997
-1.7591 -10.6254 1.44659816466
-1.5686 -12.0594 10.6830457291
-0.0468 -22.6335 0.619280259656
-0.007 -22.0155 8.49777939935
1.8266 -13.7179 0.896011484301
2.7023 -13.9076 0.642977324639
3.2195 -14.2896 0.0979601959982
3.3173 -14.284 1.38749253331
4.6796 -14.5472 2.16015335798
6.8234 -14.2819 5.91528249368
2.5531 -18.3752 0.217914593362
2.3537 -18.4631 0.192437132591
2.544 -18.4917 10.2545889635
-7.4301 -20.8737 0.910838542224
-7.0619 -21.7068 1.17142085093
-7.3335 -20.5673 19.0437696134
-6.0957 -1.5638 0.632135586722
-5.4785 -1.4272 0.333486686391
-5.1461 -1.4541 1.08368722425
-4.1707 -0.9819 1.60188976525
-3.4606 -2.4178 9.84360818501
2.0445 -10.5781 7.50988549846
9.2341 -8.4083 0.258845610355
4.6903 -13.2475 8.62511998409
11.5608 -18.4618 0.924742109996
11.2362 -19.3277 17.5403769868
-3.481 -28.8707 0.942184530758
-3.3923 -29.8087 0.41164785922
-3.0553 -29.5723 1.27788031521
-4.2686 -29.9734 2.43888165355
-5.7342 -28.024 3.58004754857
-5.7763 -24.4442 16.9451813059
-5.4378 -7.5024 0.746537741846
-6.1832 -7.5436 2.2862351432
-7.3555 -5.5808 1.4562663527
-7.074 -4.152 2.5311485792
-7.1733 -1.6228 1.89860742914
-8.2832 -0.0824 0.819674398771
-8.1996 -0.8978 6.09411606142
-7.0892 5.0943 9.64911590613
-1.8493 13.1967 0.935102716283
-1.3903 12.382 1.07599315983
-1.9991 13.2692 16.4913250292
-9.391 28.0111 4.09033214422
-12.7931 30.2819 4.39811730289
-17.1765 29.9224 5.02355159225
-22.1879 30.2716 10.8062916211
-32.9767 30.8862 16.7856724917
-49.6449 28.9038 0.516945664456
-49.873 29.3677 1.22503048125
-49.1952 22.8681 0.421551574543
-48.791 22.9878 4.2447057024
-46.1473 19.6669 15.4026296067
-33.8071 10.4495 0.490427507385
-33.3954 10.716 2.90257810403
-32.8836 7.8589 0.963674488611
-31.9332 7.6995 1.02931350423
-32.9002 7.3468 1.02875362454
-32.1803 8.0817 12.4552274154
-23.4492 16.9643 7.41183982085
-17.444 21.3086 1.99148570921
-15.9638 22.6409 1.24529770336
-14.8187 23.1303 1.62215724577
-13.3524 23.8241 0.347941906071
-13.0045 23.8295 0.322138805486
-12.6824 23.8345 0.678973674011
-12.0166 23.9676 1.42811904266
-11.5706 24.2378 5.44272415707
-16.6897 26.0866 4.14220811887
-13.3164 23.6827 0.0549678087611
-13.3575 23.6462 6.50406116361
-18.4696 27.6673 1.73523462679
-19.2807 29.2013 3.00547370809
-21.5897 31.1252 3.58919815558
-25.1025 31.8618 3.37670007256
-28.4792 31.8611 0.856983319558
-29.3347 31.8107 2.46775935618
-31.7929 31.5937 3.078720442
-34.8709 31.5271 2.68461314159
-37.5393 31.2325 3.22075328456
-40.5429 30.0699 3.68562660209
-43.9121 28.5758 3.01413338955
-46.6501 27.3155 1.94025263561
-48.3003 26.295 3.08896084145
-51.1171 25.0272 0.895410799577
-50.8876 25.8927 1.13915767126
-50.5251 20.3231 0.699479928232
-50.1012 19.7667 1.02473103788
-49.2383 19.214 0.858196649959
-49.3326 20.067 0.536611069584
-49.1688 19.556 0.566961594819
-49.704 19.3689 7.77462655116
-42.4116 16.6734 0.969514930262
-41.9268 15.8338 0.622842259324
-41.336 16.031 0.91341637822
-41.4172 16.9408 0.516667784945
-41.8496 17.2236 1.77462016781
-40.4371 16.1493 9.7039543651
-37.9605 6.7667 12.766925458
-30.1919 -3.3646 13.297467624
-16.9908 -1.7666 3.14284923755
-14.4811 -3.6584 0.464680460101
-14.0424 -3.5052 0.518788405807
-13.587 -3.7537 2.37898814835
-11.2089 -3.8187 0.218015893916
-10.9911 -3.8284 0.467772348477
-10.6635 -3.4945 1.44600062241
-10.2963 -4.8931 19.5206784413
-3.0054 -23.0011 3.29984468877
0.245 -23.5702 3.40862751999
2.2959 -26.2928 2.38713177265
3.6992 -24.3617 0.530351147826
2.7658 -24.4408 11.5584305185
-7.3344 -18.8209 0.36929099637
-7.6584 -18.6437 1.30308347008
-6.7802 -19.6064 0.886260932232
-6.7142 -18.7226 15.309169483
-8.4141 -3.5081 0.0758706794487
-8.4497 -3.5751 9.97077011319
-10.9665 -13.223 2.82564585538
-8.2126 -13.8557 1.78168170277
-7.2963 -12.3277 1.29869206897
-6.5341 -13.3792 1.04497839691
-6.7789 -12.3633 0.633567810104
-6.495 -12.9297 1.48993201523
-6.3321 -14.4107 0.886079093535
-7.1121 -13.9903 0.847787266948
-6.3128 -14.2729 24.319538126
10.7267 -31.625 0.989762420988
11.7129 -31.7089 3.54273602883
15.1165 -32.692 0.704083098789
15.8075 -32.8271 0.588094490707
16.3822 -32.9519 9.26918562226
17.5199 -23.7528 0.594861462863
17.8995 -24.2108 23.9536967546
41.2709 -29.4603 2.96318080785
44.0978 -28.572 2.78934189371
46.8676 -28.2424 1.44913719502
47.9982 -29.1489 2.20944950836
50.081 -28.4116 1.32850788857
50.8871 -27.3556 0.218895340288
44.261 -19.4727 0.806478722596
43.8798 -20.1834 1.24178983729
44.3508 -19.0344 13.0090537923
0.0 0.0 10.3544175853
10.3457 0.4248 1.68524330588
8.6947 0.7628 3.78852438952
4.9063 0.7935 1.09731282686
3.8093 0.7673 0.838979528952
4.46 1.2969 1.28498580926
3.8713 0.1547 18.4428296235
-0.9871 -17.6367 0.9589153508
-1.5164 -18.4363 1.7834199169
-3.1076 -19.2417 3.71847022981
-6.5909 -20.5431 3.16431898676
-8.0466 -17.7335 0.804281045406
-8.3654 -18.4719 0.991972907896
-7.5318 -17.9342 13.524993895
4.6001 -11.9557 0.834766368513
5.2021 -12.534 0.728684636863
5.6978 -11.9999 1.20669068945
4.6079 -12.5178 20.9428706573
-7.1185 -29.8699 4.31116160333
-10.5054 -32.5373 3.67238151204
-14.1768 -32.4524 1.95199584528
-16.0945 -32.8167 2.21994023793
-18.21 -32.1438 1.90216949035
-20.0769 -32.5084 0.976285086437
-21.0478 -32.6108 0.478967055234
-21.5218 -32.6796 1.27026753088
-22.776 -32.881 1.11506037953
-21.9467 -33.6264 0.569810959881
-21.7669 -33.0857 1.29816128428
-23.0105 -33.4581 1.19841679728
-21.9416 -34.0 5.65746030742
-27.0588 -31.5873 0.387212861357
-26.9142 -31.9465 0.0990798667742
-27.0123 -31.9604 1.35642069064
-27.9478 -30.9782 1.11162497723
-26.8506 -30.7997 0.846904244883
-26.0444 -31.0591 4.61612177591
-21.6308 -29.7068 0.321377192719
-21.3145 -29.7637 2.65095266838
-23.4131 -31.3834 5.38402119609
-28.6941 -30.3352 0.806067149808
-27.9121 -30.5307 3.74427008641
-24.2983 -29.5509 3.93211443628
-28.1946 -30.0804 1.10407576733
-27.1957 -29.6101 3.64483210176
-23.7986 -28.2893 2.27433885118
-24.2631 -30.5157 0.0730529944629
-24.2288 -30.5802 1.73258725899
-25.8258 -31.2521 7.00902227846
-32.5755 -29.3632 13.5798970791
-46.1103 -28.2574 4.05275077447
-48.3573 -24.8846 14.3475076752
-47.7481 -13.3096 7.90044986061
-40.0053 -14.88 0.557908612588
-39.4474 -14.8831 8.24381364661
-39.4624 -6.6393 1.18219721282
-38.3592 -6.2144 18.7079814651
-20.0247 -2.4949 0.633602091221
-19.4178 -2.6769 2.53512492197
-17.0452 -1.7838 2.77883177792
-14.2706 -1.6305 2.87305157107
-11.4044 -1.8288 3.08306573722
-8.3391 -2.1593 7.97636498914
-0.3961 -2.8881 0.885975451127
-0.3052 -3.7694 22.485435948
6.8664 -25.0805 0.550280155921
7.3955 -25.2317 1.09446594282
8.4344 -25.576 2.38264182999
8.1864 -27.9457 2.77677028578
8.5993 -30.6916 1.44966062235
9.7487 -31.575 0.801109087453
10.4031 -31.1129 1.10308150198
9.7939 -32.0325 0.930278157327
10.4331 -31.3566 0.323121169223
10.1616 -31.1814 8.51333289024
14.1405 -23.6551 1.57275138849
15.7083 -23.7798 2.14602871369
17.8293 -23.453 3.70578702707
21.3548 -22.3112 0.965992945109
22.1434 -21.7533 0.761910913428
22.9052 -21.7663 1.50243734312
24.3493 -21.3517 1.63298997241
24.3893 -22.9842 5.81276457892
28.5796 -27.0128 1.8350566885
29.92 -25.7595 1.04659237528
30.1518 -26.7801 0.810295402924
30.9068 -27.0743 2.34205347505
33.1066 -27.8781 0.58473126306
33.6725 -28.0253 1.80531198966
35.3482 -28.697 2.08096350761
37.1018 -29.8174 0.628243368449
37.6375 -30.1456 2.3642017194
39.2726 -31.8532 2.57488274102
41.2778 -33.4685 0.180545423647
41.4569 -33.4457 7.81800920503
38.1012 -26.3845 0.947618662754
37.6389 -25.5573 0.431571651062
37.9909 -25.3076 0.313482918195
38.2486 -25.1291 0.762501278687
38.9314 -25.4685 1.53555103139
39.8393 -26.7069 4.22713951745
39.4878 -22.4944 0.243364746831
39.6834 -22.6392 0.11600866347
39.7983 -22.6232 0.120609286541
39.9127 -22.585 0.071703905054
39.984 -22.5774 1.31923699918
38.7285 -22.1723 0.354788274891
38.5641 -21.8579 0.392222385899
38.4485 -21.4831 0.557720646919
37.8969 -21.5655 1.18054755516
38.7016 -22.4293 2.18439073886
39.7883 -20.5344 5.03747889524
36.2104 -16.9883 5.32678228295
41.4722 -16.1588 0.337485007074
41.394 -15.8305 1.81740809121
39.5931 -15.5861 0.624152433305
29.0715 -34.0 5.93105340559
24.593 -30.1115 2.17816943785
23.9539 -28.0292 1.14896784985
24.3273 -26.9426 1.01911597475
23.4957 -27.5317 12.8380950113
10.7053 -28.6373 1.08397536872
9.7767 -29.1965 1.51648685125
8.2841 -29.4646 2.95815407645
5.3436 -29.7873 5.84417325205
-0.5004 -29.7423 2.91532673984
-3.4098 -29.9281 0.700884298583
-3.34 -30.6255 1.29157764769
-3.1539 -29.3474 14.499507153
-3.0107 -14.8486 0.630030070711
-2.7965 -15.4411 14.7992209984
-7.6075 -29.4365 0.868927160354
-8.4554 -29.6265 3.93448573514
-10.9124 -32.6995 0.860421664069
-10.4104 -33.3983 0.193894430039
-10.5436 -33.5392 1.06663750637
-10.2717 -32.5078 10.8255588835
-3.7602 -23.8595 1.09775744133
-3.8954 -22.7701 12.5256289599
-6.8704 -10.6029 3.7976360081
-14.3025 -7.5405 0.161632484359
-14.3466 -7.385 1.43202000684
-15.6813 -6.8661 8.00508255173
-19.2542 -14.0296 0.464792609666
-18.7898 -14.0105 0.991807345204
-17.8032 -13.909 6.50443367097
-11.8335 -16.4917 0.535187088783
-11.7204 -15.9686 0.954330576897
-10.8105 -16.2564 15.7866347538
-1.2792 -28.841 11.1157724815
-6.9137 -19.2591 0.955640204261
-7.7101 -18.7309 0.66524115928
-7.0449 -18.7235 2.97320765841
-6.4992 -15.8008 8.34958562145
-0.2766 -10.2335 0.94372582883
0.2272 -9.4355 2.38793940669
-0.2934 -11.766 8.28817115231
-7.8422 -15.1879 6.55105095843
-11.5687 -20.5758 1.61971825019
-10.1198 -19.8518 0.381721207166
-9.7406 -19.808 0.240198626141
-9.6329 -19.5933 0.232030773821
-9.7221 -19.8075 0.474070258506
-9.6471 -19.3394 0.45069520743
-9.398 -19.715 1.84929150217
-9.3439 -17.8665 0.362067797519
-9.0474 -18.0743 2.07734685837
-7.2068 -17.1112 1.15509258503
-6.17 -16.602 9.92198933329
0.1203 -8.9288 0.701169451702
0.4129 -9.566 0.216686986227
0.6151 -9.6439 0.137469451152
0.7484 -9.6775 9.38237780363
5.0998 -1.3652 6.89762187569
8.5521 -7.3367 0.541677773219
8.9537 -6.9732 1.46615564317
10.2328 -6.2566 1.72219861805
11.939 -6.4908 0.403622893305
12.226 -6.207 0.485001484534
33.8941 -19.2578 0.505879995651
29.0652 -10.5056 9.75575123965
26.5819 -1.0712 1.20576583548
27.0181 0.0529 13.0677709212
30.4148 12.6715 2.91123430867
32.0274 15.0953 2.72042763183
29.5599 16.2408 0.111806350446
29.6584 16.2937 1.27548097595
28.758 17.1971 1.06223903148
27.9854 17.9261 3.45570620424
28.3258 21.365 0.913760564918
28.9284 22.0519 0.460045095616
29.1654 22.4462 0.393335327679
29.5376 22.5734 1.03529587075
30.5153 22.9139 3.42485790216
31.234 26.2625 4.2913340117
34.2546 29.3107 5.10166740292
38.9041 31.4105 0.751148434066
39.6422 31.5499 0.612795373677
40.2086 31.7838 0.533059996623
40.7406 31.8174 2.39537271004
43.1217 31.5563 0.43393706917
43.327 31.174 1.41823862943
43.1884 34.0 6.40097183246
39.4278 28.8202 2.09250416726
38.9891 26.7742 0.149663689651
39.039 26.6331 1.04810553858
39.5391 27.5542 19.8497260044
47.0 9.16 17.164062462
40.6014 25.0868 19.789369402
21.0901 28.3926 4.56246649632
17.9319 25.0999 3.98702561818
13.9471 24.9667 4.77047688392
9.1802 25.1514 3.66151385632
5.5208 25.027 5.19331466888
0.3922 25.8443 2.3732885286
-1.8866 26.5073 0.721678557254
-1.9729 27.2238 1.27531955603
-1.6703 25.9849 17.7311714565
0.6786 8.41 1.77562514344
0.0307 6.7568 0.486699794535
0.5132 6.693 1.58356448558
0.0464 8.2062 18.7569329681
-7.867 25.2121 1.55873125971
-6.5015 24.4604 3.80694993138
-4.2852 21.3651 0.597505154789
-4.3072 20.768 0.910022076655
-4.4255 21.6703 0.774114442444
-4.1409 20.9504 12.5939540455
-4.9988 8.3857 1.0780803727
-3.9736 8.0522 1.07943356442
-5.0347 8.2503 2.88288969265
-5.959 5.5196 3.41636284519
-7.7685 2.6218 3.14791924928
-7.7411 -0.526 14.143408727
-5.945 -14.5549 21.2930901177
-19.4724 -30.9989 11.7837284359
-30.7421 -27.5565 16.0691102233
-46.7997 -28.1646 0.316730563729
-46.8926 -28.4674 4.20876993432
-47.303 -11.4336 15.9896151311
-32.5128 -5.3576 0.34783999195
-32.3093 -5.0755 1.65268811335
-33.4071 -6.3109 0.723932959603
-32.6933 -6.1902 0.896610829736
-31.84 -5.9149 0.0739200919913
-31.8457 -5.8412 1.01968428938
-32.7616 -6.2894 15.7512725051
-42.1328 -18.9497 1.14595096317
-41.6068 -19.9678 1.90183463529
-43.2971 -19.0961 0.941958348336
-43.7363 -19.9294 2.86747343318
-48.1561 -18.6245 0.413297241704
-48.2946 -18.2351 0.111132803438
-48.3941 -18.2846 0.598258915521
-48.7858 -18.7368 0.547381923341
-48.9359 -19.2632 0.645733877073
-48.4809 -19.7214 0.166371782463
-48.5823 -19.8533 0.107206436374
-48.5434 -19.7534 0.0222497190993
-48.5246 -19.7653 0.0255068618219
-48.5478 -19.7547 0.0249098374142
-48.5367 -19.777 0.0192275843517
-48.5426 -19.7953 0.165783262123
-48.4679 -19.6473 0.11867813615
-48.5294 -19.7488 10.6986798158
-47.0 -9.16 11.5431942395
-36.0413 -5.5334 1.58154209555
-35.0857 -6.7936 25.2110555783
-16.9773 -24.3345 0.940665875856
-16.1583 -24.7972 1.82477424905
-14.3824 -25.2167 0.475301272879
-13.9523 -25.419 1.78948832072
-12.4045 -26.3171 0.967041260754
-11.4853 -26.6175 1.13277861032
-10.5536 -27.2618 0.469326592044
-10.1717 -27.5346 1.06379094281
-11.1763 -27.8845 0.56284074124
-10.6154 -27.8378 4.40118386005
-7.0498 -30.4179 2.02439503309
-5.5128 -31.7354 3.74473334832
-1.7744 -31.5177 1.4108037461
-3.1824 -31.4288 9.50359465939
-12.5923 -30.0976 0.643704940171
-12.2369 -29.5609 0.98428463871
-11.3054 -29.8789 0.506631591988
-10.9748 -30.2628 0.570384440531
-10.7923 -30.8032 1.21561352822
-11.1264 -29.6344 19.7690208359
-10.9255 -9.8664 2.24040183226
-9.1829 -8.4583 8.50976303607
-3.9291 -1.764 0.875793954078
-3.1139 -1.4439 1.74683430811
-1.66 -0.4756 9.03444383734
6.8196 -3.5929 0.0397775062064
6.8581 -3.5829 0.284002570411
6.8986 -3.3018 0.201275159918
6.9374 -3.1043 6.2801925894
1.9824 -6.9629 11.3095281537
-4.4117 -16.2914 7.13761961511
-8.2513 -22.3083 0.86384300657
-7.4956 -21.8898 5.89819729155
-3.3316 -17.7125 1.0056982102
-4.2249 -18.1745 5.08465264497
-7.7393 -21.8491 2.87940898971
-6.1935 -19.4198 0.815959275945
-6.047 -18.6171 2.83327786495
-5.5475 -15.8282 1.33173035184
-6.1728 -14.6524 0.283760215675
-6.4473 -14.5805 1.97834993113
-4.643 -15.3919 1.0004951774
-3.6482 -15.2853 9.73442416838
-10.0799 -22.5923 0.488703110283
-10.1182 -22.1051 0.405046528192
-10.1512 -21.7014 2.37948149814
-7.9498 -20.7982 0.859074210997
-8.1217 -21.6399 0.471423546294
-8.5777 -21.7595 1.02098684125
-8.5535 -22.7802 2.04630995941
-6.9969 -21.4519 1.65342073593
-6.0036 -20.1301 1.52759832744
