0.0 0.0 7.56675136105
-3.8754 -6.499 0.0263827595221
-3.9016 -6.5021 7.33497341849
-7.9623 -0.3937 0.299261173559
-7.9748 -0.6927 1.28821141898
-8.0283 0.5944 0.152689226863
-7.9533 0.7274 9.49643511482
-12.2966 -7.7176 1.2315686136
-11.0676 -7.6381 7.71416971618
-3.4891 -9.0785 0.755468397751
-3.7274 -8.3616 0.692343094138
-4.116 -8.9346 5.76857016946
-9.2412 -11.582 0.740515394843
-8.6404 -11.1491 4.22205503754
-4.4211 -10.9966 0.320450760648
-4.1473 -11.1631 4.07492040781
-7.48 -13.5079 4.17266558689
-3.5557 -12.0898 4.19807613676
-7.6854 -12.8444 0.520375326087
-7.2632 -13.1486 4.00994499339
-3.2534 -13.1145 0.848833611493
-2.5173 -12.6918 2.02648030832
-0.5983 -12.0406 1.48371845375
-0.5909 -10.5569 17.8864874679
3.8606 6.7668 0.524732026848
4.3617 6.9225 0.413989033671
4.0351 7.1769 0.918469950516
3.4544 6.4653 11.7534134557
-8.2841 5.8734 0.481349613067
-8.7034 6.1098 10.1314325547
0.8941 9.3554 0.665512531813
1.0828 8.7172 15.4254747172
5.6556 -6.0149 1.02910109319
5.8397 -5.0024 0.619808042865
5.9698 -5.6084 11.9214205701
4.5494 6.2281 1.25163801876
4.9547 5.0439 10.9417289054
8.4637 -5.3199 0.236823077423
8.5548 -5.5385 1.1228848917
8.847 -4.4543 8.82924907849
7.387 4.2534 18.0743177036
-8.5616 12.7577 0.208783620047
-8.5394 12.5501 1.04675104968
-7.9868 13.4391 0.809433295584
-8.4919 12.8066 9.44097032778
-9.7012 3.4434 0.412598170137
-9.6418 3.8517 9.98237198766
-8.5465 13.7738 0.871364263669
-7.8713 14.3246 1.72380756467
-6.3597 13.496 1.3210722009
-5.8467 14.7134 1.26433403814
-5.0317 13.7468 1.32403675176
-5.8491 14.7884 3.90991614872
-8.7261 17.4361 2.89933952651
-5.9026 16.7773 2.15518867156
-7.9615 17.4143 1.40924003633
-6.5637 17.5935 0.605165845038
-6.3664 18.1656 0.450055074408
-5.9213 18.2322 0.162305298743
-6.0114 18.3672 0.931455983931
-6.8939 18.0692 1.57940743635
-5.8642 19.2668 0.552201774716
-6.3068 18.9366 0.873067523162
-5.4485 19.0965 20.728795649
10.824 31.9374 3.70787538086
13.9912 30.0094 0.617375129075
14.6041 29.9352 1.04581092937
15.6412 30.0699 3.70200084414
19.0744 31.4548 5.45824210255
24.4021 32.6414 4.56121573816
28.9395 33.1069 4.51461451289
33.4497 33.3065 3.63445951553
36.6086 31.5091 1.74007434611
37.8789 30.3199 2.67699942473
40.1665 28.9295 3.75116510167
41.9904 25.6516 12.0179646663
51.5 33.0 9.51351072791
51.4541 23.4866 10.7687314183
41.5535 19.2506 13.7706022399
29.3268 12.9152 3.61073666306
25.9622 14.2255 2.41619188394
23.6113 14.7834 2.61704609245
21.1213 15.5889 2.59118098557
18.6344 16.3166 2.60399908794
16.1674 17.1501 14.2064997272
6.9471 27.958 2.85268631469
4.7135 29.7325 3.54590127471
1.1739 29.9438 2.64479482947
-1.0566 28.5226 1.34132163555
-2.2309 27.8744 1.54789178562
-3.6942 27.3697 1.72341859396
-5.2804 26.6958 2.59190197538
-7.8723 26.699 1.25152943633
-8.5035 25.6183 2.91390420227
-10.4634 23.462 2.47999411491
-12.9399 23.5936 2.38661013364
-15.2876 23.1644 0.742641367014
-16.0238 23.0668 2.06867819634
-18.083 22.869 1.58476663897
-19.6633 22.7501 1.31445809747
-20.9773 22.7848 0.857833229713
-20.1669 23.0661 2.50788469631
-22.5532 23.8375 3.65806263752
-22.7883 27.488 2.42667168154
-23.492 29.8104 0.62498499982
-23.378 30.4249 1.71800075087
-25.0597 30.7762 2.79343236897
-27.8015 31.3108 3.26740117525
-31.0685 31.2596 5.74698192184
-36.668 32.5532 5.18420077254
-41.7721 31.6454 3.06730341668
-44.4601 30.1679 4.06617605743
-48.5159 29.8776 2.56392911173
-50.0827 27.8481 1.51384919989
-50.3221 26.3533 1.30077201692
-50.7061 25.1105 0.937740646448
-51.0595 24.2419 1.10789808196
-51.5045 25.2565 1.42075642529
-51.0214 23.9204 1.5313837011
-50.8712 22.3964 21.715715119
-31.7624 12.0801 0.618591707025
-32.2223 12.4938 2.22728750053
-34.3179 13.2483 4.94504662263
-36.36 8.7446 1.9767739628
-36.1977 10.7147 1.85133115622
-34.6241 11.69 3.17878574459
-31.5461 10.8959 0.526130905764
-31.9728 11.2037 1.46774083884
-32.9274 10.0888 0.799777969189
-32.4722 9.4312 0.616058252116
-32.6878 10.0083 0.344600406268
-32.8758 10.2971 1.60815315191
-42.4671 7.0163 0.263393033317
-42.7121 7.113 14.6723036845
-36.0 20.16 7.76774511232
-30.5362 25.6813 3.76590797153
-27.4293 27.8095 2.25165404092
-25.3449 26.9579 0.516880256926
-25.5247 27.4425 15.6082395064
-10.4502 31.4893 0.51867733708
-9.9579 31.6526 2.81986726283
-7.1406 31.5323 3.9415616258
-3.3212 32.506 4.36112033771
0.9916 33.1534 0.744755456509
1.6853 32.8824 0.88955365212
2.2816 33.5425 0.120194509026
2.1872 33.4681 4.72963965752
6.7749 32.3181 0.535165292223
7.3034 32.2339 0.563326876689
7.7715 31.9205 0.403950318727
8.155 31.7936 0.340267262604
8.3709 31.5306 2.36567705531
10.3921 30.3013 8.31220803999
15.9488 24.1194 0.489738225994
16.4376 24.1497 1.76297307126
13.8231 28.9836 0.64920499844
13.5963 29.5919 3.51597062843
14.8598 32.873 0.331882991429
15.1004 33.1016 0.202295056786
21.1422 18.0159 15.0956833118
26.3969 3.8643 13.3704546508
15.6823 -4.1336 9.39677874859
7.2185 -0.0515 2.89710671188
4.4024 -0.7318 3.96282862738
0.5096 -1.4735 4.6348629203
-3.9934 -2.5712 0.933623500133
-3.9006 -3.5002 2.82792153003
-6.6363 -4.2165 0.541535825223
-6.5687 -4.7538 18.7557021991
-8.619 -23.3971 4.62655097886
-12.138 -20.3935 1.07088602568
-13.1162 -19.9577 1.80631369645
-14.9203 -19.8683 1.8246516188
-16.6555 -19.304 1.14867166762
-17.2041 -20.3132 2.2272790575
-17.9485 -18.214 2.37154600419
-20.3166 -18.0862 1.94428562716
-22.2474 -17.8576 1.68356861755
-23.9309 -17.8424 1.68498522545
-25.5789 -17.4913 0.922739752043
-26.4982 -17.4117 0.953642490664
-27.4376 -17.2475 1.301539742
-28.7325 -17.1162 1.69154445995
-30.4146 -16.9377 2.4889336552
-32.8889 -16.6682 2.75060816003
-36.8304 -16.2502 1.14074381436
-35.6926 -16.3321 6.32657094562
-30.7819 -12.3433 2.71632256001
-29.3216 -14.6337 0.642665262792
-28.7174 -14.8527 1.81657763115
-26.9872 -15.4062 1.63516199809
-25.9302 -14.1586 2.54936974957
-23.4886 -13.4252 1.49372099804
-22.0255 -13.1243 1.41494953267
-20.6318 -12.88 0.426099894391
-20.8754 -12.5304 0.861581365862
-20.9292 -13.3903 0.771879951806
-20.7027 -12.6524 17.648941745
-12.7893 3.123 0.483664118992
-12.307 3.1593 1.71548618473
-10.6301 3.5211 0.835340583235
-9.8531 3.8278 2.39333270775
-7.4612 3.745 0.908707109029
-7.6417 2.8544 9.72379047748
-12.4302 -5.6086 0.415116525809
-12.5345 -5.2068 11.6448296304
-5.6881 4.2128 0.41830760213
-5.9791 3.9123 9.64680650267
-11.7958 -3.7836 0.527714288228
-11.3097 -3.5782 3.23088008444
-8.2691 -2.4858 8.92467836787
-4.656 5.6748 0.929784625599
-5.4363 6.1804 0.653841876909
-4.9177 6.5786 2.96141224756
-2.3298 8.0183 1.52368249974
-3.5504 8.9303 6.43155644071
-9.4367 11.5219 1.26671758889
-10.4416 10.7507 0.479314614841
-10.2325 11.182 15.1569388799
-7.1636 26.025 2.5951511902
-4.5685 26.0413 0.93284624671
-5.2891 25.4489 0.863839163271
-4.7442 26.1192 10.1985192185
0.5413 17.3972 9.96637494428
1.7261 7.5015 0.380386185343
1.9447 7.1902 12.0116087386
5.1832 -4.3766 0.758100059359
5.1829 -5.1347 1.81394797059
3.5847 -5.9927 1.44771467493
3.7954 -4.5604 0.129503860946
3.7169 -4.6634 0.706163295563
4.3721 -4.4 0.542583910561
4.8958 -4.2581 1.87115411712
6.5921 -3.4683 0.369217144781
6.961 -3.453 1.43203364486
8.261 -4.0536 0.249463945291
8.4895 -4.1537 0.183188454876
8.6596 -4.2217 0.300225798359
8.3669 -4.2885 0.696495692736
9.0269 -4.511 3.89385469811
12.0873 -2.1035 0.923798056937
11.7454 -2.9617 0.926112671331
11.1052 -3.6309 1.41429461217
10.1199 -4.6455 15.3812172945
-1.8486 -14.3066 1.04138938443
-1.3599 -15.2262 0.415811796369
-1.1847 -15.6033 1.28496512404
-1.4911 -14.3554 0.770778989075
-2.2386 -14.5434 1.05745578631
-1.2861 -14.0841 11.3139880082
4.9731 -4.6592 0.844278970483
5.8114 -4.5589 0.70797379895
5.1313 -4.3622 0.980810481184
5.6439 -5.1984 0.910888851617
5.1622 -4.4253 20.0437434809
-6.5791 11.8195 3.54750045666
-9.7084 10.1485 3.54127916013
-6.7909 12.1557 0.548087812307
-6.3113 11.8904 0.774912253097
-5.6345 11.513 2.27462097502
-3.4282 10.9597 3.03043812014
-0.3978 10.9749 4.07735100893
3.6792 10.9214 1.72161282814
4.8644 12.1701 15.4708315875
11.1968 26.2856 14.4644760714
4.9837 13.2235 10.3334027019
9.5511 3.9543 9.48795894173
14.9389 -3.8555 0.486405283688
14.6106 -4.2144 0.347236878802
14.7378 -3.8913 1.16794426237
15.8866 -3.6807 0.977074091356
14.9203 -3.536 17.33924957
-2.2146 -6.1902 0.75857211259
-1.8375 -6.8484 1.31026831222
-2.5807 -5.7693 10.080168694
-7.3996 3.0844 0.407101486119
-7.1667 3.4183 14.3071763549
-1.8497 16.7008 0.548517365267
-1.928 16.1579 1.15593149018
-2.244 17.2698 0.946585548168
-2.0796 16.3376 11.1880015378
2.6204 6.1847 0.39002648628
2.2425 6.2812 1.07435084121
1.5342 5.4734 12.7267821876
-7.9552 -3.0073 0.0535628602672
-8.0039 -3.0296 10.4096332447
1.1711 1.8877 1.13902492071
0.2872 1.1693 10.3591636699
-8.3815 -4.5022 0.0784091831357
-8.3059 -4.4814 13.0725635026
3.7419 -9.5551 0.587090401897
4.2914 -9.7618 0.368023165032
4.4853 -10.0746 0.603871716509
4.877 -10.5342 0.959262185224
5.7125 -11.0055 1.72142971103
7.4241 -10.8218 1.98417901662
9.0795 -11.9157 1.37341935693
10.0158 -12.9205 0.568567049696
10.4351 -13.3045 1.23532745861
11.1934 -14.2797 13.3433834948
13.3239 -27.4519 0.703714331245
13.7714 -27.995 2.34059516576
14.7807 -30.1068 10.8418627943
23.432 -23.5722 2.16486609748
25.5731 -23.8921 3.82880629178
29.369 -23.3912 1.21715992786
30.58 -23.2689 11.1754600447
33.7 -34.0 8.30640791799
40.8905 -29.8415 1.95598494882
41.2721 -27.9231 6.87527745622
38.0564 -34.0 5.88530315022
39.903 -28.4119 0.61211123989
39.3519 -28.6783 1.3966816996
39.5235 -27.2922 0.314215753902
39.729 -27.0545 0.173481065249
39.8638 -27.1637 0.73006608605
39.2231 -26.8137 7.88193893975
35.9855 -34.0 5.05164879223
39.0651 -29.9956 4.02448456824
40.0591 -26.0958 0.101215413846
40.0981 -26.0024 1.70885133935
41.7072 -26.5777 4.76767267018
40.6859 -21.9207 0.428603604745
40.7512 -21.4971 0.867978663332
41.0498 -20.6821 0.813200006149
40.6762 -19.9598 11.277463972
41.4002 -8.7056 0.837957236379
41.543 -9.5313 0.768687823502
0.0 0.0 1.96505980571
1.586 1.1602 4.09207475127
0.8104 5.1781 2.2327451198
-0.6745 3.5107 2.06275850501
-1.1666 5.5139 1.03983383288
-2.157 5.1971 1.1992145763
-0.9968 4.8937 1.0647655
-1.7902 5.6038 1.36727191882
-1.6523 4.2435 0.321379293048
-1.485 3.9691 1.14470078186
-1.9092 5.0323 18.5572227451
-8.2092 22.4874 1.16241218163
-8.2704 23.6482 4.26330311613
-10.1039 27.4971 2.74386420947
-12.3657 29.0505 2.28903125361
-13.6215 30.9643 0.691029963171
-14.1011 31.4618 1.4208668129
-15.0648 32.5059 3.23585965858
-18.295 32.3146 3.77790399693
-22.07 32.4627 6.97976898185
-29.002 31.6475 3.44210144098
-32.4103 32.1287 3.63034394101
-35.984 31.4899 1.43852966949
-37.3909 31.1899 13.1219810947
-50.4741 30.1818 2.99912021266
-51.3994 23.2493 11.7745590644
-46.7998 12.4103 0.366849955704
-46.4743 12.2411 7.58864492383
-39.4296 15.0624 0.39200186224
-39.1011 14.8485 3.15693294512
-38.261 17.8916 0.435368590966
-37.8676 17.7051 0.305117846086
-37.9675 17.9934 1.50557052309
-37.2297 16.681 0.679404592272
-37.9053 16.6092 7.01099672301
-33.0417 11.5595 1.14485665915
-33.5091 10.5144 0.316117731233
-33.2892 10.2873 2.04910890389
-31.5289 11.3362 1.47012702853
-30.0597 11.3884 1.85221552202
-28.21 11.2919 0.537841472927
-27.6859 11.4127 2.88071098342
-25.284 9.8223 2.22194127735
-23.246 10.7075 0.540265305197
-22.8088 10.3901 1.04904331655
-23.1746 9.4069 0.694767097667
-22.598 9.7945 16.884241107
-31.844 -4.3331 0.707380498742
-31.4806 -4.94 4.27291260383
-31.747 -9.2046 0.617659137389
-31.159 -9.0155 8.84385449733
-25.6084 -2.1304 2.94741796832
-22.9516 -3.4066 0.508323961662
-22.489 -3.1959 1.30837450678
-21.3842 -3.8968 1.65915313639
-21.4374 -5.5551 0.245407253357
-21.676 -5.4977 0.277370960989
-21.4013 -5.4593 0.800201930765
-22.104 -5.0765 1.40438015509
-22.3371 -6.4614 0.232689707551
-22.1378 -6.5815 4.94928727798
-23.6044 -11.3085 0.448034931674
-23.1837 -11.1544 0.95825393816
-22.6687 -11.9625 1.1457393639
-22.4249 -13.082 1.68943120014
-20.8436 -12.4873 1.09821785179
-21.8123 -13.0047 0.135994301351
-21.8701 -13.1278 1.59695610772
-20.926 -11.8398 16.5691525326
-12.6631 2.522 0.909947251218
-11.7611 2.642 13.631035654
0.8377 -2.5614 11.5590917515
-7.3499 5.598 0.263305241118
-7.0986 5.5194 1.1150330309
-7.2515 4.4149 0.550940740915
-7.0458 4.926 0.804717074505
-7.1679 4.1306 6.96310267984
-8.0246 -2.7796 10.9155259195
-2.1717 -11.9933 15.3916814059
6.275 -24.8602 3.50597600248
9.0968 -26.9409 0.611041086998
9.6257 -27.2469 4.6359411256
12.5801 -30.8195 3.31926937894
15.7796 -31.7031 5.05161139143
20.7523 -32.5925 6.29426338502
27.0333 -33.0009 9.38073918623
36.4001 -32.4897 2.93671285964
38.9212 -30.9836 1.09105822026
39.5014 -30.0596 3.92370345082
42.2073 -27.2182 6.11938434975
40.9082 -21.2383 0.362862508397
41.1368 -20.9565 0.254267516604
41.2962 -20.7584 0.189833743049
41.2568 -20.5727 0.176302836052
41.2578 -20.3964 0.150085842104
41.3918 -20.3288 0.981515038092
41.3202 -21.3077 1.08805652886
41.0447 -20.2551 12.3767022122
39.2929 -8.003 0.390543838768
39.0149 -7.7287 0.824572774229
38.8998 -6.9122 2.57015756132
37.9588 -9.3039 0.656885324847
38.5676 -9.5506 0.643478686516
35.1459 -16.4778 1.20863925553
33.982 -16.8036 19.2858704706
17.1945 -26.297 7.50850776719
9.686 -26.2862 2.03597196444
7.655 -26.4284 2.48677247049
5.1706 -26.3198 2.57040451291
2.6006 -26.2742 4.18283922952
-1.5525 -25.7763 2.57049158139
-4.1176 -25.6099 2.94656456233
-6.74 -24.2663 2.87363460621
-9.4004 -23.18 2.60179357367
-12.001 -23.2588 2.87932882804
-12.1711 -26.1331 0.756573757145
-11.5387 -26.5484 2.42715236646
-12.8232 -28.6078 2.69426312375
-14.9385 -30.2765 2.97744519009
-16.4116 -32.864 3.47393824067
-19.8855 -32.8477 2.44372446278
-22.3229 -32.672 1.99591894876
-24.2207 -33.2901 1.4217225116
-25.579 -33.71 2.48382709946
-28.0025 -33.1659 3.37582647066
-31.3269 -33.7529 0.755512329482
-32.0817 -33.7201 5.00647275435
-37.0877 -33.6513 1.59818890623
-38.6814 -33.771 5.59510166574
-43.9058 -31.7683 3.63606438337
-47.1756 -30.1779 2.58860631615
-47.8377 -27.6754 15.6310130663
-37.4165 -16.0252 3.75023266612
-40.8497 -14.5161 11.4986123867
-45.4828 -25.04 4.8015868679
-48.1574 -21.0523 2.94575049181
-49.6084 -18.4887 1.7139764555
-50.8036 -17.2602 2.48477038778
-51.1858 -14.805 7.40169400205
-44.3175 -12.0461 0.613521156929
-43.96 -12.5447 1.0744351865
-42.8876 -12.6108 2.63124975059
-39.5964 -34.0 6.55860590141
-33.5323 -31.5016 1.25119779811
-33.4011 -30.2573 2.32628330175
-31.3381 -31.3323 4.22990089364
-27.3672 -32.7897 0.921853372289
-26.4492 -32.7055 2.40197107601
-24.0713 -32.3663 0.504409080013
-23.5737 -32.4489 1.69925442474
-21.8745 -32.4625 15.4026161025
-6.5791 -30.6483 17.4326419871
-16.3668 -16.2227 18.0531680846
-3.7751 -29.1597 0.620418221847
-3.2917 -29.5486 4.17011669501
-0.8675 -32.9417 1.63393814448
0.169 -31.6786 1.0422266788
0.9189 -32.4024 1.07947359857
0.3111 -31.5103 11.7705740323
-4.8101 -20.9122 4.16856750455
-6.6753 -17.1842 11.0472347391
-4.606 -6.3325 12.6029255512
4.3961 2.4877 0.264484574219
4.3733 2.7512 0.549274257544
4.9048 2.8898 1.46159114666
4.68 1.4456 9.98428339341
1.0392 -7.8512 1.07867448751
0.1556 -8.4699 9.42641003246
-8.5087 -12.183 7.49948408959
-1.2518 -10.291 0.253654114889
-1.0118 -10.3731 0.0661607889917
-1.0776 -10.38 1.65065645729
-2.1251 -9.1043 15.3021940002
4.6958 4.5936 0.37010390433
4.9165 4.2965 0.971129862583
5.8729 4.128 1.14016381279
4.7675 4.4074 14.4084705594
-9.3206 7.4289 1.0887926754
-9.1749 8.5079 1.14142595467
-9.0138 7.3779 23.5124869769
-10.0866 -16.1101 1.37588771708
-8.7416 -16.4 0.752148097119
-9.0106 -15.6976 1.45968755561
-7.5632 -15.5086 1.04037280337
-8.4046 -16.1205 0.994118594535
-7.4249 -15.9518 0.9244659269
-7.8659 -15.1393 0.963566961866
-7.3719 -15.9666 14.9999415926
3.2704 -26.5373 0.831851723566
4.0079 -26.9221 0.541166896622
4.471 -27.2021 0.384116141291
4.7595 -27.4557 1.0517618837
5.5836 -28.1092 0.820242122791
6.3769 -28.3177 1.13185292773
7.3801 -28.8418 2.09918839793
8.4869 -30.6255 2.58781971938
9.263 -33.0942 1.25331628091
10.4377 -33.5311 0.332129432601
10.7691 -33.5091 0.493440249676
11.2609 -33.5493 0.49241155551
11.7492 -33.4858 0.151176320897
11.8494 -33.599 1.51465304608
10.3366 -33.6739 0.149816721363
10.201 -33.6102 0.144605670705
10.3272 -33.5396 1.50523176289
10.7017 -32.0817 8.61907724585
19.2036 -30.6653 15.8625824814
8.4909 -18.9666 0.983472729668
7.9804 -18.126 0.947042179631
8.5039 -18.9152 1.06384386542
8.0563 -17.9501 15.7148272049
-0.0265 -4.4733 0.8113185441
0.6018 -3.96 14.9121159267
1.5348 10.9229 1.05852767559
1.6326 11.9769 0.66070169517
1.4658 11.3376 1.45666756674
2.0356 9.997 0.178565394184
2.1884 10.0894 0.432580639881
2.4633 9.7554 3.60944901751
2.3447 6.1479 8.68128516408
3.0608 -2.5038 0.466129005748
2.6629 -2.7466 1.0425590295
3.6371 -2.3753 1.04031351524
2.5986 -2.4367 14.5493376523
-11.4788 -6.1123 0.56066612168
-11.4193 -5.5548 11.2096871611
-0.7233 -2.2003 0.383953877438
-1.02 -1.9566 3.86563229627
-0.7788 1.9015 1.01653013728
-1.2782 1.0161 13.8142884087
-13.1 -6.1309 0.602229864753
-12.4991 -6.1709 2.85159737165
-9.6537 -6.3588 11.2689160588
0.3498 -11.5471 0.412636462276
0.7115 -11.3485 1.21718055357
1.103 -12.501 14.5859902105
6.2521 -26.1479 0.412086398708
6.6069 -26.3575 0.583211591106
7.0843 -26.6925 2.87136773159
9.5239 -28.2068 0.813745445456
10.2293 -28.6125 3.96187344826
13.2962 -31.1206 3.90461303204
16.9884 -32.3909 5.11915837809
22.1039 -32.5844 1.64996170259
23.7308 -32.8593 0.628404209088
24.3592 -32.857 2.27224156506
26.6294 -32.9533 0.859669343411
27.4841 -32.861 6.61378421858
34.0941 -33.0847 3.93856706938
37.3782 -17.8165 0.919830864888
37.1501 -16.9254 17.1615587759
25.602 -4.2305 12.0726276593
13.5652 -3.3011 4.28368021332
9.4693 -2.0467 0.914086254136
9.5535 -2.9569 6.29003011519
9.3458 3.3297 13.1548004599
4.2633 15.463 0.484057362303
4.4386 15.9142 0.0882816515478
4.3537 15.9384 0.250201938442
4.3138 15.6914 15.6816068912
-4.6824 28.5359 0.613085393726
-5.2857 28.4268 1.07840593934
-6.3256 28.7124 0.987655729493
-7.2484 29.0644 2.61957615847
-8.7514 31.2099 1.53684599424
-10.1895 30.6679 0.775952588758
-10.8076 31.137 2.33234765205
-10.637 33.4631 1.90332220341
-12.5355 33.3277 1.51281323699
-14.0413 33.4732 1.3946162949
-15.4332 33.3862 3.34098637681
-18.7251 32.8156 2.64800424849
-21.2892 32.1543 5.06360367031
-26.2574 33.1326 7.37270768239
-33.4453 31.4922 3.00496831431
-36.4089 31.9891 8.07022307808
-44.4187 31.0034 4.84999812062
-48.3963 28.2283 2.22492841458
-49.0452 26.1001 2.25524155912
-49.9495 24.0341 2.46699060801
-50.675 21.6762 55.1163611956
0.0 0.0 1.97883265841
1.7938 0.8355 0.174361492308
1.7126 0.9898 1.27968277319
0.4506 1.2018 0.633166834255
-0.0276 0.7868 4.08768658779
0.5616 4.8318 1.61117176303
-0.0921 3.3592 1.58013969636
-1.5182 4.0397 1.76776204847
-3.0007 5.0026 1.06103294011
-2.7384 3.9745 0.220666014601
-2.6866 3.76 1.43671338826
-2.9572 5.171 17.3680259342
-7.163 22.0221 1.45017519286
-8.5425 22.4693 3.0125674648
-11.3873 23.4606 0.39833264993
-11.3822 23.0623 2.1856147968
-13.0262 21.6221 1.11719679556
-13.948 22.2533 1.5489134837
-15.2297 21.3836 2.30522211511
-17.3697 20.5266 0.494455710858
-17.832 20.3512 2.81878801793
-20.6262 20.7227 0.936820030742
-21.4993 20.3831 1.10193163127
-22.5437 20.0317 2.1845456507
-24.6454 19.4358 2.65614768038
-27.1757 18.6279 0.535068154537
-27.6854 18.4651 2.20783986059
-29.8292 17.9372 2.69971416635
-31.9095 16.2165 1.07756895371
-33.8032 14.5991 4.74044652433
-33.9355 9.8605 1.72095662932
-33.2809 8.2689 7.00669538228
-39.5686 5.1772 0.856815061726
-39.7725 4.345 3.94736972679
-36.7251 1.836 1.24611935624
-36.5978 0.5964 0.552489221614
-39.8987 -1.7877 10.302318625
-30.644 -6.3141 20.7239610364
-14.561 -19.3839 0.481909586956
-14.0969 -19.2541 2.19895776449
-12.3695 -17.8934 2.56330413334
-9.8077 -17.8056 0.930240683909
-8.9155 -17.5423 1.84555605984
-7.0914 -17.8229 0.664316867165
-6.4413 -17.6862 0.490084492715
-5.9513 -17.6771 0.795069965475
-5.1628 -17.5751 4.5142924728
-0.703 -18.2744 0.674442918267
-0.0395 -18.1534 0.583660217935
0.535 -18.0504 2.69719120568
2.7616 -16.5282 17.9090654418
1.6256 1.3448 0.528306094987
2.0634 1.6405 0.55450847604
2.558 1.8912 0.455714658531
2.9411 2.138 1.39901835942
4.3357 2.2491 0.617121787008
4.9084 2.479 0.516947898729
5.3927 2.6598 0.950688929146
6.2615 3.0458 1.62406115956
7.8563 3.3527 0.501349149795
8.2807 3.6196 2.13053770208
9.0076 5.6223 1.81760299571
10.8252 5.619 0.514901310932
11.2708 5.877 1.21678198951
12.4504 6.1755 2.66084601772
12.8036 8.8128 2.50043973133
14.1542 10.9171 0.98579959931
14.3613 9.9533 1.12767919197
14.1569 11.0623 14.6081240948
17.8755 25.1892 5.39785302227
21.2065 29.4367 0.920933830413
22.0539 29.7973 0.68350089978
22.6947 30.0351 2.13837509572
24.6914 30.8005 2.92733060996
26.7017 32.9284 0.603269699222
26.891 33.5012 0.495212156555
27.3858 33.481 0.658645466089
28.0142 33.2837 0.547171792036
28.3943 33.6773 9.26925220986
29.2486 24.4475 8.07853313975
35.6699 29.3495 6.26378815814
38.7002 23.8675 3.75557010985
40.7088 20.6942 1.31149548989
39.7557 19.7933 10.5471568652
32.2242 12.4096 0.943405347663
31.55 13.0695 0.799371403041
32.3342 12.9145 0.430738493752
32.7571 12.9963 0.11387787318
32.845 12.9239 0.86004151644
33.638 13.2568 1.63704204283
33.0688 14.7917 1.52648471987
34.3806 14.0111 8.28002803135
27.672 18.8643 0.97786071094
28.5519 19.2909 2.36259430711
30.8524 19.829 0.670089643257
31.4961 20.0152 0.67137299618
32.1044 20.2993 0.358598215277
32.4342 20.4401 0.233167579221
32.2488 20.2987 1.70213603745
33.9313 20.0409 3.5590342426
31.1098 17.8716 3.38897772344
34.1338 19.4015 2.91224770924
36.8782 20.3759 2.03403599034
38.6786 21.3224 0.418204782373
39.0968 21.3204 0.321443385373
39.3596 21.1353 1.42325322062
38.0719 20.5291 8.92915155656
40.7195 12.0015 0.359569645549
40.7358 12.3607 0.0701177580931
33.1834 34.0 15.0291131748
33.1635 18.9709 8.34824157592
27.7533 6.1678 0.16995440565
35.1405 8.1229 2.6585584609
33.9458 5.7479 3.50946617736
34.6475 2.3093 5.74459903736
29.2002 0.4852 1.59159306671
28.7507 2.012 23.3822373335
21.8683 24.3584 2.62060781499
19.5099 25.501 15.0826734507
4.697 28.3409 0.842801293307
5.5361 28.262 8.19333957858
13.5642 26.6248 0.491057277718
13.1992 26.9533 12.4521135174
1.354 30.7934 1.37572158884
0.189 31.5251 3.02801738766
-2.6289 30.4168 1.91939632176
-4.5469 30.49 3.34940752074
-6.7976 28.0095 1.16514130044
-7.7785 27.3807 2.2368605522
-8.2082 25.1855 0.572008050643
-8.2902 24.6194 1.52196401074
-8.6104 26.1073 1.89586749801
-10.263 27.0364 2.52296816468
-11.1336 29.4044 2.53723187746
-13.4504 30.4388 1.95189480505
-15.2246 29.6251 0.884128887663
-15.4821 30.4709 1.25843588633
-14.2539 30.1967 2.79789981415
-16.1083 32.2918 3.11927204649
-19.2256 32.4027 2.84099913763
-21.9465 33.22 3.44300583938
-25.2301 32.1845 2.4768683231
-27.3539 33.459 3.15062993701
-30.2015 32.1108 15.470671487
-45.6714 31.9563 2.03859635289
-47.1617 30.5653 2.54690112097
-49.7073 30.6467 2.04911150746
-50.2887 28.6818 5.31824887345
-50.165 23.7108 9.82204248667
-41.1545 19.8014 9.30536484508
-35.1234 12.7151 4.50898280547
-30.6399 12.2364 0.958908421071
-31.0849 11.387 0.585476028544
-31.5356 11.0133 2.811375288
-28.7946 11.6384 2.31988195605
-26.4748 11.6189 4.03972581248
-22.5688 10.5881 14.6089830615
-16.0985 -2.5099 18.2618680307
-9.5571 -19.56 8.67148589459
-18.145 -18.3589 1.00790958424
-18.9997 -18.8931 1.13343774862
-17.9985 -19.4244 11.5914721429
-6.4245 -18.7882 1.04518096519
-5.5844 -19.41 0.303681955341
-5.3501 -19.6032 1.08893036049
-6.1903 -20.2959 0.255935714585
-6.0325 -20.0944 1.29895603082
-4.7419 -19.9473 0.808831465758
-4.6664 -19.142 9.18326358382
-7.4267 -10.3834 0.523741128803
-7.4456 -9.86 8.53276808779
-14.0888 -4.505 0.672989821617
-13.5241 -4.8711 9.31127512482
-7.0567 -11.5698 0.612074390904
-7.4882 -12.0039 6.78561815386
-13.914 -14.1842 19.3200292528
-2.8193 -30.001 4.39181634976
0.7385 -32.5759 0.701156936784
1.4278 -32.7043 2.4737411445
3.816 -33.3492 3.69674434604
7.452 -32.6818 10.0488298647
7.1217 -22.6384 0.977978798339
6.398 -21.9806 13.4412628354
-6.1875 -17.2612 0.994225653461
-5.7492 -16.3688 9.92686750037
-4.3938 -6.5349 0.244637078138
-4.1541 -6.486 1.19114365213
-4.0733 -5.2976 16.2035474588
-15.2708 6.4144 0.767707164223
-15.2458 5.6471 8.64509813767
-15.8049 -2.9799 0.435853105989
-15.4806 -3.2711 15.1764062363
-1.6006 -9.4086 8.44112746616
4.7175 -3.8109 9.03801705685
4.2439 5.2147 1.03451615744
3.6707 6.0759 0.558551788109
4.1838 6.2966 2.56826413751
5.9236 8.1858 1.20377161455
5.8465 9.3871 19.0101457451
12.975 27.0101 9.28137809272
19.4467 33.663 1.37391761034
20.8015 33.4346 4.13948296288
24.9407 33.483 4.99160745652
29.8873 32.8142 4.71598151502
34.5784 32.3304 4.17085273895
38.4005 34.0 5.3893454482
39.3161 28.689 0.385151424767
39.16 29.0411 0.572856744745
39.4623 29.5277 0.331336988578
39.5755 29.2163 1.12416145193
39.9336 28.1507 0.410257297315
39.5265 28.0999 0.926090503137
39.0434 28.89 0.575792497346
39.3474 29.379 0.441950189501
39.32 29.8201 1.56070102838
39.9563 28.395 4.13366089199
39.3612 24.3044 0.599812237288
39.9116 24.066 0.245285344038
40.0023 23.8381 1.30183962914
40.3414 22.5812 1.29403649485
41.4045 23.319 1.67427658707
42.8873 22.5415 4.2094754305
40.1755 19.3219 10.3732899477
43.4058 9.4644 24.8885624535
51.5 33.0 8.41131578411
48.3666 16.3734 1.82374788005
48.3219 14.5502 18.7215234329
51.5 33.0 7.78878983219
48.9769 25.6312 0.155349573543
48.9162 25.4882 0.129560063291
48.7971 25.4372 0.0965991718391
48.7343 25.5106 0.508314912235
48.2704 25.3028 0.252020078565
48.0268 25.2382 9.47418163907
44.4225 34.0 8.11367225675
45.3035 25.9343 1.49797807728
43.8749 25.4837 1.3761719442
45.248 25.3918 6.44741968232
43.491 19.1884 1.23213875842
43.1246 18.012 4.20909463424
0.0 0.0 2.0575371151
1.5273 1.3787 0.102625532885
1.6237 1.4139 1.86321284345
-0.2352 1.5406 0.821330396369
-0.6743 0.8465 0.658569639446
-1.0409 0.2994 7.9658521986
-0.2196 -7.624 1.70247911588
-1.3571 -6.3573 0.91890940794
-2.2736 -6.4238 0.841017538462
-2.9637 -6.9045 0.979206030414
-2.4608 -6.0643 1.28607714388
-3.0769 -7.1932 17.7710420415
-9.3469 -23.8214 0.786082851867
-10.1229 -23.9469 2.04174966389
-11.3929 -25.5456 2.88871434552
-12.8058 -28.0652 2.60151416102
-14.8311 -29.698 3.20116184533
-17.2381 -31.8084 2.34126603785
-19.576 -31.6829 2.61055932896
-21.8711 -32.9269 2.13373661214
-23.9823 -32.6176 2.23340167681
-26.1915 -32.9455 0.678582618404
-26.8664 -33.0161 2.17345671685
-29.0387 -32.9452 1.07949105138
-30.0929 -32.7129 1.636419555
-31.7293 -32.7209 1.5115519045
-33.2397 -32.7799 1.65775176067
-34.8974 -32.7668 5.22958993421
-40.1242 -32.596 4.9541784001
-43.6933 -29.1601 1.41671073971
-44.9999 -28.6125 4.24031208521
-49.0572 -27.3802 2.66251715863
-49.9343 -24.8663 3.38081589265
-51.491 -21.8652 1.00762819036
-50.4854 -21.9291 1.66550044131
-44.1086 -13.3639 1.01558109967
-43.3405 -14.0283 2.63308642091
-41.4534 -15.8646 19.6431852521
-25.3236 -27.0755 1.00994313206
-24.4208 -27.5282 6.19518026937
-18.7524 -30.0281 0.818563357352
-17.9725 -30.2767 5.70327703869
-12.4158 -31.5614 1.02190260299
-11.4136 -31.7611 0.805035309785
-10.638 -31.9768 2.27951958535
-8.3807 -32.2943 5.50086335042
-2.9375 -33.0887 1.56080752497
-1.3772 -33.0489 1.20904989558
-0.1741 -33.1687 2.55490469881
2.3808 -33.1736 1.10004858075
3.48 -33.2168 1.34015357702
4.7731 -32.8648 1.54697315103
5.8503 -31.7545 1.08287757849
6.8471 -31.3314 0.980681773054
6.6686 -30.3671 6.45778749263
3.0485 -25.0194 0.578000320069
3.6199 -25.1065 0.549895380959
4.1282 -24.8967 0.106035937304
4.2233 -24.9436 0.354510155003
4.396 -24.634 0.989223175022
3.8253 -23.826 1.95959032964
3.9608 -21.8711 5.80644890101
4.033 -16.0651 0.514049958662
4.479 -16.3207 1.20918869495
5.6373 -16.6678 3.45619003673
9.0074 -17.4344 6.71507482088
14.1015 -13.0592 0.426571740742
14.5154 -13.1624 0.864495696924
14.0333 -11.7357 1.94642813893
12.7298 -10.2902 1.39925946486
13.1966 -11.6093 1.15923597684
12.2548 -10.9334 8.69273413662
6.1822 -4.7135 2.3665768443
4.9186 -2.7125 0.852969038125
4.7973 -3.5568 0.0719986805435
4.8539 -3.5123 1.65781623228
4.571 -1.8788 22.4344898264
1.0214 20.2731 0.497304021701
1.0234 20.7704 4.43922911438
-3.3018 19.7707 2.30451790186
-5.6044 19.6767 0.918792087471
-6.4131 19.2406 1.2335448107
-6.9807 18.1454 1.98296390537
-6.71 16.181 0.979836925207
-7.2074 15.3368 1.67728676737
-7.8927 13.8059 1.53322860005
-8.4862 12.3922 1.08751254705
-8.9789 11.4227 1.56690357712
-8.779 9.8686 0.851116096664
-14.4254 21.3284 0.186257590449
-14.5664 21.4501 0.740520965267
-13.8277 21.502 1.40810738937
-12.4498 21.7921 2.00431878702
-10.4626 21.5307 0.705731967534
-10.1586 20.8938 0.531254534098
-9.6313 20.8291 0.353111228935
-9.2838 20.8918 1.7391912747
-7.6373 20.3316 10.2733031908
-6.327 10.1422 1.08077835378
-5.3561 9.6674 11.4869504552
-2.3721 -1.4252 0.719178892905
-1.8483 -1.918 0.616668314412
-1.4624 -2.399 2.9502356855
0.564 -4.5432 9.40012565129
-0.4045 4.8069 1.15989044741
-0.1757 3.6698 1.33677299868
0.5585 2.5527 10.0186291363
4.1634 -6.7949 1.21939993849
3.5129 -7.8263 12.2301985385
-6.1748 -15.2913 10.3222991131
2.6965 -10.014 13.0291602554
-9.5499 -14.462 0.864689175369
-9.654 -15.3204 8.14684528207
-6.3278 -22.7573 1.28620715283
-5.0568 -22.9545 19.532644823
12.1835 -32.1358 0.86876503728
12.9497 -32.5453 0.583524643867
13.5202 -32.6679 0.528638288435
14.0364 -32.7819 2.69971437193
16.7351 -32.7079 4.05490480529
20.7878 -32.8416 5.23447645138
25.9902 -33.4202 0.497915223708
26.2448 -33.8481 0.26465811909
26.3802 -33.6207 12.5025933282
27.8045 -21.1995 2.73192831531
30.0621 -19.6611 1.81317882461
31.2182 -21.0579 13.0686260334
39.251 -31.3663 5.03200071641
40.7815 -26.5727 1.27162151995
41.52 -25.5375 0.396909574085
41.612 -25.1514 0.254092896398
41.5864 -24.8986 0.461438760834
41.5362 -24.4399 0.546527446703
41.1678 -24.0362 0.234491620319
41.0352 -23.8428 9.75350528015
33.7294 -17.3809 0.137875668629
33.8603 -17.3376 0.170877880371
33.9401 -17.4887 0.842455933566
34.0185 -18.3275 1.49738954518
32.7637 -17.5104 0.98609326638
31.7069 -20.8446 1.45653633666
30.5546 -19.9537 0.848165697255
30.6093 -20.8001 16.9818868004
16.1282 -29.6704 5.07638366261
12.2785 -26.3614 3.42409862154
8.8664 -26.6478 4.93893752238
3.93 -26.4895 4.35614981951
-0.4257 -26.5521 5.48314904503
-5.1525 -23.7732 1.63366558389
-6.7857 -23.8122 1.65606968452
-8.4203 -23.5464 2.66765791847
-10.3317 -21.6855 1.30154154755
-11.2673 -22.5903 2.41812246381
-11.2345 -25.0082 0.678598062184
-10.6228 -25.302 2.00860700487
-12.3941 -26.2491 2.38409473176
-12.5053 -28.6306 0.211503215106
-12.4084 -28.8186 0.141686731912
-12.3601 -28.6854 1.97261173321
-13.7782 -30.0566 2.48994805769
-14.862 -32.2983 2.49004164825
-17.3491 -32.1773 2.63803667147
-19.8509 -31.3405 3.29683558583
-23.1451 -31.2087 3.21433094282
-26.3122 -30.6597 2.53612190953
-28.6469 -31.6502 2.35506674215
-30.9969 -31.4958 0.982243274347
-31.9646 -31.3274 3.7310276453
-35.6571 -30.7926 5.72281956382
-41.3745 -30.5436 6.14632527694
-46.5841 -27.2821 1.78629712254
-48.242 -26.6171 3.04021137588
-49.6081 -23.9011 0.76610159248
-48.8502 -23.7893 3.98714663513
-44.9637 -22.8991 11.840793082
-40.8437 -34.0 19.0927357144
-27.2392 -20.6041 0.323068413807
-27.5138 -20.7743 1.31093769493
-27.4948 -19.4635 2.69129718166
-30.1432 -18.9849 1.74233827083
-31.8308 -18.5516 1.68446559478
-32.3405 -16.9461 6.37276035168
-35.4222 -11.368 1.16563589941
-35.0343 -12.4672 0.830354141316
-35.7663 -12.0752 2.48283850663
-38.2424 -11.8924 0.700885211714
-38.4826 -12.084 13.9691800493
-33.9416 1.1265 1.05032863905
-32.9321 0.8365 0.583518774334
-33.5151 0.8611 0.908841729896
-33.5803 1.7676 1.27013190654
-33.0112 0.6321 0.943513062973
-33.8145 1.127 1.06575832626
-33.0061 0.4325 0.642214551377
-32.3678 0.3617 9.42547474136
-25.7181 -6.3182 0.244044135353
-25.8546 -6.5205 1.60150341867
-24.8428 -5.2791 0.741570360789
-24.7112 -6.0089 9.60942039875
-25.6046 -15.5767 12.0735423737
-35.6629 -22.2551 0.672198132994
-35.8296 -22.9063 10.3838667557
-46.188 -23.6331 2.60962896405
-48.4578 -24.9208 3.1628497609
-50.6256 -19.832 10.0467247001
-40.6022 -19.1478 2.85982178466
-38.463 -17.2498 8.49519838968
-35.4182 -9.319 1.44438568257
-34.8432 -7.994 1.47008745998
-35.2365 -9.4105 0.76108412807
-28.2522 -13.4138 0.11764216931
-28.355 -13.471 0.0934854534139
-28.4422 -13.4373 0.95487333715
-29.0469 -14.1763 14.7107538396
-38.3351 -25.584 6.55990096419
-44.8556 -26.3019 2.79560152382
-47.4324 -25.2177 2.38577115416
-49.1636 -23.5761 3.4735085159
-50.6946 -20.4582 0.746469081744
-50.9861 -21.1454 1.13951140846
-49.8797 -20.8727 8.18826966947
-40.0357 -7.2928 16.9072458967
-23.6807 -3.0069 0.548521695104
-23.1424 -3.1123 3.07403703296
-23.2296 -0.0395 21.4813147019
-11.4712 17.9379 0.295919178155
-11.3492 17.6683 0.517909885984
-10.8313 17.6651 0.407198096754
-10.4243 17.6778 0.779450896465
-9.6454 17.6485 1.6847504563
-8.0053 18.0338 0.651246880991
-7.3608 18.1273 0.503027166264
-6.8735 18.2521 1.09596027756
-5.8517 17.8558 3.00644111867
-2.8471 17.961 0.319402958659
-3.019 18.2302 1.18430096259
-1.9489 18.7376 0.83339439043
-2.6803 18.3381 17.3036461236
-11.8649 3.6732 17.5639329653
-2.0729 18.2543 1.13636673658
-1.1723 18.9473 1.10713649565
-1.8854 18.1004 13.8285527956
-7.7783 5.5903 13.1085868182
-2.0662 -6.2083 18.7250476806
9.5508 -20.8941 0.921973562528
10.1922 -21.5564 5.55725481151
13.3324 -26.1414 0.702063423061
13.9113 -26.5386 3.47009816144
16.2038 -29.1436 3.87860372815
19.477 -31.2244 5.68775854621
24.7758 -33.2916 0.805453027805
25.5811 -33.3073 1.6572497971
27.2294 -33.1353 0.638493046164
27.853 -32.9982 0.340036762718
28.193 -33.0032 1.48061549701
29.6306 -33.3575 0.69605644886
30.3129 -33.4952 0.920390683351
29.4174 -33.2826 6.39388340369
32.2931 -27.5719 0.775441706384
31.8509 -28.2089 3.18763954832
35.0167 -27.8364 0.211435498439
35.1843 -27.9653 0.684332273095
35.8272 -27.7308 0.610188315195
36.4345 -27.7901 0.271601270247
36.6259 -27.9828 0.57313706912
36.95 -27.5101 1.30361315197
35.8938 -26.746 24.2860764557
26.2358 -4.4629 0.55709535988
25.804 -4.8149 1.76912500972
24.1203 -4.2718 1.04069273083
24.5197 -3.3108 0.934565835027
24.189 -4.1849 26.0153258548
11.8228 -27.0732 1.58879673967
10.2366 -27.164 3.05235670589
7.3691 -28.2101 4.6288939586
2.7629 -28.6679 3.96021445505
-1.1973 -28.6786 5.41727185399
-6.2376 -30.6641 2.47289035139
-8.7013 -30.4511 1.89525673723
-10.1734 -31.6448 2.33361513751
-12.469 -31.2253 2.36846174974
-14.7505 -31.8612 0.150104630175
-14.8821 -31.9334 10.5932914479
-13.6272 -21.4147 21.9592603211
-9.0701 0.0665 2.74262806082
-11.8003 0.3273 2.90742148991
-12.4727 3.1559 0.814558021261
-11.8473 2.634 1.03954014833
-12.4307 3.4944 19.2211890231
-16.2942 22.3233 0.604288780303
-16.0844 22.89 2.38066255064
-18.4597 23.0497 4.5267507961
-21.2386 26.6231 2.67021633019
-22.2844 29.08 5.06448270705
-27.0894 30.6803 2.76331002242
-29.7462 31.4401 3.0040712658
-32.3978 30.0282 2.46520516388
-34.8611 29.9313 16.9195127855
-51.5 33.0 12.2253785025
-40.8007 27.0852 0.494446407612
-41.21 26.8078 0.964508185554
