0.0 0.0 7.60753678466
-7.5933 -0.4652 0.670571845517
-7.4341 -1.1166 8.14016407329
-3.3966 -8.1849 1.16560387782
-2.7148 -9.1303 0.0819077529908
-2.633 -9.1261 11.1553680446
4.034 -18.07 9.08846274405
13.1221 -18.1512 6.21758051013
17.2913 -22.7638 7.22155653374
20.1679 -29.3877 1.96985381183
21.7299 -30.5879 2.11527646656
23.4936 -31.7557 1.48642228522
24.9481 -32.0621 3.67990430582
28.5648 -32.7412 0.965581482838
29.5174 -32.5834 0.795871798721
30.3128 -32.6108 4.76411222475
35.0303 -31.946 4.40097216987
39.4251 -32.179 3.66530343764
40.5803 -28.7005 3.52755669692
41.5872 -25.3197 2.11711364362
40.3865 -23.576 6.87086583918
39.0038 -16.8457 0.563071931462
39.0988 -17.4007 4.00404897572
40.4342 -21.1755 0.975116126418
41.1831 -21.8 1.18083010209
40.6513 -20.7457 6.02354668281
40.0071 -14.7567 0.522976251851
39.6371 -15.1263 1.21083072723
42.6271 9.9041 9.6052111653
33.0748 8.8973 0.232466083548
33.0256 9.1245 9.57132592957
23.4719 8.5439 0.551165356313
23.023 8.2241 1.27577055147
22.6509 9.4444 23.7577138328
10.4049 29.8028 5.06574797833
5.3976 29.0355 3.13585798148
2.2808 29.3807 3.90562078292
-1.6223 29.2404 3.00761426549
-4.6297 29.2045 2.68186398238
-7.3106 29.1326 0.737954422712
-8.0458 29.0689 2.60155773528
-10.4327 30.1037 1.59571126461
-11.4167 31.3599 1.30929113646
-12.3465 30.4381 7.7364528642
-20.0829 30.4667 0.945054670376
-19.8741 29.545 0.388411663059
-19.4882 29.5891 1.2289548405
-20.5644 28.9957 2.43322820344
-22.3334 27.325 0.968817681507
-22.3485 28.2937 1.06901629548
-27.0168 30.0638 1.2603853379
-25.8332 29.6306 5.94290694189
-25.7728 23.688 1.82084223644
-24.0906 24.3849 1.20551835324
-24.7541 23.3784 0.452190280745
-25.0382 23.7302 1.05550731878
-24.8705 24.7723 0.337245934001
-24.5346 24.8024 1.44053118675
-24.8943 23.4075 1.04041576785
-24.0959 24.0746 18.3677126251
-6.8771 30.4688 0.167108737055
-7.0394 30.429 0.659656766811
-6.3846 30.3491 0.25241658028
-6.1888 30.5084 1.06387730496
-5.2232 30.0618 2.50930600167
-2.7197 30.2324 6.02745582978
2.728 32.8117 1.71616964488
4.2316 31.9844 0.417565132644
4.6216 32.1336 0.396702659431
5.0148 32.1862 0.942733101148
5.9575 32.1941 2.04654018285
7.6779 31.0857 0.810579854178
6.9542 30.7206 8.12339560775
1.5966 24.6144 1.30836382173
1.7116 23.3111 0.492189160791
1.512 23.761 1.29714590159
2.461 24.6453 0.618315882054
2.1752 25.1936 4.8447601468
1.747 30.0194 2.87686987019
4.6145 30.2514 1.83697770264
6.2847 31.0162 0.724055750616
6.9674 31.2574 0.781832699495
7.742 31.3635 0.118920687855
7.8098 31.2658 0.940175329393
6.9121 31.5452 0.687082011117
7.4716 31.1464 10.7986165234
8.8989 21.9262 0.46305015927
8.5786 21.5918 0.75240891143
9.2935 21.3572 1.20203363098
10.1574 22.193 8.75630752372
4.4962 15.5129 4.04046888987
4.4284 19.5528 0.440070198946
4.4631 19.1141 0.608516392548
4.1117 18.6173 1.06299458606
4.7684 20.3092 0.578895025026
5.2712 20.5961 0.27327444081
5.5388 20.6515 2.64433428484
8.1753 20.4481 1.65880458463
6.5165 20.4442 15.990445167
-3.6627 8.1122 0.51496160051
-3.1479 8.0993 11.1311786123
1.6222 18.1566 8.81225042767
-4.4126 24.5782 0.448473432881
-4.3167 24.1401 0.443028859105
-4.2008 23.7125 1.80915504034
-4.7944 22.0035 0.584866104335
-5.2734 21.6679 0.425005058793
-5.2573 21.2432 0.611596272062
-4.7523 21.5882 0.529932901413
-4.2701 21.3684 1.81109314228
-3.0407 22.6983 0.838931510911
-2.5735 23.3951 2.7256329265
-0.2748 24.8597 1.33975395129
1.0635 24.9221 14.6463427312
14.2513 31.2937 0.898718137126
15.1315 31.4752 0.567580831248
15.6851 31.6004 0.548116137329
16.2082 31.7641 0.580941477259
16.775 31.8915 1.1845926304
17.8997 32.2634 2.44813172235
20.3235 32.6077 0.856608778848
21.1723 32.7231 0.82851840052
21.9966 32.8066 0.778804012573
22.7754 32.8091 0.68470657219
23.4601 32.8061 0.726600990916
24.1867 32.8049 1.06642003451
25.253 32.7889 0.870037884233
26.1226 32.7613 2.23563406666
28.0794 31.6801 0.634413437752
28.7134 31.6572 1.04817809555
29.713 31.9726 2.95699029589
32.455 30.8657 1.48439759162
33.7164 30.0832 0.403671215223
34.117 30.1329 0.832861170904
34.9327 29.9647 2.91327218433
37.6758 28.9836 0.682565608568
38.2067 28.5546 1.67578970041
39.8701 28.3512 0.936039427588
39.9142 27.4162 0.518342984905
40.0106 26.9069 1.04111682822
40.0911 25.8689 6.4065218715
39.0943 19.5404 8.73595039192
0.0 0.0 2.07660303862
1.6957 1.1987 2.22146551853
-0.5214 1.3379 3.95181358999
-4.4686 1.5288 1.98857731306
-5.2568 3.3545 0.58166417287
-4.7083 3.5481 0.642248363174
-12.1265 12.8346 2.84224743645
-9.3033 12.5061 9.18848042551
-14.4346 4.8839 0.995784725731
-14.5867 3.8998 1.03950556035
-14.4742 4.9332 6.13427272299
-13.8964 11.0402 0.332951242677
-13.5666 10.9945 0.181420533568
-13.4212 11.103 3.00446201507
-13.0233 26.7249 18.2836612255
-15.4388 8.6015 1.67981917182
-13.9766 7.7746 3.28220884314
-11.3426 5.8163 16.3180560328
1.1264 -4.71 1.41400724892
0.9909 -6.1175 16.470007884
3.0712 -22.4556 5.67213887436
7.1641 -26.3826 2.23345582002
8.5502 -28.1339 4.04068057881
11.5975 -30.7874 0.648867667556
12.1645 -31.1029 0.538065916036
12.6398 -31.3551 1.98012769538
14.6086 -31.5666 1.90419064434
16.4387 -32.0926 9.49025618727
20.3262 -23.4351 2.50751559118
20.9092 -20.9963 2.48321271139
23.3888 -21.1302 7.55616002544
25.566 -28.3659 2.90797598511
27.9548 -30.0242 4.65709706255
32.3472 -31.5719 3.45821057919
35.7117 -32.3715 4.66742035819
40.2805 -31.4171 2.84320327096
40.0375 -28.5843 0.463035592584
40.1305 -28.1307 0.360878109616
40.2031 -27.7772 0.379422258177
40.2826 -27.4062 0.588858437997
40.3977 -26.8287 1.97037383763
40.8636 -24.9142 0.459366629175
40.8843 -24.4553 1.30242260807
40.97 -23.1557 0.30533301492
40.7648 -22.9296 0.463297744437
41.0916 -23.258 6.52651256108
40.0602 -16.8135 1.72774287728
39.5906 -18.4762 0.794705882701
40.1718 -19.0182 0.871104184355
40.6923 -19.7167 2.07736076068
32.5353 -10.6312 18.5034991007
17.6214 -21.5836 4.2777257287
13.7385 -19.7886 4.93172909637
8.8083 -19.6658 5.72305868658
3.0936 -19.3566 3.77653453976
-0.6607 -18.9474 2.78386530745
-3.3266 -19.7492 0.691554104897
-3.2018 -20.4294 1.23862222247
-3.2192 -19.1909 4.03058089362
-7.1867 -19.9012 2.11337936964
-9.1711 -19.1742 2.17084115725
-10.8404 -20.562 1.31284279333
-12.0788 -20.1262 2.11124097393
-12.3122 -22.2245 2.80304893464
-14.9599 -21.3043 1.08798173698
-15.9794 -21.6842 1.79366385089
-17.7093 -22.1582 1.06886055685
-18.6733 -22.6199 1.88609024439
-19.5298 -20.9395 0.654533009099
-19.4123 -20.2956 0.269166063983
-19.6734 -20.2302 1.73860790289
-20.4434 -18.6714 6.88570830416
-24.444 -13.0671 0.921495838298
-26.7509 -13.5617 0.380070059331
-26.8802 -13.9191 0.569066621759
-26.3671 -13.673 1.11043844044
-25.9963 -14.7197 0.185112398288
-25.9315 -14.5463 1.12244148623
-26.3055 -13.488 1.29232986888
-25.483 -12.4912 7.24648173185
-27.0645 -19.563 11.6000969414
-18.7858 -27.6886 0.758247268376
-18.0324 -27.603 2.82990810098
-15.3159 -26.8099 0.933739074903
-14.4104 -27.0378 2.82090836611
-11.6103 -27.3798 0.541871497682
-11.0689 -27.3572 0.467658133683
-10.7807 -26.9889 1.16145414029
-10.1191 -27.9435 1.74854390851
-8.5167 -28.6433 1.18554910906
-8.3705 -29.8198 0.934586074153
-8.7177 -28.9521 8.32957054475
-11.2588 -21.0196 0.689836538609
-10.5939 -20.8358 0.541293635654
-10.9657 -21.2292 2.14993772003
-8.8335 -21.5048 0.67199146572
-8.3888 -21.001 2.0338450703
-6.7967 -19.7354 1.69316169635
-6.4749 -21.3977 4.08822104344
-5.6596 -25.4038 13.0218929273
6.715 -29.4583 5.27633625255
11.1851 -32.2615 2.79139207207
13.7498 -33.3634 1.02159972592
14.7712 -33.3836 2.96646093856
17.7017 -32.9231 1.96049202498
19.6524 -33.1188 1.4708154201
21.1142 -33.2814 0.936505125453
22.0505 -33.301 0.608236220559
22.6472 -33.1831 1.38971010286
24.0088 -33.4612 1.89521304871
25.9039 -33.4405 0.777261706248
26.6765 -33.3555 1.99763668869
28.591 -32.7852 0.579274166522
29.169 -32.8236 1.25516451511
30.415 -32.975 2.4962842887
32.9109 -32.9312 0.538588024375
33.1818 -33.3967 4.39571387831
37.5473 -32.8822 3.84724350672
39.9267 -29.859 2.99283202502
40.3634 -26.8982 1.78140597563
40.4316 -25.1181 1.92675557609
39.9957 -23.2413 0.341515943991
39.999 -22.8998 1.10613802032
39.1396 -23.5962 0.47850484846
39.3804 -23.1827 1.80618631376
40.8496 -22.1321 1.04812771168
40.2767 -21.2544 4.92680850856
40.8875 -16.3656 0.9878967608
40.333 -15.548 0.312822409683
40.5149 -15.8025 0.868219154361
39.7084 -16.124 0.948294094677
39.7472 -17.0715 1.20704349549
40.2922 -15.9945 7.07604491294
0.0 0.0 2.02742312555
1.6198 1.2193 1.81200235375
1.3151 3.0055 1.50262618439
-16.1449 4.2509 7.07995063895
-15.279 -2.7759 1.76265060633
-13.5336 -3.0219 10.7717927203
-6.7065 5.3101 1.0012819483
-7.232 6.1624 7.5252487228
-14.0095 9.4327 0.40821495563
-13.6308 9.2803 7.87899817299
-5.9333 7.5989 0.35431562201
-5.6093 7.7423 0.449878928157
-5.4957 8.1776 0.0535628602672
-5.518 8.1289 0.90118882594
-5.4459 7.2306 0.0612784627745
-5.4195 7.1753 0.0235257305944
-5.396 7.1764 3.13117138624
-4.0009 4.3732 0.945940066812
-4.8399 3.9363 10.6945798089
-14.8472 0.1643 0.277733433349
-14.5703 0.1428 8.97693886912
-5.8942 2.4473 2.09462075326
-5.6089 0.3722 1.44095821244
-4.8148 -0.8302 9.2683528337
-1.5516 -9.5051 17.1159451065
5.0519 -25.2959 0.621380688467
5.6719 -25.2545 1.7950758257
7.46 -25.0964 2.43552661451
8.1642 -27.4279 3.6562318444
10.1541 -30.4952 0.836166729785
10.6487 -29.821 6.48161316726
15.0257 -25.0405 0.515203357908
15.5398 -25.0742 1.1698401643
16.5998 -25.5691 0.171059784871
16.4802 -25.6914 2.62082011019
17.2133 -28.2076 1.72490623803
18.1921 -29.6279 3.23691572334
20.9623 -31.3023 0.915785526201
21.8475 -31.537 0.815688696746
22.6629 -31.5153 0.45900381262
23.1214 -31.4938 0.345015767756
23.4662 -31.4816 0.991091812094
24.4489 -31.6103 0.358897339082
24.8076 -31.5984 0.551607623225
25.3592 -31.6013 4.02865945446
29.2302 -32.7173 6.99135400334
36.22 -32.5699 2.88548411363
38.7191 -31.1275 3.60026200852
41.1754 -28.4953 0.40186614687
41.0896 -28.1027 0.310080408926
41.0365 -27.7972 0.356028833102
40.9182 -27.4614 0.825667033374
40.6723 -26.6732 0.382798249735
40.6408 -26.2917 0.848317422903
40.5809 -25.4455 0.261447910682
40.4899 -25.2004 1.49697456224
41.0771 -23.8234 1.05287268936
41.8422 -23.1001 0.262266372225
41.7468 -22.8558 0.86031480866
42.1402 -23.6209 0.633166810564
42.0187 -22.9995 6.79060983491
40.3695 -16.4122 9.89941288461
41.6784 -6.5997 0.0
41.6784 -6.5997 1.06327247684
0.0 0.0 2.0180492214
1.9165 0.6321 0.310144434095
2.0179 0.339 0.861974315163
1.2005 0.0654 0.780344058733
0.4343 -0.0825 2.83537529967
-2.311 -0.7915 1.57204619843
-3.624 -1.656 14.4920787967
6.9476 -11.5687 4.63228991429
2.4148 -12.5236 1.83412873321
1.3098 -11.0597 2.22314363459
-0.6783 -12.0546 1.72992713141
-2.4035 -11.9268 0.823261471223
-1.7271 -11.4575 0.976727172756
-2.6612 -11.7429 0.857406379729
-1.9051 -11.3386 1.32204165214
-2.4418 -12.5468 21.1331599161
-24.8186 -29.5986 0.864534215633
-25.0676 -28.7707 15.4864333986
-15.5147 -16.5817 0.231995603407
-15.7247 -16.6803 1.13449570294
-14.8652 -15.9398 0.372354092229
-14.8291 -16.3104 11.3884790012
-19.5991 -5.969 0.512798303429
-19.088 -5.9273 0.467214040885
-18.6244 -5.9853 2.44785449935
-16.2463 -6.5655 2.75330815202
-13.52 -6.9502 2.00257342437
-11.5276 -7.1518 0.566049688632
-10.9616 -7.1443 1.33176110846
-9.673 -7.4806 1.67402498488
-9.0508 -5.9265 12.0397783721
-4.8005 5.3381 16.4795383867
-4.9565 21.8169 0.726174882518
-4.4925 22.3755 19.2870205042
13.1007 30.2792 0.936782173186
13.9557 30.662 0.8053216314
14.6879 30.9973 5.80207073811
20.2296 32.7159 6.89784175014
27.0576 31.7368 8.43412701944
35.2193 29.6105 0.959950024741
35.9931 29.0424 0.768094850914
36.6178 28.5955 1.69477663425
37.9606 27.5615 1.45813839192
38.95 26.4904 0.822370050525
39.5295 25.9069 2.26867708147
40.0068 23.689 1.65839827846
38.4245 23.1924 6.00682788167
35.4867 17.953 4.78293009044
38.5088 21.6602 2.50091876917
40.4925 20.1372 1.1091246278
39.5805 20.7684 1.05039913366
40.2158 21.6049 1.29028701071
40.5022 20.3468 7.87112410333
43.3097 7.8335 4.99003238466
42.9201 2.8587 1.41889843541
44.067 2.0233 0.982346425656
43.1605 1.6448 0.77781813427
43.9361 1.5861 0.287810006775
43.6499 1.6165 1.48981965687
43.5505 3.103 10.8038809814
35.5956 10.4135 21.4966113781
16.6949 20.654 2.85740694512
14.1707 19.3149 3.08822004721
12.3182 16.844 1.9545026682
10.6734 15.7882 3.72257152517
6.961 16.0632 2.82523936331
4.4421 17.3427 3.48754538608
1.14 16.2206 3.69480323698
-1.933 18.272 3.12309963018
-5.0477 18.0431 4.21490449832
-9.252 18.3419 1.05215950312
-10.2581 18.6498 8.58079549226
-5.0899 11.8 0.823843801943
-5.1249 10.9769 1.0258991081
-6.1406 11.1212 0.992239416673
-5.7001 12.0103 2.20843267953
-7.8948 11.7644 1.06433980476
-7.2299 10.9333 1.11271488262
-8.2028 11.4733 17.6658926842
-14.2715 28.0641 0.691171194423
-14.9614 28.106 2.2423505725
-16.9769 29.0888 0.725054480712
-17.6637 29.3212 2.72365736648
-19.9849 30.7461 3.62449125396
-23.2183 32.3838 0.666250763602
-23.8711 32.517 0.868688281261
-24.7188 32.7068 18.5118739462
-43.2296 32.5074 6.76568385088
-48.253 27.9753 3.20511256589
-50.667 25.8669 2.33316576779
-50.5045 23.5394 1.95559591941
-50.8513 21.6148 0.938047173654
-50.9328 20.6803 8.85454046803
-48.5049 7.3446 18.2191746712
-42.628 -9.9007 9.43438695253
-33.2399 -8.9673 2.08164628359
-32.4245 -7.052 1.41381052479
-31.9389 -8.3798 0.635963811864
-32.1068 -7.7664 1.19349319227
-31.0018 -8.2174 10.7877039879
-22.918 -15.3607 9.09312676036
-16.5518 -21.8535 2.94127935599
-13.611 -21.9066 0.49700520118
-13.1291 -22.0282 0.471243907122
-12.66 -22.0731 1.14077133993
-11.5198 -22.1092 0.540115441364
-10.9861 -22.1922 1.45965244151
-9.5279 -22.2573 2.31505716776
-7.2367 -21.9258 0.472907369365
-6.7674 -21.9841 1.91270198411
-5.1972 -23.0763 0.692482469092
-4.5153 -22.9557 0.480907475509
-4.0381 -22.8961 4.48325888724
0.4363 -22.6144 1.76378442277
-0.0402 -20.9162 0.997537092042
-0.4114 -19.9903 14.452267374
-3.7775 -5.9355 0.285818019026
-3.5212 -6.062 10.2617264517
3.3464 1.5629 0.944430119172
2.5741 2.1065 0.801480542496
2.805 1.339 15.4012528143
1.5906 -14.0143 0.748583208468
1.5435 -13.2672 7.28113368989
1.879 -5.9938 6.34468633188
3.4959 -12.129 1.11033533673
3.5869 -13.2356 0.637391841805
3.3663 -12.6376 6.9508156248
4.6771 -5.8115 7.50415601783
6.3048 -13.137 0.952610019893
5.8795 -13.9894 0.975000128205
6.3353 -13.1275 0.518959892477
6.3594 -13.6459 12.661066711
11.4219 -25.2508 2.89473060923
13.5372 -27.2269 5.71384119573
15.7832 -32.4808 0.695540315151
16.4724 -32.5745 0.416502352935
16.8889 -32.5759 0.172229730302
16.8921 -32.7481 2.93733055682
18.5819 -30.3455 0.320719581566
18.7872 -30.5919 0.820346914421
19.3137 -31.221 0.619016356811
19.9323 -31.1983 0.346709705662
20.2682 -31.2842 0.545729475106
20.7977 -31.4163 2.14085298888
21.6301 -33.3887 0.429092309416
22.0591 -33.3976 0.26922184161
22.3189 -33.4682 2.67333459372
23.912 -31.3214 0.264700018889
24.1563 -31.4233 0.17155212036
24.3141 -31.4906 1.9465346542
26.0295 -32.4106 2.26756791519
28.2879 -32.6143 2.47222365695
30.7445 -32.8918 4.23329989606
34.7325 -31.4717 0.658957851459
35.3876 -31.4005 1.75660695945
37.14 -31.279 2.84233649838
39.5949 -29.8464 0.745782146474
39.7794 -29.1238 0.554980089733
39.9543 -28.5971 0.368530989199
39.9013 -28.2324 0.285714017857
39.856 -27.9503 0.921569340853
40.0366 -27.0466 1.46481498149
39.8924 -25.5889 0.413649610178
39.927 -25.1767 0.324697643971
39.956 -24.8533 1.02575630634
39.896 -23.8293 1.82102478017
38.7218 -22.4374 6.77624218133
39.6241 -15.7215 0.216353830565
39.7244 -15.9132 2.88470824175
39.4784 -18.7874 1.19916212832
40.0374 -19.8483 0.895309063955
39.928 -18.9597 4.66063918792
39.6988 -14.3047 1.36704713159
39.9669 -12.9642 3.47532135205
40.6794 -9.5627 0.0
45.2548 -5.9155 1.36544067978
46.2464 -4.9768 4.44781345382
45.5528 -0.5834 3.04279754502
44.7175 2.3425 1.11963603015
44.6053 3.4565 1.19320291652
43.8975 2.4959 5.01445956111
40.8325 -1.4728 1.24517283138
39.5968 -1.3195 13.0972591033
26.5319 -0.3994 0.547388573136
26.483 -0.9446 1.16702283182
26.4757 0.2224 24.2069608819
18.1074 22.9369 5.63547781914
12.4862 23.3378 3.04148029749
9.4526 23.119 2.98369051512
6.4756 22.9193 3.68579486271
2.79 22.8814 2.81856600419
-0.0114 23.192 4.80392931255
-4.7086 24.199 3.226316367
-7.8917 24.7253 3.64550678644
-10.4775 22.1556 2.55046719642
-12.4909 23.7212 1.71275126624
-13.8822 22.7223 1.25757761589
-14.2287 23.9312 0.759651479298
-14.6973 23.3333 1.92354683073
-16.4888 22.6329 3.41108318573
-19.7941 21.79 1.87419402678
-21.6331 21.4285 3.59503549496
-25.1717 20.794 8.59561279956
-33.7213 19.9058 7.67357073206
-40.977 22.4035 10.5272836278
-51.4423 21.2628 1.38849533669
-50.1102 21.6545 8.40737273826
-45.8858 14.3855 1.09661339131
-44.9056 13.8938 0.825767436994
-45.3675 13.2093 4.80626539633
-49.774 15.1284 1.8459801299
-51.127 13.8726 8.28400358583
-47.7524 21.4381 0.705668505745
-47.7174 20.7333 6.99296070417
-48.762 13.8188 0.57945250021
-49.2302 14.1602 0.77801244206
-49.9146 14.5302 1.30147387603
-51.0001 15.2482 0.661449083452
-50.6418 15.8042 1.58763689174
-51.7466 11.3152 11.2703945916
-40.5643 12.7216 0.533683820253
-40.7372 12.2167 0.125090846987
-40.6338 12.2871 1.35536488076
-41.0048 13.5907 0.532817567278
-41.2232 13.1047 5.61650215882
-43.4673 7.956 0.502218119944
-43.4821 7.454 4.60836861047
-38.8811 7.7145 0.52951061368
-38.3754 7.8715 10.5378190462
-29.9946 14.2596 18.2708841877
-13.3948 21.8932 0.340834886712
-13.2887 21.5693 0.226585966026
-13.4061 21.7631 2.45815505003
-10.9516 21.8971 0.606447961494
-10.3688 22.0648 3.20934729969
-7.2785 21.1988 0.887679457913
-6.4544 20.8689 0.610219018058
-5.8986 20.617 2.81932831185
-3.3844 19.3413 3.9677553478
0.4225 20.4596 0.881210309745
1.282 20.654 2.91781227977
4.1799 20.3137 0.620082913811
4.799 20.2788 1.68825915072
6.4404 20.6738 0.830822496084
7.0803 21.2037 2.78577769573
9.7064 20.2741 3.7144066996
10.3752 16.6204 0.986444970589
11.3514 16.7622 7.97244249775
5.9267 10.9199 0.522043954088
6.2709 10.5274 0.608965852901
6.7654 10.172 0.512774268075
7.2597 10.3084 1.25894092792
8.5046 10.4959 0.390241784026
8.8789 10.6063 0.592466243764
9.4709 10.5828 0.268145669366
8.1534 15.4487 1.14508721065
8.5628 16.5181 1.13252871928
7.5579 15.9958 12.9262780552
-2.9765 8.5048 2.5429871608
-5.5182 8.5857 2.85251883254
-8.3677 8.7169 1.2772513026
-7.1612 8.2977 0.282461501802
-7.4027 8.1512 3.42931203159
-10.4292 6.5386 2.90669902295
-13.3253 6.2906 2.34083631423
-14.3829 4.2023 2.02479871839
-16.3616 3.7727 1.70531149647
-17.4759 5.0636 1.52174719648
-18.2796 3.7714 1.86668108685
-19.5364 2.3912 0.508048816552
-19.9496 2.6868 1.66212191189
-18.3426 3.1113 5.61849494171
-23.8396 1.9492 1.17080523145
-23.8361 3.12 1.02579519398
-23.0548 2.4553 1.27138526812
-23.9003 1.5058 10.6403315761
-17.5724 -7.0484 0.746599524511
-17.211 -6.3951 0.236908948755
-16.9811 -6.4523 1.88492709673
-18.6257 -5.5313 1.59853932388
-19.8998 -4.5659 0.599654242043
-20.3433 -4.9695 1.27647947496
-19.4194 -4.0887 0.244682488135
-19.2588 -3.9041 0.848208612312
-19.1705 -4.7477 1.13415228695
-20.1795 -5.2656 0.898151574068
-19.2867 -5.1677 6.45251666406
-12.838 -4.9458 0.975601481139
-12.774 -3.9723 0.883424812873
-13.1884 -4.7525 0.151821276506
-13.2991 -4.6486 1.44902329864
-11.9015 -4.266 10.5284721422
-17.9761 -12.8653 0.0552655408008
-17.9219 -12.8761 0.866165717401
-17.0586 -12.9465 0.649887882638
-16.4385 -12.752 0.326897200967
-16.1622 -12.5773 0.909226181981
-15.253 -12.5704 1.46055423042
-13.8135 -12.8175 0.639830516621
-13.2405 -12.5328 0.328517883836
-12.9277 -12.6332 0.625018407729
-12.4837 -12.1933 0.325668312858
-12.2358 -12.4045 0.286940150554
-12.385 -12.6496 0.504793759866
-11.9743 -12.3561 1.80197493046
-10.7742 -13.7003 13.852573379
2.7337 -10.6294 1.57939524186
3.3535 -12.0821 1.05432534353
2.3003 -12.1308 13.7971781528
-10.6 -17.0241 1.0639923496
-9.6824 -16.4855 1.69311114815
-7.9894 -16.4661 0.893503961939
-7.1327 -16.7199 0.795443335505
-6.6676 -16.0746 11.7207548989
-8.8372 -4.5564 0.066051873554
-8.8618 -4.4951 1.14485535331
-9.1511 -5.6028 1.10794200661
-8.2404 -4.9718 13.2730285466
0.7434 4.7988 0.547039102807
0.8761 5.3295 1.06006100296
1.8664 4.9513 0.545089093635
2.3748 5.1479 1.44045131816
3.6912 5.7327 3.56331074424
6.2917 8.1688 1.1372357803
6.1948 7.0357 0.811047378394
6.2695 7.8433 16.8039036123
10.0764 24.2103 4.51112626514
11.1177 28.5996 0.978926069732
11.7492 29.3476 2.56033689385
13.2491 31.4226 0.338434291998
13.5835 31.4747 0.454925928037
13.7831 31.0659 0.43404752044
14.1156 30.7869 2.48087100229
15.2974 32.9682 8.15902733541
18.6109 25.5123 1.50066745817
20.019 24.9934 2.26412168622
21.3264 26.8419 2.76950575374
23.8898 27.8903 1.29972172406
24.8928 28.7169 2.59967240436
27.1259 30.0479 0.786914836561
27.9073 30.1409 3.80376339038
31.683 30.6021 1.96985366462
33.5785 31.1382 3.03289082725
36.5634 31.6756 5.00604244189
40.8181 29.0378 2.2254697594
39.8408 27.0384 12.8451462101
29.1904 19.8574 0.234507228034
29.4224 19.8232 0.165227237464
29.5876 19.8202 0.0839973809116
29.671 19.8302 0.05561987055
29.6419 19.7828 0.135085343394
29.7337 19.8819 0.0775052256303
29.7346 19.9594 0.72650715757
30.4417 20.1262 0.305918289744
30.5227 20.4212 0.220855541022
30.5796 20.6346 0.158690894509
30.6154 20.7892 0.133392953337
30.7016 20.891 0.101789243047
30.7499 20.9806 0.0562353091927
30.7234 21.0302 0.0482995859195
30.7452 20.9871 0.0991159422091
30.8081 21.0637 0.0402662389602
30.7977 21.1026 0.846684557554
30.7342 20.2583 0.249743087992
30.8777 20.0539 8.19358841168
37.5536 15.3034 0.378364282141
37.2703 15.0526 0.166505525434
37.2903 15.2179 1.34316099184
38.5224 15.7527 0.799452337541
18.5204 16.1891 4.65625467517
19.5122 20.7385 0.449510678405
19.4414 21.1824 2.13486187844
20.8782 22.7614 0.44443764467
21.2921 22.5995 1.35758337129
22.619 22.8865 2.69904149653
24.8462 24.4111 2.09426121819
26.4796 25.7218 1.25659072892
26.6091 26.9717 3.01456324034
28.8388 29.0005 0.426633484387
29.2615 29.0583 1.08994853548
30.2274 29.5633 0.495272551228
30.7193 29.5056 0.403586843195
31.0896 29.6661 0.838287826465
31.9074 29.4819 0.819892584428
32.7217 29.5775 0.967625971127
33.6888 29.5456 0.847263766486
34.5146 29.7351 1.49791480732
36.0117 29.7845 0.983288208004
35.8174 30.7484 2.64698630522
38.4249 30.2929 0.666006493962
38.9481 29.8808 0.405169643483
39.2493 29.6098 0.254927911379
39.4111 29.4128 1.18228477957
39.763 28.2841 2.92377472456
40.5672 25.4731 0.266914555617
40.5039 25.2138 0.154112978039
40.5098 25.0598 0.1827597877
40.3565 24.9603 0.130123979343
40.389 24.8343 0.486277955495
40.5891 24.3911 0.834620404735
40.9862 23.657 1.5840930907
41.9418 24.9204 0.561166757747
42.064 24.3727 0.356458048022
41.9187 24.0472 1.14965449158
41.177 23.1688 1.21334819405
41.662 22.0566 0.908720798706
42.1102 22.8471 0.381404260595
42.2241 22.4831 0.193647643931
42.2826 22.2985 0.411409017889
42.2143 21.8928 0.762861940327
41.934 21.1833 0.846248025108
42.3764 21.9047 0.993191446802
42.4481 20.9141 5.12871235399
41.7961 15.827 8.95140777755
0.0 0.0 2.02831009957
1.7335 1.0531 2.89070026118
-1.1397 1.3707 1.78195627612
-2.9108 1.5671 1.86552737852
-4.0126 3.0725 2.88790085183
-5.8648 5.2882 0.71930886968
-6.3509 5.8184 1.44231574906
-7.4013 6.8068 19.1386960697
-9.9923 25.7693 5.77943817685
-15.1065 28.4613 1.86629425601
-16.637 29.5293 4.06586408036
-20.1846 31.5157 3.4191912611
-23.5948 31.7635 3.46367426442
-26.9594 32.586 14.6473428887
-41.5551 31.3571 9.1765628816
-48.5797 25.4525 3.72541404947
-49.3627 21.8103 3.62162211723
-50.3551 18.3273 2.05515391394
-51.1419 15.3729 6.89000278955
-44.2519 15.3667 20.7578700805
-26.9357 26.8139 10.2006812763
-17.8532 31.4574 5.01543675965
-12.9482 32.5041 2.33372163721
-11.1914 30.9679 0.543178653852
-10.6666 31.108 1.12204592152
-9.5578 31.2799 4.49922719253
-5.312 32.7686 1.69815701571
-3.6293 32.9972 2.21432184878
-1.4163 32.9207 2.85266995112
1.413 32.5563 0.645530363345
0.8514 32.238 11.4838801304
-4.2064 21.9279 0.924077918793
-5.0968 22.1751 0.0653385797213
-5.0415 22.1403 1.64887095917
-3.7677 23.1873 10.6672081343
4.458 29.979 0.813052236944
5.2467 30.1765 0.652667120361
5.7233 30.6224 2.0808738549
6.1133 32.6664 3.7247830608
9.7732 33.3586 0.624039622139
10.3971 33.3718 0.520924802635
10.9094 33.2774 1.01101347667
11.8954 33.0539 3.63802610766
15.5324 32.9675 1.33680527004
16.8501 33.1927 2.12348769716
18.9581 33.4487 0.493170001115
19.4509 33.4678 0.613943906232
21.4298 34.0 16.7089901789
19.6846 17.3824 1.36836359569
20.5508 16.3231 2.6191152342
18.0438 15.565 1.07697651321
17.3693 14.7254 2.84644308743
14.5478 14.3494 2.91567175793
11.7102 13.6792 1.84241277677
9.868 13.6512 3.74206908007
6.359 14.9512 2.78437138507
3.585 14.7111 0.848751229749
4.1821 14.1079 1.18639211477
3.434 15.0287 13.7654277656
-4.9841 25.9201 3.50450238978
-3.8715 29.2433 0.37980159294
-3.5072 29.3507 1.12800819589
-4.6352 29.3464 3.49975229409
-6.6588 32.2018 3.9778726136
-10.6271 32.4776 1.13872483507
-9.7783 31.7185 0.71834727674
-10.4924 31.6405 1.24091113703
-11.175 32.6768 0.853033205684
-11.3048 31.8337 0.908634073761
-12.1746 32.0965 4.05251144354
-16.2234 32.2699 0.71031752055
-15.7581 31.7332 11.2104599103
-18.4259 20.8448 2.62312842995
-20.7233 22.1108 10.2969535946
-30.6595 19.4091 17.6207381449
-46.0829 27.9302 0.371598277714
-46.2301 28.2714 3.09469446149
-48.1131 25.8155 3.95401128097
-38.9402 8.3937 0.219341058628
-38.9169 8.1756 0.35575841522
-38.7578 8.4938 14.0309688607
-29.9309 19.4004 0.885493681513
-29.0564 19.5395 13.8491042613
-16.9374 26.2423 0.59732284403
-16.4447 25.9046 0.545665465281
-16.1685 25.434 0.885623853563
-15.2916 25.558 0.95806656345
-14.3339 25.5315 0.976744106714
-13.3587 25.4766 6.91661547073
-6.5016 26.382 4.74202780464
-1.8289 25.5741 0.747670629355
-1.1393 25.863 3.2020736094
1.3125 27.9226 0.940405598665
2.0488 28.5076 3.42976937417
4.0868 31.2662 0.927530021077
5.0133 31.3099 3.16533105062
7.8678 29.942 2.02823229685
9.4263 31.24 2.20467254938
11.5394 31.8688 0.557778056219
12.0724 32.0332 0.477730342348
12.5102 32.2244 1.2814559532
13.7508 32.5454 1.90745734946
15.6581 32.5699 0.623595806593
16.2803 32.6116 0.995599457613
17.2541 32.8188 0.664641738082
17.9161 32.878 1.18001715242
19.0869 33.0252 1.65491685894
20.7319 33.2061 2.4778679646
23.1936 33.4887 0.593820208481
23.7866 33.5199 1.13844982322
24.9246 33.4879 0.592349128471
25.5164 33.5134 1.05854097701
26.5742 33.553 1.2249272509
27.4376 32.6841 2.24138325594
29.6393 32.2642 0.728906976232
30.365 32.1959 3.484729341
33.8493 32.1412 1.67260114791
35.5127 31.966 2.46809277783
37.9807 31.9874 0.523494078286
38.338 31.6048 3.02101790792
40.2602 29.2742 2.46885368137
40.1571 26.8075 0.310958678927
40.1122 26.4998 0.352275644915
40.1049 26.1476 0.51636043613
40.097 25.6313 1.60807853664
40.4417 24.0606 0.281499431616
40.2909 23.8229 0.793104343703
39.8418 23.1692 0.239893247091
39.9997 22.9886 1.36378236534
39.4244 21.7521 6.96255255635
40.2393 14.8374 4.42617137038
41.4513 10.5804 0.304620501608
37.9468 3.9173 0.273912339992
38.0799 3.6779 0.335821142872
38.3119 3.9207 3.31810127031
35.5409 5.7459 1.08434146375
35.4238 4.6679 1.22004282302
34.7506 5.6854 24.6895568875
15.4707 21.1081 2.27718492222
13.2088 20.8447 3.97893702514
9.2601 21.3343 3.68044971709
6.4507 18.9567 11.1451901541
-2.0334 11.7293 3.66076868021
-4.6172 14.3226 2.63654232851
-7.232 14.6605 13.0492196403
-8.8211 27.6126 2.30950233817
-10.7848 28.8282 2.8899330667
-13.1396 30.5035 2.61869666819
-15.7578 30.4525 2.71938911706
-17.8484 32.1916 1.6884930145
-19.5359 32.2495 2.17484168159
-21.7024 32.4398 2.52169476741
-24.2039 32.7583 2.27253909097
-26.3703 32.0719 1.87054661797
-28.195 31.6603 2.81049279131
-30.9353 31.0361 10.7028941997
-41.6158 30.3441 6.45929652903
-47.5635 27.8247 2.8457021102
-49.363 25.6202 2.30498829932
-50.3489 23.5367 1.92218093061
-51.1842 21.8055 1.69488679563
-27.7792 -4.2623 0.617068918355
-28.2954 -4.6004 1.10874857384
-27.9926 -3.5338 1.09006323211
-28.3619 -4.5594 12.2913109512
-35.031 -14.8841 17.9633299599
-49.6125 -25.3751 1.39856195072
-48.7613 -24.2654 2.50157731042
-50.7903 -21.4378 11.9091335117
-41.9403 -13.4688 0.965464100834
-40.975 -13.4866 0.598179989635
-41.5543 -13.6357 3.7954972744
-45.3483 -13.5291 0.727970500776
-46.0064 -13.2179 0.473156041914
-46.9699 -12.9444 3.78451970136
-47.0 -9.16 12.9392209847
-34.298 -6.6937 0.694493664478
-34.6392 -7.2986 0.299717800606
-34.3966 -7.4746 1.12033573986
-34.2335 -6.3662 0.796308708982
-34.9455 -6.0096 1.13263484848
-35.2414 -7.1029 1.21376377438
-34.0509 -6.8664 13.6035946283
-32.6 6.6596 20.6523258511
-17.4509 20.6961 0.461819748387
-17.6831 21.0953 0.188241387585
-17.8582 21.1644 2.13469436922
-15.7348 21.3837 2.87030877259
-13.8442 23.5434 2.86624771609
-12.0776 25.8005 0.518888523673
-11.5667 25.8912 2.92323581327
-8.6618 26.2181 1.36908203187
-9.1043 24.9225 12.7409296541
-16.3389 14.4348 1.04008124683
-15.7045 13.6106 9.58341727204
-9.6295 6.1987 9.35614658393
-4.6012 -1.6914 39.6885727949
28.9981 -22.8165 8.19108079071
36.9075 -20.6869 9.86538126835
46.5314 -18.5175 5.77670602506
50.0971 -13.9726 1.53003611068
50.8526 -12.6421 7.49115253683
0.0 0.0 2.01966479645
1.3805 1.4742 1.16526597822
2.1521 2.3474 1.47081048745
0.7203 2.0109 1.33367751724
-0.6123 2.0645 0.924607862826
-1.513 2.2734 2.65250703486
-4.0261 3.122 0.851369461515
-3.6881 2.3406 1.25622093996
-4.133 3.5154 20.4183164891
-7.3286 23.6821 0.737039808966
-8.0654 23.6633 3.42944255091
-11.4943 23.6023 12.4364582695
-4.6713 34.0 22.5870632834
-27.2569 33.7429 0.200024623484
-27.4493 33.7976 17.6341100725
-44.8491 30.9325 6.34066955455
-49.1923 26.3129 2.92049854991
-33.3056 0.1104 18.9821015214
-20.22 -13.6405 1.87205439291
-18.3989 -13.2067 2.6543423159
-15.8116 -13.7995 12.0413365147
-8.1525 -4.508 0.418955427223
-7.9671 -4.8837 1.1326339082
-7.708 -3.7811 25.6953124538
-7.9361 21.9132 5.78954509439
-2.1707 21.385 1.57845621415
-0.5928 21.3431 2.2185902596
1.5629 20.8186 1.72276580242
3.2853 20.7831 3.51780932542
5.7636 18.2865 7.80868433797
11.0933 12.5795 1.63266090172
10.7544 10.9824 11.7759375376
6.9736 -0.1701 2.70341243616
7.359 -2.8459 3.51752196439
10.4281 -4.5645 0.525696271625
10.1565 -4.1144 1.21265131839
10.0406 -5.3215 17.7537450027
13.9147 -22.6474 0.405849331649
14.1265 -22.9936 3.6039198354
16.3722 -25.8123 2.757493262
17.6797 -28.2401 1.26885194172
18.6283 -29.0828 2.94926020046
20.3676 -31.4646 3.43900316516
23.5995 -32.64 2.33265172068
25.6508 -31.5294 1.81028131792
27.1806 -32.4973 4.30157998879
31.4462 -33.0525 2.61059419481
34.0561 -33.1127 2.78349410813
36.7369 -32.3636 2.09248456386
38.7395 -31.7569 0.786990076176
39.3922 -31.3172 2.75155877459
40.4009 -28.7572 0.668306553911
40.2443 -28.1075 0.368736464158
40.2056 -27.7408 1.15931822206
40.1991 -26.5815 0.331120899371
40.2308 -26.2519 1.13654247611
40.4676 -25.1403 1.67342616509
40.2288 -23.484 0.467725068817
40.1723 -23.0197 8.53071554619
40.2565 -14.4894 5.914295204
40.4539 -20.4004 1.09258228523
40.8473 -21.4197 1.121854487
40.8755 -20.2982 6.27446412054
39.7795 -14.1202 6.48051437002
0.0 0.0 1.95183239547
1.3679 1.3923 0.14922214983
1.3777 1.2434 1.34295660764
0.8911 -0.0083 4.72899580567
-3.4802 -1.8125 1.03663814323
-4.0652 -0.9567 0.40977219281
-4.1862 -1.3482 1.72950954898
-5.8824 -1.686 5.90500906773
-8.6424 3.5343 0.339449731183
-8.8978 3.3107 2.02520356755
-10.8235 3.9377 5.51473023547
-16.3381 3.9756 1.23436285184
-17.3455 3.2623 0.229931576779
-48.7001 28.3546 0.645649665066
-48.2191 28.7853 1.07722199198
-48.882 27.9362 0.0844313330464
-48.8332 27.8673 4.22728683791
-47.0831 31.7153 0.566792775183
-46.6117 32.03 2.58899077828
-44.0602 32.469 3.33163313256
-40.75 32.8463 1.63759729177
-39.5292 33.9378 0.242389871901
-39.421 33.7209 0.669863418915
-38.8654 33.3467 11.014275323
-35.8494 22.7534 11.37160374
-28.5863 14.0035 0.436535783184
-28.1553 14.0728 1.22386725179
-27.4625 13.0639 14.0875185927
-20.4062 0.871 20.4512488641
-11.7545 -17.6601 3.93830355483
-8.436 -15.5393 14.6092900971
1.1073 -4.4778 22.3949421765
-0.3649 17.8687 0.377427198278
-0.5997 18.1642 3.23791723952
-2.7775 15.7681 0.15798759445
-2.6217 15.7419 1.36719732665
-1.4375 16.4252 1.06231917049
-0.5616 17.0263 0.799525790703
0.1894 16.752 11.5857656614
9.1194 9.3706 11.2641399938
7.0086 -1.694 0.647645474006
7.6271 -1.5019 0.478113710324
8.0437 -1.7365 0.286869186216
8.302 -1.8613 0.513021422555
8.5653 -2.3016 3.01277772164
10.6309 -4.4948 0.862428872429
10.3849 -3.6682 1.19926914827
10.2644 -4.8614 18.0736922086
13.801 -22.5857 7.05478814565
15.1413 -29.512 2.36368122428
17.4251 -30.1213 0.534606715259
17.9286 -30.301 1.3344807005
18.9411 -31.1703 1.89019984393
20.8232 -30.9955 0.626420130583
21.3639 -31.3118 1.0237987351
22.2246 -31.8662 0.785233372954
22.953 -32.1595 0.445430275127
23.3692 -32.3182 0.691551878025
24.0188 -32.5554 0.249318611419
24.2644 -32.5983 0.18013200715
24.4421 -32.6278 1.99051155485
26.4069 -32.3089 0.550854046005
26.9572 -32.3336 2.23535558245
28.9789 -33.2873 3.59959348399
32.5352 -32.7307 1.17964756177
33.6903 -32.9701 3.44117864256
37.1224 -32.7203 4.32741770228
40.651 -30.2152 1.88698812397
40.1233 -28.4035 0.949389893563
40.2627 -27.4644 1.66070188776
40.5303 -25.8254 0.593339573937
40.3439 -25.2621 0.431544597927
40.2114 -24.8514 1.81676004469
40.4305 -23.0479 1.39024399657
40.0046 -21.7245 8.13171219363
0.0 0.0 2.0202064944
1.7558 0.9992 0.963037496674
0.9227 0.5161 0.454203181407
0.4685 0.5178 4.3775926832
-3.4056 2.5561 2.19417419773
-3.7891 4.7165 0.463870639295
-3.3797 4.9346 2.23200806898
-5.6088 5.0485 0.680444119675
-5.2246 4.4869 1.48147694211
-4.8514 5.9206 0.588805477216
-4.4481 5.4916 0.132002462098
-11.3627 6.6041 0.444136521804
-10.9302 6.5031 1.07694702748
-11.4595 7.441 1.03272567994
-11.5872 6.4162 8.43027625704
-13.2288 -1.8527 0.72458493636
-13.193 -2.5764 9.96681984386
-3.7944 -5.8936 0.805562443266
-3.1278 -6.3459 1.46646353518
-4.5837 -6.5216 6.6320636547
-11.2053 -6.1492 2.33166236192
-9.0017 -6.9113 3.49480274837
-5.5338 -7.3441 1.10975472065
-5.7111 -8.4396 1.10939952226
-5.3198 -7.4015 0.99702122846
-4.4571 -6.9017 1.54982013473
-3.222 -7.8379 0.605553267682
-2.831 -7.3755 0.250808811647
-2.6219 -7.237 1.92793969045
-0.9847 -6.2189 14.3694565621
4.3886 7.1081 6.30363025724
5.4647 0.897 0.170275071575
5.096 0.7903 1.39198012198
3.7245 0.5524 0.423072570607
3.3449 0.3656 0.770977820693
11.9976 8.8006 0.948261282559
12.4815 7.9851 1.11262627149
11.9814 8.979 19.2413798946
0.9347 24.7334 2.58646200436
-1.6454 24.9147 1.86683043686
-3.5056 25.0719 2.16348430316
-5.6623 25.2431 1.83809110764
-7.4997 25.2935 0.63993388721
-8.1394 25.3108 2.29075409418
-10.1528 24.2182 3.93978993349
-13.8174 22.7716 0.190191193277
-13.8012 22.9611 0.249110136285
-13.7417 22.7192 7.43340225267
-16.667 15.8856 0.0480610029026
-16.6201 15.8751 1.16231796424
-15.5608 15.3967 0.817348915702
-15.9561 14.6813 11.1183016999
-5.3199 17.9198 1.40991171709
-6.7171 17.7309 2.04033537684
-7.4953 15.8448 0.783810723325
-7.9623 16.4743 1.30998167926
-6.8735 15.7459 1.80768871767
-7.2898 17.505 6.60287883957
-3.9722 11.7961 1.17251521952
-3.3809 10.7836 0.28207135622
-3.4441 10.5087 1.55224967386
-4.1602 11.8859 16.8634127711
-13.0579 26.2109 7.07272377871
-15.8901 32.6918 3.69636814184
-19.4389 31.6578 1.0434899137
-20.3373 32.1886 1.50074849658
-21.797 31.84 3.88870361046
-25.6006 32.6491 2.73055270962
-28.3305 32.5894 2.86444610003
-31.173 32.2355 3.00011540611
-34.1597 31.9521 2.67099638525
-36.8184 31.6961 12.2151051837
-48.8531 29.6045 3.55616639234
-50.3677 26.387 3.78075606857
-50.8419 22.6361 1.49143523158
-49.406 22.2329 0.7298736603
-49.87 22.7963 0.836938862761
-50.0079 21.9708 9.64870404821
-44.5064 14.0442 2.73286294021
0.0 0.0 6.98866868581
-2.189 6.637 0.997739289594
-2.1027 7.631 1.17890309186
-1.8282 6.4845 16.6884207533
2.52 -9.6275 12.4935327022
9.0677 -20.2678 12.1965516979
19.1911 -27.0702 4.56947585835
23.206 -29.2521 8.10383245878
30.9076 -31.7735 6.96072314993
37.5322 -33.9104 0.732388701442
38.0858 -33.4309 2.20057508847
40.2202 -32.8953 3.23141667075
42.1335 -30.2912 3.00624221413
41.2426 -27.42 0.899009877588
40.8576 -26.6076 0.608930373688
40.6402 -26.0388 0.390432631833
40.5132 -25.6696 0.307757339474
40.4279 -25.3739 0.631420501726
40.3903 -24.7436 0.758185953444
40.2428 -23.9999 2.280223261
40.0424 -21.7285 1.2404781699
39.6552 -20.55 4.39369337119
39.5072 -16.1588 6.09123611182
47.0 -8.3671 3.05291574728
51.9368 -1.0531 51.9474755291
0.0 0.0 2.06628876249
1.9522 0.6771 0.160580011209
2.0807 0.7734 3.56375930304
0.0686 -2.168 0.627567892741
-0.5429 -2.0269 2.78470478328
-3.3266 -1.9521 1.47056889672
-2.9164 -0.5399 0.61265361339
-2.5058 -0.9946 1.54336238454
-3.3434 -2.2909 0.0
-29.6775 3.1151 1.18790003788
-28.727 2.4026 0.292963700823
-28.9068 2.6339 0.0946002114163
-28.955 2.7153 0.0315456811624
-28.9283 2.7321 14.0160698461
-26.3791 16.5144 0.503830100331
-25.9572 16.239 1.06861592726
-25.126 16.9106 0.761220598775
-25.4136 17.6154 1.3138392786
-26.6318 18.1075 1.26125384043
-26.2988 16.891 0.527561001212
-25.8513 17.1704 0.629453771138
-26.132 16.607 2.63676497436
-25.0112 18.9937 1.5777559824
-23.5649 19.6242 2.9598114298
-20.6762 18.9793 1.24479552136
-19.4379 19.1063 1.82650661373
-18.3499 20.5734 0.432892145921
-17.9384 20.439 1.42598089749
-16.527 20.6424 0.533401921631
-16.063 20.9055 0.319713528022
-15.7773 21.049 0.709511451634
-15.0706 21.1121 2.98634366408
-12.6618 22.8773 2.40513313145
-10.7541 24.342 2.10436198882
-9.0764 25.6123 1.62950599876
-7.4912 25.2349 11.1972752337
2.6409 30.0014 0.4494758058
3.0494 29.8139 2.08890732442
5.0303 30.4769 2.03368233753
6.2979 32.0672 2.62023193057
8.8618 32.6076 0.727823398909
9.5829 32.7063 1.25887674138
10.5816 33.4727 0.216930265293
10.6973 33.2892 0.170876914766
10.8089 33.1598 0.759103642463
11.1354 32.4745 0.326534286102
11.2546 32.1705 0.443628504494
11.6251 32.4145 0.946578279911
12.5391 32.6607 1.37759676611
13.9152 32.7249 2.32778445738
16.008 31.7057 2.43889083807
18.3664 32.3271 3.34213597868
21.6177 33.101 2.76564762759
24.3803 33.2308 1.06148757883
25.4411 33.269 0.791676556429
26.2267 33.1711 1.27189655633
27.4948 33.0729 0.541293635654
28.0326 33.0115 2.65430794182
30.4235 31.8587 1.26945239375
31.6922 31.815 2.37659159512
34.0303 31.389 3.26330904451
37.2919 31.4946 0.706992050875
37.7643 30.9686 3.83579796131
40.6253 28.4136 1.8697776686
40.414 26.5558 0.736773560872
40.3158 25.8256 0.226670156836
40.2938 25.6 1.95397729004
39.9899 23.6698 0.790616126828
39.8244 24.4429 1.13635693776
40.1179 23.3451 5.64025569013
40.5311 17.72 1.27828787055
40.9439 16.5102 7.91932354813
0.0 0.0 2.07973098741
1.6787 1.2277 3.25903087589
0.5962 4.3017 0.969772767199
-0.0759 3.6026 1.62486460974
1.0487 4.7754 1.31873440086
-0.2352 4.4743 3.21072154663
-3.4239 4.0989 0.283627449306
-3.6057 3.8812 0.851996854454
-2.8067 3.5854 0.283170355087
-2.9723 3.8151 1.20727129097
-2.6077 2.6642 5.81031788201
-4.7935 8.0477 0.123550515984
-4.8852 8.1305 0.618109537218
-4.5866 7.5893 1.14006288423
-4.9863 8.657 16.2922935703
-9.7106 24.2493 3.07231883925
-11.8462 26.458 2.07734599911
-13.2974 27.9444 4.00371869267
-16.6605 30.1168 2.26938839338
-18.6633 31.184 3.68147726056
-22.2842 31.8491 2.31114228035
-24.5884 32.0281 15.3293998036
-39.8779 30.9228 10.4715556576
-49.8329 27.6745 2.68813098825
-51.0259 25.2656 1.00893304535
-51.8024 25.9098 0.937556024993
-51.3681 25.0789 2.7279172898
-51.7874 22.3834 0.389890240965
-51.5046 22.115 0.134999592592
-51.4763 21.983 0.0649003081657
-45.8759 10.8621 3.11103510266
-43.4288 8.9411 17.4449106828
-27.5036 1.8198 0.361423200694
-27.1709 1.6786 1.93984129505
-25.2329 1.5941 0.988116804836
-25.078 0.6182 22.1933338118
-15.1598 -19.2356 0.709584512232
-14.5545 -19.6059 0.492614271007
-14.1026 -19.802 1.06107481357
-13.1252 -20.215 1.23424058028
-12.1811 -21.01 0.541342710305
-11.6499 -20.9057 1.02851252788
-10.647 -20.6776 0.856199801448
-10.0169 -20.0979 0.3347731172
-9.6971 -20.1969 3.54380792087
-6.1558 -20.3302 1.10931481555
-5.1802 -20.8582 0.349949953565
-4.8593 -20.7186 0.693216192829
-4.1706 -20.7976 0.82534744199
-3.3454 -20.782 3.11118909261
-3.7603 -23.8654 0.88662155399
-3.052 -23.3321 12.9836776735
-3.6188 -10.3608 0.957719233387
-3.1555 -9.5226 1.19962170704
-2.9137 -10.6976 13.8348487849
1.317 -23.8697 0.703656116295
2.0198 -23.835 6.57983840911
6.8068 -19.3207 0.559362673049
6.917 -19.8691 1.15175664964
5.7723 -19.9964 9.05880319965
-2.1006 -15.5154 15.6171121533
4.3114 -29.7555 4.13673719857
8.0511 -31.5239 0.326187492096
8.2733 -31.2851 0.427912724747
8.6176 -31.031 0.862589618532
9.001 -31.8037 0.599534360984
9.5514 -32.0414 5.01292252583
14.3991 -33.3178 3.7383616572
18.1369 -33.253 1.32386353149
19.4573 -33.1573 0.791400006318
20.2487 -33.1574 1.47027207346
21.7021 -33.3795 0.365152160065
22.0518 -33.2744 1.08084208837
23.1177 -33.0953 1.14365173895
24.2368 -32.8596 0.439721332209
24.6197 -32.6434 0.188024599454
24.8032 -32.6024 1.53731172181
26.2725 -33.0546 0.573934578153
26.8464 -33.0609 0.521102456337
27.3675 -33.0625 1.78456645996
29.1516 -33.1033 1.4015360716
30.5516 -33.1689 2.68224458243
33.2012 -32.7517 0.887327786108
34.088 -32.7211 2.5361506777
36.4881 -31.9016 3.79070064896
39.756 -29.9806 0.501107224055
39.8099 -29.4824 0.373574691327
39.86 -29.1122 0.306527453909
39.9008 -28.8084 0.655458618068
40.1286 -28.1938 2.63603399447
40.5127 -25.5859 1.26335952919
41.1084 -24.4718 0.416415477618
41.1328 -24.0561 0.465778531064
41.082 -23.5931 1.31269141842
41.1246 -22.2811 1.43218581197
40.3638 -21.0677 10.4197380946
0.0 0.0 2.03884051853
1.7185 1.0971 1.34889568166
1.2595 -0.1713 1.47009988776
-0.1327 -0.6435 4.09199823192
-3.173 2.0953 0.360787375056
-3.3282 1.7696 0.546872562852
-3.8194 2.01 1.24615525919
-4.9552 2.5227 4.00613940971
-6.1023 6.3611 0.909017249561
-5.7079 5.5421 0.282040848105
-5.8039 5.2769 1.19696680405
-6.8611 5.8382 1.30076557458
-5.5659 5.9584 0.498450689637
-5.9414 6.2862 2.28343124486
-8.059 7.1405 1.10157393306
-6.9578 7.1692 0.836675689858
-7.4468 7.8481 1.53807261532
-7.8824 9.3232 0.823278889563
-7.5222 8.5829 1.18758899035
-7.6987 9.7573 20.2702368375
-16.6683 27.935 10.987200496
