0.0 0.0 7.19068252671
-1.8052 -6.9604 0.175425910287
-1.6405 -6.9 5.80556271261
0.589 -1.5396 10.6653783974
3.897 8.5998 12.9482541989
8.6716 20.6356 0.706133840005
8.7116 21.3406 1.31073965378
7.6028 20.6416 19.9705210671
-7.2307 7.2704 7.48782250057
-6.9019 -0.2102 7.32106121269
0.2429 1.3866 10.1245301175
2.8122 11.1797 0.739604015673
2.4403 10.5404 1.17835224784
3.0524 11.5473 23.8374690353
14.2239 32.6049 0.868166078582
15.0886 32.6824 3.63772527275
18.7182 32.9254 5.62158864557
24.2943 33.6391 4.65763249946
28.8836 32.8442 4.68089055736
33.5465 32.4342 3.67249934649
37.1989 32.0505 2.43737065298
39.0158 30.4258 0.616714204474
39.2987 29.8778 2.73846079395
41.1103 27.8242 1.61537151454
40.0166 26.6354 0.304233610898
40.0869 26.3394 0.216989631089
40.1354 26.1279 0.268801190474
40.2066 25.8687 0.252980967664
40.1547 25.6211 8.7271678579
39.8818 16.8982 0.956794063527
40.6166 17.511 1.28144539096
38.7807 8.4244 6.04177116415
35.3665 13.409 0.297602839368
35.3329 13.1133 0.942448433603
34.3926 13.1769 20.700891546
19.6908 27.7503 1.5521763463
18.2373 28.2949 0.763487393478
17.5053 28.5119 2.25014759516
15.3759 29.2391 2.78433649188
12.592 29.1898 2.67397844419
9.9206 29.0724 5.54268693866
4.4195 29.7501 5.27096650815
1.4867 25.3704 3.0255068501
-1.3662 24.3631 3.71871862071
-4.8695 25.6104 2.91322274466
-7.2115 23.8778 2.00785306733
-7.9152 21.9973 8.29644456138
-13.3302 15.7117 0.955651756656
-13.9874 16.4055 0.732595522782
-14.2982 15.7421 12.6636198241
-13.4978 3.1038 7.53660561526
-6.3656 5.5394 0.727900439621
-6.1528 4.8433 1.24080827286
-6.3527 6.0679 19.4234059467
-13.9783 23.9318 0.870024287017
-13.3628 24.5467 9.29212406557
-8.151 16.8538 1.03498039595
-7.5921 15.9827 1.06101476427
-7.8313 17.0164 9.94879427117
-9.9245 26.7425 0.842960046503
-9.7953 25.9095 8.37111541254
-7.4687 17.8682 5.49940851547
-8.7836 23.2081 4.99643146355
-7.8472 18.3002 4.44704497391
-7.8272 22.7472 2.99879054287
-7.9418 19.7506 4.09706314938
-9.022 23.7027 1.3168826865
-9.7645 22.6151 2.59904390113
-12.3379 22.9793 1.38703081797
-11.0086 22.5833 15.6677529652
1.7837 13.537 1.17214019639
1.7129 14.707 0.068290702149
1.6448 14.7019 0.120372131326
1.7265 14.7903 0.0929537519415
1.6831 14.7081 1.27796470217
1.1334 13.5544 8.10383257046
6.2641 7.2816 7.98688338966
4.6409 -0.5386 0.529999018867
4.8195 -0.0396 1.33403845522
4.0601 -1.1364 23.8514365112
-2.5253 -24.0607 4.04118681701
-5.662 -21.5127 12.9794207132
-10.6114 -9.514 0.493960615839
-10.8199 -9.9618 1.881684777
-12.5907 -9.3254 1.55437215943
-14.1123 -9.0079 1.84310925341
-14.3509 -7.1803 14.151828366
-16.4856 6.8096 21.0470017943
-22.7913 26.8898 7.31231955333
-29.3103 30.2023 6.78576168311
-36.0252 29.2242 12.4014552457
-48.0363 26.1372 1.89253614232
-46.3944 25.196 12.4674037109
-39.4317 14.854 0.976304056122
-38.5337 14.4709 2.9549715667
-36.0517 16.0745 0.177978425659
-35.8741 16.0861 2.42187770129
-37.0947 13.9943 0.207941770696
-37.245 14.138 1.10170818732
-37.4807 13.0618 12.405865597
-31.1667 2.3829 21.4831538862
-38.63 -17.7622 3.00514396494
-41.7923 -19.3761 0.797550782082
-41.3066 -18.7435 0.354217461456
-41.0271 -18.5259 2.44484607491
-51.5 -33.0 10.5368167489
-41.8732 -28.7164 18.704361323
-27.6537 -16.5649 2.91147485993
-28.7268 -13.8584 1.88255335117
-27.7042 -12.2778 3.91854132299
-25.7393 -15.6681 0.535386084989
-26.2728 -15.713 0.881569838413
-25.3925 -15.6657 21.5956107246
-4.7806 -22.1093 10.1998624481
4.633 -18.1823 1.11002095926
4.7188 -19.289 3.90419193304
4.2247 -23.1618 2.56155664587
3.8226 -25.6916 1.0695590727
4.7295 -25.1246 0.226897025102
4.701 -25.3497 7.43789698369
11.7865 -23.0874 4.71466650888
12.5342 -27.7424 2.95752412839
12.7213 -24.7908 1.86561955393
12.5989 -22.9292 1.0540477456
13.1765 -23.8109 0.758915891255
12.8838 -23.1107 10.4854553454
10.6356 -12.8691 0.625707695334
10.395 -12.2915 0.365463664405
10.1487 -12.0215 0.354198390736
10.3938 -11.7658 1.30276110627
9.8661 -12.9569 6.82457080848
7.0437 -19.1705 0.0794333053574
7.123 -19.1751 10.2887448336
16.0533 -24.2847 12.9199008023
3.9708 -28.8604 1.63906896133
2.9917 -27.5459 2.96333593944
1.8982 -30.3001 3.0088863056
-0.5574 -32.0389 3.64842762982
-4.0573 -31.0085 2.35444941547
-6.411 -31.0679 1.17377900816
-7.5764 -30.9279 1.11080306986
-7.7959 -29.839 2.34024301516
-9.7615 -28.5689 2.98219281737
-12.2657 -26.9495 9.04821573184
-4.1324 -22.9847 3.3233333778
-4.4219 -19.674 0.947502284958
-5.3496 -19.8667 1.48149595005
-3.8785 -20.0419 16.2716370369
12.389 -19.675 1.275399114
12.3731 -18.3997 16.7123840684
15.0321 -1.9002 0.563400079872
14.6943 -2.3511 10.4569143938
16.6885 -12.6161 19.1151946171
7.1835 -29.2006 0.52715481597
6.7323 -28.928 3.9581080392
3.7852 -31.5702 2.10900574916
1.9782 -32.6577 1.26944178677
0.7375 -32.9263 3.19052126305
-2.0472 -31.3691 2.79077240204
-4.7006 -32.2339 2.98905105008
-7.6859 -32.3836 3.58210731553
-10.032 -29.6767 2.93135663132
-11.0943 -26.9446 2.51940917677
-13.6137 -26.9378 2.47732534803
-15.6379 -25.5096 0.675281607924
-15.6574 -26.1846 1.05323836808
-15.7333 -25.1341 2.58832158164
-18.0227 -23.9266 1.81812290564
-17.7318 -22.1319 14.1864647326
-9.9598 -34.0 17.4092258716
5.8361 -26.6808 3.96513187801
6.0277 -30.6413 2.85610508385
5.5041 -33.449 0.384520753666
5.1355 -33.3395 5.45681376354
-0.3211 -33.3878 0.635954369432
-0.4975 -32.7768 0.880447028503
-0.4884 -31.8964 0.69531567651
0.1731 -32.1106 9.695356093
9.8327 -31.2787 2.5830800878
7.3484 -30.5712 0.958891996004
7.0519 -29.6593 1.60850482436
5.454 -29.4749 0.695563800093
5.426 -30.1699 2.58550561786
5.6707 -32.7438 0.186629177783
5.5045 -32.6589 0.863829439183
4.6446 -32.7412 10.0917904502
-4.9197 -29.5212 0.377295905093
-5.0601 -29.171 2.68599222821
-7.3378 -27.7474 0.979871894688
-8.1476 -27.1957 4.05221240929
-11.4801 -24.8903 1.40519226443
-12.8834 -24.8174 17.2101908531
0.3504 -13.8148 20.3606225163
1.761 6.4969 31.7856116771
-19.755 29.8932 11.8776262094
-31.2764 27.0061 13.0363103465
-44.1095 24.7133 7.71506814617
-49.0094 18.754 1.97538353238
-41.4829 8.9714 12.4598138979
-36.0 20.16 7.25271259668
-31.4745 25.8276 1.05777336419
-30.4645 25.5133 1.05118461271
-30.824 24.5255 1.10757270642
-31.7223 25.1734 0.171908260418
-31.7485 25.0035 0.240332374016
-31.9736 25.0877 1.22212642554
-30.8616 25.5947 16.6144436952
-14.9409 30.3456 3.11055863954
-13.1042 32.856 2.80826745877
-10.3026 33.0494 0.796446388654
-9.5152 32.9297 4.86144950092
-4.6622 32.6432 0.718839599633
-4.6296 33.3613 1.05986815218
-5.0659 32.3954 14.2459015289
-10.539 19.2428 0.851861755216
-10.2108 18.4567 16.0326100788
-2.2363 4.548 0.171346024173
-2.4038 4.5841 0.529835153609
-1.9278 4.8168 0.892740393396
-1.1868 5.3147 10.5880606846
-10.1227 10.9942 1.19771575927
-9.3279 11.8902 19.9443149105
2.8155 27.7115 0.57666728709
2.2415 27.7669 7.91994756548
-3.5345 22.3481 1.35730840269
-3.3948 20.998 19.4547369846
1.2485 2.1055 15.2774399848
-2.606 -12.6777 0.708375980677
-2.4578 -11.985 8.29081927496
1.3721 -4.6318 0.250035697451
1.1273 -4.6827 0.763684882658
1.6227 -5.2639 0.61726508082
1.1664 -4.8482 12.8320174384
-9.6859 1.9993 0.948697011696
-9.11 2.7532 1.26979239642
-9.6247 1.5924 9.65942874346
-13.961 -7.039 1.28440910928
-12.738 -6.6466 0.928657116486
-11.812 -6.5764 10.5229353628
-1.2908 -6.3853 0.608654663993
-0.7157 -6.5846 0.229670807897
-0.4945 -6.6464 1.3570299923
-1.8341 -6.8632 10.3684911274
-11.8442 -9.5657 0.579547935895
-11.3567 -9.2523 0.342220002338
-11.0185 -9.2 0.768967444044
-10.3703 -9.6137 0.593585882581
-9.8701 -9.9333 0.542487354691
-9.3283 -9.9606 0.627608110209
-8.947 -9.4621 0.402570987529
-8.5486 -9.4043 0.360462882971
-8.3279 -9.6893 7.3227749228
-1.0055 -9.6152 0.623776177807
-0.3909 -9.7218 1.44702675856
1.0171 -10.0556 0.40702717354
1.3685 -10.261 1.26287610239
2.6198 -10.4316 0.196689043925
2.7751 -10.5523 1.66001239754
3.1755 -8.9413 5.16822964854
4.9564 -4.0896 12.2392169933
10.4974 6.8235 0.97597718211
10.6359 5.8574 1.03694740464
10.8193 6.878 15.7094894328
12.5233 22.4948 1.24412341028
13.6974 22.9063 0.59939492824
14.2862 22.7941 1.84770921143
13.462 24.4478 1.79230866203
13.9475 26.1731 0.375137841333
14.0233 26.5405 2.24460704802
15.1461 28.4841 2.08273920115
16.3568 30.1788 2.96818173298
19.0326 31.4634 4.8479571213
23.6266 33.0119 0.595199336357
23.8617 32.4651 8.99201574787
25.3162 23.5915 1.02216465406
26.2109 23.0972 0.499187630055
26.6954 22.977 1.68750493333
28.3277 22.5489 1.17739704858
28.8711 23.5934 4.65371474201
30.7842 27.8357 3.30252603472
34.0352 28.4168 1.96333007923
35.9982 28.4528 1.36801269365
37.2994 28.0305 3.66894495598
40.3624 26.0108 0.39989034747
40.3539 25.611 0.849086815349
40.4148 26.4579 1.19758949979
40.1098 25.2998 6.45972158611
39.1114 18.9177 7.56822961927
43.1345 7.4346 0.570920003153
43.6826 7.2748 6.18873309975
43.2053 1.1045 0.0558104828863
43.2458 1.0661 3.54692562087
42.4248 -2.3845 0.566484050967
42.0891 -1.9282 1.55856726836
43.2398 -2.9794 0.358630283161
43.0966 -3.3082 0.220894363894
43.0852 -3.0876 0.862363971882
42.2311 -2.9685 7.81518262487
47.0 -9.16 16.9904578426
41.2801 -25.1587 1.06212791132
42.3234 -25.3578 0.424143053698
42.6856 -25.1371 1.23504527852
41.4606 -25.2943 22.6966518881
19.0888 -29.1206 5.08982234366
14.2706 -30.7611 2.57834824064
12.0788 -29.4032 2.92800716529
9.1524 -29.3062 4.55401387899
4.802 -27.9597 4.87262700501
1.0957 -24.7965 3.60538279937
-2.4891 -24.4118 3.24462205041
-5.4816 -23.1578 1.93646505262
-7.1897 -22.2455 9.86154435471
-12.7588 -14.107 15.788537869
-11.4028 1.6232 31.7728855378
-35.4596 22.3786 6.84793253471
-40.7136 17.9866 2.18852191444
-42.3225 16.503 3.11695811008
-45.4344 16.3255 3.13573060865
-48.1158 14.6998 1.31442207072
-48.6461 13.4971 1.37326664563
-49.7769 12.7179 0.689442325362
-50.3373 12.3163 1.31676236656
-51.4145 11.559 0.977342621602
-51.6119 12.5162 0.953245639906
-42.0224 5.9355 19.0112320932
-25.6341 -3.7004 0.914365818477
-24.9899 -4.3493 17.2914469956
-17.0031 -19.6857 2.43563795544
-15.2396 -18.0057 2.58582076138
-13.8022 -20.1552 0.797420397281
-14.5795 -20.3332 2.41370053031
-13.3175 -22.3907 2.8735536066
-10.4602 -22.0855 2.69618295002
-7.8297 -22.677 0.29230538825
-7.8997 -22.3932 0.661326613709
-7.4114 -22.8392 2.99141160825
-6.2449 -25.5938 1.06289175366
-5.3681 -24.993 11.1922651438
-12.132 -16.0758 0.505640435488
-11.6268 -16.0547 1.9574996424
-9.6781 -16.2401 4.71365767319
-5.891 -13.4336 5.34234297102
-8.0449 -8.5447 0.853338127591
-8.7335 -9.0487 1.20199881032
-7.8752 -8.2072 12.4569622625
0.0564 1.3983 1.02715207248
0.7797 2.1276 1.19300848698
-0.3961 1.9257 12.525063138
-12.8991 1.1826 0.267619076301
-13.1265 1.3237 1.15808870558
-11.9722 1.4173 11.5732994846
-0.5582 3.3309 8.84504098125
8.2028 2.1145 2.57176380331
10.4819 0.923 0.740673511069
10.8233 1.5803 0.39774480512
11.1951 1.7216 0.304872202734
11.476 1.8401 1.0641179258
12.425 2.3215 0.601711824713
13.0266 2.3331 2.69226600655
15.7146 2.4846 40.6430214646
48.3227 26.745 3.30256622189
48.9001 23.4933 0.871683945017
48.5514 22.6944 2.13982525688
49.2332 20.6661 0.585315649885
49.7053 20.3201 0.682465544918
50.2392 19.895 1.3196669883
51.4156 19.297 0.501064087717
51.5297 18.8091 0.393227427833
51.6188 18.4261 0.716340289248
51.3578 19.0932 0.872509214851
51.2451 18.228 0.268296291439
51.387 18.0003 0.11702499733
51.5016 17.9766 0.842175902054
50.6832 18.1753 10.8905065176
39.8271 17.3103 0.733555519371
39.7482 18.0396 1.37344986439
41.7532 -18.385 0.796130956564
42.4883 -18.0793 1.09867095165
41.4718 -18.4962 21.2797089353
20.9944 -24.2843 4.45783592565
17.8627 -27.4568 5.10669913741
13.0185 -29.073 0.866185366997
12.1535 -29.0277 3.09483774373
9.566 -27.3298 3.35351429101
6.4449 -28.5565 5.55153532367
0.9726 -29.4911 4.15929812589
-2.1311 -26.7222 1.2662573909
-1.0178 -26.1189 0.664817937484
-1.6286 -25.8564 5.64782360206
3.3552 -23.1994 0.54421070368
2.8857 -23.4746 1.06023334224
1.855 -23.2261 0.956935509844
2.6616 -23.741 12.4127049188
13.8548 -29.1064 3.16984881027
11.518 -31.2482 1.88721692712
11.7982 -33.1145 1.04786350256
11.9126 -32.0729 2.09245881202
12.2864 -30.0141 2.47731923054
11.6688 -32.4132 3.95154218122
12.3407 -28.5192 1.34496447908
12.4803 -27.1815 1.16182911824
11.3254 -27.3082 2.84115708823
9.417 -29.413 4.19455489415
8.4646 -33.498 1.53383487051
8.5492 -31.9665 1.17444627378
8.6478 -30.7962 1.9504831504
6.7892 -31.3878 1.17532910285
5.6167 -31.3063 0.923724964478
5.8433 -32.2018 0.296123842336
6.0706 -32.012 4.05989028546
2.9378 -29.4297 1.11173063284
2.2002 -30.2615 0.962605905862
2.6409 -31.1173 0.179997888877
2.5919 -31.2905 0.836304902533
1.7569 -31.2438 0.949017723754
0.8079 -31.238 0.851697229067
0.5398 -32.0464 0.717013758585
-0.1134 -32.3421 2.32429228153
-0.7653 -30.1111 1.2110375469
-1.6948 -29.3348 0.97589598831
-2.0251 -30.2531 1.52423206894
-1.5577 -28.8023 1.79754072555
-1.5698 -27.0048 0.597591582939
-1.7227 -26.4271 15.129971614
4.2271 -12.5161 2.00367214134
3.9818 -10.5275 3.9977327637
5.3664 -6.7772 1.9876267381
4.3257 -5.0838 7.15324654126
10.5899 -1.63 1.04443257801
11.3178 -0.881 0.790604155061
10.5281 -0.9188 0.991947060079
10.031 -1.7772 1.64340007606
11.6744 -1.7767 8.97560814876
15.8236 -9.7357 3.93517126692
15.8845 -5.801 5.99246662485
20.292 -9.861 0.144682065233
20.3231 -10.0023 1.06199420432
20.8291 -9.0686 3.20497532128
22.495 -6.3306 0.138933977126
22.6331 -6.3154 4.39861059995
21.8531 -10.6443 4.83496310741
19.0558 -14.5879 20.6979594253
6.5912 -31.1118 4.80829331988
2.1008 -29.3925 4.27549681908
-2.1053 -30.1597 1.77445077982
-3.4174 -31.3543 3.5181694132
-6.7525 -30.2342 1.48343237123
-6.3827 -28.7976 1.69265399299
-7.2352 -27.3353 2.69112451031
-8.0309 -24.7645 20.9259114757
-5.9431 -3.943 1.34002964519
-6.8772 -2.9822 42.8338166468
-39.0854 25.2555 10.0385664016
-47.1508 19.2787 12.3563148883
-39.5027 9.5738 1.01352360604
0.0 0.0 1.96700350788
-1.8746 -0.5958 0.219865868202
-2.0896 -0.5498 0.900836550102
-1.5028 0.1337 16.0741326363
-12.5604 11.8002 1.33676963236
-11.4223 12.5014 0.674081968309
-11.694 11.8845 2.56980995601
-9.1501 11.5205 8.73859952624
-14.3083 4.4667 1.26746390087
-13.3968 3.586 12.9190479007
-3.1963 -4.3419 11.5250064902
-14.3797 -1.5567 0.621333404864
-13.8141 -1.8139 2.88149149747
-10.9384 -1.9965 0.655889419033
-10.4447 -2.4283 0.452542417901
-10.0637 -2.6725 1.52054625053
-8.9748 -3.7338 3.73787684388
-5.4861 -5.0757 2.93214181274
-2.773 -6.1877 9.88950454674
7.0273 -7.513 1.53755407059
8.5267 -7.8534 3.88625840108
9.6657 -11.569 16.9220703677
15.7285 -27.3677 6.22264888452
19.6052 -32.2352 0.575372783506
20.1662 -32.363 1.07314146784
20.7667 -31.4736 0.289263236516
21.0518 -31.5225 0.20395553437
21.1673 -31.3544 0.245065297421
21.4055 -31.412 0.386682208021
21.7847 -31.4877 1.56294648981
23.3194 -31.1919 0.79131223294
24.1107 -31.1963 2.88452824912
26.5746 -32.6962 1.52016486277
28.0926 -32.6151 3.50750037634
31.5234 -33.3446 3.62428705955
35.1459 -33.4584 4.9715638435
39.9058 -32.0232 0.539016150036
39.5762 -31.5967 0.84871764445
40.262 -32.0967 0.479848309365
39.9144 -31.7659 8.44254986364
37.0412 -23.8273 12.6778352162
38.4933 -11.2329 1.15130328324
0.0 0.0 4.08798191899
4.0024 0.8321 1.20401024082
5.1609 1.16 0.0782061378665
5.1721 1.0826 1.27499528627
4.0554 1.6979 0.255471583547
3.8552 1.5392 0.915284611473
4.6208 2.0408 0.135282999671
4.5903 1.909 8.90555083642
11.6402 7.3503 0.755080631456
11.2628 6.6963 0.805367208173
11.7513 6.056 13.5376821668
16.4807 -6.6287 0.442458811642
16.0571 -6.5009 0.754565252314
16.5657 -5.9435 1.40846572198
16.0744 -7.2635 27.3327272759
2.7491 -31.128 1.44576898915
1.4857 -30.4251 2.90924538841
-0.3691 -28.1838 4.31926000722
-2.2461 -24.2937 6.49079913262
4.2262 -23.804 8.4546933049
7.235 -15.9028 0.93479320173
6.6982 -16.6681 15.6091243188
-3.4656 -28.5147 2.68738498359
-3.6982 -31.192 2.87922884815
-5.9312 -29.3744 2.40595209636
-8.1455 -30.3154 2.11574531785
-10.1015 -29.5089 1.3693563488
-10.6424 -28.2509 2.41418451863
-11.8191 -26.1429 0.613807925983
-12.0415 -25.5708 0.913503262173
-12.4629 -24.7603 2.40880659664
-14.7568 -24.0252 2.2028132944
-16.4468 -22.6123 1.20998864871
-15.4461 -23.2925 2.04975897607
-17.4306 -23.8056 1.75259136709
-18.6829 -25.0317 0.836332667065
-19.3292 -24.5009 1.07552752638
-18.2731 -24.2974 7.47042856334
-11.4015 -21.3668 19.9006102482
8.3932 -19.3164 0.290613024484
8.1504 -19.4761 0.126760127801
8.2146 -19.5854 1.58741186212
8.8285 -18.1215 15.7059363554
12.3433 -2.8139 1.11482188712
12.3861 -1.6999 7.7493194598
12.7721 6.0398 4.32154647435
9.6148 8.9906 21.8516970531
-0.5771 28.3199 3.22828878665
-3.4791 29.7342 3.99079203292
-3.8618 25.7618 3.31211835537
-6.9298 24.5138 3.86707485317
-10.6772 23.5592 1.04824106006
-11.6796 23.2526 8.91052824921
-12.4878 14.3788 43.2284725416
-51.5 33.0 9.3473685067
-43.833 27.653 20.8158555539
-27.0318 15.364 1.90969315336
-25.4543 16.4403 1.03774074315
-25.3651 17.4742 0.0643123627307
-25.3249 17.424 0.788995728759
-26.07 17.1645 1.30192586963
-24.7964 17.4346 22.5684359655
-3.8552 25.8489 0.217830209108
-3.9562 25.6559 12.1831518319
7.2204 20.8069 6.1765549103
6.742 26.9649 0.0342441235835
6.7085 26.9578 3.42385016173
7.9028 30.1666 0.470237992935
8.3207 30.3822 0.4854917713
8.8058 30.3627 0.607007116927
8.3666 30.7817 1.01679357295
9.2227 30.2331 3.49773727001
11.0982 27.2807 0.896303531177
11.0791 26.3846 0.937327674829
11.8212 26.9572 0.719115880787
11.4239 26.3578 14.1135943675
6.4713 13.1417 0.868321075409
6.4568 12.2735 3.6638234196
6.4437 8.6097 1.91159782904
6.5688 6.7022 1.50453819161
6.7474 5.2083 3.67946049986
4.9023 8.3917 13.4131333122
-0.1702 -4.0253 19.6788061203
-4.5876 -23.2019 12.8750753322
-5.1916 -10.341 0.247815455531
-4.9451 -10.3155 16.0657649429
-4.6163 -26.3779 0.223016098074
-4.4466 -26.5226 0.0559580199793
-4.3925 -26.5369 0.157402033024
-4.5381 -26.4771 3.35253356284
-5.2086 -29.7619 0.476186276577
-4.931 -30.1488 0.156743101922
-4.9632 -30.3022 0.369628056294
-4.9275 -30.6701 1.48531602698
-4.2024 -29.3738 0.16739205477
-4.3683 -29.3961 0.154715222263
-4.5215 -29.4177 0.0961168559619
-4.6157 -29.4368 0.388470462198
-4.9928 -29.5301 0.315286235031
-5.2963 -29.6155 1.31119707901
-6.604 -29.5198 11.3459171974
-12.6812 -19.9387 0.795806314376
-19.9053 -8.3438 8.68203910265
-11.404 -10.1061 0.52238166124
-11.5232 -9.5975 2.30332608417
-10.122 -7.7694 1.31118764866
-9.1489 -8.6482 7.29682387412
-12.7465 -14.9965 13.8845628725
0.0 0.0 5.67727010543
5.6264 -0.7583 0.69655416157
5.9425 -0.1376 19.27744915
13.9923 17.3787 0.139259649576
14.0825 17.2726 1.34011501372
13.8529 15.9523 7.20774172678
13.8077 8.7447 1.07399609869
14.1216 7.7176 3.02646247788
13.0508 4.8869 8.52835312414
20.7207 1.1579 0.934334827565
20.4121 2.0398 2.39532264215
18.5761 3.5782 0.824808007963
19.0413 4.2593 1.16141465894
18.5037 5.2888 8.11820627294
15.584 12.8638 3.2773520348
15.3646 16.1338 1.11071505797
16.4059 15.7473 0.939703102049
15.7763 16.4449 14.5779716521
6.3845 27.5944 0.700810452262
7.0825 27.6571 5.20983087729
2.2769 29.6692 2.80477079991
-0.3713 28.7452 4.10105396331
-3.2269 31.6887 3.78758405979
-6.8284 32.8613 3.18421196688
-9.4865 31.1081 1.92047837009
-11.1851 30.212 2.94361577826
-12.0743 27.4059 1.86040985269
-13.7864 26.678 1.03852368774
-12.7491 26.7284 2.32547178869
-14.7239 27.9564 0.277572711195
-14.4933 28.1109 7.15743132765
-8.4813 24.227 2.73060944113
-9.3967 26.7996 0.648520909455
-10.0171 26.9885 1.43933863284
-8.59 26.8012 20.8665857849
10.9746 19.5458 18.0935860672
14.4565 1.7904 0.978147228182
15.0901 2.5356 12.2203016166
15.8379 14.733 1.20155964063
15.2325 13.6951 1.06286334493
15.7805 14.6058 0.916583438646
15.9551 13.706 1.29106877044
14.7315 14.1179 20.5567822202
1.209 29.6009 2.61281875567
1.0554 32.2092 0.260540150457
1.166 32.4451 0.065444403886
1.2276 32.4672 3.88106212911
-2.6514 32.3407 1.38126023616
-4.0034 32.6235 4.35535938356
-8.2278 31.5635 1.48950738501
-8.8518 30.211 10.6615882682
-11.0984 19.7888 0.470693201566
-10.7109 19.5216 8.56652620436
-2.1445 19.5681 14.289083683
11.85 16.6816 0.613098686999
11.861 17.2946 1.15902669943
12.5676 10.9074 4.86203793177
16.4859 8.0288 1.49193375188
17.9565 7.7774 2.28016084082
18.877 5.6913 2.25164495647
20.4944 4.1248 0.848084830663
21.3142 3.9076 1.84753960715
23.1068 3.4604 3.33001088587
25.8813 1.6189 2.68414965492
28.0724 0.0685 0.0603304235026
28.1314 0.0811 1.17898685319
28.2684 -1.0899 0.867290268595
27.9105 -0.2999 16.3518412251
28.8133 16.027 0.596266190556
28.2997 16.3299 0.634267861396
28.6163 16.8795 1.94464067889
30.1527 18.0716 3.82706071287
30.5658 21.8763 1.06881643887
30.4265 22.936 1.44336604158
30.3493 24.3773 2.83148235559
31.035 27.1245 3.02156071592
33.7904 28.3645 5.14032580485
38.7717 29.6332 1.36847888182
39.5668 28.5194 0.762351900371
39.8369 27.8065 0.589239552304
39.9747 27.2336 0.617283994609
40.1164 26.6328 0.346020591873
40.1635 26.29 0.811428025151
40.2745 25.4862 0.967850613473
40.6254 24.5842 9.4233163658
40.2491 34.0 6.94449401253
41.1094 27.109 0.702533244765
41.7754 27.3326 0.361540108425
41.8065 26.9724 0.255331353343
41.9366 26.7527 0.998870587213
41.0724 27.2536 0.372669947809
40.9232 26.9121 0.476793372437
40.4526 26.8355 0.312103716735
40.3174 26.5542 8.45363511396
36.3144 34.0 6.71725346254
40.7492 28.9548 1.72577352512
40.1147 27.3499 0.849739212935
40.9174 27.0711 0.390529960438
40.904 26.6808 1.37552814948
40.9128 25.3053 0.370269550463
40.8601 24.9388 0.556236469498
40.7966 24.3862 0.599029423317
40.5146 23.8577 1.90425546605
40.7644 21.9699 1.69009858292
43.3671 12.0656 0.0
43.3671 12.0656 16.8788238654
26.7879 8.8994 2.70435472895
29.4444 8.3929 0.76556000418
29.9038 9.0053 0.749569262977
30.3646 9.5965 0.423704071257
30.3461 10.0198 1.48200570174
31.828 10.0375 0.497113307004
32.3038 9.8935 0.385797485736
32.5765 9.6206 2.20326191135
34.6502 8.8762 1.35729625727
34.6135 10.233 0.405405106036
35.0182 10.2569 0.401675889244
34.6798 10.4733 0.565985874382
34.9622 10.9638 1.30198258821
35.6901 9.8843 6.43227102974
38.8539 4.2839 1.06504227146
39.5791 5.0639 0.696143009733
38.8846 5.0161 0.99751107262
0.0 0.0 2.07012436824
2.0303 0.4041 0.394148905872
1.9693 0.7935 1.63025672825
0.3391 0.8071 1.59320580278
-0.7317 -0.3726 0.926827125196
-0.9001 0.5388 5.80904089244
1.9404 5.606 0.93246693239
2.6497 6.2113 6.33608047455
0.744 0.1686 0.128260048339
0.719 0.2944 0.550435218713
1.2528 0.1601 0.89001218531
1.4868 -0.6986 0.374717947262
6.8139 -18.0769 1.06764735751
5.8491 -17.6197 0.647705033175
6.4082 -17.9467 1.19312945232
5.2812 -18.3384 15.4761405221
-10.1663 -19.2795 3.5545907289
-9.0046 -15.9201 0.281505754826
-9.0976 -15.6544 0.146448694088
-9.2437 -15.6645 9.827629933
-10.7214 -5.9486 1.04996861858
-9.8565 -5.3533 2.97860903947
-10.3695 -2.4192 11.8816290268
-1.2608 5.21 1.64903657934
-0.4558 6.6492 18.9421733542
5.6659 24.5749 6.12132200754
6.9945 30.5503 1.21719287707
6.4454 31.6366 0.495927756836
6.9357 31.7111 0.375333997927
7.1777 31.4242 2.08672530535
8.5068 33.0329 0.497338275221
8.8762 32.6999 2.63807022272
11.4949 32.3808 2.41418282862
13.8761 32.7785 0.636786879576
14.4988 32.9117 0.456113768703
14.9287 33.0641 0.88085836546
15.8082 33.113 2.08670632816
17.8943 33.1633 1.71681706946
19.6109 33.136 1.70141370924
21.2803 33.4645 1.21745618812
22.4797 33.2556 1.78241817765
24.2613 33.3096 2.42827264738
26.6687 33.6273 1.20661541926
27.8753 33.6334 0.400206609141
28.2755 33.6357 0.311546802263
28.587 33.6411 1.36142299819
29.9483 33.6594 3.7669586698
33.7052 33.3843 1.27462261081
34.9414 33.0737 3.22893987866
37.9171 31.8202 3.74302805894
40.2772 28.915 1.76325992695
40.0503 27.1664 0.409419344926
40.1179 26.7626 0.313560361015
40.163 26.4523 0.291903631358
40.1272 26.1626 0.93525364474
40.6105 25.3619 1.17786269573
39.5863 25.9436 0.657711821393
40.0941 25.5256 8.79739184816
39.6834 16.7378 1.15026920327
39.8702 15.6028 2.57770466113
40.4236 13.0852 0.883684932541
40.0571 12.2811 1.23508835716
38.8954 12.7005 0.744694924113
39.3292 12.0952 0.192912544952
39.3314 11.9023 11.9740604684
43.9945 -2.2541 0.354061195276
43.7947 -1.9618 1.18013609808
44.9511 -2.1973 2.82272692268
42.9813 -4.2191 1.24042544718
42.6073 -5.4018 16.1697520244
36.0 -20.16 7.80591540116
31.245 -26.3505 0.404211343235
31.6335 -26.4621 1.44013141414
30.2067 -26.2666 17.0517278553
13.7008 -30.5464 2.8849733465
11.7268 -32.6503 3.73907165082
8.2652 -31.2368 1.92357855311
6.5893 -30.2926 2.80308431554
3.9715 -29.2904 1.93521647368
2.2073 -28.495 3.81234502767
-1.3696 -27.176 2.99797161594
-4.363 -27.0105 0.647920928818
-4.4443 -27.6533 1.31319516447
-4.1848 -26.366 24.1653966597
-1.8922 -2.3096 0.725263517627
-1.9543 -1.587 2.25241320587
-2.1556 0.6564 3.01416460234
-5.1696 0.6249 11.4835082488
-16.4029 -1.7592 32.0860286232
-34.3769 -28.3383 13.8597493156
-46.1266 -20.9873 3.73090147283
-48.1284 -17.8389 3.35746281588
-50.8374 -15.8555 0.636246021599
-51.0574 -16.4525 1.23176671899
-51.0112 -15.2216 6.74165040105
-46.2994 -10.3999 0.986768432815
-46.1507 -11.3754 2.29569322863
-47.8865 -9.873 0.440602144797
-48.3002 -9.7214 23.4974879083
-51.5 -33.0 16.924947693
-35.0404 -29.0585 17.020620432
-25.8939 -14.7043 1.23001972342
-24.6795 -14.5089 0.0508570545746
-24.7133 -14.5469 1.61337254842
-26.2496 -14.0542 8.53702436977
-34.4618 -11.7217 1.01921695433
-35.301 -12.3001 1.87420493276
-37.1752 -12.2958 0.805782582338
-36.5318 -12.7809 2.77809863936
-38.7911 -11.1643 8.72976789268
-39.9722 -19.8138 6.78349118154
-46.1328 -22.6533 0.362055368694
-46.0163 -22.9961 1.35236102059
-38.0243 -2.669 0.806513992439
-37.2484 -2.8891 0.981476342048
-30.5446 34.0 13.2020475885
-30.6404 20.7983 0.68695507859
-29.9946 20.5641 0.796592373802
-30.3876 19.8712 1.15977617237
-30.5042 21.0251 0.886123512836
-29.9394 20.3423 8.16261120598
-31.7907 12.3924 0.776625997505
-31.7682 11.6161 1.05195886802
-31.8107 12.6672 0.981219368949
-32.6031 12.0885 0.169998970585
-32.654 11.9263 0.959673611182
-32.298 11.0351 8.11849459567
-34.9309 3.3554 0.430481126183
-35.1559 3.7224 0.649450798752
-34.5084 3.7727 5.87219935799
-33.5735 9.57 0.493356473556
-33.7266 10.039 0.164609386124
-33.8301 10.167 2.99783287059
-30.9985 9.1826 1.33361378592
-29.7727 8.6573 1.24952495373
-29.8233 7.4088 1.52429671652
-28.4421 8.0536 0.503743317574
-27.9523 7.9359 1.02791059923
-28.7277 7.2611 0.720875315155
-28.0516 7.011 0.524976428042
-27.5416 7.1355 2.21902771727
-25.3367 7.3855 14.1833501631
-16.6588 -3.8333 18.6356288128
-9.0678 -20.8528 0.0282718941707
-9.0909 -20.8365 10.6081623451
-13.5456 -11.209 1.96505024872
-11.5834 -11.3148 3.33380735196
-8.2679 -11.6637 6.64487349616
-14.8302 -12.708 32.3648626761
-47.0 -9.16 33.3889282327
-44.0937 24.1022 0.947176398566
-43.23 24.491 23.7370927032
-19.6866 27.5172 0.350610353527
-20.0175 27.6331 7.61349986865
-13.0804 30.7703 1.43176213108
-11.9546 29.8857 17.622955802
-0.559 16.4429 0.226562353448
-0.4713 16.234 1.12135921096
-0.0275 15.2042 1.08209404397
-0.4419 16.2038 14.8773457394
-4.9095 30.3945 4.11041138695
-0.8131 30.0554 1.71457280102
0.8036 30.6264 3.67388218918
4.4633 30.9489 0.560964392809
4.9134 31.2837 3.31355743122
8.2268 31.316 2.13222776691
10.3574 31.3993 2.73017999773
13.0255 30.8204 0.744922338234
13.7703 30.8069 0.867554107823
14.6165 30.6156 1.26889021196
15.8759 30.4607 8.44063160255
15.4707 22.0298 2.48203823097
17.8824 22.6165 2.62194390482
20.3654 21.7743 0.746992168634
21.0437 21.4614 0.496450944203
21.5192 21.3187 2.03668324734
23.5211 20.9439 5.59820525258
26.6869 25.561 2.75536632955
26.8813 28.3095 1.07156519634
27.6762 29.0281 0.820411244438
27.6281 29.8471 1.40285868854
28.9848 30.204 2.8427848494
31.8215 30.0181 3.91670479485
35.7354 30.1663 3.85277008398
39.5878 30.2197 0.644189762415
39.8987 29.6555 2.34006947119
40.9695 27.5748 1.89320904815
41.5416 25.7701 1.77182520583
40.685 24.2191 0.459543349424
40.883 23.8044 1.13354704358
39.7783 24.0585 1.19125427177
41.1159 10.41 0.944810039108
36.9641 -29.8166 4.74573865694
32.2827 -29.0378 2.2163952107
30.0714 -28.8876 3.66645023149
26.4153 -29.1629 4.71719915628
21.7021 -29.3571 1.51121473325
20.2062 -29.1425 2.12175671791
18.0888 -29.0066 4.4223154953
13.6685 -28.8731 4.57428284434
9.096 -29.0008 7.17607856493
2.7751 -25.6034 2.13671956513
0.9662 -26.7407 1.99883442286
-0.9187 -26.0755 0.0418306108012
-0.8843 -26.0517 0.768116774976
-0.859 -26.8194 1.11722020211
-0.6597 -25.7201 0.385680748807
-0.8905 -26.0291 0.0458536803321
-0.9189 -25.9931 0.128523694314
-0.7984 -26.0378 0.0218680131699
-0.817 -26.0263 0.0454172874575
-0.8522 -25.9976 0.755468391132
-0.8102 -26.7519 1.15261574256
-0.8325 -25.5995 20.873279097
-1.8074 -4.749 2.13877577132
-3.8662 -5.3284 7.05728147731
-10.1414 -8.5575 0.332725487452
-10.3054 -8.268 8.31415935017
-4.2357 -2.5861 0.842746711652
-3.7636 -3.2842 1.1336663795
-4.1947 -2.2357 1.50149558774
-5.1059 -1.0423 1.89817093277
-5.5979 0.791 3.86716498226
-9.4341 0.3026 4.31955771463
-13.616 -0.7792 1.47072108165
-12.1667 -0.5291 0.247726159297
-11.919 -0.5327 2.61839538649
-13.9786 1.0841 0.958896704552
-14.4011 0.2233 1.43979366577
-15.4469 1.2129 1.91146396775
-17.3566 1.1308 1.52635539767
-18.1642 -0.1644 1.56078513576
-19.7222 -0.0712 1.49031484593
-21.2077 0.0485 1.89270816821
-23.0982 0.1399 0.222732417937
-22.8755 0.1361 0.640722248716
-23.5135 0.1951 1.32798618216
-24.8404 0.1414 0.186703856414
-24.9596 0.2851 0.0575232996272
-24.9774 0.3398 0.101
-24.8784 0.3598 1.0784717567
-23.9961 0.98 0.780488154939
-29.0364 -11.6997 0.46283350138
-28.5738 -11.685 0.56126687057
-28.6183 -12.2445 3.8378312756
-29.2894 -16.0232 0.655263260072
-29.8581 -15.6977 1.27734278093
-28.8798 -14.8764 8.87632290197
-23.7949 -7.6009 0.216888289218
-23.9156 -7.4207 0.473377069576
-23.4623 -7.2843 0.506845903604
-22.9609 -7.3584 0.280955975199
-23.1984 -7.2083 13.3627922471
-25.0492 6.0257 1.77370733212
-23.3323 5.5804 0.540000925925
-22.7931 5.551 0.933193361528
-23.2179 4.7201 6.24046248687
-20.2633 -0.7766 13.0724972465
-0.007 -34.0 8.37372733256
5.653 -27.8288 2.65601007528
3.4684 -29.3394 2.9258789893
0.8015 -30.5429 2.94769117277
-2.1395 -30.7414 2.79870269411
-4.9174 -31.082 3.47939085042
-8.2229 -29.9958 1.1399525341
-9.3276 -30.2771 1.08968648702
-9.5296 -31.3479 2.59556404082
-12.0783 -30.8569 0.775816988729
-11.3195 -31.0185 1.45687070463
-12.7454 -30.7197 1.79937166811
-14.4942 -31.1433 1.08132067399
-13.5086 -30.6985 1.43855439244
-14.8493 -30.177 1.69355168212
-16.1234 -29.0613 1.63108710987
-17.3938 -28.0383 1.67941033699
-18.574 -26.8435 3.22116209154
-20.8209 -24.5354 3.49710687283
-23.5021 -22.2902 7.26779845964
-23.0988 -15.0336 0.838771297792
-31.6096 -19.2032 6.67401142492
-7.9859 7.6593 0.865929927881
-7.2149 7.2651 1.02048982846
-7.7039 8.1608 29.4167511031
-28.2154 29.2469 16.1713978864
-44.3822 28.8613 5.80465209466
-48.9027 25.22 2.25975777684
-49.7022 23.1064 1.11318980412
-49.9997 24.1791 0.398203478136
-50.2848 23.9011 1.40097538879
-49.4778 22.7559 12.0677461147
0.0 0.0 7.49754971507
-2.9383 -6.8978 6.59547729281
1.3143 -1.8564 0.538223345833
1.4677 -2.3723 17.5868255584
6.9816 -19.0724 0.494710117139
7.1765 -18.6177 0.623162458754
7.4754 -19.1645 1.23204748285
6.4488 -18.4833 17.1165759298
-9.0046 -11.1233 1.42013383172
-9.0397 -9.7036 7.40899744972
-9.0017 -2.2947 0.324333470367
-9.2475 -2.5063 6.2486125572
-10.1595 -8.688 0.837014247191
-9.5394 -9.2502 1.8181466305
-7.724 -9.1503 1.70016573604
-6.0393 -8.9215 1.70188770781
-4.3409 -9.0304 1.30660188275
-3.7497 -7.8652 14.9576086073
1.2654 6.2266 1.25180482904
1.7652 7.3743 19.3550144172
7.8677 25.7421 0.798254408068
8.5156 26.2084 5.17701764532
11.8387 30.1781 4.15157363538
15.6353 31.8578 1.54813925084
17.0818 32.4095 2.03129378722
19.0596 32.8726 2.04249987271
21.0954 33.0379 2.19214753153
23.2776 33.2465 2.88590017326
26.1542 33.015 2.62576361845
28.7745 33.1843 3.13194511446
31.8711 32.7151 5.57360677659
37.212 31.1214 0.643001220839
37.8176 30.9053 0.56056330597
38.3345 30.6884 0.393664654243
38.6314 30.4299 0.309408532526
38.8756 30.2399 0.651677727101
39.3387 29.7814 0.818842139854
39.7178 29.0556 2.10631539898
40.3112 27.0346 0.574887345486
40.2901 26.4601 0.296707010365
40.2332 26.1689 0.2155920685
40.2047 25.9552 0.491039438335
40.3225 25.4785 0.274800454876
40.322 25.2037 0.202916066392
40.3062 25.0014 0.462109445911
40.4367 24.5581 0.269585774847
40.4435 24.2886 1.06660463622
40.8434 25.2774 0.48377732481
41.1929 24.9429 1.61784125921
42.5754 24.1026 1.88887424939
43.0286 22.2689 0.409895462283
42.7109 22.0099 0.111765692411
42.783 22.0953 9.05097204117
40.3922 13.3658 0.920992860993
41.1243 12.807 5.57467515466
0.0 0.0 1.86055552188
1.8378 0.2901 2.38512138475
1.0547 2.543 3.20909622947
-2.0403 3.3911 4.03709860667
-0.5973 7.1615 3.98284941342
-3.3844 4.3163 1.05762360507
-2.5107 3.7203 0.483123690166
-2.7622 3.3078 1.09790966842
-3.073 4.3608 0.686656864817
-8.6274 8.4421 10.4830226271
-12.5168 18.1769 0.702449037297
-12.5251 17.4745 1.29272893524
-11.5602 18.3348 1.01711309597
-12.0866 17.4645 16.8286928649
-19.2743 2.248 0.433987154188
-18.9081 2.0151 0.54000462961
-18.4061 2.2141 2.77115534931
-15.6555 1.8772 10.9000369265
-6.6149 -4.212 19.3344012416
1.6442 -21.6936 14.6835709935
5.7646 -7.6 0.809002799748
6.0298 -8.3643 13.8684029967
6.572 -22.2221 0.89536641103
7.373 -21.822 1.82989294222
8.8303 -22.9287 1.58260529508
10.3447 -22.4691 0.515497119294
10.8595 -22.4959 0.472859820666
11.3174 -22.3779 1.62964109546
12.9123 -22.0432 0.635921795506
13.5445 -21.9745 2.17362678719
15.7024 -21.7135 1.48398129368
17.1852 -21.7727 3.91879271715
20.9708 -20.7597 0.531747402438
20.6461 -21.1808 0.449626556155
20.9963 -20.8988 0.327564299032
21.2509 -20.6927 0.103593870475
21.3409 -20.6414 0.202264430882
21.474 -20.4891 0.0934154162866
21.4578 -20.3971 0.827006384498
22.2762 -20.2781 1.67050314875
20.6373 -19.9547 9.85969199367
26.5787 -27.8232 1.55834760243
28.1173 -28.0705 1.16116522511
29.2685 -27.9187 1.29756381346
30.2933 -28.7146 5.04006633687
35.2815 -29.4358 3.82077256716
38.8405 -28.0459 0.56604455655
39.2517 -27.6569 0.724111213834
39.8453 -27.2422 0.82553303992
40.0809 -26.451 0.744677279095
40.1804 -25.713 2.10540658781
39.8601 -23.6321 5.98625266757
39.8051 -17.6461 6.30938738785
40.184 -11.3481 1.00265321024
40.0185 -12.337 0.305931397539
39.8726 -12.6059 1.14705712151
39.0224 -13.3759 0.172098169659
38.9277 -13.2322 0.516578057993
39.4317 -13.1189 0.609613402084
40.0388 -13.0636 1.28850831972
40.2633 -11.7948 9.35780140898
41.7208 -2.5512 0.114307830003
41.823 -2.5 0.156181561012
41.9772 -2.5248 0.648730221278
41.3309 -2.4687 0.539602372122
41.8705 -2.4671 1.28684087983
42.8697 -1.6562 0.411999417475
42.6813 -1.2898 10.4492018767
43.3544 9.1377 9.96641040144
33.5267 7.4807 0.363377393353
33.6414 7.8255 1.07474463013
33.9585 6.7986 0.157462535227
34.0762 6.694 1.37790907175
33.3341 7.855 21.3701654285
18.3879 23.129 4.86630662926
15.0029 26.6251 0.689635476176
14.5439 27.1398 5.37338234634
9.3649 28.572 3.83248507499
5.5721 29.1221 3.84557453835
2.1729 27.3238 3.08614271219
-0.4799 25.7468 4.24257894328
-4.7204 25.614 1.57017514947
-4.5882 24.0494 2.42516197603
-6.9817 23.6588 0.969019323853
-6.5704 24.5362 0.987703968808
-7.2837 23.853 11.509182282
-13.6933 14.2938 0.483873588864
-13.3507 13.9521 0.872396343413
-12.8914 14.6938 0.313196759242
-12.9025 15.0068 11.5878366389
-2.2411 19.5469 0.599380588608
-2.6014 20.0259 9.9481768963
-9.7898 26.9029 0.817638673254
-10.6064 26.9441 1.9485691571
-12.2788 27.9441 1.13374456559
-12.9883 27.0598 1.74157984887
-14.0909 25.7117 1.98945284186
-15.4734 24.2811 2.74102380873
-17.439 22.3707 6.68501580851
-18.8884 15.8447 1.20351140418
-20.0065 15.3994 0.260204919246
-20.0081 15.6596 1.33763875916
-19.0597 14.7163 15.7690158279
-16.8704 -0.9 1.05106519779
-16.4142 -1.8469 0.502345070644
-16.2946 -1.359 2.82698716835
-18.0085 0.8892 7.54877095824
-25.4068 -0.6105 1.06178883965
-25.4591 0.45 0.840521933087
-25.8987 -0.2664 0.734700864298
-25.5197 -0.8958 1.4367306811
-24.6621 0.2569 4.71224711258
-23.9407 -4.3998 3.76129097518
-27.3625 -2.8382 1.62287350709
-27.0904 -4.4381 0.745278525117
-27.4582 -5.0863 15.2892743167
-28.9245 -20.3051 7.80849002881
-34.3582 -25.9129 5.79451580807
-39.8094 -27.8778 8.21547776821
-48.0244 -27.7892 4.18499778375
-49.8851 -24.0406 0.862971755042
-49.7926 -24.8986 0.567459249638
-50.2004 -24.504 9.51042994244
-51.0136 -24.4306 0.503430640704
-50.7871 -24.8802 0.820029877504
-50.0063 -24.6296 9.37054168125
-42.0469 -19.6844 9.21106361719
-37.3205 -11.7784 18.3559063029
-20.5729 -4.2646 0.758973372392
-19.9772 -3.7943 2.69304628256
-17.5644 -2.5981 0.658634709076
-17.3036 -1.9933 2.73386026344
-15.1449 -0.3158 1.01562977999
-14.7242 0.6086 1.4698152605
-13.6041 -0.3431 2.04637751405
-11.8819 0.7622 0.948135586296
-11.3969 1.5769 1.92446256913
-9.6022 2.2716 2.02878080137
-7.5749 2.3491 3.00952225112
-4.5702 2.1788 1.44368418984
-4.9412 0.7836 14.6580090224
-14.1753 -10.6001 0.0894168887851
-14.164 -10.5114 0.402152868944
-14.0522 -10.1251 0.286089933413
-13.9758 -9.8494 0.216912148115
-13.7606 -9.8766 0.561897802096
-13.2021 -9.9383 0.909740468485
-12.4825 -9.3817 0.892175795457
-11.6296 -9.1199 1.76617618883
-10.1453 -8.1627 0.552445074193
-9.6053 -8.2793 0.437769185759
-9.1772 -8.3708 1.57559180627
-7.6849 -7.8653 12.2312800332
-0.7554 2.2137 22.2653498122
5.9391 23.4488 1.88015646157
7.3035 24.7424 3.39668032791
9.3134 27.4806 4.7464958127
12.9627 30.5157 0.593367044922
12.8544 31.0991 0.347958115296
13.1205 31.3233 0.191639087871
13.312 31.3306 0.178976311282
13.2764 31.506 0.318824371716
13.5607 31.3617 0.181994752672
13.3835 31.4032 0.0971409800239
13.4749 31.4361 0.322743752844
13.2617 31.6784 2.73604941659
15.5613 33.1609 8.2871145117
18.1655 25.2936 0.34000705875
18.4027 25.05 0.073683173113
18.4763 25.0535 0.206285457558
18.6243 24.9098 0.445219552581
19.0462 24.7676 0.900030538371
19.6506 24.1007 0.441034749198
19.9232 24.4474 5.77107640913
22.2496 29.7288 3.22939554096
25.4736 29.5422 1.46702590298
25.5738 31.0058 0.384488543392
25.19 30.9828 4.76972992632
29.6141 32.7654 2.76594414441
32.2867 33.4779 2.66102710997
34.9335 33.2031 5.05853714922
39.6995 31.5078 0.891856092652
39.9915 30.6651 2.20430929091
39.9979 28.4608 3.07223043732
39.8948 25.3903 1.98959059105
40.2104 23.4259 0.778403661348
40.0355 22.6674 0.42550264394
40.034 22.2419 6.50485417669
40.4659 15.7514 6.10583604513
40.0764 9.658 5.71173490281
41.9566 4.2646 1.11562578403
43.0006 3.8713 0.758125141385
42.6828 4.5596 0.422537288295
42.2704 4.6516 0.404309250451
41.8785 4.5522 0.62034793463
41.7085 3.9556 0.428883667211
41.3691 3.6934 0.551834322963
44.884 3.5784 1.32364770237
46.1008 3.0574 0.747406348648
46.0707 3.8042 1.09536790623
45.0073 4.0669 11.0537491852
36.269 10.8365 1.03241147805
36.4551 9.821 1.19114609096
35.435 10.436 19.2528973085
21.8104 24.0391 2.43199630962
19.3786 24.07 5.05254458862
16.2095 28.0051 3.60191540434
