0.0 0.0 7.42460810616
-2.6912 6.9197 0.512789869245
-2.7008 6.407 12.2352230535
-1.4002 -5.7589 1.51217819717
-2.2825 -4.5308 0.918768899125
-1.4798 -4.9778 1.35251909044
-2.5056 -4.0963 1.83597425363
-3.7511 -2.7474 1.69863677695
-2.367 -1.7627 12.5498274546
-8.9115 -12.471 0.637589021235
-9.4925 -12.7336 3.11201029079
-9.4663 -9.6217 7.21530906337
-11.2701 -2.6355 0.438395996788
-10.9113 -2.8874 1.60239037067
-9.3182 -3.0597 1.63162407741
-7.8365 -2.3765 12.1792230302
-10.5456 9.4976 0.584736051565
-10.128 9.0883 0.619341230664
-9.515 9.1767 1.3645735048
-10.5119 8.2449 0.702585916454
-9.8795 8.551 10.0545829471
-2.9515 15.8378 0.202924936861
-3.1473 15.8911 0.0770144142353
-3.2042 15.943 0.995479100735
-2.7484 15.058 1.19736277293
-2.1053 16.068 21.8878682738
13.2126 31.7026 8.48191790811
21.653 32.5408 16.496747768
38.0436 30.6724 0.748079948936
38.0856 29.9255 3.42078859329
38.8128 26.5829 0.608486811689
39.0382 26.0177 2.91313268665
39.0244 23.1046 1.32771522926
38.4966 21.8863 13.8753704736
38.2813 8.0126 1.16260246
0.0 0.0 5.9372179512
5.9218 0.4276 0.158836582688
5.8833 0.2735 6.41398467413
-0.5245 0.5551 0.998186084856
-0.589 -0.441 10.2403404851
5.3825 -8.76 2.0147675722
3.4339 -8.2479 2.04204000451
3.7846 -10.2596 4.41710671141
8.1395 -9.5209 1.9146276531
6.2311 -9.6752 3.43217696805
2.8546 -10.2909 1.13776472085
1.9116 -10.9275 2.38545948614
-0.3448 -11.7015 2.56352511203
-2.8196 -12.3701 20.8905337512
-12.57 -30.8456 1.61935518031
-14.1888 -30.8032 2.90324720959
-17.0708 -31.1538 7.0757094238
-24.132 -30.7009 13.0698031095
-37.1856 -30.0503 14.1426166412
-50.0745 -24.2288 3.7434429607
-51.5231 -20.777 0.834155141446
-50.7037 -20.9332 2.60958758811
-51.6844 -18.5149 0.508066550759
-51.2795 -18.8218 0.0969404456355
-51.3587 -18.7659 0.966624570348
-50.6428 -19.4154 2.54327612539
-44.1951 -15.0191 0.473523156773
-43.7608 -15.2078 9.20620994112
-36.0 -20.16 17.625947867
-31.6589 -3.077 14.7946057257
-25.2652 10.2647 11.2046456169
-18.2926 19.0355 7.2910778531
-11.1781 20.6304 2.78112461066
-8.431 21.0641 5.47966323509
-3.0741 22.2175 9.85806875864
0.2358 12.9317 10.5075892064
1.3325 23.3819 0.710269258803
2.0424 23.359 2.44580992311
4.4851 23.2357 2.64927675036
5.969 25.4304 3.77223194541
7.8526 28.6987 0.929642969102
8.33 29.4964 0.741527612433
9.0668 29.58 1.46811008443
7.9937 28.5781 14.3030456533
-4.0653 20.8867 3.55548771479
-1.9173 23.72 4.09283725183
2.1421 23.1979 2.17247306082
3.4749 21.4823 0.752084576361
4.1885 21.7198 1.46481165001
5.3879 22.5607 0.845210228286
6.0991 22.104 1.37738746909
6.8841 20.9722 0.759347436948
7.0464 21.714 1.04929424377
8.0944 21.7661 2.38854828714
10.2878 20.8205 1.10597856218
10.1275 19.7262 0.78837276716
10.8536 20.0333 0.201744318383
10.9757 20.1939 1.29364425172
12.2354 20.4883 1.06693010549
12.4683 19.4471 1.05956980421
12.6924 20.4827 8.86186410751
15.6149 28.8488 0.660474405257
16.2411 29.0588 0.445654507438
16.5806 29.3475 2.35720873068
17.8494 31.3341 3.14349794019
16.1837 34.0 14.6683121981
6.343 23.1225 11.1334002376
10.6461 12.8543 0.479628491647
11.1154 12.7553 0.734808941154
11.8357 12.61 2.83624851168
12.7638 9.9299 0.472737062224
12.4151 10.2491 0.446323940653
12.2742 9.8256 0.0720503296314
12.2932 9.7561 1.1804363007
12.5701 10.9036 11.6258587076
1.6336 14.8474 11.6852748996
-3.1076 25.5276 7.73229233345
-2.3984 17.8279 9.38359310712
3.2798 10.3573 0.581880571939
2.7558 10.6103 1.70944321345
4.0205 9.4602 10.3859387313
-4.8438 14.8724 9.12576887774
2.6307 9.6368 1.12823862724
3.1391 8.6296 1.23855393504
2.1862 9.4208 11.173528981
-7.448 15.0803 0.0
-7.448 15.0803 9.94571306091
2.4955 15.2901 0.636316022115
2.5623 15.9229 0.86842502267
2.2884 15.0988 8.27134284442
-2.727 8.5215 1.3970117036
-2.1829 7.2348 20.3642382843
-8.5566 -12.1063 0.23031432869
-8.7756 -12.1776 0.116290885283
-8.6842 -12.2495 0.937380184344
-7.7473 -12.2195 0.273012380672
-7.6447 -11.9665 12.3565308323
-0.6658 -1.7695 0.15120638214
-0.7267 -1.6311 0.138029743172
-0.6153 -1.5496 0.134151034286
0.1761 -1.5148 4.73806969134
4.8955 -1.0946 1.04705308366
5.0815 -2.125 0.951403111199
4.5987 -1.3052 19.4915778992
-8.6733 12.9698 1.0456572383
-8.0692 13.8233 0.992130661758
-8.3395 12.8687 11.5114349779
-12.4204 2.1049 1.14310005249
-12.5206 0.9662 1.39535032519
-13.3819 2.064 0.340721191005
-13.4396 2.3998 0.761659247958
-13.5811 1.6514 0.546544929535
-13.5567 2.1974 1.11767401777
-12.8352 1.3438 8.33294194988
-12.7717 9.6765 0.472817533516
-12.3096 9.7766 1.42833359199
-11.2673 10.7532 0.589264906472
-10.7226 10.5284 0.366322944954
-10.3721 10.4219 0.549626363996
-9.8588 10.6184 1.91240925536
-8.4118 9.368 0.480433772751
-7.9324 9.3995 0.372010067068
-7.5606 9.412 8.81579688741
-8.4482 0.641 3.98327628467
-6.4722 -2.8176 0.667244730215
-5.813 -2.9209 0.607531637036
-5.2055 -2.9147 2.1886710237
-3.2768 -3.9493 10.4422491433
0.4726 -13.6952 20.2676466175
11.3672 -30.7857 0.856539934854
12.2207 -30.8578 2.35916388791
13.4694 -32.8594 0.62399452722
14.0925 -32.826 0.231862588617
14.3024 -32.9245 0.631186699797
14.8247 -33.2789 0.543242800228
15.344 -33.1194 1.95469444415
13.5989 -34.0 7.07477970328
16.2677 -27.4479 2.29814280888
17.8571 -29.1078 2.66776768291
20.5231 -29.2049 2.15920143109
21.483 -31.139 0.790200841559
22.2691 -31.2194 1.65488374214
23.9207 -31.1152 0.143210090427
24.0639 -31.1135 0.0411004866151
24.0569 -31.154 2.84852874305
23.9369 -34.0 5.72872357947
26.8668 -29.0772 1.93782148043
28.7871 -28.8172 3.79865123432
32.4595 -29.7884 4.21882278604
36.2404 -31.6601 2.23291783996
38.3292 -32.4493 0.449734110336
38.7751 -32.5079 0.341999371344
39.1125 -32.5638 0.544416393949
39.6536 -32.6238 0.414421355627
39.9031 -32.2929 0.994170709687
38.9975 -32.7031 0.666388482794
39.0319 -32.0376 0.596220127134
39.0157 -32.6336 0.50903670791
39.5218 -32.6882 0.828464875538
40.3189 -32.914 1.21123854381
41.4509 -32.4831 0.86193032201
41.8181 -33.2629 1.01272397523
40.8128 -33.1405 1.14409865396
41.9565 -33.1103 1.07771672066
42.5647 -34.0 6.06645119984
42.3601 -27.937 0.53544587028
41.8419 -27.8022 0.709140106044
41.4207 -27.2317 0.541235152221
40.9225 -27.0202 0.290404717593
40.7378 -26.7961 0.178855248735
40.7184 -26.6183 0.0488108594475
40.7239 -26.5698 0.045792794193
40.7306 -26.5245 0.0395379564469
40.7273 -26.4851 0.166096959635
40.6041 -26.3737 0.547133804476
40.1373 -26.6591 0.948049249776
40.9846 -26.2338 12.5042032773
40.9015 -19.7173 1.59762774763
39.4364 -20.3544 15.7398085948
26.4912 -29.3078 2.17084627047
24.3205 -29.333 3.39398476131
20.9271 -29.27 3.66176785856
17.2783 -28.9621 3.98734237933
13.3056 -28.6207 1.94943134786
11.3703 -28.3864 3.75093225745
7.6347 -28.0476 6.12150884178
1.6242 -26.8871 5.86970708383
-3.3448 -23.7626 13.8102065752
-11.993 -12.9955 1.04103460557
-12.8389 -12.3887 3.02530001818
-15.2443 -10.5539 1.30616881374
-14.9764 -11.8323 13.646262935
-9.4036 -24.2888 2.66632028271
-12.0699 -24.2992 5.14562095864
-13.586 -29.2164 0.531544786448
-13.5791 -29.7479 1.51854153713
-12.8169 -28.4345 17.509278199
-10.0677 -11.1424 0.949812639419
-10.0726 -10.1926 1.10292350143
-10.0798 -11.2955 16.9290029928
-14.777 -27.5598 2.06729829971
-16.7169 -28.2743 2.77714173207
-18.8353 -30.0701 3.22051709047
-22.0061 -30.6338 2.08235046282
-23.0977 -32.4071 4.19126177899
-18.918 -32.7182 1.28070290856
-18.3393 -31.5757 6.98583892314
-14.1348 -25.9968 0.191393233945
-14.0984 -25.8089 1.23198589683
-13.961 -24.5846 14.3600269415
-13.697 -10.227 2.80907042454
-16.2211 -8.9942 5.68490635455
-21.5826 -7.1041 41.884409714
-45.8756 27.0156 0.334613358968
-46.2037 26.9499 3.32707005186
-49.2989 25.7296 3.93462085848
-51.541 22.4963 0.579392103847
-51.8275 22.9999 0.570042112479
-51.9335 22.4398 13.0822818935
-35.8304 -25.9085 0.987826634587
-35.9629 -26.8874 3.4258183256
-39.3605 -27.3262 1.04522067048
-40.1654 -26.6594 1.36920026658
-41.381 -26.0293 0.44129070917
-41.79 -25.8636 0.817437196364
-42.5691 -25.6162 0.899632152605
-43.4326 -25.3638 1.59723038413
-44.5567 -24.2291 0.704866299379
-45.1188 -24.6544 1.54336772352
-46.428 -23.8371 0.502690371899
-46.9175 -23.7227 0.481993900376
-47.3871 -23.6141 0.660227422938
-48.0324 -23.4745 1.55785178371
-49.1217 -22.3608 0.862455662629
-49.7941 -21.8207 0.603264751167
-50.3411 -22.0751 1.57176747008
-49.0948 -21.1174 15.4116228042
-37.4593 -11.0113 1.21186912247
-39.4369 -4.7556 1.78201312004
-39.0095 -3.0256 1.05714570897
-38.0023 -3.3467 9.87133086519
-28.1316 -3.4583 0.771394484035
-28.8872 -3.6136 0.974268484556
-28.6984 -2.6578 1.00207549117
-28.5532 -1.6663 1.0689926894
-27.5728 -2.0924 0.121164021062
-27.4534 -2.0718 0.457613220963
-27.9099 -2.1037 7.27453517759
-25.8873 4.884 9.59253488292
-16.4095 3.4048 6.76031797551
-9.7487 4.5605 1.67493486739
-9.1103 6.109 19.7674083423
-3.6347 25.1029 0.811107304862
-3.2906 25.8374 1.37632665091
-2.6254 24.6325 13.639085477
0.5579 11.3701 0.382588408084
0.8424 11.6259 1.42859251013
-0.211 10.6609 7.69769322135
-5.1763 4.7787 0.246325577235
-5.0053 4.6014 0.180893476942
-4.9675 4.7783 5.51975020449
-7.2241 -0.2591 0.921432281831
-7.6792 0.5421 8.88608178277
-8.6944 9.37 0.209268655082
-8.5213 9.4876 6.81542917577
-2.3496 6.5962 0.332367582655
-2.531 6.8747 0.691999718208
-3.201 6.7016 5.18769612834
-7.2456 9.9502 5.67595699068
-2.0282 7.7152 11.0531454817
8.232 3.6042 0.197785363463
8.0412 3.5521 0.596651221402
8.018 2.9559 0.350330201381
8.2789 2.7221 0.541548677406
8.8185 2.6762 0.163037725696
8.8252 2.5133 0.212556627749
9.0108 2.4097 0.164595261171
9.149 2.3203 1.15879628926
10.123 1.6925 25.5182452149
3.5828 -22.9734 1.27644337516
3.1315 -21.7794 11.9729610794
-2.5659 -11.2489 1.74831617564
-0.8188 -11.3141 0.358945357959
-0.4659 -11.2485 0.271906638389
-0.1988 -11.1976 0.524683714251
0.1486 -10.8044 0.32420871364
0.4113 -10.9944 0.755340141923
0.061 -10.3252 1.44721831456
0.5164 -11.6989 8.60274412499
8.2722 -15.4211 1.36727511862
9.6152 -15.1646 0.528293034215
10.134 -15.0649 0.789416151342
10.8021 -14.6444 1.66852563061
11.0004 -12.9877 8.46419846471
13.5145 -4.9055 8.07145586682
13.7095 3.1636 0.210729067762
13.9202 3.1671 0.815749422311
14.6656 2.8357 0.0915398273977
14.6983 2.9212 1.17712113225
13.5237 2.9982 0.668529505706
14.1684 3.1751 0.370185318456
14.5378 3.1992 0.776523489664
15.169 2.7469 0.448329845092
15.5396 2.9992 1.58562296275
16.7983 2.0349 4.17581046026
20.8997 2.8197 0.661901752528
20.9964 2.1649 0.66782907993
20.3596 1.9637 1.94852235553
22.15 1.1948 1.66230342597
23.7872 0.907 1.23164427088
23.6792 -0.3199 7.96976376626
24.7632 -8.2156 0.905809130005
24.9665 -9.0983 1.26344610095
23.7043 -9.1544 0.744576174746
24.4441 -9.0702 5.04182359172
25.3449 -14.0309 2.27212566774
23.5337 -15.4028 1.34061422117
24.1572 -14.216 0.212207304304
24.2735 -14.3935 1.22213921056
2.7423 -23.8244 8.62499603768
-22.1846 29.8988 21.1922526226
-43.2465 27.5519 5.40082310486
-28.8422 -1.5178 21.7618798455
-14.4602 -17.8499 1.4943710115
-13.1396 -17.1505 1.98467098785
-11.1958 -16.7498 2.39194163181
-8.8044 -16.6989 2.43005249532
-7.3911 -18.6757 0.544725664899
-6.9484 -18.9931 2.22798920105
-5.9752 -20.9973 0.700521041797
-6.5445 -20.5891 1.29603227197
-6.1928 -21.8365 0.216565971473
-6.2847 -22.0326 1.65533156195
-6.725 -20.4369 18.1371625413
-8.8698 -2.427 0.187488666324
-8.9058 -2.243 9.92012677842
-2.2909 5.1497 1.16676803607
-1.8538 4.0679 16.2971666083
-4.3199 -12.0416 1.07763074381
-3.5308 -12.7755 14.8019044214
5.9327 -24.157 11.7595843889
-2.0249 -15.4988 9.83550138834
-4.9515 -6.1088 0.544158524697
-4.5256 -6.4475 1.91361532707
-3.0987 -7.7226 10.356543799
-12.4652 -12.1415 0.2887056979
-12.2999 -11.9048 7.88594576953
-6.6241 -6.43 9.06899892711
-9.2368 -15.1145 0.754325791684
-9.4882 -14.4033 8.78840482511
-7.9966 -5.7424 0.182796307403
-7.9234 -5.5749 1.51176732667
-7.6672 -7.0648 16.3912774151
-6.0003 -23.3711 0.646281927645
-5.3791 -23.1928 8.52915408525
3.0139 -21.6749 1.34478874549
3.6753 -20.504 0.651348700774
4.2316 -20.8428 10.1991319258
8.3736 -30.163 1.01360761639
9.2874 -30.6016 1.2326249389
8.1356 -30.1626 12.0738526664
-3.3569 -26.4612 0.597675664554
-3.7045 -26.9474 3.68829493398
-0.1281 -26.0458 2.25179512612
2.0867 -25.6393 2.83750538325
4.0843 -23.6241 1.00929252945
5.0922 -23.5711 3.16206750244
8.2355 -23.2271 1.74946922808
9.6788 -24.2158 6.96384398231
11.7938 -30.8507 3.17449026617
14.2215 -32.8961 0.648905794395
14.8112 -33.1669 0.320890526504
15.0615 -33.3677 0.683188890425
15.741 -33.2968 0.43220562236
16.1727 -33.3177 0.154762075458
16.3228 -33.3554 0.186573577979
16.5091 -33.3655 0.0202022275999
16.5088 -33.3857 0.14703758023
16.6519 -33.4195 0.517389949651
17.1113 -33.6575 0.786222322247
16.4036 -34.0 7.41091051963
18.9459 -27.0388 5.39208796108
21.2842 -31.8975 0.808083764222
22.0193 -32.2331 1.10667612697
23.0287 -32.6868 0.626326632038
23.3108 -33.246 0.951026897622
22.7312 -34.0 5.16852782328
26.0793 -30.0625 2.53169455701
27.248 -32.3083 0.880480096311
28.1278 -32.2737 0.413709668729
28.539 -32.3192 1.49179865263
29.7369 -33.2083 1.16096232928
30.8742 -33.4415 1.0434176393
31.9116 -33.3296 0.823820933213
32.5714 -32.8363 1.68701382626
31.35 -34.0 10.8035074217
21.247 -30.1731 13.1557051632
22.8285 -17.1128 1.04353641527
21.812 -16.8768 1.02331180976
22.4911 -16.1113 2.14799609171
24.2422 -14.8673 1.55837827564
25.7976 -14.9636 0.88452376452
26.6801 -14.9038 1.87480610464
28.4504 -15.521 0.826406588793
29.2145 -15.8358 0.250623103484
28.9832 -15.7393 5.66978271982
30.0172 -21.314 5.11372224999
34.3394 -24.0469 2.70527844223
36.8903 -24.9477 0.966395141751
37.8542 -25.0171 1.84981889114
39.5319 -25.7963 0.569477831
40.0999 -25.8373 0.121402553515
40.1662 -25.7356 0.0227741081055
40.1607 -25.7577 1.28287377399
39.3591 -26.7593 0.40406862041
39.2699 -26.3652 0.279704433286
39.3503 -26.0973 1.2617261351
40.4893 -26.6401 0.731434378465
40.3633 -25.9196 3.30581074625
43.5696 -26.7246 1.82936660623
44.6129 -25.2219 3.46534050852
47.1707 -27.5599 0.194520770099
47.2734 -27.3947 0.68669214354
47.0807 -26.7356 0.491413329083
46.6542 -26.4915 7.51681677973
46.3007 -34.0 8.06637390219
49.17 -26.4612 1.36104179583
48.4571 -25.3018 9.478085917
48.7939 -15.8297 4.87875534332
47.391 -20.5024 0.419007446235
47.365 -20.0842 7.55819495448
46.1574 -12.6231 1.00083238357
45.2999 -13.1392 1.05013501037
45.8104 -12.2215 6.49942190737
47.7032 -6.0038 1.20958161362
48.862 -6.3506 0.566918689055
49.0568 -5.8182 19.39503167
36.0 -20.16 17.5721413664
19.1178 -25.0356 6.45895386266
12.9918 -22.9886 0.992310767855
13.1603 -23.9665 1.17131354043
12.6849 -22.896 13.8940032316
8.5691 -9.6256 3.62259940098
5.6902 -11.8245 3.96464345055
2.6115 -14.3225 3.06746009591
-0.4435 -14.0463 2.83378837954
-2.9598 -15.3496 11.9134866945
-1.2007 -27.1325 1.22317086705
-1.9028 -28.1341 0.888626833941
-2.089 -27.2652 14.7918666047
-3.5684 -12.5475 0.5859312673
-3.0816 -12.2214 0.817487333235
-2.7511 -11.4737 1.00274471327
-2.9911 -12.4473 14.6000896576
-6.2335 -26.6828 1.0939405514
-6.7067 -27.6691 3.51097521638
-9.7031 -29.499 2.9029683722
-12.2292 -30.9294 2.7219680619
-14.575 -32.3101 3.12450461033
-17.6791 -32.6666 3.52142634738
-21.1527 -33.245 8.65214382278
-29.7899 -32.7367 14.0071019022
-43.797 -32.744 4.70207248881
-47.227 -29.5277 3.67491150642
-42.0816 -8.7498 19.223751341
-23.3845 -4.2809 1.3824862314
-22.7218 -5.4942 19.4031923662
-12.588 -22.0408 0.698111917962
-12.1592 -21.4899 1.9097681142
-10.6124 -20.3698 2.51263367207
-8.2135 -21.1172 1.47493517146
-6.8835 -20.4796 2.0411738216
-4.8836 -20.0712 3.48010655728
-1.4698 -19.3951 4.71862777193
3.1116 -20.5248 2.62203490823
5.6331 -21.2439 1.20223552601
6.8186 -21.044 0.674095126818
7.3904 -20.687 0.743057279084
8.1318 -20.6374 1.44022812429
9.5339 -20.3082 0.166165730522
9.5202 -20.4738 0.832019434869
10.3497 -20.4091 0.310151994996
10.6596 -20.3966 0.218075973
10.7348 -20.1919 0.384233587808
10.8015 -20.5703 0.505772488378
11.307 -20.5869 0.923522311588
12.1959 -20.8374 1.23467566996
13.3904 -21.1498 1.17381107935
12.3678 -21.7261 15.6786720831
-2.5545 -26.5371 0.933643036712
-2.8681 -25.6577 9.12499403287
-1.3398 -16.6616 0.406524783992
-1.4914 -17.0388 9.21686294408
-0.2936 -26.1775 0.572134826767
0.2729 -26.0974 1.33000242481
1.589 -25.9056 1.03851095324
0.7258 -25.3282 0.479852696147
1.1977 -25.4152 2.67497038675
3.4153 -26.9111 9.9864252443
12.5507 -30.9451 0.735096000533
13.2689 -31.1018 0.759270129796
13.9916 -31.3346 0.411329551576
14.2768 -31.631 1.92178784469
15.3902 -33.1974 1.78542270905
14.9319 -31.4718 4.78001343304
19.569 -30.3117 0.394296500111
19.7568 -30.6584 1.15865836639
20.8832 -30.9299 2.50310053534
21.8155 -33.2529 0.615043356195
22.4303 -33.2356 1.32204838036
23.7517 -33.277 1.13424675446
24.8778 -33.4127 0.515960327932
25.1837 -33.8282 1.52651125446
23.6907 -33.5101 0.406756143162
23.2991 -33.4001 0.986173580056
24.2754 -33.5393 0.946264682845
23.3528 -33.329 0.39760529423
23.0554 -33.0651 1.3064741291
24.345 -33.2744 1.09904826555
23.2897 -32.9674 0.199517342605
23.1731 -33.1293 0.146362631843
23.0392 -33.0702 0.652521945991
23.12 -33.7177 0.911207029165
23.4367 -32.8633 2.0203438742
21.4506 -32.4929 9.89268908336
23.9425 -22.9192 3.32088638318
27.2031 -23.5491 0.925839564936
26.3892 -23.1078 0.15907812546
26.3319 -22.9594 0.353120999092
26.6007 -23.1884 3.91905717488
29.1712 -26.1467 7.3110733993
34.7116 -30.917 0.660689488338
35.3088 -31.1996 0.517965288412
35.7728 -31.4298 1.18909623244
36.8557 -31.921 0.72365730149
37.5732 -32.0152 1.03609420421
38.5116 -32.4544 0.458103972914
38.8246 -32.7889 0.646779483286
39.3865 -33.1092 0.251550332936
39.6316 -33.1658 0.615064882756
40.0996 -33.5649 0.674580654926
39.6941 -33.0258 9.97693291247
32.9688 -25.6563 2.41513450764
33.7851 -23.3833 20.1568499746
49.7001 -22.5769 1.56248103028
51.0372 -23.3853 7.68949678783
45.6518 -17.8966 2.89458940957
46.8669 -20.5238 0.775110740475
46.9254 -19.7509 3.3540313311
45.1385 -16.9125 22.6041289702
26.6382 -3.9246 0.237051260279
26.7921 -4.1049 1.04613612881
26.1077 -3.3137 1.37137038761
25.5452 -4.5644 24.7213482118
14.8906 -26.8719 3.18983084818
11.7016 -26.9447 4.87311424143
6.8311 -27.1043 3.37540794127
3.472 -27.4357 14.9455704331
-6.8751 -16.6511 0.902563975572
-7.4989 -15.9988 0.786257426038
-7.2882 -16.7563 12.6902747717
-1.6005 -28.1006 5.29762854492
-1.8733 -22.81 0.204005416595
-1.8408 -23.0114 6.73603170569
-4.4103 -29.2381 3.89917224549
-7.6369 -31.4273 4.02172016058
-8.4116 -27.4809 8.2605469486
-3.5874 -20.7754 12.2365003269
-5.2719 -8.6554 2.07941293638
-6.4565 -6.9464 0.918654429043
-5.5379 -6.9364 2.7321711696
-8.2382 -6.5203 6.17022896901
-14.3659 -5.7971 0.878803487704
-15.2313 -5.6442 0.102823538161
-15.2495 -5.543 0.0496009072498
-15.2991 -5.5433 1.14384174168
-14.1558 -5.5785 0.77167143915
-14.7942 -5.145 0.428903392386
-21.0385 -9.5723 0.36041677264
-21.3937 -9.6334 2.02900982008
-19.4264 -10.13 0.564492453448
-18.9137 -10.3662 1.06365972472
-17.9938 -10.9002 0.881989954591
-17.113 -10.946 16.8596418473
-4.7211 -22.3779 0.71935193056
-4.2463 -22.9183 1.24328921816
-4.7865 -21.7985 3.09510349585
-6.0202 -18.9599 1.25738554151
-6.3046 -17.7351 0.27239148298
-6.1462 -17.9567 0.824679361934
-6.5884 -18.6528 0.222941001164
-6.3671 -18.6798 0.894016755995
-6.1935 -17.8028 14.3885330055
-12.1509 -4.7055 0.812805967006
-11.3384 -4.7278 5.98178746028
-5.4465 -5.7609 0.414005567595
-5.8471 -5.8654 9.55831567171
-13.4569 -11.6492 0.61054536277
-14.0669 -11.675 0.362633106597
-13.7043 -11.6799 0.342115842954
-13.3733 -11.5934 2.59045788424
-11.842 -13.6828 0.432681984834
-11.4557 -13.8777 1.88138167313
-10.3039 -15.3653 0.694514765862
-9.6465 -15.5893 1.57390679521
-8.0797 -15.4399 0.857612715624
-8.3171 -14.6158 1.12128242651
-7.7683 -15.5936 21.3697934777
6.8849 -31.1484 2.461094602
9.1699 -30.2342 0.437327817547
4.107 -34.0 5.40343136627
3.1188 -28.6877 0.358984247565
2.76 -28.6762 0.222491100946
2.6295 -28.496 0.268846498954
2.5215 -28.2498 10.0946897852
-7.3754 -30.2383 0.430263965491
-6.9666 -30.3725 2.0584207636
-7.0664 -32.4285 0.375235872486
-7.1014 -32.8021 1.12710496849
-6.7183 -31.7421 8.28233305597
-1.1245 -25.6342 14.6284794288
-4.2513 -11.3438 9.24961915324
-12.7991 -7.8096 1.39018138745
-11.4314 -8.0586 0.157143055844
-11.5859 -8.0873 1.45842414955
-13.0293 -8.2961 0.93065736982
-12.6276 -7.4566 19.6241662623
-8.5141 11.7316 0.372621765333
-8.8248 11.9373 1.29445220074
-9.0003 10.6548 0.581481177683
-9.4613 11.0092 14.9735216626
-13.407 25.4535 9.23300245478
-21.4003 30.0747 3.94502208359
-25.2985 30.6807 13.5472876713
-38.8442 30.4733 49.3709822318
0.0 0.0 9.17039063508
9.1598 0.4406 4.96367617094
4.361 1.7093 1.83844825872
2.5362 1.4857 11.5293850192
6.0758 12.4583 1.07612659571
5.2505 13.1489 27.2031756832
-15.3185 30.9514 2.90405210869
-18.0053 32.0535 5.96096830054
-23.9575 31.7303 13.2332177602
-37.17 30.9901 10.3404946231
-46.3232 26.1792 3.88512437896
-48.7122 23.1154 2.81586199946
-51.0944 21.614 1.60558992585
-51.4443 20.047 1.12578372701
-51.0759 21.1108 1.86187677627
-50.0771 19.5395 2.61093174365
-44.7579 2.3621 3.53191553834
-41.3698 3.3597 0.869674749547
0.0 0.0 8.62954529045
-4.1746 -7.5526 1.36989755091
-3.8043 -8.8715 0.461860595851
-3.9228 -8.4251 16.7907410509
-1.3978 8.1747 15.4243543405
6.1613 21.6198 0.203822103806
5.9602 21.5866 0.52079802227
5.4415 21.5399 15.0056553212
-7.7284 14.348 1.00269496857
-7.1158 13.5542 0.978311709017
-7.347 14.5048 13.4800605314
-8.2347 27.9556 1.40340971209
-8.6998 29.2797 1.39954428297
-9.0326 27.9203 0.208007812353
-8.9287 28.1005 0.812164817017
-9.3999 28.762 1.7175708457
-7.683 28.81 13.4307094824
-3.8408 15.9406 0.991574813113
-3.0443 16.5312 1.26660100268
-3.7852 15.5039 13.0641665731
-12.6809 5.9363 11.3803527032
-4.8358 14.1805 0.324362836959
-4.6085 13.9491 9.24523743394
-10.2996 6.6631 8.51313027329
-4.7733 13.1387 0.564999584071
-4.3886 12.7249 0.985779676195
-3.4652 12.3798 1.07988627642
-2.4406 12.0387 0.97239256476
-2.1959 12.9798 7.02566790135
-9.0784 14.3909 1.13775014832
-8.578 15.4127 26.3350866475
11.4328 32.533 0.910768258121
12.3419 32.5881 2.42603341486
14.7661 32.4938 4.11350770146
18.8292 31.8518 8.46412211927
27.1474 30.2869 5.07402593805
31.9515 28.654 8.71953841726
40.404 26.5126 0.86054838911
40.2207 27.3534 0.680828355755
40.0294 26.7 2.26368427569
42.0439 25.6675 0.629202431655
42.1862 26.2804 0.851557267599
43.0349 26.3501 0.713683886605
43.7484 26.3339 0.881599438521
44.1543 27.1165 0.385420562503
43.9294 26.8035 0.934943083829
44.8478 26.9786 0.826801959359
44.021 26.9804 0.581262143959
43.4568 26.8406 1.12395928752
42.848 25.8958 4.22026316715
41.2214 22.0016 0.354299421394
41.1296 21.6594 0.44507290414
40.8213 21.3384 1.15222066029
40.3994 20.2662 0.526583792003
28.2128 34.0 5.34163082401
24.4913 30.1681 6.31653334116
27.2282 24.4753 0.227129918769
27.0794 24.6469 3.2936538449
27.5335 27.9091 2.93160160493
26.5289 25.155 5.42142450376
21.1075 25.1713 2.13254054123
23.1721 25.7053 0.539944015616
22.7048 25.9758 14.892672051
8.3067 29.7819 1.18385541769
7.1393 29.5852 3.99503629646
4.1519 26.9327 3.66958885572
0.5793 26.0946 5.1268917884
-4.4872 25.31 3.83607888996
-7.7355 23.2694 0.914117722178
-7.305 22.463 13.8115542594
-3.5791 9.1635 0.258817348723
-3.525 8.9104 5.5962787368
-3.2843 3.3193 2.28501121441
-5.0383 1.8548 2.01153282101
-6.6298 0.6246 1.0024325314
-5.8471 1.2509 0.985372584356
-6.8119 1.0506 1.4142367164
-7.0169 -0.3487 1.22201054414
-6.0445 0.3914 1.73897221657
-7.7244 0.8408 7.97143311896
-6.6203 8.7354 1.11990761226
-6.8078 9.8395 15.0978334671
-10.2096 24.5491 8.40748695212
-15.8159 30.8145 3.75302752055
-19.5333 30.2986 2.87404853995
-21.6007 32.2951 2.96527827531
-24.5565 32.532 2.79091686906
-27.3166 32.9456 2.78188714724
-30.0967 32.8459 2.86920853895
-32.9659 32.8389 2.74200606309
-35.6461 32.26 2.81229890481
-38.2609 31.2247 3.05443454996
-40.5528 29.2056 2.6350300188
-43.084 28.4732 4.6934775604
-47.5259 26.9572 3.65386825844
-49.3749 23.8057 14.7985919104
-34.5767 23.9134 0.455022252203
-34.7581 24.3307 0.672088803656
-35.2937 24.7367 0.474896757201
-35.7234 24.5345 0.668981352505
-36.1828 24.0482 1.06202961352
-35.5305 23.2101 2.64938643652
-37.9073 24.3806 4.75753811651
-42.655 24.0748 6.28192119419
-48.4825 21.729 3.51168040829
-51.2148 19.523 0.303231429769
-50.9977 19.3113 0.610899287935
-51.459 19.7118 0.186468656884
-51.635 19.6502 0.681805324121
-51.0471 19.9955 5.02023723145
-46.8656 17.2174 0.680036660776
-47.0551 17.8705 1.75294177028
-47.4917 16.1728 17.2980093863
-48.9117 22.3435 8.08937530654
-42.1588 17.8897 6.2844683729
-38.5755 12.7269 23.6832811903
-18.5742 0.0444 1.02446974577
-18.4841 1.0649 1.20153329542
-17.549 0.3104 21.7141003267
-8.9008 -19.6072 5.08417593126
-3.9835 -20.8991 6.70103094307
2.3376 -18.6748 3.29274621251
5.5477 -19.4079 0.569405057933
6.1171 -19.4055 0.321900139795
6.439 -19.4052 0.762045202071
7.201 -19.3969 1.85707238685
8.8421 -20.2661 0.341817378142
9.1015 -20.4887 1.94763002647
8.4471 -22.3231 1.4985634788
9.8776 -21.8766 0.488825173247
10.301 -22.1209 0.606786230892
10.6157 -22.6397 0.478242208509
10.6762 -22.1653 0.372285387841
10.9591 -21.9233 0.87810127548
10.9779 -22.8012 0.977736104478
11.2409 -23.7429 1.52495278615
11.3097 -25.2663 0.984123457702
12.2604 -25.5206 8.64174636286
13.9276 -34.0 7.28251008993
16.8881 -27.3464 5.36089453823
20.8856 -30.9184 2.86757398858
22.7709 -33.0791 0.525050188077
23.2486 -33.297 0.401732871446
23.6437 -33.3697 0.242016239125
23.8856 -33.3622 0.3312017663
24.215 -33.3967 0.582097242735
24.7928 -33.4673 0.375559955267
25.16 -33.5461 0.336140565835
47.0 -9.16 18.8977438381
38.6784 -26.1269 0.605451971671
39.2764 -26.0322 0.790549536715
39.4655 -25.2646 1.44611315256
38.0245 -25.3861 21.8082282721
16.5916 -29.4147 1.16822565029
15.4302 -29.5408 6.0190872107
9.4144 -29.7397 4.51233958164
4.9021 -29.7586 2.28321675274
3.4856 -31.5493 4.54479157938
-0.9589 -30.5998 0.0950507759043
-0.925 -30.6886 4.15030253476
-5.0522 -30.2513 1.34920267195
-4.0798 -29.316 7.46687774173
0.6638 -23.5495 0.348159690372
0.9889 -23.4249 1.45148302091
-0.2697 -24.1479 8.65856115125
-7.9758 -28.0959 0.227998004377
-7.748 -28.0864 6.46539565688
-3.3818 -23.318 1.13952689306
-2.7895 -22.3445 14.4356918175
-4.863 -8.0585 2.69854563237
-6.7312 -6.1112 7.1271914258
-13.8583 -6.1473 1.72086114489
-15.5771 -6.0631 30.151568533
-34.1997 -29.7763 15.3047544541
-49.421 -28.1802 0.916327588802
-49.1212 -21.9633 0.627400071725
-49.2671 -21.3531 0.495817516835
-49.1122 -20.8821 0.695407571141
-48.5209 -20.5161 0.752818968943
-49.2723 -20.4699 0.448733027534
-48.8825 -20.2476 0.179677767128
-48.9228 -20.0725 0.681236713632
-49.3843 -20.5736 0.372115922798
-49.7248 -20.4235 0.854975935334
-48.8791 -20.2979 0.628147450843
-49.4932 -20.1658 0.165115353617
-49.5034 -20.3306 0.540361480863
-49.0541 -20.0304 0.718678342515
-49.7725 -20.0104 3.15826277089
-46.7358 -19.1426 4.56916799647
-42.2795 -18.1333 4.40800935798
-37.889 -17.7408 10.1429515704
-31.1606 -10.1508 0.446405701128
-30.7153 -10.1194 15.5187891361
-29.8989 5.3779 0.32801099067
-29.5825 5.2914 1.35009583364
-28.3451 5.8314 20.0539171169
-15.0009 20.8011 3.16525974448
-11.8539 20.4616 1.44076932574
-10.4382 20.194 0.794171795017
-9.6654 20.377 0.482632209866
-9.2593 20.6378 2.36799338682
-7.9715 22.625 1.22022847041
-6.9781 23.3336 3.86921413209
-4.7411 26.4906 3.76828567919
-0.9731 26.4442 1.45818177193
0.2657 25.675 0.711307141817
0.942 25.4546 0.261043080736
1.195 25.5189 0.187261795356
1.3767 25.5642 1.04500787078
2.2439 24.9811 2.85156918205
11.4325 29.9276 2.8905237899
9.2958 31.8743 0.98386273941
8.5353 31.2501 7.86943386147
1.5702 27.5874 0.746577055635
0.8573 27.3657 1.01588631254
-0.1347 27.1467 2.61446645609
-2.6574 26.4601 1.01189675857
-2.3223 27.4149 0.820452417877
-2.8027 26.7498 6.30189882258
-0.0968 21.0584 8.54981509157
1.0953 12.5921 0.96753400457
-0.8116 5.6248 1.5096698447
-0.7064 7.1308 10.9982131917
-11.7043 7.2138 10.6439074301
-1.1436 5.8855 0.300962622264
-1.4211 5.769 0.718902010012
-0.7022 5.7707 16.6761155864
-10.7261 19.0979 1.67857797257
-9.051 19.2059 0.479490667271
-8.6841 18.8972 0.32172994887
-8.3971 19.0426 9.64955065897
-1.9465 11.866 0.569089167003
-1.9147 12.4342 1.28356535089
-2.8047 11.5093 10.0209772318
-10.1359 4.6775 1.20448714813
-10.6099 3.5702 1.70647623482
-9.0044 4.1485 2.19914761897
-6.8424 3.746 1.643544575
-7.729 5.1299 6.30555676209
-11.5978 10.1091 3.03063358722
-8.5693 9.9954 1.63125029655
-6.9466 9.8286 1.4518995282
-5.5284 10.1396 1.30108864033
-4.5518 10.9993 4.74750097736
-2.6066 15.33 1.45207455043
-2.1279 16.7009 0.665282331044
-2.7596 16.4922 6.82342028604
-8.1542 12.314 10.2709135158
-13.2329 3.3866 0.489131403613
-12.8132 3.6378 1.94415505812
-10.894 3.9483 0.527005161265
-10.4052 3.7513 0.29839550935
-10.137 3.6205 0.37968235408
-9.7733 3.7295 1.6892985349
-8.6858 2.4368 0.241047484949
-8.63 2.2023 1.46106974851
-7.408 1.4014 2.12879257092
-6.239 -0.3777 10.1769540689
-2.5264 -9.8533 0.972596123784
-2.0835 -10.7192 19.0925391829
6.1183 -27.9603 4.72708286579
9.0412 -31.6754 2.2289848205
11.0149 -32.7112 0.369572144513
11.3535 -32.8593 0.201167517259
11.5009 -32.9962 0.202804388513
11.692 -33.0641 0.176481302126
11.7177 -33.2387 0.190463986097
11.537 -33.2989 0.137310196271
11.5425 -33.4361 0.693165961369
12.0853 -33.8672 1.31125042612
10.8611 -33.3974 1.26237349861
11.5918 -32.368 8.91163056909
3.9006 -27.8666 13.6417435088
-7.548 -20.4486 0.178994329519
-7.3741 -20.4062 0.550661729195
-7.8138 -20.0747 0.972724858323
-7.592 -19.1276 1.13290194633
-7.4289 -20.2487 8.09212735688
-5.5585 -28.1217 0.526912070463
-6.0813 -28.056 1.15396031561
-4.9617 -27.7765 14.032862766
1.1604 -15.1495 0.593138786457
1.0913 -14.5604 2.75758779008
3.8324 -14.8615 1.3331014365
2.5094 -14.6977 1.80688238134
3.0589 -16.419 4.32376645068
0.3545 -13.0454 0.21794386892
0.1377 -13.0231 0.2188512737
0.3215 -13.1419 0.739611932029
0.0285 -12.4628 12.2914386367
-9.3605 -4.5302 0.871672604824
-8.9252 -3.775 1.27066005682
-8.6509 -5.0157 17.2618350786
-6.5361 -22.1475 1.6342175406
-4.902 -22.1671 1.40363311802
-6.1228 -21.4744 5.73771345572
-10.4807 -17.7421 0.445878021436
-10.3043 -18.1516 0.422150731374
-9.8883 -18.2234 0.401747893585
-9.4867 -18.2343 0.34723643242
-9.1532 -18.1376 0.13279898343
-9.2798 -18.1777 0.833505398903
-9.1791 -19.0051 2.0351943519
-7.3133 -18.1922 0.666759604355
-7.9134 -17.9016 1.12395941653
-7.1148 -18.6925 0.398423606228
-7.4784 -18.5296 1.80442674553
-5.9266 -19.4504 8.74361525686
-9.4836 -27.4378 0.752240021536
-9.252 -26.7221 9.54191956841
-6.0181 -17.7449 0.488628857109
-6.2627 -17.3219 2.37706385484
-4.3478 -18.7303 12.4778852183
3.3806 -28.5267 0.322443731525
3.067 -28.6017 5.65562001906
-2.5856 -28.7865 8.98676662655
-7.4432 -21.2257 0.792054139564
-6.7032 -21.5081 1.51985960207
-5.2332 -21.8942 8.56712758047
-6.1239 -30.4149 0.834430206788
-5.2895 -30.4078 8.7518653486
-6.6157 -21.757 0.113180254462
-6.5941 -21.6459 1.84332376429
-4.9268 -22.432 1.63094532404
-6.4745 -22.9464 0.898770104087
-6.7986 -22.1081 1.23693334097
-6.0789 -23.1141 7.02815033561
-2.9606 -29.4126 1.25870840547
-2.0523 -30.284 0.397380032211
-2.2906 -29.966 0.33993308165
-2.1587 -30.2793 1.37314537104
-3.1901 -31.1858 0.715808472987
-3.698 -30.6814 1.78797450765
-1.9852 -30.1684 11.8760297895
-7.2132 -19.505 6.78946629125
-8.1916 -12.7864 0.772546956502
-8.3164 -12.024 1.0902056916
-8.2503 -13.1122 5.272480146
-8.0886 -18.3822 8.35563278274
-10.3578 -26.4238 1.46926970295
-9.0389 -27.0713 0.473226415155
-8.6721 -26.7723 18.2800584665
-25.4626 -34.0 11.5565606389
-24.1208 -22.5216 2.88550013862
-21.2372 -22.6263 0.417592684323
-20.8298 -22.718 0.491228551695
-20.4643 -22.3898 0.327736540532
-20.5475 -22.7068 0.232246851432
-20.7473 -22.5884 2.98925053651
-17.8634 -21.8018 1.21564640007
-16.6745 -21.5482 0.368714523717
-16.3109 -21.487 1.04087386364
-15.4857 -22.1214 0.491450557025
-15.5463 -22.6091 0.245900183001
-15.3324 -22.4878 1.77440545536
-14.2028 -23.8562 1.97188621376
-13.456 -22.0312 0.401691237146
-13.1023 -21.8408 0.655785574712
-12.7427 -21.2924 0.908099300738
-11.8774 -21.5679 0.389854293294
-11.6153 -21.2793 0.65968520523
-10.9889 -21.0724 0.317604313573
-10.6968 -20.9477 1.19006976686
-9.5406 -20.6658 3.36041636111
-11.747 -18.1312 0.633725050791
-11.1732 -18.4002 1.90643042884
-9.2669 -18.3779 0.63636029103
-9.073 -17.7718 0.279486046163
-8.8103 -17.6764 3.17195446689
-6.3828 -15.6347 1.53046472027
-5.3827 -14.4762 1.3565752246
-4.3252 -13.6265 9.14133457653
2.5126 -19.6935 0.674414294036
3.1068 -19.3745 0.687683626386
2.5202 -19.0156 1.01176369771
2.7585 -19.9989 0.864217108139
2.541 -19.1625 2.46140375599
4.5863 -20.5319 2.53111966726
6.3672 -22.3305 0.554020080864
6.9207 -22.3065 0.444705396864
7.3542 -22.2073 0.523079850501
7.7144 -21.828 1.39374943229
6.9086 -22.9652 9.69477574986
-1.2092 -28.2652 0.663292755878
-0.7444 -28.7384 13.7454711949
12.639 -31.8725 0.724870119401
13.3428 -32.046 2.37714545201
15.5925 -32.8139 0.338479615339
15.9304 -32.8337 1.87610870687
17.7226 -33.3885 3.94611263144
21.5469 -32.4156 3.06233851819
24.5787 -32.847 3.17943663249
27.7184 -33.3481 1.62370380612
29.333 -33.1764 1.95502248836
31.2797 -33.3566 0.720300694155
32.0 -33.3556 0.733524750775
32.7116 -33.5336 0.0504905931833
32.7225 -33.5829 1.00214414632
31.9815 -34.0 6.05820600838
26.8435 -30.7902 1.18018212154
26.5465 -31.9324 0.734483117573
25.9689 -31.4787 1.49785522999
27.4391 -31.7652 0.172263431987
27.5476 -31.6314 1.39739649348
26.1716 -31.3878 14.1254828512
12.1079 -30.0681 1.1283055127
11.1046 -30.5843 3.94022123237
7.1726 -30.8387 3.07066002677
4.4156 -32.1907 2.87138646128
1.6026 -31.6146 5.5280249719
-3.9246 -31.7101 3.84040641729
-7.4469 -33.2405 4.47261522266
-9.0636 -29.0703 2.34568960436
-11.349 -28.5419 3.40663233414
-10.9121 -31.9204 0.257719925501
-10.8881 -32.177 0.0910169764385
-10.8361 -32.1023 0.612116304308
-11.3855 -32.3722 1.21999657786
-11.4074 -31.1524 9.00815201304
-7.7936 -22.9009 0.196797281485
-7.8745 -23.0803 9.9139279491
-13.7562 -31.061 0.675542781769
-13.0956 -31.2023 1.96302915414
-15.0151 -31.6134 1.11520073978
-14.0856 -30.9972 8.26771081376
-9.3147 -24.2449 0.721094307286
-9.9907 -24.4959 1.30034245105
-8.9 -23.7879 0.234730164231
-9.134 -23.8064 14.0986944431
0.6058 -34.0 5.24230460103
-3.209 -30.4043 2.75425443995
-5.8264 -31.2617 2.52840892658
-7.2317 -29.1598 1.75070854799
-8.9318 -28.7419 0.515990939843
-9.2387 -29.1567 0.902189658553
-10.127 -28.999 4.84219465222
-14.5898 -30.8779 1.40650648772
-15.9279 -31.3112 2.85443590925
-18.7523 -31.7242 2.90946236442
-21.6441 -32.0443 2.90164964115
-24.5411 -31.8801 16.3808444624
-40.912 -31.3094 11.2397301293
-50.5917 -25.5967 0.824376885896
-50.329 -24.8153 12.3610022539
-49.0304 -12.5227 0.374485460332
-48.7648 -12.2587 1.735962586
-48.6247 -13.989 6.15281369944
-49.2486 -20.1101 2.03534252646
-47.0 -9.16 13.9786763565
-45.6862 -23.0768 1.00747352323
-44.7205 -23.3639 26.7115284973
-18.319 -27.4218 1.53377388816
-17.9975 -28.9215 8.02783223604
-10.2096 -26.9735 4.66146141248
-5.6051 -26.247 0.948117951523
-5.2673 -27.1329 1.09825598564
-5.9087 -26.2414 14.6857162256
-10.9292 -12.4405 1.06358462757
-10.6847 -11.4054 0.954904497843
-10.5319 -12.348 14.2521536064
-2.3618 -24.0259 0.0609594127268
-2.3017 -24.0157 1.04821536432
-1.806 -24.9393 1.14263486731
-2.502 -24.0331 2.71890229688
-3.5061 -21.5064 10.3153562813
-7.0225 -11.8089 1.01775674893
-7.3749 -10.8541 0.214916960708
-7.3776 -10.6392 1.29833743688
-7.2197 -11.9279 15.4023612842
-7.439 -27.3287 5.6716833145
-3.6089 -31.5118 0.698827374965
-2.934 -31.6931 0.567822965369
-2.3686 -31.6407 0.899241975221
-1.5473 -32.0069 0.821488916541
-0.7271 -32.0529 1.07178722235
-1.4408 -32.8525 0.727266532985
-0.8853 -32.3831 11.0838640627
7.3431 -24.9571 1.81716874836
8.5596 -26.307 1.19584661642
9.7539 -26.2462 1.30447977754
10.6382 -25.2872 6.09262744142
12.4777 -31.0955 0.496920567093
12.9318 -31.2973 1.03421267639
13.9337 -31.5538 1.96640780359
15.3295 -32.9389 0.407344767979
15.6919 -33.1249 0.299070643829
15.8765 -33.3602 0.298313995649
16.1683 -33.2982 0.134076097795
16.3021 -33.2896 0.0527181183276
16.3537 -33.2788 0.14524806367
16.4977 -33.2978 0.510969627277
16.8563 -33.6618 0.296915627746
17.1523 -33.6385 0.0723255141703
17.2216 -33.6592 1.08697165556
16.1349 -33.6835 0.388324451973
16.5197 -33.6313 1.54638221989
15.6926 -32.3247 13.6748922307
9.62 -20.0721 1.40056269049
8.5884 -21.0194 8.58643592767
2.8071 -27.3679 0.830580429579
3.0839 -26.5848 10.2830818775
8.579 -17.8931 11.3177622046
0.3474 -25.6605 2.4954969445
0.8754 -23.2215 5.1678883318
0.3729 -18.0781 0.884970581432
0.8007 -17.3034 10.1791293586
8.6272 -10.7949 0.50061674962
9.124 -10.8566 0.27389700619
9.3874 -10.7815 0.110468683345
9.4976 -10.7892 0.319677540656
9.8158 -10.8199 0.531823166099
10.3056 -10.6127 3.41417950612
13.0229 -12.6798 1.96321222999
13.6654 -14.5349 11.8355085129
18.1514 -25.4873 1.46074685692
19.4501 -26.156 0.622170917032
19.6965 -26.7273 1.89090223174
21.587 -26.6883 1.41153421496
22.8342 -26.0273 0.810641474389
22.4156 -25.3331 1.68748647698
21.1437 -26.4421 3.86597221925
24.8931 -27.3843 2.85902527621
25.5619 -30.164 1.44090619056
26.9495 -29.7757 0.420508501698
27.3171 -29.9799 1.42035435015
27.6853 -31.3517 0.412430842688
28.0789 -31.4749 2.0234263441
29.3848 -33.0205 0.651401941968
29.4708 -33.6662 0.384029295757
29.8539 -33.6395 0.364047606777
30.206 -33.547 0.420981626677
30.6232 -33.6033 0.437207696639
31.0328 -33.4504 0.434281245278
31.45 -33.3298 0.725264007104
31.1728 -34.0 11.7842405177
20.0645 -30.0663 0.836581854931
20.2079 -30.8905 1.24849394472
19.7966 -29.7117 13.1999764049
19.5163 -16.5147 12.8624768287
15.7752 -28.8211 0.804828950772
16.3442 -29.3903 0.340947752596
16.5586 -29.6554 0.827436142551
16.9635 -28.9338 8.48946929142
10.1514 -34.0 14.2578568519
-0.3306 -24.3349 0.796424924271
-0.1877 -25.1184 1.29334455193
-0.6179 -23.8987 17.8401582796
-3.3417 -6.2677 8.38655394128
4.7809 -8.3552 26.595659547
29.5094 1.4341 6.57999378799
35.0357 5.0057 0.659319838925
34.3816 5.0885 1.47710247783
0.0 0.0 5.79743173224
5.7755 -0.5038 4.17005972739
2.3308 1.8464 3.12828507812
0.0165 3.9512 2.88229344793
-2.0739 5.9356 3.13186415574
-4.6542 7.7106 1.00033935242
-4.8983 6.7405 1.03325035204
-5.451 7.6135 21.5914762573
-12.1241 28.1479 4.23917711354
-15.5555 30.6371 3.76315831317
-19.27 30.0339 3.73154585795
-21.9785 32.6007 3.90377251514
-25.8821 32.6374 15.1643191331
-41.0087 31.5685 12.158443694
-51.1746 24.899 3.28363897224
-50.4343 21.6999 3.34659226079
-51.1113 18.4225 0.310746745759
-51.4198 18.4598 0.824749719612
-51.5837 19.2681 0.918177553635
-47.0 9.16 17.3233799035
-40.0502 25.0282 22.785112667
-17.6872 29.3937 0.961075839879
-16.7583 29.6403 4.38574459129
-12.5084 30.7234 7.66440509498
-5.0945 32.6669 1.15872359085
-3.9385 32.7463 1.01289822292
-2.9625 33.0172 0.856965448545
-2.1102 32.9279 0.600408569226
-1.5141 32.8561 2.0473839552
0.1454 31.657 13.2966780833
-6.0609 19.8976 13.3723482164
-6.656 6.5385 0.371618083521
-7.0244 6.4897 1.00437973894
-6.3165 5.7772 1.30535780918
-6.5155 7.0673 21.2764004345
-11.7486 27.6901 1.12658918866
-10.623 27.7373 1.18923435033
-10.4775 26.557 4.20084717646
-9.6553 22.4374 10.3378775946
-4.4607 13.4994 0.551681248548
-3.9963 13.7972 1.76508383087
-3.3505 12.1545 8.77734456257
-11.7039 9.4596 7.29859581358
-4.5313 10.8099 0.208114992252
-4.5497 11.0172 5.3555351572
-9.5778 12.8611 0.968616105586
-8.7382 13.3441 3.05170447455
-5.838 12.3945 1.12170256753
-5.1669 13.2933 0.309144496959
-4.9975 13.0347 1.09247415072
-6.0186 13.4231 0.290690557122
-6.066 13.1363 1.42271713633
-4.7693 13.7217 25.0881636399
13.1048 31.3266 1.01870216452
14.0949 31.5663 6.27703437142
