0.0 0.0 8.31540546035
-2.9406 7.7781 15.1467865783
-1.7472 22.8778 13.0444303042
-4.1222 10.0514 0.352375368038
-4.3876 9.8196 1.04219900211
-4.1616 10.837 12.343036995
-6.8865 22.8755 1.07455409357
-6.201 23.703 1.11127839896
-6.1878 22.5918 8.32123009236
-11.0478 15.8373 0.598554525503
-10.4534 15.7669 0.479016294086
-9.9784 15.705 1.02467846664
-9.2348 16.41 1.30984994942
-10.0828 17.4083 0.789979746576
-9.336 17.1507 9.40929393153
-0.023 15.808 0.894420762281
-6.3077 13.5411 0.717620470723
-6.8092 13.0278 2.29053003691
-6.9923 10.7446 3.04084417391
-9.5483 9.0973 3.03563478699
-12.5467 8.6233 4.06584211449
-16.6098 8.474 5.78964473176
-22.3024 7.4184 4.23523727316
-26.05 5.4454 4.41984754601
-27.6208 1.3141 1.25047756077
-28.0721 0.1479 1.77797162238
-29.3751 -1.0618 2.74788594014
-31.8646 0.1015 0.605773356958
-31.2596 0.0709 1.32124579091
0.0 0.0 7.78114675674
-2.5802 7.3409 0.35284132411
-2.6738 7.0007 1.50253958683
-1.6149 8.0667 0.965378190141
-1.4926 7.1091 16.1106701369
-0.9091 -8.991 7.485783283
-2.4551 -1.6666 15.9620020414
-4.452 14.17 0.940890902284
-3.5207 14.304 0.271070544324
-3.5939 14.043 0.634253466683
-3.7728 14.6515 1.48702452569
-4.2913 13.2578 14.7730509144
-8.5049 -0.9016 0.655651187752
-8.8527 -0.3458 8.66872868245
-14.9063 5.8591 0.496728819377
-15.3019 6.1595 0.687504836347
-14.6188 6.2372 0.239659863139
-14.3931 6.1566 2.35179327748
-14.336 8.5077 29.1833965895
-28.5421 34.0 14.4456402534
-29.0474 19.5632 1.11203217579
-27.9358 19.5322 1.27358282024
-28.388 18.3416 0.727461023011
-29.1103 18.4281 13.7654012847
-29.5201 4.6688 0.367636083648
-29.1603 4.7443 6.99360237717
-32.0113 11.1304 7.4349619804
-31.5575 3.7093 0.616939324407
-32.1702 3.7815 4.25480028673
-31.916 -0.4657 12.6909633527
-34.6129 -12.8668 2.48594573754
-33.2318 -10.7998 9.2694118287
-27.6372 -3.4091 1.12851824974
-26.7692 -4.1303 0.91156806109
-27.5944 -3.743 1.15171907165
-27.9255 -4.8461 1.69097316655
-29.2539 -3.7998 14.9540017928
-28.423 11.1311 1.27182352943
-27.154 11.0464 13.5347996428
-29.1224 -2.3445 13.0728584407
-27.999 -15.369 0.683173330861
-27.6902 -14.7596 0.997827084219
-27.3669 -15.7036 0.291705759285
-27.116 -15.8524 6.24686674822
-21.4361 -18.4528 12.3927875839
-11.7062 -26.1281 0.546328289584
-11.1606 -26.0999 0.501426654656
-10.7421 -25.8237 2.75121778491
-8.1958 -26.8656 0.643117936307
-7.5686 -26.7234 3.23571174241
-4.3868 -26.1352 4.02367567903
-0.3634 -26.0881 4.9640122653
4.0687 -28.3237 3.84532208404
6.792 -31.0385 0.591126932224
7.3736 -30.9328 1.10066018825
6.4153 -30.3914 13.9216999781
-4.5725 -21.8426 0.849546119996
-3.7256 -21.9096 12.1578401227
6.7858 -28.0189 0.491379140786
6.5219 -27.6044 11.6478969793
-4.2383 -23.1444 0.0516155984175
-4.2099 -23.1013 5.90707910392
-2.0976 -28.6178 4.8239329701
-1.5783 -23.8219 0.255325772299
-1.4773 -23.5874 0.74968121225
-0.7549 -23.387 0.2909132173
-0.4688 -23.4397 0.834216812346
0.1549 -23.9937 0.576340177326
0.4769 -23.5157 1.90480236508
0.8992 -21.6583 0.800888263118
1.6968 -21.7308 0.539540480409
2.128 -21.4065 1.73486553081
3.328 -20.1536 1.31291371004
3.334 -21.4665 9.48154114266
0.526 -30.5227 0.590194086721
0.7875 -31.0518 1.35447300822
1.7692 -31.985 1.32008855764
2.9728 -32.5272 11.7511502016
14.7219 -32.3077 1.1218877172
15.8372 -32.4291 5.24635668345
21.0654 -32.8652 3.45098320048
24.465 -32.2719 2.83950955272
27.2735 -32.6904 3.18218699168
30.4108 -33.223 3.71533612208
34.1161 -33.4959 0.477484753683
34.5898 -33.4359 0.246936186089
34.8366 -33.4277 0.653080837263
35.4739 -33.285 0.987931622128
36.4614 -33.3142 1.47541948272
37.929 -33.4659 0.482407763205
38.4092 -33.512 0.268723891755
38.6749 -33.5522 1.35729595888
37.6245 -32.6926 7.2637172646
39.6986 -25.7313 0.711039984811
39.5605 -25.0338 20.3284830947
21.3162 -34.0 11.9920031563
12.8153 -25.5417 9.74183730104
15.3711 -16.1411 0.554881329655
14.9759 -16.5306 8.52874162348
12.0137 -24.5284 0.394605638581
12.3357 -24.3003 8.2706824537
12.8333 -16.0446 0.64599383898
13.4723 -15.9498 0.497498512561
13.9697 -15.9399 0.484793089885
14.4544 -15.9494 0.296923997009
14.7413 -16.0259 9.77190630021
8.2108 -23.2952 0.114632150813
8.2635 -23.397 0.674545454362
-9.3785 -15.3167 12.2021598457
-21.5738 -14.9076 6.0320048425
-27.3949 -16.4887 14.269988083
-40.7107 -21.6192 8.20496833937
-48.8706 -20.7604 1.58727239313
-49.7228 -19.4213 2.54495449272
-50.9607 -17.1977 2.73153655842
-51.2313 -14.4796 1.58198318891
-51.0997 -12.9031 1.36209171497
-50.8975 -11.5561 0.748463719896
-51.4812 -11.0876 0.775067119674
-51.7422 -11.8174 0.383574164928
-51.7277 -11.4341 0.927773636185
-48.1504 -5.7944 5.46765566034
-45.8365 -0.8405 0.849037525672
-46.5331 -1.3259 0.538802375644
-45.9943 -1.3243 3.53459159734
-42.9163 0.4133 1.21468272812
-42.87 -0.8005 0.45827216804
-42.5313 -1.1092 0.378584798955
-42.2227 -0.8899 0.0202022275999
-42.2429 -0.8902 3.64623185494
-38.6934 -1.7245 0.592675172417
-38.3203 -1.264 1.43040554389
-38.2592 -2.6931 0.890191046911
-37.7975 -1.932 14.9221372095
-28.6794 9.8803 9.00319975398
-21.8824 15.7844 0.345855822562
-21.7792 15.4543 9.48499647074
-15.1509 22.2389 0.544868653897
-14.6833 21.9592 0.683348490889
-14.0313 21.7546 2.18672423959
-12.0104 20.9193 1.40064729322
-10.8926 21.7633 0.554696980342
-10.3469 21.8628 2.15842415201
-8.19 21.9439 0.63583055919
-7.5745 22.1034 2.74832273396
-4.8901 21.5141 0.923290122334
-3.9669 21.527 3.50542703961
-0.4621 21.5933 3.83432059692
3.3017 20.8613 0.615326978118
3.9169 20.8488 1.30332103873
5.1587 21.2445 1.06379250796
6.1672 21.583 0.458550280776
6.5892 21.7624 0.776384904542
7.0978 22.349 1.64080687773
8.3714 21.3145 1.99964033016
10.0366 20.2074 0.747093099955
10.7337 20.4761 0.594721186776
10.3257 20.9088 0.873646982482
11.0424 21.4084 0.209904025688
11.2111 21.5333 0.247272845254
11.1242 21.7648 0.241413545602
11.3601 21.7135 1.75786051779
12.1089 20.1231 0.386331580381
12.4486 20.3071 1.32071884215
12.7541 21.592 0.335668884468
13.0897 21.5852 0.255252972559
13.3445 21.57 1.54810288095
13.9698 20.1538 3.14747196493
17.0917 19.7534 0.353564704121
17.3941 19.9366 0.431865002055
17.8248 19.9683 0.525886014265
18.2725 20.2442 0.0756904881739
18.3352 20.2018 0.270403883108
18.6051 20.2183 0.100530244205
18.7043 20.2346 0.0721932129774
18.7762 20.2411 0.815356222764
19.2186 20.926 0.563461027934
19.7443 20.7232 1.05059732058
20.449 19.944 1.2614604433
21.3328 20.8441 0.45827516843
21.741 20.6358 0.411045897681
22.0238 20.3375 0.185004486432
42.6272 -9.904 11.8359044817
30.8513 -8.7137 10.3579578702
20.5963 -10.1705 1.38947150025
19.7162 -11.2457 17.1505224416
9.6921 -25.1618 2.27673599699
7.8415 -26.488 4.8831838241
3.8314 -29.2745 4.74443779177
-0.8956 -29.6809 4.69045323396
-5.5083 -30.5314 2.20434413148
-7.6591 -31.0143 2.90185717257
-10.5467 -31.3016 2.93060753087
-13.4172 -31.8921 2.40104328366
-15.8014 -32.176 1.13834687596
-16.9394 -32.2041 1.02161425695
-17.9506 -32.3496 1.17186795331
-16.7921 -32.5261 0.892502577027
-17.5592 -32.9823 12.3291119246
-29.6769 -30.7089 8.10946058194
-37.6922 -29.4767 9.82261008592
-47.3275 -27.5676 5.18414561235
-49.6432 -22.9294 2.07465712107
-51.1973 -21.555 1.51594053313
-49.78 -21.0171 5.8124633487
-47.5095 -11.2421 0.520107219715
-47.9911 -11.0457 1.14983407933
-46.8651 -11.2786 23.0938368423
-27.873 -24.4173 0.596158712089
-27.311 -24.6162 0.983624613356
-27.6293 -25.5469 0.8335106598
-27.3384 -24.7658 19.7695383988
-12.5197 -11.6799 0.476036742279
-12.052 -11.5912 0.72954285001
-11.3374 -11.4443 2.93300951243
-8.7838 -10.0015 7.70935139749
-1.0769 -10.1959 0.424633912918
-0.8633 -10.5629 14.9679853771
18.1064 -34.0 8.46810474959
10.0626 -31.3531 1.20850304509
9.9631 -30.1487 0.588861146621
10.4582 -30.4675 0.726376328083
10.3823 -31.1899 1.27730405151
9.1513 -30.8491 2.416803726
7.0606 -29.6367 0.426818111143
6.9389 -30.0458 2.92098962853
5.8234 -32.7454 1.02495198424
4.9033 -32.2938 9.46513978872
-4.4416 -30.7899 1.64045633895
-6.0288 -31.2045 2.81777122741
-8.7501 -31.9355 2.51421069125
-11.1973 -31.3589 0.491339607604
-11.4267 -30.9244 1.28725817535
-11.4836 -32.2104 0.345392761939
-11.724 -32.4584 0.373910804872
-12.028 -32.2407 0.309889851399
-12.3376 -32.2273 0.144593844959
-12.2559 -32.3466 0.314676532331
-12.0355 -32.5712 4.44251567696
-16.4082 -31.7867 5.22506486084
-21.5984 -31.1841 12.6902516102
-34.2556 -30.2688 13.3135119968
-47.4996 -28.9101 5.53929232393
-49.0303 -23.5865 2.38580007545
-50.0413 -21.4255 0.982630759747
-50.6028 -22.2319 0.957719859876
-47.1778 -9.6111 15.3695316796
-36.0 -20.16 7.57548108703
-31.2061 -26.0257 4.242849196
-28.673 -29.4294 2.44315871363
-26.9295 -31.1409 1.57481149666
-25.6637 -30.204 1.3170030372
-25.4749 -28.9006 10.3404323512
-22.0041 -21.9507 2.81674152879
-24.5613 -23.1317 0.658192145198
-23.9906 -23.4596 0.90388156857
-24.4976 -24.2079 1.29204077722
-23.784 -23.1308 13.2157281827
-17.7278 -11.3844 14.6136522557
-9.3025 0.556 2.24793199408
-7.1849 -0.1983 3.73055355276
-3.5208 0.5027 1.92604814062
-1.672 1.0427 0.626115684199
-1.2642 0.5676 1.49545011619
-2.4155 -0.3868 0.0797521159594
-2.3389 -0.3646 1.16033165087
-1.2312 -0.0191 0.991597277124
-2.1762 -0.3195 1.2695295034
-1.7766 0.8855 1.06007072406
-1.0703 0.095 1.06321489832
-1.7267 0.9314 0.962423508649
-2.3297 0.1813 0.365261290038
-5.4339 10.2447 15.2429423524
-11.7605 24.1127 0.859428816133
-11.8755 24.9644 5.55530510593
-12.7306 30.4535 3.41641219117
-15.8961 31.7386 3.58176452883
-19.4744 31.8961 3.18368911171
-22.6238 31.4301 10.0617575423
-32.5966 30.0951 13.6786061589
-46.1255 28.0769 6.04924500413
-49.7079 23.2025 3.39585802118
-51.106 20.1078 3.00356451071
-50.4041 17.1874 1.78189187663
-51.3912 15.7039 0.741545932495
-51.5451 16.4293 0.905757434416
-52.0569 15.682 0.573785552275
-52.075 15.1085 1.09006205328
-51.2232 14.4283 0.789766952968
-51.276 13.6403 1.44904196282
-51.1991 12.1933 0.475240107735
-50.9511 11.7879 3.75293347796
-47.1991 11.7042 0.274392565497
-46.9669 11.558 0.810385439158
-47.5559 12.1146 19.2307444133
-47.2621 31.3431 3.91894108785
-49.6158 28.2097 2.3920239819
-51.1606 26.3834 1.27024603916
-51.368 25.1302 1.69988062228
-51.1657 23.4424 0.415846810737
-50.8508 23.1708 0.218254026309
-50.7487 22.9779 0.664598585614
-51.4005 23.1077 0.321131203716
-51.5219 23.405 0.957218245752
-46.662 18.5082 2.27014486983
-45.9703 16.346 0.776046628754
-45.7337 17.0851 1.52758541496
-47.2611 17.1089 0.721107349845
-36.0 20.16 4.62082817794
-35.2412 15.6019 1.9029266565
-33.3393 15.6644 2.87665508881
-30.9012 17.1911 18.2377338422
-14.0851 24.2504 1.00300154536
10.0653 2.6277 4.57412291046
6.4091 -0.1209 10.9021234088
-4.339 -1.947 0.969825412123
-4.9183 -1.1692 0.910079216332
-5.442 -1.9135 17.0032259954
-9.2331 -18.4887 4.0640578896
-11.8328 -21.6125 1.41832868194
-12.5336 -22.8456 3.22074571645
-14.6675 -20.4332 1.33880338362
-15.8062 -21.1373 1.8410238999
-17.6192 -20.8173 1.25311725309
-18.3309 -19.7859 1.16443634433
-19.4513 -20.1031 2.5224712486
-21.8367 -19.2829 2.22719746992
-23.9063 -18.46 1.84437339495
-25.5352 -17.5949 2.42602549451
-27.8153 -18.4236 2.9453341678
-30.4223 -17.053 3.23771297369
-33.5112 -16.0827 3.57543010699
-36.7779 -14.6293 5.40847131267
-34.6054 -7.3418 1.12413070414
-35.5132 -6.6788 8.58078551241
-36.6131 -15.1888 2.81465829542
-38.3695 -12.9894 3.94521424006
-38.3801 -9.0442 0.736536713274
-37.6509 -9.1479 0.372326321927
-36.5974 -14.8652 1.28137706004
-35.5155 -15.5518 19.5195291257
-18.8775 -25.7591 0.991070234645
-17.8936 -25.6401 1.56624581723
-16.37 -25.2771 1.01911369827
-15.4152 -25.6334 0.525602178458
-14.897 -25.7213 0.964854486438
-13.9513 -25.9126 7.49347904047
-6.458 -25.8608 4.61941834542
-1.8391 -25.7916 1.06184925955
-1.5958 -24.758 13.1998761343
4.5706 -13.087 0.593632655773
5.1128 -12.8453 2.18433695661
6.7453 -11.394 0.606420068929
7.3514 -11.3743 0.444059477998
7.7953 -11.3624 11.5817621099
7.5614 0.217 0.306586920791
7.2549 0.2243 1.21442383458
6.0794 0.5293 15.798950736
-9.5586 2.7787 0.272720974624
-9.3103 2.8915 1.14195185976
-9.2489 4.0318 1.04240324251
-9.2463 2.9894 20.6943147676
-7.5406 -17.6345 7.45549048755
-11.2135 -11.1465 0.432877188126
-10.839 -11.3636 0.432332580313
-10.5315 -11.6675 0.461444221981
-10.0746 -11.7321 1.30557298149
-9.2305 -12.7281 1.54954037056
-7.6945 -12.9325 8.7332788144
-11.6359 -5.1392 15.372475071
0.0407 4.8593 0.800283680953
0.6921 4.3944 1.22756547687
-0.4211 3.877 9.8560422909
-9.7619 0.732 8.55225075638
-14.7149 -6.24 3.33569496507
-11.831 -7.9163 2.2341823247
-9.7275 -8.6692 3.60931072783
-6.7302 -10.68 0.623623796852
-6.1112 -10.6042 12.0948271009
5.1064 -6.082 0.369520337735
5.3512 -5.8052 0.233275052245
5.3837 -5.5742 1.21839434093
6.6003 -5.5081 0.708204066636
7.2473 -5.7961 0.670949208212
7.9095 -5.6881 0.327608989498
8.1617 -5.8972 0.910007434036
8.939 -5.424 0.592283487867
9.4957 -5.6262 0.34772914747
9.8147 -5.4878 0.595084002474
10.2411 -5.9029 0.225207326701
10.4608 -5.8534 0.40459226389
10.6887 -5.5191 0.505453954382
10.9456 -5.0838 1.12444768664
11.8682 -4.441 0.976322656707
12.7394 -4.0003 0.597671364547
13.3349 -4.0512 1.92070420419
14.0029 -2.2504 1.13545024109
12.8804 -2.0794 1.0877347103
13.9518 -2.2672 1.33662067169
12.9727 -3.1771 18.2554717674
0.3415 -16.3572 0.947933088356
0.82 -17.1755 1.24846261057
0.4808 -15.974 16.5865469007
-4.3745 -0.114 0.3676380013
-4.6842 -0.3121 10.4629421144
-10.8902 -8.7358 3.05754276667
-9.5938 -11.5049 2.67250377923
-6.9645 -11.0263 0.583354000586
-6.4503 -11.3018 0.43406595121
-6.0649 -11.5015 0.569303829251
-6.5987 -11.6994 1.61852587251
-7.0477 -13.2544 12.3023168911
-7.136 -25.5564 0.594217880916
-7.7295 -25.5272 1.19970106693
-6.5298 -25.5256 9.39154298771
1.4389 -20.5556 0.781944454549
0.8637 -21.0853 1.34411001038
1.7453 -20.0707 9.82904969618
8.5686 -12.9959 0.74533494484
9.2519 -13.2936 1.22024706105
8.1727 -12.7241 0.76419733708
8.1378 -13.4875 5.04894285668
6.3917 -18.2249 10.7400105703
11.3916 -27.7301 0.747310444193
12.1119 -27.9292 2.96425962763
14.5186 -29.6597 0.579797154184
14.7521 -30.1904 2.73250452882
16.3547 -32.4036 2.52538714854
18.6731 -33.4049 2.09785839608
20.7235 -32.9612 1.51370619342
19.6225 -34.0 19.1041205851
16.6707 -15.1253 0.418718533146
16.3232 -15.3589 13.0467088294
4.1634 -20.0871 1.23109017135
4.3624 -21.302 9.39018594172
6.2675 -30.4969 1.22240965719
7.1171 -31.3758 1.04994092215
6.7834 -30.3803 10.608831003
2.84 -20.5316 0.24343952021
2.7106 -20.7378 9.05052124245
4.288 -29.6498 0.732335059928
3.6222 -29.9548 3.40784160577
5.2201 -32.9648 13.9134118939
19.0124 -31.133 0.922749044974
19.9328 -31.1988 5.29897419601
25.222 -31.5205 8.07264992986
33.2945 -31.5697 6.13558496152
39.0294 -29.3888 2.25929506262
41.1087 -28.5051 2.52943226041
43.6071 -28.1101 2.20819936826
44.4122 -26.0539 40.4860956588
19.5134 5.8706 0.787839812398
20.2655 5.636 0.798045011262
19.5483 5.986 27.85510162
6.4484 30.5685 0.872875392023
5.5913 30.4033 1.7086310895
4.0609 29.6435 5.69666397991
-1.5254 30.7594 3.93052123007
-5.4419 31.0911 2.06716328576
-7.5081 31.028 3.09454667763
-10.5164 31.7535 2.65891268943
-13.1051 32.3605 0.246564332376
-13.2325 32.5716 1.23728244552
-12.0454 32.2228 2.70496265593
-13.159 29.7577 3.20525445168
-14.6701 26.931 2.04071354188
-15.4931 25.0636 2.9314835715
-17.7934 23.2464 2.6754171058
-20.4664 23.3601 1.13093876934
-21.5087 22.9212 8.2154543368
-21.5951 14.7062 0.966210582637
-20.6843 15.0287 1.38800692001
-21.5379 13.9342 3.30305249277
-22.6503 10.8241 2.0359693146
-24.6862 10.8409 0.74194962767
-25.4025 10.6475 0.787831276353
-25.1761 11.4021 19.6275940421
-35.1709 28.2943 13.5075144272
-48.5759 29.9553 3.49877230182
-51.2518 27.7012 3.88979139929
-51.705 23.8379 1.16109273101
-51.4498 22.7052 10.9326095938
-45.2025 13.7334 20.2696912115
-51.6139 21.5496 1.24106123942
-50.4841 21.036 9.63932092733
-41.4676 17.6273 0.705620953487
-40.9038 18.0516 8.89011202854
-36.9526 26.0154 7.97221564811
-29.3031 28.2607 12.9621042848
-17.2949 33.1412 7.27210749233
-11.8282 28.3455 3.13813072067
-8.8183 27.4576 1.50897205408
-9.1268 25.9805 12.216869649
-10.7829 13.8764 0.515276721772
-10.268 13.8961 2.45264501304
-7.8464 14.2851 10.617485863
-12.8805 4.9369 1.16136025418
-11.7615 4.6261 12.4070021552
-1.6077 -2.5037 0.622391846026
-1.0008 -2.3657 0.585839175884
-0.6993 -2.868 1.04201889138
-1.6897 -2.5441 14.6283912256
-12.4844 7.3283 0.428292423468
-12.4136 7.7507 0.477033940092
-11.9659 7.586 1.42445269841
-10.9129 6.6267 12.8831583278
-14.306 19.055 1.51409385442
-13.0066 19.8322 13.7206778586
-15.6517 6.3689 2.57217413291
-13.0968 6.0713 13.5808134896
0.0292 2.5861 0.823269287657
-0.7924 2.5337 11.9329421825
-12.6576 1.264 0.585087215721
-12.1612 0.9543 0.552221567851
-11.7317 0.6072 2.1031605098
-9.6944 0.085 6.38981780648
-3.6022 -1.8424 0.245280186725
-3.5928 -2.0875 18.4187271015
-17.1388 -14.5677 2.47534769477
-14.8574 -13.6072 1.85001187564
-13.7561 -15.0937 0.383223094294
-13.5326 -15.405 1.11694145326
-12.9276 -16.3439 0.657094886603
-13.5639 -16.1799 2.41903641147
-12.2099 -18.1845 0.843928818088
-11.3916 -18.3909 0.355406035402
-11.1688 -18.114 0.395877822061
-11.3791 -17.7786 2.93163944748
-8.4588 -18.0362 1.34090166679
-7.122 -18.141 9.70385875103
-6.4491 -8.4605 0.585109434209
-5.8672 -8.3993 1.42935992668
-6.215 -9.7857 17.6366686381
-9.4838 -27.1168 1.36933748945
-10.0384 -28.3688 0.409611767409
-9.6336 -28.3062 0.994353196807
-9.2104 -27.4064 1.00440999597
-10.2142 -27.3714 0.605774124571
-10.3812 -27.9537 1.63340000306
-8.7478 -27.9536 8.14114717039
-12.7145 -20.8442 9.30445321177
-4.8971 -25.8901 5.09564577458
-9.5766 -27.907 0.296814184297
-9.2811 -27.8791 1.20625612952
-9.2283 -29.0842 1.42464383268
-9.892 -27.8236 7.11690868636
-10.7467 -20.7582 10.2753169708
-2.5945 -14.5033 10.3628520949
-9.9472 -7.2008 0.837240974869
-9.2491 -7.663 2.45870620042
-7.3748 -6.0717 0.309710913595
-7.621 -6.2596 1.42067151728
-8.4426 -7.4186 7.6971847178
-11.8423 -14.3243 2.40788824076
-10.439 -12.3676 1.23482669634
-11.6285 -12.2027 2.45460077406
-13.6221 -13.6347 0.904294780478
-13.7725 -12.743 6.39516130367
-11.6938 -6.6951 1.13522865538
-10.5675 -6.553 1.43355598775
-11.1642 -34.0 7.34902757989
-17.7316 -30.7019 0.164336544931
-17.7071 -30.8644 0.135390472338
-17.6834 -30.9977 0.503411610911
-18.0924 -30.7042 0.0800951933639
-18.1106 -30.7822 0.187016710483
-17.9595 -30.672 6.22522625452
-24.0731 -31.8456 0.123881879224
-24.1895 -31.888 1.41154296073
-25.4703 -31.2947 0.626004704455
-24.8461 -31.2472 0.119817903504
-24.7993 -31.3575 1.51910159305
-23.5266 -32.1869 0.061885458712
-23.5025 -32.1299 0.424938583798
-23.7961 -31.8227 0.386027278829
-24.1796 -31.7786 0.76645660673
-24.7173 -31.2324 1.23573191672
-23.9512 -32.202 0.2075150356
-24.1205 -32.082 0.0703651191998
-24.0798 -32.1394 0.11643989866
-24.155 -32.0505 0.0470833303835
-24.117 -32.0783 0.140221610317
-24.2129 -31.976 0.0341281408811
-24.1982 -32.0068 0.0320014062191
-24.1979 -32.0388 0.0302393783005
-24.189 -32.0677 40.1677122113
0.0 0.0 5.94512930894
1.2205 5.8185 0.199314450053
1.2385 5.62 3.91060500307
-2.1922 3.743 2.41566787452
-4.362 4.8048 1.07662878004
-5.1993 5.4816 0.667139153401
-5.402 4.846 0.983852148445
-5.4496 5.8287 1.13406146218
-11.9906 12.3913 0.706877110961
-11.3056 12.2168 1.98119456137
-9.3398 11.9703 0.507337599632
-9.6688 11.5841 9.52082837835
-14.4038 3.3242 1.07260229349
-13.5766 2.6414 12.4004996488
-3.5939 -4.7151 21.3318694858
1.8611 -25.3377 7.21601978379
6.6997 -30.6911 3.91565566029
10.5788 -31.2249 3.29890371184
8.7951 -34.0 8.21017798163
13.0658 -26.988 0.729750758821
12.4347 -26.6216 14.5919555824
5.3893 -13.8432 0.965450330157
4.5518 -14.3235 15.5821723174
4.766 -29.9042 0.944180840729
5.4121 -30.5927 0.410703116618
5.0068 -30.6591 0.432784392048
5.4271 -30.7623 0.945881789655
4.8581 -30.0067 0.270856511829
5.0391 -30.2082 0.674407777239
4.4474 -29.8846 13.6126454916
-6.6318 -21.9754 0.50623814554
-6.5027 -21.4859 3.11221342456
-3.9541 -23.2721 0.270631945638
-3.6838 -23.2855 0.0977852749651
-3.5878 -23.2669 0.4018920253
-3.4412 -22.8927 1.40698111217
-3.2304 -24.2838 0.49729734566
-3.6577 -24.5382 0.471235588639
-3.3034 -24.8489 0.602191614023
-2.8239 -25.2132 0.478635821894
-2.5771 -25.6233 5.53223400897
-1.4548 -31.0405 0.271107377251
-1.1837 -31.0385 0.435691002891
-0.7973 -31.2398 0.696459288114
-0.3608 -31.7825 4.47426859498
3.5253 -34.0 7.12132114218
9.0994 -29.568 1.48858255398
7.6235 -29.3741 17.5488502099
-9.2577 -24.5796 1.415495083
-9.0025 -23.1873 0.870892926829
-8.6982 -24.0033 5.80119189219
-6.2278 -29.2522 0.713070501423
-6.8855 -28.9767 1.01737193297
-5.9581 -29.395 25.8691972187
13.5179 -29.8147 3.56003237345
10.6884 -27.6542 0.699200257437
10.2684 -28.2132 0.556260415633
10.3598 -27.6645 2.83141734296
8.6754 -29.9404 13.2994224811
-4.6169 -29.5052 1.67488325563
-6.1905 -28.9316 3.24228049527
-8.0321 -31.6001 2.13237709845
-10.1593 -31.4516 3.73596398537
-13.871 -31.8767 0.166964008098
-13.9543 -31.732 12.0647463616
-14.2509 -19.6709 0.904452497371
-15.1303 -19.8823 2.63217899277
-17.1783 -21.5358 3.15801145343
-20.2988 -22.0211 3.84039144489
-23.9981 -20.9897 10.7464213453
-33.0438 -26.7915 19.59135902
-52.5209 -28.9043 1.11764375809
-52.2208 -29.9809 1.33734839888
-52.3673 -28.6516 2.52383466376
-51.0627 -26.4911 1.38780109886
-51.1372 -25.1053 0.890904046461
-51.7581 -25.7442 0.790765515181
-51.4812 -25.0035 1.96824188046
-50.7523 -23.1752 1.26014009142
-50.4539 -21.9509 7.20159663547
-40.3216 -7.3645 0.753345843554
-40.9302 -6.9205 4.80566437551
-45.6662 -6.1052 0.46456915524
-45.9191 -6.4949 1.03364710612
-44.9936 -6.0346 16.7454998767
-36.0 -20.16 7.38435197969
-30.419 -24.9954 16.6507303026
-14.185 -28.6973 1.27543094678
-14.0199 -29.962 0.765283823166
-13.7401 -29.2497 0.51842006134
-13.2245 -29.3037 1.74927781956
-11.5645 -28.752 1.11438500528
-10.675 -28.0807 1.69670657746
-9.121 -27.3996 2.47365166909
-7.0087 -26.1123 1.53142571808
-5.5459 -25.659 3.49794691355
-2.4565 -24.0185 5.27798553427
1.7986 -20.8958 10.1620727738
-2.0855 -11.5053 3.42029131654
1.1608 -12.5823 1.18247038018
2.0234 -11.7735 12.7304026947
14.4468 -8.9946 0.925639481656
15.3559 -8.8204 0.71930769494
16.0693 -8.7284 3.42794694533
19.4844 -8.4319 0.644890936516
20.114 -8.2923 0.961801772716
21.0673 -8.4199 0.68215989328
21.7459 -8.3503 1.59360573857
23.33 -8.1765 4.55700654487
27.8709 -7.7937 1.31022961728
29.1375 -7.4584 0.778480218117
29.8723 -7.2013 1.21577030725
31.0811 -7.0713 1.09480208714
31.123 -8.1653 0.466236216954
31.4085 -7.7967 0.854224753797
32.2458 -7.6275 1.5673385499
42.6282 -9.9002 10.2726312992
32.5692 -7.8161 0.259326454493
32.7953 -7.6891 1.78990013688
31.0054 -7.6884 0.733901151382
31.6791 -7.3973 1.14293641555
31.038 -8.3435 18.4130347444
18.1305 -21.475 2.1730729026
16.1315 -22.3272 3.31166378879
12.9704 -23.3144 3.82010386508
9.1527 -23.4499 4.82991305615
4.4274 -22.4501 3.71970494126
0.8168 -21.5558 2.0636695593
-1.2346 -21.7805 2.12234216139
-3.3431 -21.5385 3.02817850531
-6.3706 -21.4744 2.77835623346
-9.1466 -21.5888 3.10337053701
-12.2179 -22.0338 3.14595632042
-15.2485 -22.8779 9.89290019004
-22.2089 -29.908 2.75742111764
-24.851 -30.6971 2.82277811562
-27.6737 -30.6761 3.84955016853
-31.5042 -30.2936 2.29129379391
-39.5152 -18.4557 0.616970055999
-38.9159 -18.6023 0.301831906862
-23.3028 -2.8846 0.549064631897
-23.6399 -3.318 0.505595935506
-23.1488 -3.1978 1.10724224088
-24.1265 -2.6781 0.669751274728
-23.5264 -2.3807 1.00603107805
-22.6347 -2.8465 0.376876770311
-22.2644 -2.9166 1.01322065218
-21.3647 -2.4506 2.27425678409
-19.7353 -0.864 0.593435303972
-19.4868 -0.3251 0.519110489202
-19.2841 0.1528 0.284602969064
-19.0044 0.2054 0.206216900374
-18.8023 0.2464 0.532593747616
-18.3102 0.4501 0.701444488181
-17.7693 0.8967 2.4592488955
-15.9596 2.5619 0.556150096647
-15.4899 2.8597 0.266370963132
-15.7292 2.9767 0.674362706561
-15.0557 3.0108 0.433181832491
-14.6652 2.8233 1.53208315701
-13.1426 2.9935 2.27705844018
-11.1881 1.8252 2.00185949557
-9.4321 0.864 1.49174433466
-9.7567 -0.592 6.8992085923
-13.2023 -6.5692 2.19339603583
-11.2194 -7.5068 1.8059756283
-9.5348 -8.1577 0.640003703114
-8.9503 -7.897 2.83577642631
-6.5508 -6.3857 1.1440509167
-5.8931 -7.3218 1.09169362002
-6.7561 -6.6532 10.4990593469
-14.0395 0.9087 0.450814607128
-13.6165 1.0646 0.425561370427
-13.2043 1.1704 0.320767330007
-12.8955 1.2572 0.676547854922
-12.4615 1.7762 8.71482488923
-3.7517 1.4803 0.050685895474
-3.7302 1.5262 1.72502070133
-5.0023 0.3611 16.426987369
-14.9244 -12.7308 0.403733600286
-15.0665 -12.3529 1.75853953609
-13.7724 -11.1622 10.558313549
-3.4164 -9.1052 0.410314269798
-3.3362 -9.5076 7.22894224213
-9.5927 -13.1289 0.32604982748
-9.6587 -12.8096 1.17548351328
-9.0317 -13.8039 13.8311731455
-8.7044 -27.6312 0.89251290747
-7.8824 -27.9789 0.288145189097
-8.1702 -27.9648 10.3237631065
-8.964 -17.6716 4.61051575857
-4.386 -17.125 12.9646349262
6.9366 -10.8099 0.141653838635
7.03 -10.7034 1.17509649391
5.9656 -11.2013 14.5528388753
-8.1322 -14.812 0.593894569768
-7.7362 -15.2546 2.29993013155
-5.4668 -14.8811 0.515152346399
-4.9693 -14.7474 0.222300022492
-4.7914 -14.6141 1.2717786993
-3.8155 -13.7986 0.533958968461
-3.3512 -14.0623 0.336312295345
-3.0762 -14.2559 0.198823263226
-2.8775 -14.2489 0.317906102489
-2.5852 -14.1239 0.265651576318
-2.4482 -13.8963 0.994901045331
-1.4662 -13.7366 1.60749295799
-0.0981 -14.5806 1.06294990475
-0.914 -15.2619 1.02555391862
-1.104 -14.2541 0.807836697607
-0.4418 -13.7914 1.33752100544
-0.2188 -15.1102 14.7030993103
-1.9426 -29.7119 0.374268032298
-1.8692 -30.0789 0.0516426180591
-1.8178 -30.0739 0.810446518902
-1.0088 -30.0255 1.40293308821
-0.7403 -28.6485 11.2354895243
9.2199 -23.4494 1.08716086206
10.2992 -23.3189 1.78477120382
12.0632 -23.0474 4.29448513328
14.1532 -19.2958 0.204603470156
14.3509 -19.2431 0.349162913265
14.0616 -19.0476 7.95819234563
8.9931 -12.9122 0.645547720932
8.4036 -12.6491 14.6637150497
-3.4673 -21.2576 6.45744021265
-7.8286 -16.4955 1.01395242985
-8.6754 -17.0532 0.848092176594
-8.4257 -16.2427 1.22982394268
-7.36 -16.8565 0.124489718451
-7.4688 -16.796 9.59832723812
-6.2639 -26.3184 0.0982041241497
-6.2312 -26.2258 0.151420077929
-6.2864 -26.3668 0.742424817743
-6.7633 -25.7978 0.808192155369
-6.9749 -25.0178 1.26277964032
-5.771 -25.3989 6.24562670194
-6.2359 -19.1706 0.900000322222
1.0423 -34.0 6.66226192971
-5.0246 -31.2471 0.164106855433
-5.0261 -31.083 2.26911502793
-6.9231 -32.3281 1.1681299628
-5.8231 -31.935 1.5952489743
-6.1058 -30.365 3.5969165531
-9.4195 -31.764 4.61557263295
-14.0027 -31.2183 2.34553400316
-15.9467 -32.5307 2.91166732303
-18.8583 -32.5505 3.80090035913
-22.646 -32.867 3.74236273629
-26.3378 -32.2539 1.39655178923
-26.8317 -30.9476 6.88525440706
-30.8889 -25.3847 0.239263912866
-43.782 -34.0 14.2764302457
-39.7154 -20.315 13.2558435213
-38.2189 -7.1439 0.205362533097
-38.2493 -6.9408 1.26997849588
-38.472 -8.1911 1.10201226853
-38.4772 -7.0891 1.15839989641
-37.3538 -6.8065 1.25688778338
-36.2707 -7.4442 0.446005123289
-51.5 33.0 8.93009900281
-50.0176 24.1938 11.021922947
-48.7887 13.2406 0.956784181516
-48.3401 12.3955 2.8261298997
-42.6262 -9.908 11.5960490487
-31.0657 -10.8153 2.45953115857
-28.6951 -11.4707 8.52541024292
-20.3826 -13.3641 1.66211956249
-20.1726 -15.0129 0.568517589877
-20.7251 -14.8789 0.822065994918
-20.9844 -14.0988 1.14690833984
-19.9229 -14.5331 15.2072631594
-9.5577 -25.6607 0.762606484368
-9.1069 -26.2758 3.21112678666
-6.7887 -28.4978 3.9014277707
-3.1308 -29.8546 4.89230155448
1.0251 -32.4359 0.461898387094
1.4867 -32.4193 1.2603595122
2.7446 -32.498 0.416268014625
2.7621 -32.9139 1.40045154504
4.0814 -32.4441 0.524260784343
4.5945 -32.5517 1.4855757739
4.2638 -34.0 13.8119036056
-5.6373 -24.37 0.641467294568
-6.2768 -24.4202 1.42073638653
3.8747 8.3322 0.629403400054
-21.0543 34.0 14.223573307
-15.5204 20.8971 7.29883325813
-8.2731 21.7629 0.647216887913
-7.7628 22.161 11.7287204916
1.9323 28.7616 1.25572323782
3.1729 28.9559 1.0297204475
2.2921 28.4225 8.05148602433
-3.3283 22.6573 8.30981237454
-11.1474 19.844 0.848252704092
-10.4798 19.3207 2.76444304698
-7.7604 19.8177 9.21231109549
-10.724 28.5403 1.23005050709
-9.5235 28.8083 14.1149424147
4.4829 30.5554 0.466411685102
4.786 30.2009 1.72945453829
6.428 30.7439 0.387773542161
6.7124 31.0075 0.270889239358
6.7417 31.2768 0.122617494673
6.844 31.3444 0.270561046716
7.0902 31.4566 0.205632122977
7.2803 31.535 0.512926203269
7.6226 31.917 0.395319883133
7.8835 31.62 0.242039604197
7.9664 31.3926 3.51178680446
11.1184 32.941 1.77814722675
9.69 34.0 7.42022924848
13.3289 27.5333 0.290809765998
13.6183 27.5047 0.0305286750449
13.5879 27.5019 1.67266112826
14.9753 28.4362 1.71186891145
14.7974 26.7336 14.9629328185
1.0452 20.8373 10.6171524488
8.2476 13.0367 16.1429337721
5.641 28.9678 0.606173061097
5.8227 29.5461 1.58789523584
4.9169 28.2419 12.8574698475
-5.2419 20.3607 0.457446532395
-5.6786 20.4969 0.200020623937
-5.8749 20.4585 1.19159753692
-5.6559 19.2872 0.834043320218
-5.3234 20.0521 9.57402661475
-0.4653 28.302 0.477878917719
-0.2118 27.8969 0.480987161991
0.0418 27.4882 0.151021091242
0.0819 27.3426 1.37955207586
0.8911 26.2253 11.4158468722
-2.7684 15.4119 0.693638529783
-2.2988 15.9224 0.573881102668
-2.5292 16.448 2.08768436312
-0.607 17.2626 1.02214473535
-0.1355 18.1695 0.983673523076
-1.0843 18.4291 33.3768365734
-30.6065 34.0 8.40193457782
-26.0738 26.9256 8.13150872409
-17.9435 26.7854 0.545914297303
-17.4096 26.6715 0.0531507290637
-17.4056 26.6185 1.5714640594
-18.4004 25.402 19.6745363229
-27.0 7.7064 0.530842584953
-26.5416 7.4387 1.21751262827
-26.7378 8.6403 0.420423524556
-26.4923 8.299 3.62464693591
-29.8993 9.5361 0.620365190835
-29.3344 9.2797 0.704937394383
-28.8851 8.7365 23.1602025078
-42.6265 -9.9067 10.5361158583
-32.1862 -8.489 0.0233574399282
-32.1803 -8.5116 1.05623236553
-31.2643 -7.9857 3.98476352372
-30.4018 -11.876 0.936161764868
-29.6356 -12.4139 0.605964569921
-29.8241 -12.9898 7.60278184482
-31.4618 -20.4141 0.737149021569
-31.7396 -21.0969 5.21091597418
-33.1848 -26.1034 0.213231329781
-33.229 -26.312 0.0865520074868
-33.2964 -26.2577 2.73627449281
-30.6633 -25.5134 3.49447273991
-27.2491 -24.7687 0.651303139867
-26.6414 -24.5344 0.545683607963
-26.1396 -24.32 13.4205639289
-23.2437 -11.2156 10.4901557763
-14.4623 -16.9541 1.83422857082
-12.9541 -15.9102 11.5244286822
-1.7895 -13.0529 0.802257221843
-1.6544 -12.2621 0.886456298979
-1.6858 -13.148 13.7873204141
2.7254 -26.2106 0.681453696153
3.4029 -26.2839 2.27635289443
4.2534 -28.3954 1.63345988931
5.3574 -29.5993 1.85028301889
6.3349 -31.1703 0.941297020074
7.0231 -31.8125 0.265275177881
7.1677 -32.0349 0.190594989441
7.2734 -32.1935 1.24139560576
8.4906 -32.4374 1.67379999104
10.0227 -33.1114 0.632174928323
10.6544 -33.1359 1.72321490825
12.3775 -33.1558 2.01343613259
14.3584 -32.7953 2.80734316036
17.1535 -33.0572 0.549126041998
17.6865 -33.1893 1.00682665837
18.6659 -33.4227 0.228667203595
18.6994 -33.6489 13.1520210842
9.521 -24.2291 0.594066747092
9.5693 -24.8212 8.8815224714
1.5243 -28.5841 10.2659769384
-4.4534 -20.238 1.29736222004
-4.3081 -18.9488 0.866024595494
-4.0485 -19.775 8.24834715625
-1.1976 -27.515 0.354849390587
-0.8551 -27.6078 0.307444059952
-0.6082 -27.4246 0.796047165688
-16.9917 -29.4632 13.5162359376
-29.9281 -25.5468 10.0420180845
-39.7841 -23.6229 9.82128026889
-49.1835 -20.7753 3.91158404742
-50.7459 -17.1893 3.04175515451
-51.3848 -14.2154 7.69619953289
-43.977 -12.1283 0.315093002144
-43.7188 -11.9477 1.41927748168
-44.6192 -10.8506 0.882409712095
-46.2798 -9.5381 19.7844075949
-42.6266 9.9061 10.5761425075
-32.0831 9.0758 10.2043571718
-22.3254 12.0618 0.657792201231
-21.8431 11.6145 2.97723571959
-18.9273 12.2162 0.288780366369
-18.6536 12.1241 0.891244713869
-17.8403 12.4886 0.553159958782
-17.4258 12.8549 0.925543543006
-17.8325 13.6863 0.165550143461
-17.9512 13.8017 1.59966351774
-17.4663 12.2773 6.02565394459
-17.6274 6.2538 2.83765800794
-15.8778 8.4879 2.33087891792
-13.6315 7.8657 0.92665335482
-14.2195 8.5819 1.1935223584
-14.3524 7.3958 9.62781184122
-14.3675 -2.232 8.6672395144
-5.9067 -4.1124 9.50050741487
2.0498 1.0793 10.6748766372
-1.1751 11.2554 0.998540119374
-1.5402 10.326 1.20203098962
-0.8231 11.2907 15.3071245089
6.6316 24.6599 0.41503586592
7.0442 24.615 0.352840034577
7.3242 24.8297 2.70889752113
8.4919 27.274 1.48622743885
9.6963 28.1448 1.94679628621
10.704 29.8105 0.654920582972
11.0809 30.3461 0.552566204178
11.3863 30.8066 0.585002581191
11.8512 31.1617 1.09386950319
12.9044 31.4572 1.05180723044
13.6922 32.1541 0.596646536904
14.0369 32.6411 0.764968868648
14.6558 33.0907 1.52081195419
13.5188 32.0807 13.1905984872
7.2506 20.4746 10.0455059708
2.9292 29.5431 1.01614822738
2.0373 29.0562 11.1446050217
-6.3942 21.7684 0.58542409414
-5.8321 21.932 7.70473574109
-2.6951 28.9692 0.182323723086
-2.5686 29.1005 6.97431114089
-1.4511 22.2163 0.789363344728
-1.4411 23.0056 0.231702654279
-1.2995 22.8222 3.08937209154
1.0471 20.8128 0.876371068669
1.2256 19.9548 0.424748631546
1.0428 19.5714 0.979351009598
1.1506 20.5448 0.462870521852
0.751 20.7784 0.686072073473
0.1218 21.0519 8.1977742894
0.0869 29.2496 14.7815401045
14.8464 30.0565 1.01965599101
15.8517 30.227 4.28052162359
19.8666 31.7114 4.37175484788
24.2032 32.2647 9.87972199052
34.0802 32.4966 4.12367137027
38.1636 31.9217 0.569299367644
38.4765 31.4461 2.27726520414
40.4125 30.247 1.49277688219
41.7394 29.5631 10.3480236746
51.5 33.0 9.53261868953
51.3138 23.4692 0.460382721222
50.8623 23.5592 0.274690844405
50.6008 23.6433 0.198530854025
47.6166 13.4622 0.821456395678
46.9981 14.0028 5.81024486403
41.9788 16.9295 1.25967391415
40.7689 17.2801 18.3306479154
24.2405 25.2063 3.34102419027
20.9135 24.9005 2.95734590807
17.9606 24.7384 3.64267765799
14.319 24.6498 4.41942966909
9.9104 24.959 3.42101333818
6.5303 25.4865 3.84651216689
2.684 25.5269 3.23104888542
-0.5461 25.4486 5.32227572097
-5.7434 24.302 3.20762046539
-8.7413 23.1612 3.9820775344
-12.3508 21.4794 2.46368530458
-13.8836 23.4082 2.20767113946
-16.0205 22.8537 3.50097600249
-19.3814 21.8733 1.4303897371
-18.3788 22.8935 9.54303960015
-24.7797 29.9715 5.52935723751
-29.9136 32.025 1.43859531836
-31.3191 31.7182 3.57796947583
-34.7585 30.7321 5.49777220427
-40.2425 30.3432 9.03838513563
-49.2344 29.4277 2.92846693169
-50.3135 26.7053 1.14492066537
-51.2178 27.4075 0.841880781346
-51.0481 26.5829 1.65550670491
-51.4543 24.978 0.956383003822
-51.4669 25.9343 1.2854645386
-50.6707 24.9251 0.770483127654
-50.264 24.2707 0.940765119464
-50.503 25.1806 1.00675725972
-50.2533 24.2053 11.4240801275
-48.4509 12.9243 0.636153196958
-48.8701 12.4458 1.60906477185
-47.3021 12.807 0.572376694145
-47.6643 12.3638 1.1624567949
-48.6359 13.002 0.706745611943
-48.0469 13.3926 1.39503691707
-47.9549 12.0006 0.797927396447
-40.2833 5.2405 1.11341209801
-39.308 4.7034 14.9366876234
-24.3934 3.8914 10.3663162816
-14.0272 3.8423 8.45261176442
-5.5764 4.0173 0.85973685509
-5.6225 3.1588 1.10865963217
-5.4642 4.2561 22.2887141901
-0.1442 25.9006 1.09428175531
-0.6932 26.8472 0.774257386145
-0.0313 27.2489 1.48655679004
1.0709 28.2464 3.41355345644
3.5513 30.5916 0.481062428381
4.0322 30.5791 0.418334913676
4.3535 30.847 1.68786513975
5.9223 31.4697 0.315020269189
6.1439 31.6936 0.289293501482
6.3416 31.9048 0.210480901746
6.4555 32.0818 0.149846988625
6.5579 32.1912 1.24644923683
7.1716 31.1063 0.259991576787
7.4315 31.1132 15.8289381858
3.236 15.8504 12.0447367481
-4.6987 24.9122 7.19048732215
-2.692 18.0074 0.76041733936
-3.0557 18.6752 8.86145194254
-5.3704 27.229 1.03152648051
-4.3756 27.5018 0.735447972327
-5.111 27.4934 0.782794385519
-5.8754 27.3247 0.892644570924
-4.9861 27.4019 0.164470058065
-4.8517 27.3071 0.979191692162
-29.6435 34.0479 0.866412101716
-30.5003 33.9192 5.28125394674
-35.2723 34.0 7.72161718424
-30.3828 28.0237 0.409148506046
-30.7539 28.196 13.4109460982
-36.9085 16.2807 0.780475630625
-36.1471 16.1092 11.5892864465
