0.0
6.64387419656
8.06982251723
9.69224178332
8.09024396657
5.30045431
7.11511285471
6.33669326488
9.0686593701
7.03937181201
10.8818359237
6.73975651699
7.54217910988
14.3587371366
8.50749265172
11.0458795453
11.6383250603
10.5684427268
10.8189079588
11.8598444448
8.28125355636
8.65527645435
8.01874387202
8.37342415348
11.7396164391
11.535727313
6.86900360037
7.88875892759
11.047768807
10.6513862116
7.76422068301
11.2220564789
7.01971337146
11.936923164
9.55764914503
8.73518991893
8.177099731
7.45925913093
7.82588415803
7.72059157364
6.76068122326
9.68644770219
5.62007092531
6.21664027064
9.57203169929
8.40953101617
5.3298740651
6.80725614543
5.61314027928
6.78013292281
13.6827922125
7.1541368769
8.50789628572
7.8742865709
5.98822932025
8.02499950263
7.86883754777
7.32238766677
9.08356304795
7.19572746462
4.98974521169
5.24053407044
9.17393981009
7.2447335551
5.90894195502
5.16171390805
9.76681295308
5.41281290188
5.4042446144
8.04664235104
6.64387419656
0.0
5.47691204904
7.14748340441
5.04730910243
3.39993690197
4.78606060611
6.09249921833
7.40793726811
5.82342816316
10.0624694002
6.15829896312
8.03786453128
11.1318881601
11.4443155664
11.6449385171
9.88283476452
9.47821068843
10.9397167344
10.1814087374
7.62472607089
8.27546583847
6.75597974904
7.84228452438
9.06078541717
8.81202629988
6.41633046407
8.43658022651
9.52588623602
9.62060034273
9.68073861197
8.80944589482
6.08148345569
7.62229592028
6.09710951379
6.16720670627
8.65315179715
9.583458562
7.2629100179
8.88907251872
5.88617393838
7.70996061455
7.59890008045
6.31538949054
4.62765627393
4.84938537242
8.4263340531
6.66439578512
6.06103689944
5.78889194829
9.97894661266
9.03575415881
9.37998202494
11.0972679848
7.77698337982
8.07004355715
10.1244613514
9.66075781284
9.75411267643
7.06562905624
7.61761143631
6.35596214466
9.05517940404
5.20610831863
6.05840007661
5.96950611396
7.19408764209
4.85447631198
7.65197155134
6.5440644227
8.06982251723
5.47691204904
0.0
4.61532953045
6.78644743554
4.19691601687
5.21217047278
4.64000837873
5.61723889292
4.55002697196
12.5397116636
7.61909946525
9.86569540508
10.7604793204
10.6855109202
11.1450498656
8.66587573489
11.2898613111
12.9640934959
8.28545793338
6.91527538497
9.50061583772
8.10116096722
8.00592288999
7.756937273
8.43768077279
5.19745210501
6.5524206297
9.78225436659
8.9354353154
8.91773959045
5.83690914516
4.62246108962
9.29211165724
5.55555632903
8.78151647343
10.845763651
10.9095728308
6.4290080561
10.9087331744
8.96907723115
5.75814167404
10.1093926001
6.33360031881
8.95551640175
5.72136267279
9.61814837025
6.38940111497
6.50545545888
9.39640960372
8.47859664303
9.33064986646
9.25524373461
9.67842115974
8.35490106782
8.14569207032
9.08044800384
8.99261962147
8.28235213068
7.77060824154
9.05588360209
4.92529171779
8.31946734777
4.71531229274
7.07827336621
5.48211573963
5.5961083566
6.20696970225
9.0263985356
5.85956361834
9.69224178332
7.14748340441
4.61532953045
0.0
6.62506747411
5.5645863178
6.42516319723
6.02059998514
5.5944728134
4.73751031594
12.712688626
7.97814494269
11.5078375907
10.7019459588
11.969944201
11.0807322404
8.81540018655
12.2248762795
14.1380987397
7.83961101053
7.83493543168
10.014930662
8.00776230041
8.32892641073
7.54908344303
8.50106246972
5.9605992535
7.40604655586
9.67339842575
8.66097357184
10.4613489594
6.11580595693
6.40233809377
8.6693818874
6.06965669984
9.89486562947
12.0759157861
13.0597484762
8.08103501151
11.8250801484
10.0174163133
6.65735793089
10.6616687096
8.09490099559
9.14467454904
6.55342836098
11.6319651542
7.6622520835
7.35285775467
11.1329433029
6.71049739856
9.94834087807
10.2909704175
10.1297047621
8.78929895711
8.19365816276
8.78124445666
9.40050692366
7.87063063078
8.42871771862
10.5864196454
5.46817607762
9.10528521158
5.15703662756
9.10766273891
6.09037084102
4.96032372363
6.29991766849
9.62335900909
5.73005384835
8.09024396657
5.04730910243
6.78644743554
6.62506747411
0.0
5.3477801194
5.40864672476
7.14907820883
7.97581187415
7.94907644336
9.32097502531
6.80960774767
7.61907724625
9.32797761478
10.8089540735
10.5829987359
7.59714930713
8.17430386295
9.59058376508
9.58218985866
8.36872433871
8.94336792372
7.09621608157
8.3302387714
9.50468470681
9.95708203076
7.93446493478
9.08888279817
9.77192062088
8.72033447189
10.7299289015
7.56948542828
7.71063974357
7.77872659199
4.32062444593
8.63634145575
6.93988487154
9.79775718074
6.03209735947
9.5395372493
8.18843228617
10.3838881808
9.20393742034
6.13266211565
4.83719786647
6.56524135451
9.57025111564
8.16342863799
7.8931366402
4.91243765223
10.5052296555
9.35431516059
10.6009479022
12.0067184757
8.69478706545
7.72739970396
10.99414513
10.6229175647
10.2774240101
7.60013486498
8.86430090358
7.23957098109
9.95985676623
6.27125941308
6.64597834656
8.58805858437
8.16173588799
7.33749462189
9.08759902813
9.9533813575
5.30045431
3.39993690197
4.19691601687
5.5645863178
5.3477801194
0.0
4.36436914992
4.46513941539
7.07464223924
6.07591885877
9.87214252279
5.39133932784
6.141499734
9.3135539119
9.67053767709
10.1304526698
8.53210049655
8.59638188894
11.0799189356
9.75522458456
7.21849386764
8.27554801391
6.32164348909
7.44588771972
8.94339794495
9.7221603633
6.01018149117
7.74794232311
9.01277682652
8.2740421929
7.89297621621
6.40609339414
5.45181448095
6.20234122697
4.80204945017
6.25157916592
7.4396215688
9.59935690337
5.65242085494
9.38479853777
5.38432054936
6.98486863162
7.33087065548
5.26145185105
5.45728791969
4.32297071016
7.93644849587
5.31784873666
5.54603085537
5.05005060574
8.30714966777
8.60846129908
9.34651725085
10.4511147507
7.59061466495
7.90549691743
9.42678268489
8.39389896341
9.17842596405
6.99098639069
7.77667497075
5.99001494647
8.91737912849
4.64754009339
5.25991614855
6.35485241806
6.34876147097
5.27215066156
6.63294436578
7.18106669553
7.11511285471
4.78606060611
5.21217047278
6.42516319723
5.40864672476
4.36436914992
0.0
4.98902774857
6.02139899405
5.30214773928
10.4955893291
6.19624255381
7.80595266663
10.8015729014
9.53796822592
10.3162002506
8.66255466983
9.64167799334
10.8167923526
8.86224118925
7.0175018852
8.65081682649
7.1679585114
7.5259797585
8.65795654233
8.76645632157
5.99249499429
7.35866782197
9.37008735821
8.54010878107
8.73186045752
8.83938901469
5.1975349523
8.50871926888
5.70167128861
8.23737803971
8.22194596117
8.89179517407
5.41615039208
8.0115757537
8.03169029647
8.1423091573
8.55880605593
4.79665075027
7.40769583647
5.86814492252
7.610475205
5.54482833732
5.65600484467
7.16188405027
10.0726703743
8.21392182563
8.90868603702
9.24477711608
6.60560652987
7.59873461032
8.88767810539
8.88209047977
8.51996165385
6.53806403628
6.49032319028
4.544297281
8.27966238373
4.84437618617
5.29012223908
5.13779855678
6.74346813382
5.41155504103
7.13582273206
7.08684498987
6.33669326488
6.09249921833
4.64000837873
6.02059998514
7.14907820883
4.46513941539
4.98902774857
0.0
6.47138757805
5.91631380092
11.8774218889
7.22148165194
8.74663039445
11.166702632
9.73621678674
10.815581952
9.43835933094
10.7715742661
11.7994525299
9.61399575848
6.73039372214
9.08026008289
7.39609059275
7.54204836688
8.77875027009
9.31101917799
5.67330160182
6.34392447214
9.61642236666
8.64512791255
8.11840043433
7.55260080823
5.11028025728
8.1803522751
6.57872924509
8.03622105702
9.57310042877
10.2467528633
6.36667585437
9.58014204864
8.26277755755
7.50903726226
6.78985624285
4.85960592222
8.34501603376
5.99145908085
8.34833413598
4.99684387219
5.10752212876
8.22923083653
9.84051260481
8.29660127445
9.68105817858
9.63865624316
6.95572905305
8.51836999238
9.3170955916
8.26577515698
8.90389011327
7.01838904157
7.57120195817
4.81352591615
8.37081918945
5.94872779694
6.36536698216
4.9035650974
6.94394766525
5.98843061351
7.06694237591
6.85147521109
9.0686593701
7.40793726811
5.61723889292
5.5944728134
7.97581187415
7.07464223924
6.02139899405
6.47138757805
0.0
6.78081405002
14.7882849651
10.404053857
11.7626252326
9.25326359785
12.8159170808
13.5239541998
7.83871073985
13.6195730006
15.4654940254
8.93056161767
9.76195825433
13.3866549096
10.383618573
10.5531173678
8.20973476521
10.3076377354
7.98799839374
10.1066742548
11.6666457326
9.65195545881
10.7095460888
6.90853374488
7.18394013682
7.61423326521
6.144780561
10.2182183943
11.407415765
14.6633573858
7.93956170162
13.6466258972
10.6160092025
8.68250688014
10.2795618574
7.88476779184
8.93437087146
8.26379847133
12.5176080557
8.21855630117
7.71893737511
10.0916220798
7.90267682044
9.00235851564
9.81792636104
11.6794519046
10.0336094695
7.91879987918
9.69845542521
10.4747954678
8.79720721494
8.46392664866
12.1706540575
6.88506855535
12.3723253005
6.97214918657
9.34498367841
9.04373151896
7.07926388065
8.01716635004
11.2501365312
8.49787527617
7.03937181201
5.82342816316
4.55002697196
4.73751031594
7.94907644336
6.07591885877
5.30214773928
5.91631380092
6.78081405002
0.0
13.6469738472
8.01983785505
10.4395793979
11.0310752196
11.7377010075
11.5516935626
10.3627949792
13.0550077023
14.6603047735
9.51540324154
9.53012805967
10.3759733116
9.34877827295
8.66614714485
9.19250765315
8.64132633028
6.09946483135
9.26152344078
10.4432317128
10.2304136584
7.56606293983
5.85525867228
4.78385363734
8.26421036193
4.60882503381
7.97130657986
11.0410922629
13.3746060563
7.97042919159
12.3780886845
7.6837110579
5.44161771622
8.6983262395
6.75994847527
7.20045366639
5.41762265113
10.6707015263
5.58116597113
5.06116817416
8.69204745332
6.16827879711
7.54920021181
6.53931082635
8.00115726628
6.47349012787
7.27293981353
7.11125150196
7.02418865745
6.51913238309
5.93089256024
11.4725255592
5.10108095055
9.25404426765
4.62518588233
7.59116301171
6.53088272429
5.28888212667
5.70704483578
8.37071051403
5.09750110284
10.8818359237
10.0624694002
12.5397116636
12.712688626
9.32097502531
9.87214252279
10.4955893291
11.8774218889
14.7882849651
13.6469738472
0.0
7.63083847506
5.87989504075
9.03088999238
9.42759359716
6.12596306385
9.00467765984
4.19655148622
6.04985143715
11.0853245087
8.67652110731
6.84086340789
6.30310870392
8.3145209889
12.316694611
13.2818295664
11.2361404131
9.63284211235
9.08008900202
6.92860962851
14.9943250387
13.6879630759
13.0971479595
11.7643783989
9.8225275111
12.0381306993
8.8826593649
8.52663868764
9.33364489605
10.1672541857
11.4922368512
15.8463694115
13.9144929329
10.9769994126
11.3842645249
10.9212623127
10.5204681622
11.7279591443
12.6396979336
8.39254290348
16.6239377811
15.0626939815
14.894419551
15.409327696
11.866762765
13.1302045538
15.6783198686
14.984172577
15.0710429089
13.3524995923
9.48192047919
10.8359669826
11.560670248
11.320705763
8.63885927141
11.2272824073
13.1078567926
8.96234586392
10.3176678665
14.8672054083
6.73975651699
6.15829896312
7.61909946525
7.97814494269
6.80960774767
5.39133932784
6.19624255381
7.22148165194
10.404053857
8.01983785505
7.63083847506
0.0
4.93600862463
9.29673345466
9.29158378438
7.93312559142
8.20299504754
7.00901672609
9.04196480745
8.39263142106
6.29077551427
5.42229093599
4.92513653856
5.6030940079
8.59295738844
8.98810643919
5.98564062236
7.34813110553
7.98812555362
7.32635568702
9.93172445988
8.0793081609
7.85665732932
8.08977357183
5.41518042946
7.76557763743
8.28820865964
9.23913937403
6.5707180196
9.32343072754
7.07447471567
10.4131897568
9.09825484795
6.92346688416
6.94569457658
6.13209877103
8.30041886675
6.84476730518
7.29700383039
6.11942403728
10.6501862911
9.5489954745
9.64530589793
10.8704380095
7.07768836375
7.68112733233
9.94224043699
8.93502315346
9.65795185674
7.73558276416
8.34410895186
5.64795707785
7.58166427606
6.20902182617
5.22624362557
6.84944004079
7.51342171024
5.45710210054
6.59019238597
9.00092156896
7.54217910988
8.03786453128
9.86569540508
11.5078375907
7.61907724625
6.141499734
7.80595266663
8.74663039445
11.7626252326
10.4395793979
5.87989504075
4.93600862463
0.0
11.0596649496
7.80632912882
7.27134201567
8.60946518012
5.34239926552
6.50821554096
9.0633896744
5.80835178567
5.89946265904
4.64254599008
6.44666838679
10.2249904049
11.1448478833
7.45882927366
6.3400036582
8.0569290407
6.18737268179
12.2478646648
12.4827982138
9.88922028714
10.4580616882
8.52462914821
9.90135858432
7.48425972691
6.51892644174
6.73558830811
7.91475819681
8.68296204759
13.481384577
10.1063874782
8.22154775745
9.24138986119
9.3466756486
7.66730157605
9.0516466649
9.38677173522
6.83587446035
15.2606639193
12.2044687334
12.2820943506
12.520252118
9.05020546521
10.2087556178
12.2408278469
11.6918720312
12.1377490161
10.1753127821
6.73638229214
7.62712674018
9.20231700192
9.26401432758
6.27584524838
6.94963551165
11.1653209258
5.7845498279
6.98894609348
11.7599700341
14.3587371366
11.1318881601
10.7604793204
10.7019459588
9.32797761478
9.3135539119
10.8015729014
11.166702632
9.25326359785
11.0310752196
9.03088999238
9.29673345466
11.0596649496
0.0
13.0067575153
9.00201536291
5.53746336102
9.29122521859
12.0954639786
6.56829140752
5.92809984357
9.73003509887
7.04219787122
6.1917846584
6.13658795459
6.59922327837
6.87308507793
9.66859430273
5.25043960726
4.48073951734
16.9797953838
12.5203648947
11.3845405555
7.32276539517
9.0454958397
14.4415490996
12.8513048784
13.9955184625
10.1901905928
14.6363462982
15.4892311008
13.0794422743
16.0103317622
12.1958607867
11.2747496159
10.6208997583
15.3628040315
13.837489453
13.7323434308
11.8526347441
13.8761045262
16.0380945193
16.7264190088
17.1147821102
14.0642058227
11.935847643
16.1596094044
16.4999064811
15.5380887853
13.527225123
13.8742618027
8.81455732743
12.0494933239
10.3550583159
12.3927703793
12.4787654575
9.19594217354
9.96937793362
14.3982676552
12.0152285514
8.50749265172
11.4443155664
10.6855109202
11.969944201
10.8089540735
9.67053767709
9.53796822592
9.73621678674
12.8159170808
11.7377010075
9.42759359716
9.29158378438
7.80632912882
13.0067575153
0.0
7.18966025626
11.2444936776
9.10032857014
6.20973135876
11.3137371165
8.78462064436
9.98706419421
9.00265747964
10.2055708282
12.3227056678
14.4510002701
9.36418736844
7.94821300344
12.0444121194
8.15169253029
12.5641010929
13.5181361287
12.0582938605
13.3281735859
10.801281603
13.60256834
7.7911157433
10.1111849405
8.30518884922
10.2935577983
12.1073806486
15.1517290283
12.1028323243
9.58299351935
14.2786915653
12.5472849054
8.3397716075
10.4831533779
10.7483838093
10.4257136355
16.2295601274
12.2561032108
13.3472960652
12.2897992603
9.46952843142
12.0726251512
11.7598332268
11.8989681755
12.6922036894
11.4722573908
8.24862658235
8.68069977679
10.7355266411
10.6810333339
8.70774101053
8.89372059753
13.3401141389
10.5536300618
9.80572082065
13.538969316
11.0458795453
11.6449385171
11.1450498656
11.0807322404
10.5829987359
10.1304526698
10.3162002506
10.815581952
13.5239541998
11.5516935626
6.12596306385
7.93312559142
7.27134201567
9.00201536291
7.18966025626
0.0
7.94747235307
6.24227470587
7.07524410918
9.31268663666
9.09597052291
7.68826280271
8.02462630021
7.78125729077
11.8475831124
12.3890289311
10.2678730903
8.6236919567
9.28061542133
6.75050474962
12.731320468
12.1232787464
11.951716987
11.496058225
9.29223211096
13.1534010952
9.37956855941
10.1686283418
8.5137024387
12.890282809
11.8434064178
14.093896718
14.4970837525
10.7383948264
12.3536049033
10.7044726186
11.3155727664
11.4662352962
11.9257027647
10.7885140907
14.5814982073
14.6069393792
13.8328092461
13.5865064143
11.4813565708
12.9796926521
14.1544758869
13.4412306606
14.0984417694
12.6681440547
11.7525623015
10.1282395063
11.0776968421
10.1987505988
9.06215530601
10.8089756249
10.7771669131
11.7580313775
10.9265855923
13.4021687975
11.6383250603
9.88283476452
8.66587573489
8.81540018655
7.59714930713
8.53210049655
8.66255466983
9.43835933094
7.83871073985
10.3627949792
9.00467765984
8.20299504754
8.60946518012
5.53746336102
11.2444936776
7.94747235307
0.0
9.19286947147
10.8874874915
5.55030170561
7.3199436425
9.6828998374
7.16031030433
7.17577702446
6.64010928945
8.55552615031
8.37552685221
8.94590699161
7.67266684329
5.27041365367
14.2604533752
10.4533497582
10.7765499521
7.66723233098
7.15520262462
13.2244652297
10.5033235319
12.8341515604
7.24460088411
13.9168706717
13.3423203553
13.6576989371
14.2852620678
9.93671273507
9.17369591742
9.69404917271
14.1321543219
10.5627838657
11.5098961311
9.14959383924
12.9930395339
14.3977190831
13.7733902565
15.400409108
12.4108993115
10.0498830656
14.122748722
14.062726715
14.442877462
10.5307080357
12.4389739866
9.09983003672
12.913959323
9.35385106506
9.64066010506
11.9065578381
8.80835578359
10.6402461824
12.5831325335
13.0060675847
10.5684427268
9.47821068843
11.2898613111
12.2248762795
8.17430386295
8.59638188894
9.64167799334
10.7715742661
13.6195730006
13.0550077023
4.19655148622
7.00901672609
5.34239926552
9.29122521859
9.10032857014
6.24227470587
9.19286947147
0.0
5.64322412294
10.2141924306
7.39844469358
6.86531624276
5.90847204952
7.39626913177
11.0490451513
12.7446486103
9.9664994035
8.83817228322
8.27039876003
6.19857210592
13.9979924544
12.9973209425
11.8853002512
10.8708303441
9.07329903434
11.3212086166
7.1558933148
8.75074022595
7.72269149831
9.47770670185
10.6138067994
15.0727500524
12.9104277354
9.65270804684
9.89811808792
10.0362894097
10.1562248859
11.0655007493
12.4810541604
7.59949231523
15.6425024974
14.2565767072
14.4389701314
15.2038336807
10.9963620439
13.1294196233
14.9396521288
14.3431570446
14.3248222431
13.3421753644
9.14625777707
9.9088400903
10.2803846289
10.7774456829
8.14651901202
10.6659208043
12.6432745138
8.01451915644
10.2775717254
14.3532663375
10.8189079588
10.9397167344
12.9640934959
14.1380987397
9.59058376508
11.0799189356
10.8167923526
11.7994525299
15.4654940254
14.6603047735
6.04985143715
9.04196480745
6.50821554096
12.0954639786
6.20973135876
7.07524410918
10.8874874915
5.64322412294
0.0
13.6517972785
10.877936145
8.47188108298
9.24760859714
11.480253624
15.1594202284
16.5684651013
13.3337986267
10.3379140008
12.5752361556
9.22063838439
14.3746454575
15.0648476138
13.5399351102
13.7596477153
11.3638487485
12.0637560593
7.00880250817
7.24194130874
9.1070034092
9.20879394012
11.4999767174
16.281179267
12.3821973965
10.3909993195
11.9004268988
12.1844547911
9.21667943716
11.0845003785
12.2161739007
8.22017063623
17.6497736808
13.6185638431
14.0288093178
14.0442647179
10.3695637951
12.9894680344
14.2047494247
14.9313836812
14.1363839256
13.5973301596
8.42115761633
12.7428572366
12.0168269597
12.1779294866
8.31593758975
11.9985863859
14.7819640088
10.7596436425
10.3738761276
15.8143850531
11.8598444448
10.1814087374
8.28545793338
7.83961101053
9.58218985866
9.75522458456
8.86224118925
9.61399575848
8.93056161767
9.51540324154
11.0853245087
8.39263142106
9.0633896744
6.56829140752
11.3137371165
9.31268663666
5.55030170561
10.2141924306
13.6517972785
0.0
7.13354385023
10.8011247608
8.30094165206
6.87620401567
4.84774603244
8.3039891189
6.85901543628
9.34839901173
7.76422956523
5.12376370866
14.071951021
8.63510987771
9.87326292136
8.34245589068
7.36521026522
13.5649389591
11.3867720874
14.1233232845
7.56977918929
14.9131781865
13.2363841918
11.8879258163
15.2022485141
10.3600092185
11.0045664841
9.78692865989
14.1567398627
10.7928274902
11.1759959077
10.3845452095
11.0640641095
13.4978154449
12.639452232
13.2719938593
11.5757504136
9.89256056506
11.7264990543
13.0860450246
12.5408080784
10.4795607428
14.2185179428
9.1250310981
12.2327934983
8.54029824731
9.8966342399
11.7637548289
7.65998724612
11.0575988872
12.162505046
12.080155204
8.28125355636
7.62472607089
6.91527538497
7.83493543168
8.36872433871
7.21849386764
7.0175018852
6.73039372214
9.76195825433
9.53012805967
8.67652110731
6.29077551427
5.80835178567
5.92809984357
8.78462064436
9.09597052291
7.3199436425
7.39844469358
10.877936145
7.13354385023
0.0
9.49468553342
5.6698964679
5.48290552148
8.05694130689
7.6450974989
5.12735913119
5.47915354441
7.53047020026
4.91568570311
9.35669908978
7.34233650287
8.53857380718
7.28250997918
6.02949793483
8.41942113409
8.76866136985
9.28230716416
5.80997056952
9.81833910514
8.52186940125
10.4846853033
10.3161886767
7.0111135744
8.75071271026
7.38220793774
9.27008341419
8.27386336838
9.18732596618
7.73773860981
11.7418272259
11.7973547673
12.4584157258
13.181402122
9.80871414139
10.6904720627
12.4268265241
11.5467975448
12.7990712964
9.87702199647
8.90435225893
7.75366671732
10.4558110114
8.37784395454
5.53440260036
9.12564899302
7.62069063756
9.49562263865
7.48779446937
11.278365128
8.65527645435
8.27546583847
9.50061583772
10.014930662
8.94336792372
8.27554801391
8.65081682649
9.08026008289
13.3866549096
10.3759733116
6.84086340789
5.42229093599
5.89946265904
9.73003509887
9.98706419421
7.68826280271
9.6828998374
6.86531624276
8.47188108298
10.8011247608
9.49468553342
0.0
5.8208295269
7.69258655559
13.2962998465
11.6696116748
10.2181082087
7.28384469739
11.4790976698
10.0780358769
10.180481448
10.4518095245
9.78599282754
9.0944502496
8.06546059868
8.39427782981
9.75294223798
6.60344101674
8.10784202161
8.58646359495
7.79081756633
11.504452792
11.1185743665
8.95740628907
7.98819093112
7.59528739508
8.55584117916
8.5993037962
9.5398298764
7.9686542399
12.8084533804
12.183979633
11.5011899891
12.7600626509
9.14047337437
10.563816367
12.1066691009
11.0328114309
11.94487457
10.333845237
8.58195235834
9.28485678615
7.39158671557
8.65336854665
6.46494749477
9.45001924358
9.19649663118
9.01463662798
7.25821403977
11.1334993276
8.01874387202
6.75597974904
8.10116096722
8.00776230041
7.09621608157
6.32164348909
7.1679585114
7.39609059275
10.383618573
9.34877827295
6.30310870392
4.92513653856
4.64254599008
7.04219787122
9.00265747964
8.02462630021
7.16031030433
5.90847204952
9.24760859714
8.30094165206
5.6698964679
5.8208295269
0.0
5.71591916452
9.05510403217
8.94743801809
6.57728182216
6.50393897687
7.07735781679
6.10712093278
10.0651396288
8.02442849701
8.45532324172
6.51234285056
6.2470509351
8.4373567807
8.78970411935
7.6818732056
6.46729335778
9.29684587339
7.47346285411
10.5002041367
10.2672186966
7.39341760234
7.36583918028
6.24486961981
8.75579750277
8.55232364401
9.28188943453
6.58356600656
10.957221395
11.5445802454
12.2035304682
12.9888942382
9.17861816803
10.3364286421
11.9021157164
11.6785216393
12.1624081294
10.056341819
7.67314163277
7.86251892282
8.91709292497
7.46544190406
5.81518303726
8.83992063715
7.60313243663
7.18527222315
7.45560373331
10.1594338231
8.37342415348
7.84228452438
8.00592288999
8.32892641073
8.3302387714
7.44588771972
7.5259797585
7.54204836688
10.5531173678
8.66614714485
8.3145209889
5.6030940079
6.44666838679
6.1917846584
10.2055708282
7.78125729077
7.17577702446
7.39626913177
11.480253624
6.87620401567
5.48290552148
7.69258655559
5.71591916452
0.0
7.02019315414
6.66184066977
4.89944424177
7.36650033464
5.31310248678
4.98369162152
9.68427535944
7.92186269067
8.29301284742
7.22840401042
6.10893020576
8.71592742772
9.56790767954
10.7228875997
6.78423563087
11.3727117656
8.21442905743
10.168460363
11.1083445551
7.85599032118
8.38430498576
6.81241530677
10.7148219815
8.38581992246
8.72863620141
8.34158963163
11.5348770912
11.6990878818
11.1414250617
12.106320187
8.9933196568
10.3332776365
11.8670024234
10.7663420493
12.2353306822
9.37401116992
10.8002987279
7.64316877408
9.46867043394
7.68648210074
6.23741179562
9.56196263137
6.56039535794
8.58680875046
7.87016246292
10.2621550961
11.7396164391
9.06078541717
7.756937273
7.54908344303
9.50468470681
8.94339794495
8.65795654233
8.77875027009
8.20973476521
9.19250765315
12.316694611
8.59295738844
10.2249904049
6.13658795459
12.3227056678
11.8475831124
6.64010928945
11.0490451513
15.1594202284
4.84774603244
8.05694130689
13.2962998465
9.05510403217
7.02019315414
0.0
6.45766340839
6.92174505011
9.97885015185
7.2942380726
6.78769255829
12.3629502221
8.00331897306
8.8777730023
6.35584763442
7.25414241464
10.974318675
12.1572843321
14.0426269605
7.58027827622
15.1781250783
12.083734297
10.5265864255
13.6338158185
9.99698404317
9.70473669676
8.571489115
14.1930809531
9.94570238607
10.4550399362
10.2994666251
10.9114431096
12.9057803504
12.4466453151
13.3068562073
11.6979973122
9.97417353262
11.6917736971
12.3753304231
12.3682268515
9.6206317656
13.9784984387
9.83358340678
13.9812815229
8.56547857563
9.43566109539
11.9194129542
6.68826079647
12.4487098998
11.8615451481
11.1784171577
11.535727313
8.81202629988
8.43768077279
8.50106246972
9.95708203076
9.7221603633
8.76645632157
9.31101917799
10.3076377354
8.64132633028
13.2818295664
8.98810643919
11.1448478833
6.59922327837
14.4510002701
12.3890289311
8.55552615031
12.7446486103
16.5684651013
8.3039891189
7.6450974989
11.6696116748
8.94743801809
6.66184066977
6.45766340839
0.0
5.64580039306
11.9789090609
6.19659111641
8.43445849484
12.8640184904
8.87404668309
9.15738865997
5.17972377483
7.06332493797
9.97324398832
13.6261143164
15.5063297597
9.80387089507
15.8461962445
11.3941661591
9.435657636
13.2260269857
10.5103661996
8.19049555411
6.5932952093
14.8222821815
10.080410565
10.2078554467
10.8629733643
10.4787961935
12.6448558689
12.0778251745
13.9517387676
10.7890912284
10.3119102276
12.5415154594
12.4572872028
12.324889554
10.1294268039
14.9952467806
9.63508453005
12.6957548379
8.20811621858
9.84791606981
12.4719187743
6.06336218113
10.2776604031
11.1674198816
9.61776133339
6.86900360037
6.41633046407
5.19745210501
5.9605992535
7.93446493478
6.01018149117
5.99249499429
5.67330160182
7.98799839374
6.09946483135
11.2361404131
5.98564062236
7.45882927366
6.87308507793
9.36418736844
10.2678730903
8.37552685221
9.9664994035
13.3337986267
6.85901543628
5.12735913119
10.2181082087
6.57728182216
4.89944424177
6.92174505011
5.64580039306
0.0
6.45882871157
7.31983602646
6.86195553766
7.50955680206
5.42546564018
6.13850273652
5.48595471471
5.17526330607
7.34702813905
9.28671138753
10.9251436108
5.43982732215
10.8151233939
7.37929256966
7.89080545065
9.37653087339
6.56258244054
7.90245702292
5.48512477223
9.67159184993
6.28092162473
7.21240837417
8.22908331574
9.36196075537
10.1496207289
9.98030905856
10.7073529943
8.01624308127
9.50884879674
9.98666853867
9.15909074935
10.1129950352
8.3239478361
9.70932220616
6.19348740614
10.1127823861
6.20172479346
6.01017895701
7.84417647582
5.23422958428
8.32589959737
6.95610038742
7.81780477538
7.88875892759
8.43658022651
6.5524206297
7.40604655586
9.08888279817
7.74794232311
7.35866782197
6.34392447214
10.1066742548
9.26152344078
9.63284211235
7.34813110553
6.3400036582
9.66859430273
7.94821300344
8.6236919567
8.94590699161
8.83817228322
10.3379140008
9.34839901173
5.47915354441
7.28384469739
6.50393897687
7.36650033464
9.97885015185
11.9789090609
6.45882871157
0.0
9.28919017606
6.67070625238
8.7011674486
7.73198315236
7.85525038696
7.73374805912
6.51110379376
9.69012208634
9.51534312804
7.98005009477
5.63870508886
9.34017280383
8.84117916416
10.637874495
10.4164086817
7.06600611185
10.056299943
7.66689323256
8.74063909828
7.0070563005
8.60717052337
9.05684362817
11.4023022942
11.5906620559
11.5867573738
12.4999210317
8.80625072275
10.6991478969
11.2067532777
10.8888213879
11.4929308239
9.64455734395
8.44568899356
7.59167796475
7.70573542511
7.98996836761
6.0375599007
8.18037387524
8.53087602012
8.65231034927
7.22368881336
10.850576927
11.047768807
9.52588623602
9.78225436659
9.67339842575
9.77192062088
9.01277682652
9.37008735821
9.61642236666
11.6666457326
10.4432317128
9.08008900202
7.98812555362
8.0569290407
5.25043960726
12.0444121194
9.28061542133
7.67266684329
8.27039876003
12.5752361556
7.76422956523
7.53047020026
11.4790976698
7.07735781679
5.31310248678
7.2942380726
6.19659111641
7.31983602646
9.28919017606
0.0
6.77032197745
12.6066831036
10.018927066
10.3121371529
6.79925692001
7.85549075765
10.6652455467
11.5655880261
12.2185370558
8.53867026706
13.2600750344
10.8860061726
11.307994796
13.8716882222
10.2350031504
9.81253488575
8.30250063443
13.1808459305
10.9834050946
11.4216869613
9.67241267504
11.9127696188
14.2573263581
13.8849497872
14.5521889567
12.097436059
11.9261872553
14.498111537
13.8132865002
14.1594361797
11.1930196998
12.5833533586
9.89752049375
12.5546712169
9.05221410612
8.52942003165
11.4190400883
8.35643077108
11.596293449
10.8448373334
11.7224772313
10.6513862116
9.62060034273
8.9354353154
8.66097357184
8.72033447189
8.2740421929
8.54010878107
8.64512791255
9.65195545881
10.2304136584
6.92860962851
7.32635568702
6.18737268179
4.48073951734
8.15169253029
6.75050474962
5.27041365367
6.19857210592
9.22063838439
5.12376370866
4.91568570311
10.0780358769
6.10712093278
4.98369162152
6.78769255829
8.43445849484
6.86195553766
6.67070625238
6.77032197745
0.0
11.2909030526
9.25369199248
10.107936644
7.06139858165
7.47844979683
10.9694721682
9.34198082104
9.29712387099
6.40297280565
11.4804778548
9.40810164356
11.7809889654
13.0563721884
9.02868146736
10.021324665
9.25640844357
11.0601469543
9.90292268106
11.0474380706
8.63542861181
12.7770011099
13.6400206141
13.1779607033
14.1348590126
11.3989823686
11.4888994804
13.580807563
12.3984453706
14.0442183414
10.7086409424
10.1341025225
9.41672379142
10.822050574
9.54318150182
7.56349038674
10.3418988581
8.30741184272
11.022278274
9.82524193384
12.5261552642
7.76422068301
9.68073861197
8.91773959045
10.4613489594
10.7299289015
7.89297621621
8.73186045752
8.11840043433
10.7095460888
7.56606293983
14.9943250387
9.93172445988
12.2478646648
16.9797953838
12.5641010929
12.731320468
14.2604533752
13.9979924544
14.3746454575
14.071951021
9.35669908978
10.180481448
10.0651396288
9.68427535944
12.3629502221
12.8640184904
7.50955680206
8.7011674486
12.6066831036
11.2909030526
0.0
8.93810224797
6.50964843836
13.2230753117
10.3949912115
7.51387791687
11.9462692518
11.7476154671
10.0720440067
10.2366094054
7.16424716612
8.17398876919
6.59327076015
7.61513622882
9.15427837964
9.18674431817
9.22385929466
5.14871411544
6.06078622772
11.2605043194
10.9343016424
7.19459385245
6.43614181568
8.31111421608
7.28058873098
8.38782879518
8.45895908417
6.39521738831
7.76537444467
6.81378012629
9.07386917208
5.94392614607
6.65160247295
9.48835616763
8.19344629595
6.2510390582
10.915904166
6.25471036842
6.88237369377
7.93070341563
11.2220564789
8.80944589482
5.83690914516
6.11580595693
7.56948542828
6.40609339414
8.83938901469
7.55260080823
6.90853374488
5.85525867228
13.6879630759
8.0793081609
12.4827982138
12.5203648947
13.5181361287
12.1232787464
10.4533497582
12.9973209425
15.0648476138
8.63510987771
7.34233650287
10.4518095245
8.02442849701
7.92186269067
8.00331897306
8.87404668309
5.42546564018
7.73198315236
10.018927066
9.25369199248
8.93810224797
0.0
5.95684383344
10.0179147873
7.21449423507
10.6392907884
12.5434750207
13.9422876841
8.85576927376
12.4276903807
11.8567525322
6.56704129707
11.2017755286
8.49151668691
10.4123980859
7.76276483805
12.7079283989
7.05981199705
8.6379573548
12.9231423507
8.19720936415
10.9082165863
10.2139658684
10.6250258217
10.5495507755
9.85734047585
9.58065826087
10.0738923296
9.13989023264
9.14906423061
12.4794220293
5.57545449562
7.70761036008
7.04470127344
9.92362506267
7.20340606184
5.99035100784
6.70380382014
11.2599816578
6.59608126784
7.01971337146
6.08148345569
4.62246108962
6.40233809377
7.71063974357
5.45181448095
5.1975349523
5.11028025728
7.18394013682
4.78385363734
13.0971479595
7.85665732932
9.88922028714
11.3845405555
12.0582938605
11.951716987
10.7765499521
11.8853002512
13.5399351102
9.87326292136
8.53857380718
9.78599282754
8.45532324172
8.29301284742
8.8777730023
9.15738865997
6.13850273652
7.85525038696
10.3121371529
10.107936644
6.50964843836
5.95684383344
0.0
7.47368346709
5.62458021195
7.025638839
10.5915113674
12.1021700467
6.43537010041
11.1475723777
7.65289836964
6.07363877888
7.47393283964
5.49207105537
7.45112341026
4.98163341503
10.6497823909
6.09432265052
5.11808039561
8.86703126284
7.51806250438
7.35043064912
6.61455835436
9.36618860532
6.71529618333
7.37325143018
7.45143383078
7.03119453093
7.31265358429
5.91930604262
10.1741111633
5.22662884373
7.94466262429
5.38971073976
6.92589505769
6.96848262825
7.01905642034
5.48803390607
8.26490167687
6.15622116722
11.936923164
7.62229592028
9.29211165724
8.6693818874
7.77872659199
6.20234122697
8.50871926888
8.1803522751
7.61423326521
8.26421036193
11.7643783989
8.08977357183
10.4580616882
7.32276539517
13.3281735859
11.496058225
7.66723233098
10.8708303441
13.7596477153
8.34245589068
7.28250997918
9.0944502496
6.51234285056
7.22840401042
6.35584763442
5.17972377483
5.48595471471
7.73374805912
6.79925692001
7.06139858165
13.2230753117
10.0179147873
7.47368346709
0.0
7.33678604068
10.2832729638
12.0313379343
12.6015070327
8.46572464544
12.9461758877
12.1177609725
8.33355389147
14.4888290282
9.51960063555
9.3055488183
6.43253693059
13.013024149
12.747634434
11.7361580595
9.80147444061
10.969667151
14.8842228581
14.1602078
14.8651306415
12.8818607594
10.8714093837
14.880316441
14.6300754525
13.8621510649
12.5868055542
11.5681035155
7.09756886886
10.9784651145
8.04965839829
9.67739408251
9.39540812812
5.80274573382
7.1438697388
12.7312985986
8.5679220062
9.55764914503
6.09710951379
5.55555632903
6.06965669984
4.32062444593
4.80204945017
5.70167128861
6.57872924509
6.144780561
4.60882503381
9.8225275111
5.41518042946
8.52462914821
9.0454958397
10.801281603
9.29223211096
7.15520262462
9.07329903434
11.3638487485
7.36521026522
6.02949793483
8.06546059868
6.2470509351
6.10893020576
7.25414241464
7.06332493797
5.17526330607
6.51110379376
7.85549075765
7.47844979683
10.3949912115
7.21449423507
5.62458021195
7.33678604068
0.0
9.736390255
9.74823168376
10.4953930605
5.80036460413
10.2786795051
10.4094363918
8.11586938691
10.6188157919
6.68844830996
7.42520443132
5.5624925291
10.0205288118
8.1031317613
8.44227730298
8.49600315718
9.41524146345
10.3602197765
10.6982311752
11.085791231
8.75173855813
7.87489996812
10.6276848808
11.1494020601
9.36999184119
9.48675877567
9.32625575861
4.84600565894
8.28984586405
4.95718231726
6.87511205334
6.79991773562
5.53578235337
5.94455544022
9.32990132193
6.58907987821
8.73518991893
6.16720670627
8.78151647343
9.89486562947
8.63634145575
6.25157916592
8.23737803971
8.03622105702
10.2182183943
7.97130657986
12.0381306993
7.76557763743
9.90135858432
14.4415490996
13.60256834
13.1534010952
13.2244652297
11.3212086166
12.0637560593
13.5649389591
8.41942113409
8.39427782981
8.4373567807
8.71592742772
10.974318675
9.97324398832
7.34702813905
9.69012208634
10.6652455467
10.9694721682
7.51387791687
10.6392907884
7.025638839
10.2832729638
9.736390255
0.0
10.5795991333
9.55979432846
9.57386556074
8.41040242221
6.36262259801
7.29983615579
7.33649937902
7.59015874915
6.26282889024
6.26550187373
9.33929553421
7.74696351454
6.99341223777
8.45300909167
11.4677770488
9.21180584673
9.92529480965
11.5521991081
9.20209841659
10.0085085515
11.1406038565
8.99596467299
10.799018317
8.20635269728
8.90110104537
7.54752484387
8.70132265729
7.8861171535
7.42402154994
7.68737806645
8.25713496801
5.44619486292
8.26691444759
7.55687094453
8.177099731
8.65315179715
10.845763651
12.0759157861
6.93988487154
7.4396215688
8.22194596117
9.57310042877
11.407415765
11.0410922629
8.8826593649
8.28820865964
7.48425972691
12.8513048784
7.7911157433
9.37956855941
10.5033235319
7.1558933148
7.00880250817
11.3867720874
8.76866136985
9.75294223798
8.78970411935
9.56790767954
12.1572843321
13.6261143164
9.28671138753
9.51534312804
11.5655880261
9.34198082104
11.9462692518
12.5434750207
10.5915113674
12.0313379343
9.74823168376
10.5795991333
0.0
7.26209979184
6.87973457468
7.17420703323
10.203641358
14.4491396931
9.26272756616
7.77760523413
9.97283653696
10.8611058528
7.88639313566
9.40878167338
9.63631175879
7.02468246357
16.0133826441
11.5569258569
12.0956009815
11.7136290737
8.78094175471
10.7859915878
11.83232531
11.9485675458
12.4182987275
11.0090738957
6.98720752842
7.70467884355
10.6889287578
10.3059239312
7.25425672412
9.00305925545
12.9462106063
8.04303260252
9.25305891204
12.7248882392
7.45925913093
9.583458562
10.9095728308
13.0597484762
9.79775718074
9.59935690337
8.89179517407
10.2467528633
14.6633573858
13.3746060563
8.52663868764
9.23913937403
6.51892644174
13.9955184625
10.1111849405
10.1686283418
12.8341515604
8.75074022595
7.24194130874
14.1233232845
9.28230716416
6.60344101674
7.6818732056
10.7228875997
14.0426269605
15.5063297597
10.9251436108
7.98005009477
12.2185370558
9.29712387099
11.7476154671
13.9422876841
12.1021700467
12.6015070327
10.4953930605
9.55979432846
7.26209979184
0.0
7.84842297911
7.15180526568
8.24849113355
15.6086348534
9.65249358338
8.83447163216
9.39533341085
10.9007311357
7.9584632011
10.1413194826
9.78200249188
6.10444794735
16.8472115855
11.0414830367
12.6572991159
13.8755590657
9.58878213781
10.5933212213
11.197091684
11.5527846445
13.6308962999
10.4961549673
5.95823543447
10.8291430888
9.50928226609
11.3746505342
7.02518852652
9.82301768968
13.7879714724
8.74649781395
7.29624632746
14.9186715492
7.82588415803
7.2629100179
6.4290080561
8.08103501151
6.03209735947
5.65242085494
5.41615039208
6.36667585437
7.93956170162
7.97042919159
9.33364489605
6.5707180196
6.73558830811
10.1901905928
8.30518884922
8.5137024387
7.24460088411
7.72269149831
9.1070034092
7.56977918929
5.80997056952
8.10784202161
6.46729335778
6.78423563087
7.58027827622
9.80387089507
5.43982732215
5.63870508886
8.53867026706
6.40297280565
10.0720440067
8.85576927376
6.43537010041
8.46572464544
5.80036460413
9.57386556074
6.87973457468
7.84842297911
0.0
8.15254362364
9.2582364614
10.5813245571
9.74095738056
5.49320615371
9.0372730153
7.45523418595
8.01937497731
7.17943824094
7.69068261722
7.81074024446
12.2825755255
9.62914261218
11.1314641627
11.0718376808
7.57550137148
8.87861919013
10.8421724188
10.4308044471
10.5500316068
8.29137232961
7.34766520551
5.5736326987
8.532014789
7.01764737843
6.49003111708
6.90681759282
8.63313609821
6.92854177663
8.2293986309
9.60587416316
7.72059157364
8.88907251872
10.9087331744
11.8250801484
9.5395372493
9.38479853777
8.0115757537
9.58014204864
13.6466258972
12.3780886845
10.1672541857
9.32343072754
7.91475819681
14.6363462982
10.2935577983
12.890282809
13.9168706717
9.47770670185
9.20879394012
14.9131781865
9.81833910514
8.58646359495
9.29684587339
11.3727117656
15.1781250783
15.8461962445
10.8151233939
9.34017280383
13.2600750344
11.4804778548
10.2366094054
12.4276903807
11.1475723777
12.9461758877
10.2786795051
8.41040242221
7.17420703323
7.15180526568
8.15254362364
0.0
6.66618588234
14.3013000565
7.84197648105
7.53488043327
8.79222558906
11.3037798637
6.23829723664
7.38200383772
8.57158706407
7.8827835657
14.7150025526
9.05588477373
10.2317588889
12.2721796619
7.91330725331
9.9244658205
11.1103699158
9.90389959055
11.3006825539
9.3663943098
6.64668256263
8.99978640723
8.57212721895
10.449990063
7.16549880398
8.32855783045
13.3354960988
7.5928709639
7.47996697348
13.0329434379
6.76068122326
5.88617393838
8.96907723115
10.0174163133
8.18843228617
5.38432054936
8.03169029647
8.26277755755
10.6160092025
7.6837110579
11.4922368512
7.07447471567
8.68296204759
15.4892311008
12.1073806486
11.8434064178
13.3423203553
10.6138067994
11.4999767174
13.2363841918
8.52186940125
7.79081756633
7.47346285411
8.21442905743
12.083734297
11.3941661591
7.37929256966
8.84117916416
10.8860061726
9.40810164356
7.16424716612
11.8567525322
7.65289836964
12.1177609725
10.4094363918
6.36262259801
10.203641358
8.24849113355
9.2582364614
6.66618588234
0.0
9.18762421658
7.30114150461
7.93633201781
6.89529295361
7.60517183113
7.00717042828
6.91626078485
5.92367568255
7.00207679957
12.8882620895
7.78636681477
8.66353588169
9.68491066208
7.29046873316
8.21413247424
9.82317665462
7.27859622672
10.19645142
6.77101997879
7.0627782909
7.14196429595
7.32720876628
7.65995573469
6.14633575654
6.29858786154
9.80334264696
4.2423123301
5.75170313934
7.90331493866
9.68644770219
7.70996061455
5.75814167404
6.65735793089
10.3838881808
6.98486863162
8.1423091573
7.50903726226
8.68250688014
5.44161771622
15.8463694115
10.4131897568
13.481384577
13.0794422743
15.1517290283
14.093896718
13.6576989371
15.0727500524
16.281179267
11.8879258163
10.4846853033
11.504452792
10.5002041367
10.168460363
10.5265864255
9.435657636
7.89080545065
10.637874495
11.307994796
11.7809889654
8.17398876919
6.56704129707
6.07363877888
8.33355389147
8.11586938691
7.29983615579
14.4491396931
15.6086348534
10.5813245571
14.3013000565
9.18762421658
0.0
9.00600039371
9.00457155991
7.95520816298
5.34493142545
13.0520421825
6.92295903151
6.74228249417
12.0466827798
6.04752455003
8.77756070998
7.50535601632
9.57222759007
8.28790282755
8.51125142749
8.27675512261
7.48469275012
7.52698454974
7.19110459055
13.3301016848
6.47933576083
8.74641440554
6.61268670728
10.0003927964
7.84280029147
6.35065612939
6.17701945268
9.78702302709
4.54395199757
5.62007092531
7.59890008045
10.1093926001
10.6616687096
9.20393742034
7.33087065548
8.55880605593
6.78985624285
10.2795618574
8.6983262395
13.9144929329
9.09825484795
10.1063874782
16.0103317622
12.1028323243
14.4970837525
14.2852620678
12.9104277354
12.3821973965
15.2022485141
10.3161886767
11.1185743665
10.2672186966
11.1083445551
13.6338158185
13.2260269857
9.37653087339
10.4164086817
13.8716882222
13.0563721884
6.59327076015
11.2017755286
7.47393283964
14.4888290282
10.6188157919
7.33649937902
9.26272756616
9.65249358338
9.74095738056
7.84197648105
7.30114150461
9.00600039371
0.0
5.9869048079
9.49341811947
8.99175162601
6.39299013408
7.6906726318
5.78973993814
8.35134986059
12.0532993225
6.55431187603
8.07851563587
8.53226513959
7.47242319498
10.8325825197
9.28873142337
7.14485664419
8.34289157075
7.57549957085
6.35859548031
6.98471761267
9.69225432883
8.91902296523
8.21358844101
6.36362813747
11.0966843756
6.42874954389
7.22233810126
8.07763274193
6.21664027064
6.31538949054
6.33360031881
8.09490099559
6.13266211565
5.26145185105
4.79665075027
4.85960592222
7.88476779184
6.75994847527
10.9769994126
6.92346688416
8.22154775745
12.1958607867
9.58299351935
10.7383948264
9.93671273507
9.65270804684
10.3909993195
10.3600092185
7.0111135744
8.95740628907
7.39341760234
7.85599032118
9.99698404317
10.5103661996
6.56258244054
7.06600611185
10.2350031504
9.02868146736
7.61513622882
8.49151668691
5.49207105537
9.51960063555
6.68844830996
7.59015874915
7.77760523413
8.83447163216
5.49320615371
7.53488043327
7.93633201781
9.00457155991
5.9869048079
0.0
7.71317748579
6.98249997425
6.7311315513
5.24308559388
5.33406931251
8.34175147261
11.003970415
8.04756941752
9.1634461508
9.59242370513
6.40931827813
8.30196867463
8.87575130063
8.12593769039
8.91536747332
7.17313283482
6.29417950365
4.46685950234
8.21403341896
6.97897828502
6.16081237685
5.69726429428
8.41466982836
6.55692835585
7.19693208207
8.0767659039
9.57203169929
4.62765627393
8.95551640175
9.14467454904
4.83719786647
5.45728791969
7.40769583647
8.34501603376
8.93437087146
7.20045366639
11.3842645249
6.94569457658
9.24138986119
11.2747496159
14.2786915653
12.3536049033
9.17369591742
9.89811808792
11.9004268988
11.0045664841
8.75071271026
7.98819093112
7.36583918028
8.38430498576
9.70473669676
8.19049555411
7.90245702292
10.056299943
9.81253488575
10.021324665
9.15427837964
10.4123980859
7.45112341026
9.3055488183
7.42520443132
6.26282889024
9.97283653696
9.39533341085
9.0372730153
8.79222558906
6.89529295361
7.95520816298
9.49341811947
7.71317748579
0.0
5.51861745208
8.95822486874
9.22058319438
8.36529918664
6.59188907127
10.701322653
10.1883310545
9.41403365706
11.0131725259
9.61603920917
8.3740038629
11.9814507687
10.4254127332
10.9287247279
7.80846300517
8.88518408098
7.77832145261
8.56439423484
6.91352476225
7.46065904746
7.86442066334
7.42393508018
4.90449393487
9.6261956106
7.42682196948
8.40953101617
4.84938537242
5.72136267279
6.55342836098
6.56524135451
4.32297071016
5.86814492252
5.99145908085
8.26379847133
5.41762265113
10.9212623127
6.13209877103
9.3466756486
10.6208997583
12.5472849054
10.7044726186
9.69404917271
10.0362894097
12.1844547911
9.78692865989
7.38220793774
7.59528739508
6.24486961981
6.81241530677
8.571489115
6.5932952093
5.48512477223
7.66689323256
8.30250063443
9.25640844357
9.18674431817
7.76276483805
4.98163341503
6.43253693059
5.5624925291
6.26550187373
10.8611058528
10.9007311357
7.45523418595
11.3037798637
7.60517183113
5.34493142545
8.99175162601
6.98249997425
5.51861745208
0.0
10.5636571908
6.9817116089
6.58111239328
8.6193233191
8.25880250114
9.12149862147
9.5789619183
11.1528997306
7.98033662229
8.18630436101
10.2818776366
9.27478339348
9.37550958167
7.1942426272
9.91514000985
5.67260721029
7.7396479531
5.02637854647
7.33378380021
7.12205169239
5.22571751413
5.0582850404
8.70034543596
5.62915882033
5.3298740651
8.4263340531
9.61814837025
11.6319651542
9.57025111564
7.93644849587
7.610475205
8.34833413598
12.5176080557
10.6707015263
10.5204681622
8.30041886675
7.66730157605
15.3628040315
8.3397716075
11.3155727664
14.1321543219
10.1562248859
9.21667943716
14.1567398627
9.27008341419
8.55584117916
8.75579750277
10.7148219815
14.1930809531
14.8222821815
9.67159184993
8.74063909828
13.1808459305
11.0601469543
9.22385929466
12.7079283989
10.6497823909
13.013024149
10.0205288118
9.33929553421
7.88639313566
7.9584632011
8.01937497731
6.23829723664
7.00717042828
13.0520421825
6.39299013408
6.7311315513
8.95822486874
10.5636571908
0.0
6.94926384368
6.83064085814
7.45719460051
14.0529695011
7.67966359782
9.68188437237
9.38951439444
6.30353746721
8.6966898951
9.95925071415
8.65717463478
9.8900108675
8.24210337634
5.32333044614
7.34962499749
8.78035121887
9.74931896317
6.28252121586
6.13980849069
12.7960928241
6.53691451828
6.10801494991
11.3377323241
6.80725614543
6.66439578512
6.38940111497
7.6622520835
8.16342863799
5.31784873666
5.54482833732
4.99684387219
8.21855630117
5.58116597113
11.7279591443
6.84476730518
9.0516466649
13.837489453
10.4831533779
11.4662352962
10.5627838657
11.0655007493
11.0845003785
10.7928274902
8.27386336838
8.5993037962
8.55232364401
8.38581992246
9.94570238607
10.080410565
6.28092162473
7.0070563005
10.9834050946
9.90292268106
5.14871411544
7.05981199705
6.09432265052
12.747634434
8.1031317613
7.74696351454
9.40878167338
10.1413194826
7.17943824094
7.38200383772
6.91626078485
6.92295903151
7.6906726318
5.24308559388
9.22058319438
6.9817116089
6.94926384368
0.0
5.37230935746
8.78000300275
9.50818691449
8.2130485916
6.98239365126
7.83862798395
6.28178838985
9.20080300348
9.71260082147
7.09664778023
7.61632718697
6.96204834401
7.22338111393
4.3209681149
6.39827719401
6.20785095294
6.07650663562
4.08817341625
7.96856188255
5.51513366145
6.4564369513
5.87954741711
5.61314027928
6.06103689944
6.50545545888
7.35285775467
7.8931366402
5.54603085537
5.65600484467
5.10752212876
7.71893737511
5.06116817416
12.6396979336
7.29700383039
9.38677173522
13.7323434308
10.7483838093
11.9257027647
11.5098961311
12.4810541604
12.2161739007
11.1759959077
9.18732596618
9.5398298764
9.28188943453
8.72863620141
10.4550399362
10.2078554467
7.21240837417
8.60717052337
11.4216869613
11.0474380706
6.06078622772
8.6379573548
5.11808039561
11.7361580595
8.44227730298
6.99341223777
9.63631175879
9.78200249188
7.69068261722
8.57158706407
5.92367568255
6.74228249417
5.78973993814
5.33406931251
8.36529918664
6.58111239328
6.83064085814
5.37230935746
0.0
8.23938893616
9.45734872685
6.07368659632
6.38903632757
6.96353138282
5.7118998662
6.13408493808
7.20900962074
5.58106117831
6.6765984644
4.82870722453
6.9845054528
4.68986187501
7.99163876208
5.6419347561
6.19203365527
4.30839963033
7.69032879337
4.68535504528
6.51731657391
5.61016785045
6.78013292281
5.78889194829
9.39640960372
11.1329433029
4.91243765223
5.05005060574
7.16188405027
8.22923083653
10.0916220798
8.69204745332
8.39254290348
6.11942403728
6.83587446035
11.8526347441
10.4257136355
10.7885140907
9.14959383924
7.59949231523
8.22017063623
10.3845452095
7.73773860981
7.9686542399
6.58356600656
8.34158963163
10.2994666251
10.8629733643
8.22908331574
9.05684362817
9.67241267504
8.63542861181
11.2605043194
12.9231423507
8.86703126284
9.80147444061
8.49600315718
8.45300909167
7.02468246357
6.10444794735
7.81074024446
7.8827835657
7.00207679957
12.0466827798
8.35134986059
8.34175147261
6.59188907127
8.6193233191
7.45719460051
8.78000300275
8.23938893616
0.0
14.1288122039
10.479412424
11.9235653939
12.119852482
8.75727569386
8.49204435271
11.2489393526
10.5595764497
12.0689986926
8.69434300429
6.06142332374
8.32491223402
10.7578027429
8.03895453909
6.12988067586
7.85138363642
10.2801235748
6.30060981566
8.00364934861
10.3309619881
13.6827922125
9.97894661266
8.47859664303
6.71049739856
10.5052296555
8.30714966777
10.0726703743
9.84051260481
7.90267682044
6.16827879711
16.6239377811
10.6501862911
15.2606639193
13.8761045262
16.2295601274
14.5814982073
12.9930395339
15.6425024974
17.6497736808
11.0640641095
11.7418272259
12.8084533804
10.957221395
11.5348770912
10.9114431096
10.4787961935
9.36196075537
11.4023022942
11.9127696188
12.7770011099
10.9343016424
8.19720936415
7.51806250438
10.969667151
9.41524146345
11.4677770488
16.0133826441
16.8472115855
12.2825755255
14.7150025526
12.8882620895
6.04752455003
12.0532993225
11.003970415
10.701322653
8.25880250114
14.0529695011
9.50818691449
9.45734872685
14.1288122039
0.0
10.8967276842
9.51779098718
9.72798083863
11.3036238976
8.17228334819
9.47429120416
10.4646424556
7.98948163157
9.54330503235
14.2571689984
7.10060381499
9.82286709408
7.77175084241
12.2325807505
8.11013734765
7.42896599277
6.81809632231
13.0833915843
4.98567871297
7.1541368769
9.03575415881
9.33064986646
9.94834087807
9.35431516059
8.60846129908
8.21392182563
8.29660127445
9.00235851564
7.54920021181
15.0626939815
9.5489954745
12.2044687334
16.0380945193
12.2561032108
14.6069393792
14.3977190831
14.2565767072
13.6185638431
13.4978154449
11.7973547673
12.183979633
11.5445802454
11.6990878818
12.9057803504
12.6448558689
10.1496207289
11.5906620559
14.2573263581
13.6400206141
7.19459385245
10.9082165863
7.35043064912
14.8842228581
10.3602197765
9.21180584673
11.5569258569
11.0414830367
9.62914261218
9.05588477373
7.78636681477
8.77756070998
6.55431187603
8.04756941752
10.1883310545
9.12149862147
7.67966359782
8.2130485916
6.07368659632
10.479412424
10.8967276842
0.0
4.90264612861
5.49919138078
5.77697416938
7.53985072279
6.76781965069
4.89448114322
5.78000328191
5.75203734365
8.17447985404
6.43677391857
9.39196712639
7.98842085988
9.13879477962
6.28456201912
10.4176078204
6.13817350666
8.39569816649
6.38025833803
8.50789628572
9.37998202494
9.25524373461
10.2909704175
10.6009479022
9.34651725085
8.90868603702
9.68105817858
9.81792636104
6.53931082635
14.894419551
9.64530589793
12.2820943506
16.7264190088
13.3472960652
13.8328092461
13.7733902565
14.4389701314
14.0288093178
12.639452232
12.4584157258
11.5011899891
12.2035304682
11.1414250617
12.4466453151
12.0778251745
9.98030905856
11.5867573738
13.8849497872
13.1779607033
6.43614181568
10.2139658684
6.61455835436
14.1602078
10.6982311752
9.92529480965
12.0956009815
12.6572991159
11.1314641627
10.2317588889
8.66353588169
7.50535601632
8.07851563587
9.1634461508
9.41403365706
9.5789619183
9.68188437237
6.98239365126
6.38903632757
11.9235653939
9.51779098718
4.90264612861
0.0
4.67082201279
5.66625999141
6.1614122518
5.46588508596
4.36708767253
5.03372830423
4.9658766707
10.2822916824
6.38136501226
7.81973161926
8.58366180803
9.87352242359
7.3304823154
9.69343525486
6.6607002878
8.70361104775
6.21565845716
7.8742865709
11.0972679848
9.67842115974
10.1297047621
12.0067184757
10.4511147507
9.24477711608
9.63865624316
11.6794519046
8.00115726628
15.409327696
10.8704380095
12.520252118
17.1147821102
12.2897992603
13.5865064143
15.400409108
15.2038336807
14.0442647179
13.2719938593
13.181402122
12.7600626509
12.9888942382
12.106320187
13.3068562073
13.9517387676
10.7073529943
12.4999210317
14.5521889567
14.1348590126
8.31111421608
10.6250258217
9.36618860532
14.8651306415
11.085791231
11.5521991081
11.7136290737
13.8755590657
11.0718376808
12.2721796619
9.68491066208
9.57222759007
8.53226513959
9.59242370513
11.0131725259
11.1528997306
9.38951439444
7.83862798395
6.96353138282
12.119852482
9.72798083863
5.49919138078
4.67082201279
0.0
5.28574359055
5.98525900455
5.2023387775
4.78711541928
5.04338654825
6.21742464553
11.0954865846
7.24697659179
9.68827921101
9.05244844281
9.55553675543
6.89776904622
11.34965749
8.46379634789
8.9577024853
8.08052376294
5.98822932025
7.77698337982
8.35490106782
8.78929895711
8.69478706545
7.59061466495
6.60560652987
6.95572905305
10.0336094695
6.47349012787
11.866762765
7.07768836375
9.05020546521
14.0642058227
9.46952843142
11.4813565708
12.4108993115
10.9963620439
10.3695637951
11.5757504136
9.80871414139
9.14047337437
9.17861816803
8.9933196568
11.6979973122
10.7890912284
8.01624308127
8.80625072275
12.097436059
11.3989823686
7.28058873098
10.5495507755
6.71529618333
12.8818607594
8.75173855813
9.20209841659
8.78094175471
9.58878213781
7.57550137148
7.91330725331
7.29046873316
8.28790282755
7.47242319498
6.40931827813
9.61603920917
7.98033662229
6.30353746721
6.28178838985
5.7118998662
8.75727569386
11.3036238976
5.77697416938
5.66625999141
5.28574359055
0.0
6.0525702895
7.00169631794
5.08397419526
6.71968465206
5.32584084142
6.10937227344
4.5772595859
6.94815683173
6.74097837882
6.44333424054
4.94470067909
8.77921272607
4.93724016217
6.2621232998
6.84259363387
8.02499950263
8.07004355715
8.14569207032
8.19365816276
7.72739970396
7.90549691743
7.59873461032
8.51836999238
7.91879987918
7.27293981353
13.1302045538
7.68112733233
10.2087556178
11.935847643
12.0726251512
12.9796926521
10.0498830656
13.1294196233
12.9894680344
9.89256056506
10.6904720627
10.563816367
10.3364286421
10.3332776365
9.97417353262
10.3119102276
9.50884879674
10.6991478969
11.9261872553
11.4888994804
8.38782879518
9.85734047585
7.37325143018
10.8714093837
7.87489996812
10.0085085515
10.7859915878
10.5933212213
8.87861919013
9.9244658205
8.21413247424
8.51125142749
10.8325825197
8.30196867463
8.3740038629
8.18630436101
8.6966898951
9.20080300348
6.13408493808
8.49204435271
8.17228334819
7.53985072279
6.1614122518
5.98525900455
6.0525702895
0.0
7.31152007632
6.31503125616
5.67942533554
5.47429930956
7.92472330836
6.81070134313
9.08624154862
6.32389213346
8.2228002403
6.25319190451
7.94841674413
6.49309570305
8.55951988709
7.16864927784
7.86883754777
10.1244613514
9.08044800384
8.78124445666
10.99414513
9.42678268489
8.88767810539
9.3170955916
9.69845542521
7.11125150196
15.6783198686
9.94224043699
12.2408278469
16.1596094044
11.7598332268
14.1544758869
14.122748722
14.9396521288
14.2047494247
11.7264990543
12.4268265241
12.1066691009
11.9021157164
11.8670024234
11.6917736971
12.5415154594
9.98666853867
11.2067532777
14.498111537
13.580807563
8.45895908417
9.58065826087
7.45143383078
14.880316441
10.6276848808
11.1406038565
11.83232531
11.197091684
10.8421724188
11.1103699158
9.82317665462
8.27675512261
9.28873142337
8.87575130063
11.9814507687
10.2818776366
9.95925071415
9.71260082147
7.20900962074
11.2489393526
9.47429120416
6.76781965069
5.46588508596
5.2023387775
7.00169631794
7.31152007632
0.0
6.03378756177
4.6776048362
6.80862614801
8.8499782797
6.98147456946
9.66753205631
8.26377792544
9.77705509744
7.43994858355
9.5177889852
8.01304637912
9.70182543461
7.51079103098
7.32238766677
9.66075781284
8.99261962147
9.40050692366
10.6229175647
8.39389896341
8.88209047977
8.26577515698
10.4747954678
7.02418865745
14.984172577
8.93502315346
11.6918720312
16.4999064811
11.8989681755
13.4412306606
14.062726715
14.3431570446
14.9313836812
13.0860450246
11.5467975448
11.0328114309
11.6785216393
10.7663420493
12.3753304231
12.4572872028
9.15909074935
10.8888213879
13.8132865002
12.3984453706
6.39521738831
10.0738923296
7.03119453093
14.6300754525
11.1494020601
8.99596467299
11.9485675458
11.5527846445
10.4308044471
9.90389959055
7.27859622672
7.48469275012
7.14485664419
8.12593769039
10.4254127332
9.27478339348
8.65717463478
7.09664778023
5.58106117831
10.5595764497
10.4646424556
4.89448114322
4.36708767253
4.78711541928
5.08397419526
6.31503125616
6.03378756177
0.0
6.01389087565
4.47575544754
9.20617454336
6.13633231352
7.98271187934
7.9720966606
8.7163647031
5.9006332495
9.81071201029
6.2637229972
7.34984829337
6.09843589938
9.08356304795
9.75411267643
8.28235213068
7.87063063078
10.2774240101
9.17842596405
8.51996165385
8.90389011327
8.79720721494
6.51913238309
15.0710429089
9.65795185674
12.1377490161
15.5380887853
12.6922036894
14.0984417694
14.442877462
14.3248222431
14.1363839256
12.5408080784
12.7990712964
11.94487457
12.1624081294
12.2353306822
12.3682268515
12.324889554
10.1129950352
11.4929308239
14.1594361797
14.0442183414
7.76537444467
9.13989023264
7.31265358429
13.8621510649
9.36999184119
10.799018317
12.4182987275
13.6308962999
10.5500316068
11.3006825539
10.19645142
7.52698454974
8.34289157075
8.91536747332
10.9287247279
9.37550958167
9.8900108675
7.61632718697
6.6765984644
12.0689986926
7.98948163157
5.78000328191
5.03372830423
5.04338654825
6.71968465206
5.67942533554
4.6776048362
6.01389087565
0.0
6.38587616137
9.99802841084
6.71118705193
9.07917996949
7.35052900955
9.51872340418
6.33469814417
8.90573551851
7.12802351975
9.31922760724
6.20791121421
7.19572746462
7.06562905624
7.77060824154
8.42871771862
7.60013486498
6.99098639069
6.53806403628
7.01838904157
8.46392664866
5.93089256024
13.3524995923
7.73558276416
10.1753127821
13.527225123
11.4722573908
12.6681440547
10.5307080357
13.3421753644
13.5973301596
10.4795607428
9.87702199647
10.333845237
10.056341819
9.37401116992
9.6206317656
10.1294268039
8.3239478361
9.64455734395
11.1930196998
10.7086409424
6.81378012629
9.14906423061
5.91930604262
12.5868055542
9.48675877567
8.20635269728
11.0090738957
10.4961549673
8.29137232961
9.3663943098
6.77101997879
7.19110459055
7.57549957085
7.17313283482
7.80846300517
7.1942426272
8.24210337634
6.96204834401
4.82870722453
8.69434300429
9.54330503235
5.75203734365
4.9658766707
6.21742464553
5.32584084142
5.47429930956
6.80862614801
4.47575544754
6.38587616137
0.0
7.96496500813
5.22613098721
7.45292572813
5.7965108025
7.27744238688
5.46469676607
7.92593898852
5.48028963492
7.28670926672
5.67316358048
4.98974521169
7.61761143631
9.05588360209
10.5864196454
8.86430090358
7.77667497075
6.49032319028
7.57120195817
12.1706540575
11.4725255592
9.48192047919
8.34410895186
6.73638229214
13.8742618027
8.24862658235
11.7525623015
12.4389739866
9.14625777707
8.42115761633
14.2185179428
8.90435225893
8.58195235834
7.67314163277
10.8002987279
13.9784984387
14.9952467806
9.70932220616
8.44568899356
12.5833533586
10.1341025225
9.07386917208
12.4794220293
10.1741111633
11.5681035155
9.32625575861
8.90110104537
6.98720752842
5.95823543447
7.34766520551
6.64668256263
7.0627782909
13.3301016848
6.35859548031
6.29417950365
8.88518408098
9.91514000985
5.32333044614
7.22338111393
6.9845054528
6.06142332374
14.2571689984
8.17447985404
10.2822916824
11.0954865846
6.10937227344
7.92472330836
8.8499782797
9.20617454336
9.99802841084
7.96496500813
0.0
8.17921344023
9.27473526542
9.20413958257
5.50046114016
6.91364919958
12.3650983866
6.49557986069
4.55545455871
12.2861645864
5.24053407044
6.35596214466
4.92529171779
5.46817607762
7.23957098109
5.99001494647
4.544297281
4.81352591615
6.88506855535
5.10108095055
10.8359669826
5.64795707785
7.62712674018
8.81455732743
8.68069977679
10.1282395063
9.09983003672
9.9088400903
12.7428572366
9.1250310981
7.75366671732
9.28485678615
7.86251892282
7.64316877408
9.83358340678
9.63508453005
6.19348740614
7.59167796475
9.89752049375
9.41672379142
5.94392614607
5.57545449562
5.22662884373
7.09756886886
4.84600565894
7.54752484387
7.70467884355
10.8291430888
5.5736326987
8.99978640723
7.14196429595
6.47933576083
6.98471761267
4.46685950234
7.77832145261
5.67260721029
7.34962499749
4.3209681149
4.68986187501
8.32491223402
7.10060381499
6.43677391857
6.38136501226
7.24697659179
4.5772595859
6.81070134313
6.98147456946
6.13633231352
6.71118705193
5.22613098721
8.17921344023
0.0
7.87169773894
4.90174870439
4.93666020743
5.12571347453
5.64360716432
5.29673775258
5.88417368088
5.83589376998
9.17393981009
9.05517940404
8.31946734777
9.10528521158
9.95985676623
8.91737912849
8.27966238373
8.37081918945
12.3723253005
9.25404426765
11.560670248
7.58166427606
9.20231700192
12.0494933239
10.7355266411
11.0776968421
12.913959323
10.2803846289
12.0168269597
12.2327934983
10.4558110114
7.39158671557
8.91709292497
9.46867043394
13.9812815229
12.6957548379
10.1127823861
7.70573542511
12.5546712169
10.822050574
6.65160247295
7.70761036008
7.94466262429
10.9784651145
8.28984586405
8.70132265729
10.6889287578
9.50928226609
8.532014789
8.57212721895
7.32720876628
8.74641440554
9.69225432883
8.21403341896
8.56439423484
7.7396479531
8.78035121887
6.39827719401
7.99163876208
10.7578027429
9.82286709408
9.39196712639
7.81973161926
9.68827921101
6.94815683173
9.08624154862
9.66753205631
7.98271187934
9.07917996949
7.45292572813
9.27473526542
7.87169773894
0.0
8.37420382798
7.55760469489
7.86903075944
8.64095465209
7.65453468232
7.04971345064
8.78667453694
7.2447335551
5.20610831863
4.71531229274
5.15703662756
6.27125941308
4.64754009339
4.84437618617
5.94872779694
6.97214918657
4.62518588233
11.320705763
6.20902182617
9.26401432758
10.3550583159
10.6810333339
10.1987505988
9.35385106506
10.7774456829
12.1779294866
8.54029824731
8.37784395454
8.65336854665
7.46544190406
7.68648210074
8.56547857563
8.20811621858
6.20172479346
7.98996836761
9.05221410612
9.54318150182
9.48835616763
7.04470127344
5.38971073976
8.04965839829
4.95718231726
7.8861171535
10.3059239312
11.3746505342
7.01764737843
10.449990063
7.65995573469
6.61268670728
8.91902296523
6.97897828502
6.91352476225
5.02637854647
9.74931896317
6.20785095294
5.6419347561
8.03895453909
7.77175084241
7.98842085988
8.58366180803
9.05244844281
6.74097837882
6.32389213346
8.26377792544
7.9720966606
7.35052900955
5.7965108025
9.20413958257
4.90174870439
8.37420382798
0.0
6.01798777137
4.7009875819
5.89860786556
5.47750100671
7.29250388232
5.22348717753
5.90894195502
6.05840007661
7.07827336621
9.10766273891
6.64597834656
5.25991614855
5.29012223908
6.36536698216
9.34498367841
7.59116301171
8.63885927141
5.22624362557
6.27584524838
12.3927703793
8.70774101053
9.06215530601
9.64066010506
8.14651901202
8.31593758975
9.8966342399
5.53440260036
6.46494749477
5.81518303726
6.23741179562
9.43566109539
9.84791606981
6.01017895701
6.0375599007
8.52942003165
7.56349038674
8.19344629595
9.92362506267
6.92589505769
9.67739408251
6.87511205334
7.42402154994
7.25425672412
7.02518852652
6.49003111708
7.16549880398
6.14633575654
10.0003927964
8.21358844101
6.16081237685
7.46065904746
7.33378380021
6.28252121586
6.07650663562
6.19203365527
6.12988067586
12.2325807505
9.13879477962
9.87352242359
9.55553675543
6.44333424054
8.2228002403
9.77705509744
8.7163647031
9.51872340418
7.27744238688
5.50046114016
4.93666020743
7.55760469489
6.01798777137
0.0
4.78441121587
8.9073423032
4.46700272532
5.34450934445
8.21734687938
5.16171390805
5.96950611396
5.48211573963
6.09037084102
8.58805858437
6.35485241806
5.13779855678
4.9035650974
9.04373151896
6.53088272429
11.2272824073
6.84944004079
6.94963551165
12.4787654575
8.89372059753
10.8089756249
11.9065578381
10.6659208043
11.9985863859
11.7637548289
9.12564899302
9.45001924358
8.83992063715
9.56196263137
11.9194129542
12.4719187743
7.84417647582
8.18037387524
11.4190400883
10.3418988581
6.2510390582
7.20340606184
6.96848262825
9.39540812812
6.79991773562
7.68737806645
9.00305925545
9.82301768968
6.90681759282
8.32855783045
6.29858786154
7.84280029147
6.36362813747
5.69726429428
7.86442066334
7.12205169239
6.13980849069
4.08817341625
4.30839963033
7.85138363642
8.11013734765
6.28456201912
7.3304823154
6.89776904622
4.94470067909
6.25319190451
7.43994858355
5.9006332495
6.33469814417
5.46469676607
6.91364919958
5.12571347453
7.86903075944
4.7009875819
4.78441121587
0.0
7.76428573484
5.23564346938
4.91779854069
6.42043552963
9.76681295308
7.19408764209
5.5961083566
4.96032372363
8.16173588799
6.34876147097
6.74346813382
6.94394766525
7.07926388065
5.28888212667
13.1078567926
7.51342171024
11.1653209258
9.19594217354
13.3401141389
10.7771669131
8.80835578359
12.6432745138
14.7819640088
7.65998724612
7.62069063756
9.19649663118
7.60313243663
6.56039535794
6.68826079647
6.06336218113
5.23422958428
8.53087602012
8.35643077108
8.30741184272
10.915904166
5.99035100784
7.01905642034
5.80274573382
5.53578235337
8.25713496801
12.9462106063
13.7879714724
8.63313609821
13.3354960988
9.80334264696
6.35065612939
11.0966843756
8.41466982836
7.42393508018
5.22571751413
12.7960928241
7.96856188255
7.69032879337
10.2801235748
7.42896599277
10.4176078204
9.69343525486
11.34965749
8.77921272607
7.94841674413
9.5177889852
9.81071201029
8.90573551851
7.92593898852
12.3650983866
5.64360716432
8.64095465209
5.89860786556
8.9073423032
7.76428573484
0.0
6.73950489037
9.84594886019
6.13257214197
5.41281290188
4.85447631198
6.20696970225
6.29991766849
7.33749462189
5.27215066156
5.41155504103
5.98843061351
8.01716635004
5.70704483578
8.96234586392
5.45710210054
5.7845498279
9.96937793362
10.5536300618
11.7580313775
10.6402461824
8.01451915644
10.7596436425
11.0575988872
9.49562263865
9.01463662798
7.18527222315
8.58680875046
12.4487098998
10.2776604031
8.32589959737
8.65231034927
11.596293449
11.022278274
6.25471036842
6.70380382014
5.48803390607
7.1438697388
5.94455544022
5.44619486292
8.04303260252
8.74649781395
6.92854177663
7.5928709639
4.2423123301
6.17701945268
6.42874954389
6.55692835585
4.90449393487
5.0582850404
6.53691451828
5.51513366145
4.68535504528
6.30060981566
6.81809632231
6.13817350666
6.6607002878
8.46379634789
4.93724016217
6.49309570305
8.01304637912
6.2637229972
7.12802351975
5.48028963492
6.49557986069
5.29673775258
7.65453468232
5.47750100671
4.46700272532
5.23564346938
6.73950489037
0.0
4.3794168852
5.75135483031
5.4042446144
7.65197155134
9.0263985356
9.62335900909
9.08759902813
6.63294436578
7.13582273206
7.06694237591
11.2501365312
8.37071051403
10.3176678665
6.59019238597
6.98894609348
14.3982676552
9.80572082065
10.9265855923
12.5831325335
10.2775717254
10.3738761276
12.162505046
7.48779446937
7.25821403977
7.45560373331
7.87016246292
11.8615451481
11.1674198816
6.95610038742
7.22368881336
10.8448373334
9.82524193384
6.88237369377
11.2599816578
8.26490167687
12.7312985986
9.32990132193
8.26691444759
9.25305891204
7.29624632746
8.2293986309
7.47996697348
5.75170313934
9.78702302709
7.22233810126
7.19693208207
9.6261956106
8.70034543596
6.10801494991
6.4564369513
6.51731657391
8.00364934861
13.0833915843
8.39569816649
8.70361104775
8.9577024853
6.2621232998
8.55951988709
9.70182543461
7.34984829337
9.31922760724
7.28670926672
4.55545455871
5.88417368088
7.04971345064
7.29250388232
5.34450934445
4.91779854069
9.84594886019
4.3794168852
0.0
8.07687874826
8.04664235104
6.5440644227
5.85956361834
5.73005384835
9.9533813575
7.18106669553
7.08684498987
6.85147521109
8.49787527617
5.09750110284
14.8672054083
9.00092156896
11.7599700341
12.0152285514
13.538969316
13.4021687975
13.0060675847
14.3532663375
15.8143850531
12.080155204
11.278365128
11.1334993276
10.1594338231
10.2621550961
11.1784171577
9.61776133339
7.81780477538
10.850576927
11.7224772313
12.5261552642
7.93070341563
6.59608126784
6.15622116722
8.5679220062
6.58907987821
7.55687094453
12.7248882392
14.9186715492
9.60587416316
13.0329434379
7.90331493866
4.54395199757
8.07763274193
8.0767659039
7.42682196948
5.62915882033
11.3377323241
5.87954741711
5.61016785045
10.3309619881
4.98567871297
6.38025833803
6.21565845716
8.08052376294
6.84259363387
7.16864927784
7.51079103098
6.09843589938
6.20791121421
5.67316358048
12.2861645864
5.83589376998
8.78667453694
5.22348717753
8.21734687938
6.42043552963
6.13257214197
5.75135483031
8.07687874826
0.0
